##NAMES=Abhurite
##RRUFFID=R060227
##IDEAL CHEMISTRY=Sn^2+^_21_O_6_(OH)_14_Cl_16_
##LOCALITY=Wreck of the SS Cheerful, 14 miles NNW of St. Ives, Cornwall, England
##OWNER=RRUFF
##SOURCE=Michael Scott
##DESCRIPTION=Aggregate of tan colored platy crystals
##STATUS=The identification of this mineral is confirmed by single-crystal X-ray diffraction and chemical analysis.
##URL=rruff.info/R060227
##MEASURED CHEMISTRY=Sn^2+^_21.00_Cl_16.00_(OH)_14.00_O_6_; (OH) estimated by difference
163.4314, 0.0000000E+00
163.9135, 7.1517996E-02
164.3956, 0.7899250
164.8777, 3.700684
165.3598, 12.60049
165.8420, 29.19075
166.3241, 59.01807
166.8062, 94.33263
167.2883, 128.3300
167.7704, 158.0130
168.2525, 186.4551
168.7346, 217.2878
169.2168, 249.5619
169.6989, 277.7361
170.1810, 298.7860
170.6631, 313.7581
171.1452, 323.9695
171.6273, 330.5870
172.1095, 332.3268
172.5916, 327.8805
173.0737, 317.5439
173.5558, 300.7446
174.0379, 273.5680
174.5201, 240.2254
175.0022, 206.9153
175.4843, 174.2133
175.9664, 143.3274
176.4485, 117.2603
176.9306, 95.62814
177.4128, 75.40207
177.8949, 51.48413
178.3770, 26.97650
178.8591, 8.189362
179.3412, 0.6421810
179.8233, 2.842072
180.3055, 4.216309
180.7876, 4.995514
181.2697, 2.054230
181.7518, 7.429718
182.2339, 23.02551
182.7160, 43.66452
183.1982, 68.87268
183.6803, 98.64621
184.1624, 133.0572
184.6445, 171.9984
185.1266, 215.2552
185.6087, 261.7902
186.0909, 312.3492
186.5730, 368.4780
187.0551, 433.2736
187.5372, 504.4351
188.0193, 575.4020
188.5014, 645.1414
188.9836, 717.9507
189.4657, 802.2746
189.9478, 896.7762
190.4299, 995.2777
190.9120, 1095.343
191.3941, 1196.277
191.8763, 1297.425
192.3584, 1398.749
192.8405, 1498.862
193.3226, 1598.390
193.8047, 1696.932
194.2868, 1795.688
194.7690, 1894.695
195.2511, 1994.033
195.7332, 2099.345
196.2153, 2210.287
196.6974, 2328.240
197.1795, 2450.707
197.6617, 2577.939
198.1438, 2715.299
198.6259, 2866.896
199.1080, 3032.026
199.5901, 3203.514
200.0722, 3379.503
200.5544, 3563.557
201.0365, 3758.807
201.5186, 3966.004
202.0007, 4184.580
202.4828, 4417.686
202.9649, 4666.573
203.4471, 4913.187
203.9292, 5163.591
204.4113, 5407.089
204.8934, 5629.308
205.3755, 5830.977
205.8576, 6000.445
206.3398, 6137.874
206.8219, 6247.940
207.3040, 6294.973
207.7861, 6276.765
208.2682, 6197.336
208.7503, 6060.964
209.2325, 5867.166
209.7146, 5628.168
210.1967, 5344.192
210.6788, 5007.819
211.1609, 4660.775
211.6430, 4297.655
212.1252, 3926.974
212.6073, 3570.235
213.0894, 3225.853
213.5715, 2902.590
214.0536, 2605.191
214.5357, 2333.629
215.0179, 2084.910
215.5000, 1857.559
215.9821, 1651.776
216.4642, 1468.482
216.9463, 1311.863
217.4284, 1171.322
217.9105, 1041.506
218.3927, 924.3505
218.8748, 818.0569
219.3569, 723.8987
219.8390, 640.9348
220.3211, 563.7512
220.8032, 491.0809
221.2854, 424.3217
221.7675, 365.0276
222.2496, 315.5190
222.7317, 268.1729
223.2138, 221.3392
223.6959, 177.4158
224.1781, 140.7789
224.6602, 114.0306
225.1423, 90.60852
225.6244, 68.75702
226.1065, 47.13063
226.5886, 29.55367
227.0708, 15.86162
227.5529, 5.998871
228.0350, 0.1590730
228.5171, 2.098633
228.9992, 2.307175
229.4813, 0.7050480
229.9635, 4.415955
230.4456, 6.168076
230.9277, 2.261017
231.4098, 3.729904
231.8919, 4.927353
232.3740, 1.140289
232.8562, 8.160110
233.3383, 13.81842
233.8204, 17.35643
234.3025, 21.73158
234.7846, 25.44453
235.2667, 30.81421
235.7489, 42.17009
236.2310, 60.59102
236.7131, 83.13591
237.1952, 109.5853
237.6773, 140.6953
238.1594, 171.9366
238.6416, 201.6526
239.1237, 232.5964
239.6058, 269.2247
240.0879, 314.1067
240.5700, 360.7996
241.0521, 407.7418
241.5343, 454.5950
242.0164, 501.9484
242.4985, 550.8183
242.9806, 599.4978
243.4627, 644.8966
243.9448, 683.3489
244.4270, 724.7646
244.9091, 772.0948
245.3912, 826.3264
245.8733, 881.7540
246.3554, 939.4162
246.8375, 997.4091
247.3197, 1053.306
247.8018, 1104.357
248.2839, 1158.559
248.7660, 1217.792
249.2481, 1282.581
249.7302, 1350.657
250.2124, 1422.648
250.6945, 1497.969
251.1766, 1578.102
251.6587, 1668.663
252.1408, 1753.144
252.6229, 1826.766
253.1051, 1889.357
253.5872, 1952.415
254.0693, 2020.571
254.5514, 2085.199
255.0335, 2138.706
255.5156, 2183.059
255.9978, 2211.104
256.4799, 2220.877
256.9620, 2212.290
257.4441, 2189.858
257.9262, 2153.317
258.4083, 2103.363
258.8904, 2040.702
259.3726, 1962.846
259.8547, 1876.867
260.3368, 1783.359
260.8189, 1682.058
261.3010, 1579.280
261.7831, 1473.549
262.2653, 1368.893
262.7474, 1270.160
263.2295, 1177.292
263.7116, 1087.874
264.1937, 999.7242
264.6758, 914.5293
265.1580, 837.0408
265.6401, 769.0758
266.1222, 706.5035
266.6043, 646.2435
267.0864, 586.2843
267.5685, 534.1448
268.0507, 491.5435
268.5328, 456.6637
269.0149, 422.0230
269.4970, 386.6078
269.9791, 352.8042
270.4612, 320.5934
270.9434, 289.5932
271.4255, 263.5391
271.9076, 243.7609
272.3897, 227.9885
272.8718, 209.6346
273.3539, 187.6208
273.8361, 166.4854
274.3182, 148.4580
274.8003, 133.7388
275.2824, 121.2275
275.7645, 111.4285
276.2466, 103.3588
276.7288, 95.25002
277.2109, 87.15682
277.6930, 78.88500
278.1751, 70.88319
278.6572, 63.17819
279.1393, 53.64391
279.6215, 41.37648
280.1036, 29.05379
280.5857, 21.54396
281.0678, 19.44020
281.5499, 16.86916
282.0320, 11.32098
282.5142, 3.044731
282.9963, 4.186996
283.4784, 10.33078
283.9605, 15.57990
284.4426, 20.41272
284.9247, 24.85913
285.4069, 27.61383
285.8890, 26.97610
286.3711, 24.17044
286.8532, 26.08216
287.3353, 24.25216
287.8174, 13.96061
288.2996, 6.195690
288.7817, 0.9150140
289.2638, 1.169657
289.7459, 1.564838
290.2280, 6.766565
290.7101, 7.790994
291.1923, 4.433220
291.6744, 0.1009580
292.1565, 2.732498
292.6386, 4.193707
293.1207, 4.741150
293.6028, 4.065491
294.0850, 3.029940
294.5671, 3.490910
295.0492, 5.388397
295.5313, 7.607053
296.0134, 9.925672
296.4955, 11.97160
296.9777, 12.41817
297.4598, 10.74603
297.9419, 8.063898
298.4240, 5.444570
298.9061, 2.994271
299.3882, 1.300613
299.8704, 0.8492110
300.3525, 1.354318
300.8346, 2.691266
301.3167, 5.120641
301.7988, 7.038293
302.2809, 6.457421
302.7631, 3.894325
303.2452, 0.9374090
303.7273, 2.070932
304.2094, 0.8661560
304.6915, 3.861810
305.1736, 5.707716
305.6558, 7.819040
306.1379, 11.87728
306.6200, 17.05397
307.1021, 21.78313
307.5842, 24.21455
308.0663, 26.63166
308.5485, 31.71741
309.0306, 39.38033
309.5127, 46.89766
309.9948, 51.62437
310.4769, 55.30861
310.9590, 60.25694
311.4412, 69.36244
311.9233, 77.90999
312.4054, 81.68541
312.8875, 81.56908
313.3696, 82.07690
313.8517, 86.32612
314.3339, 92.01354
314.8160, 97.00064
315.2981, 99.47293
315.7802, 103.2231
316.2623, 111.7745
316.7444, 123.2832
317.2266, 132.8968
317.7087, 135.9337
318.1908, 138.1790
318.6729, 143.6087
319.1550, 154.2108
319.6371, 164.2592
320.1193, 171.9722
320.6014, 177.8423
321.0835, 182.7446
321.5656, 185.1369
322.0477, 188.0593
322.5298, 192.8416
323.0120, 199.8093
323.4941, 207.3882
323.9762, 215.2621
324.4583, 223.5683
324.9404, 232.4593
325.4225, 242.7176
325.9047, 252.8739
326.3868, 262.3216
326.8689, 271.1097
327.3510, 280.0986
327.8331, 290.7154
328.3152, 300.7767
328.7974, 308.7614
329.2795, 311.9057
329.7616, 316.2657
330.2437, 322.1476
330.7258, 329.5122
331.2079, 338.4526
331.6901, 350.9110
332.1722, 363.0047
332.6543, 372.7133
333.1364, 377.7802
333.6185, 384.5023
334.1006, 393.7443
334.5828, 404.3403
335.0649, 413.2334
335.5470, 419.4112
336.0291, 425.7808
336.5112, 433.8137
336.9933, 444.3712
337.4755, 452.0913
337.9576, 455.8935
338.4397, 458.0582
338.9218, 461.9091
339.4039, 468.0935
339.8860, 473.4661
340.3681, 476.5298
340.8503, 477.2318
341.3324, 479.3578
341.8145, 483.3176
342.2966, 487.9107
342.7787, 492.2910
343.2608, 496.5175
343.7430, 501.0092
344.2251, 506.1957
344.7072, 511.2573
345.1893, 513.7128
345.6714, 513.7416
346.1535, 514.9727
346.6357, 521.0512
347.1178, 531.0637
347.5999, 539.0315
348.0820, 543.7037
348.5641, 547.7596
349.0462, 556.4281
349.5284, 569.0437
350.0105, 580.9362
350.4926, 588.5259
350.9747, 593.7925
351.4568, 601.1742
351.9389, 610.8654
352.4211, 621.8472
352.9032, 633.2422
353.3853, 644.8021
353.8674, 656.7919
354.3495, 670.6556
354.8316, 683.9576
355.3138, 693.5270
355.7959, 699.4354
356.2780, 704.8557
356.7601, 713.2225
357.2422, 722.3309
357.7243, 728.9116
358.2065, 730.7385
358.6886, 731.5791
359.1707, 734.6970
359.6528, 739.4229
360.1349, 743.8131
360.6170, 747.9338
361.0992, 750.5257
361.5813, 750.9734
362.0634, 749.6902
362.5455, 746.3598
363.0276, 739.3344
363.5097, 730.2165
363.9919, 721.4594
364.4740, 713.6485
364.9561, 706.2719
365.4382, 699.7531
365.9203, 694.2755
366.4024, 686.5526
366.8846, 673.5242
367.3667, 658.8871
367.8488, 645.4996
368.3309, 635.1843
368.8130, 624.4720
369.2951, 613.5262
369.7773, 602.0294
370.2594, 588.2604
370.7415, 569.2427
371.2236, 550.6146
371.7057, 535.0068
372.1878, 525.0529
372.6700, 512.9962
373.1521, 497.9663
373.6342, 481.3028
374.1163, 465.5919
374.5984, 451.0688
375.0805, 437.3087
375.5627, 424.1704
376.0448, 411.6358
376.5269, 399.2641
377.0090, 387.0906
377.4911, 374.8719
377.9732, 362.0583
378.4554, 348.5886
378.9375, 334.9564
379.4196, 320.5862
379.9017, 306.3265
380.3838, 295.1409
380.8659, 287.3909
381.3481, 280.6329
381.8302, 273.8566
382.3123, 266.8856
382.7944, 257.9755
383.2765, 246.2751
383.7586, 234.1307
384.2408, 225.2982
384.7229, 219.3870
385.2050, 213.4561
385.6871, 205.1878
386.1692, 196.2163
386.6513, 190.1439
387.1335, 187.2553
387.6156, 183.8394
388.0977, 176.2794
388.5798, 165.9043
389.0619, 154.8777
389.5440, 142.5784
390.0262, 131.4032
390.5083, 124.0719
390.9904, 119.8957
391.4725, 115.9945
391.9546, 111.0745
392.4367, 105.4724
392.9189, 99.31145
393.4010, 92.41283
393.8831, 85.55678
394.3652, 78.07562
394.8473, 71.10880
395.3294, 66.51672
395.8116, 68.60186
396.2937, 70.03323
396.7758, 66.81026
397.2579, 58.06182
397.7400, 51.39232
398.2221, 50.96253
398.7043, 51.88326
399.1864, 50.18462
399.6685, 41.72128
400.1506, 35.02662
400.6327, 32.20251
401.1148, 32.19244
401.5970, 29.81014
402.0791, 22.52116
402.5612, 15.83173
403.0433, 12.52929
403.5254, 14.61413
404.0075, 14.32017
404.4897, 10.33439
404.9718, 5.139386
405.4539, 2.799496
405.9360, 4.333338
406.4181, 5.561913
406.9002, 5.282850
407.3824, 3.640931
407.8645, 1.834717
408.3466, 0.2147880
408.8287, 2.150027
409.3108, 3.324000
409.7929, 3.818834
410.2751, 4.492863
410.7572, 0.1016490
411.2393, 4.551657
411.7214, 4.689187
412.2035, 0.7052930
412.6856, 3.888396
413.1678, 2.120547
413.6499, 1.191760
414.1320, 0.9879630
414.6141, 3.176154
415.0962, 3.409841
415.5783, 5.168255
416.0605, 0.5087380
416.5426, 2.479390
417.0247, 0.9380180
417.5068, 2.159940
417.9889, 4.908431
418.4710, 3.336007
418.9532, 2.079770
419.4353, 3.161841
419.9174, 4.771140
420.3995, 5.045782
420.8816, 4.839078
421.3637, 3.663326
421.8459, 0.8223880
422.3280, 2.098049
422.8101, 2.708934
423.2922, 1.625795
423.7743, 4.101861
424.2564, 0.2489990
424.7386, 4.184066
425.2207, 6.216937
425.7028, 4.577971
426.1849, 2.061499
426.6670, 0.4563050
427.1491, 1.6903000E-02
427.6313, 0.1194510
428.1134, 0.7058170
428.5955, 1.848416
429.0776, 4.011968
429.5597, 8.367661
430.0418, 11.42191
430.5240, 10.95667
431.0061, 6.445858
431.4882, 6.230802
431.9703, 11.76379
432.4524, 18.40866
432.9345, 20.25342
433.4167, 17.12963
433.8988, 15.45949
434.3809, 17.25161
434.8630, 20.99609
435.3451, 22.73814
435.8272, 22.55233
436.3094, 22.72498
436.7915, 25.25764
437.2736, 29.26120
437.7557, 32.38468
438.2378, 34.29274
438.7199, 36.21820
439.2020, 39.77925
439.6841, 44.26715
440.1663, 48.22806
440.6484, 50.66407
441.1305, 52.74368
441.6126, 54.99323
442.0947, 57.69079
442.5768, 61.65108
443.0590, 69.24523
443.5411, 77.03237
444.0232, 81.91751
444.5053, 82.72330
444.9874, 83.50179
445.4695, 85.58259
445.9517, 88.84379
446.4338, 92.30816
446.9159, 96.26019
447.3980, 99.92130
447.8801, 103.0903
448.3622, 105.8462
448.8444, 108.5863
449.3265, 111.0278
449.8086, 113.7744
450.2907, 117.2993
450.7728, 121.9015
451.2549, 126.4329
451.7371, 131.0066
452.2192, 135.2468
452.7013, 138.2963
453.1834, 139.8287
453.6655, 141.4608
454.1476, 143.7042
454.6298, 146.6488
455.1119, 150.8111
455.5940, 156.1264
456.0761, 161.8267
456.5582, 167.1999
457.0403, 172.6141
457.5225, 176.9752
458.0046, 179.5207
458.4867, 181.4296
458.9688, 185.7802
459.4509, 192.1104
459.9330, 197.5292
460.4152, 198.9903
460.8973, 199.4651
461.3794, 202.7085
461.8615, 208.9708
462.3436, 215.8071
462.8257, 222.4257
463.3079, 228.5291
463.7900, 233.7811
464.2721, 237.3297
464.7542, 240.9792
465.2363, 245.4104
465.7184, 250.4971
466.2006, 255.8680
466.6827, 262.7576
467.1648, 268.6526
467.6469, 271.8623
468.1290, 270.9177
468.6111, 272.9948
469.0933, 280.6938
469.5754, 289.4664
470.0575, 295.3598
470.5396, 296.8885
471.0217, 298.1238
471.5038, 299.2988
471.9860, 300.4055
472.4681, 301.6917
472.9502, 303.4617
473.4323, 304.9033
473.9144, 306.4108
474.3965, 307.6843
474.8787, 306.6495
475.3608, 302.9764
475.8429, 297.9745
476.3250, 293.8096
476.8071, 290.0729
477.2892, 284.5604
477.7714, 276.3433
478.2535, 266.7914
478.7356, 257.6812
479.2177, 248.9210
479.6998, 240.1979
480.1819, 231.2093
480.6641, 221.8414
481.1462, 212.0409
481.6283, 201.6219
482.1104, 191.2894
482.5925, 179.8954
483.0746, 168.9925
483.5568, 160.1625
484.0389, 157.7630
484.5210, 153.3660
485.0031, 142.9079
485.4852, 128.4712
485.9673, 116.1514
486.4495, 108.6411
486.9316, 101.8570
487.4137, 94.03807
487.8958, 84.40486
488.3779, 77.66722
488.8600, 75.23751
489.3422, 74.13364
489.8243, 71.73129
490.3064, 67.88784
490.7885, 63.09048
491.2706, 56.67624
491.7527, 49.93642
492.2349, 46.74813
492.7170, 47.54744
493.1991, 47.24035
493.6812, 41.89531
494.1633, 33.24708
494.6454, 29.06235
495.1276, 29.61423
495.6097, 30.26334
496.0918, 26.54578
496.5739, 19.80422
497.0560, 12.62539
497.5381, 4.455445
498.0203, 1.788190
498.5024, 1.614312
498.9845, 2.411427
499.4666, 4.581242
499.9487, 1.109754
500.4308, 2.312964
500.9130, 2.710666
501.3951, 0.3711170
501.8772, 4.820937
502.3593, 3.516567
502.8414, 8.1358999E-02
503.3235, 3.845998
503.8057, 0.7117300
504.2878, 3.595216
504.7699, 1.848589
505.2520, 2.011488
505.7341, 3.760411
506.2162, 2.579649
506.6984, 0.8393110
507.1805, 1.196314
507.6626, 3.394666
508.1447, 4.355598
508.6268, 3.945988
509.1089, 2.821110
509.5911, 0.8418630
510.0732, 1.793329
510.5553, 2.574861
511.0374, 1.021335
511.5195, 1.264057
512.0016, 3.158635
512.4838, 4.240768
512.9659, 2.879290
513.4480, 3.920915
513.9301, 2.772702
514.4122, 3.420961
514.8943, 1.009097
515.3765, 3.999288
515.8586, 2.208286
516.3407, 1.727337
516.8228, 4.951523
517.3049, 7.218180
517.7870, 8.596527
518.2692, 7.930484
518.7513, 6.922521
519.2334, 7.216969
519.7155, 11.07159
520.1976, 13.80248
520.6797, 13.95665
521.1619, 12.68410
521.6440, 13.34285
522.1261, 16.67651
522.6082, 20.66637
523.0903, 24.99437
523.5724, 29.71966
524.0546, 32.49005
524.5367, 32.73902
525.0188, 32.83122
525.5009, 35.46910
525.9830, 40.29547
526.4651, 43.13860
526.9473, 43.24290
527.4294, 41.75029
527.9115, 39.26204
528.3936, 36.40377
528.8757, 35.14941
529.3578, 37.58625
529.8400, 41.08679
530.3221, 43.22468
530.8042, 44.14222
531.2863, 44.54876
531.7684, 43.95171
532.2505, 43.57618
532.7327, 44.48959
533.2148, 47.50044
533.6969, 50.66818
534.1790, 54.61173
534.6611, 57.78713
535.1432, 58.64079
535.6254, 54.58895
536.1075, 51.30981
536.5896, 48.88037
537.0717, 47.64105
537.5538, 49.42304
538.0359, 55.90563
538.5181, 61.56546
539.0002, 64.02763
539.4823, 63.38958
539.9644, 62.32825
540.4465, 60.49867
540.9286, 58.91872
541.4108, 58.87600
541.8929, 60.08910
542.3750, 59.59579
542.8571, 56.34721
543.3392, 52.88724
543.8214, 52.30508
544.3035, 53.86615
544.7856, 55.70506
545.2677, 58.05978
545.7498, 59.54225
546.2319, 59.47578
546.7141, 57.74570
547.1962, 53.78485
547.6783, 42.91648
548.1604, 33.18796
548.6425, 29.51446
549.1246, 34.74592
549.6068, 39.13556
550.0889, 42.06378
550.5710, 43.66700
551.0531, 43.95505
551.5352, 42.43653
552.0173, 40.53860
552.4995, 38.04635
552.9816, 35.55017
553.4637, 34.85508
553.9458, 36.25511
554.4279, 37.41730
554.9100, 37.19188
555.3922, 35.96543
555.8743, 34.96196
556.3564, 34.38961
556.8385, 34.37857
557.3206, 35.65597
557.8027, 36.93028
558.2849, 35.56462
558.7670, 31.03547
559.2491, 27.17401
559.7312, 25.81679
560.2133, 26.37497
560.6954, 28.03654
561.1776, 32.56761
561.6597, 35.73581
562.1418, 34.95230
562.6239, 31.54089
563.1060, 29.35669
563.5881, 30.70599
564.0703, 31.35127
564.5524, 29.49335
565.0345, 24.74349
565.5166, 22.05324
565.9987, 22.53379
566.4808, 23.47987
566.9630, 22.37223
567.4451, 18.97590
567.9272, 17.53817
568.4093, 18.86603
568.8914, 20.91329
569.3735, 20.56232
569.8557, 18.15736
570.3378, 15.71339
570.8199, 14.44576
571.3020, 13.31252
571.7841, 10.38409
572.2662, 5.967440
572.7484, 3.033388
573.2305, 5.223388
573.7126, 8.456387
574.1947, 9.315592
574.6768, 7.153884
575.1589, 5.280112
575.6411, 5.125909
576.1232, 5.415159
576.6053, 5.363022
577.0874, 4.311594
577.5695, 3.754016
578.0516, 3.807661
578.5338, 4.255305
579.0159, 4.581017
579.4980, 4.349006
579.9801, 5.885871
580.4622, 10.95981
580.9443, 17.38863
581.4265, 16.99533
581.9086, 9.802519
582.3907, 3.474115
582.8728, 3.726410
583.3549, 7.573253
583.8370, 8.545465
584.3192, 6.560216
584.8013, 3.904071
585.2834, 1.509033
585.7655, 0.2860880
586.2476, 1.192819
586.7297, 1.273795
587.2118, 0.1514940
587.6939, 4.140835
588.1760, 9.117908
588.6581, 11.60320
589.1403, 9.891747
589.6224, 6.875532
590.1045, 1.298507
590.5866, 2.418188
591.0687, 0.5568090
591.5508, 1.961296
592.0330, 2.863642
592.5151, 4.394778
592.9972, 2.961698
593.4793, 2.372930
593.9614, 2.686082
594.4435, 3.427861
594.9257, 4.948963
595.4078, 6.619227
595.8899, 6.192505
596.3720, 3.189726
596.8541, 0.1994100
597.3362, 2.877230
597.8184, 2.942174
598.3005, 3.569570
598.7826, 1.634297
599.2647, 6.115742
599.7468, 5.996042
600.2289, 3.176625
600.7111, 1.858602
601.1932, 5.484906
601.6753, 8.092070
602.1574, 7.349805
602.6395, 3.645701
603.1216, 1.798425
603.6038, 2.481696
604.0859, 3.725802
604.5680, 4.375225
605.0501, 4.341772
605.5322, 5.324964
606.0143, 7.535562
606.4965, 9.832687
606.9786, 11.01890
607.4607, 11.31656
607.9428, 11.57104
608.4249, 12.13141
608.9070, 12.14003
609.3892, 10.00062
609.8713, 6.777456
610.3534, 4.393023
610.8355, 4.683449
611.3176, 5.044972
611.7997, 3.748770
612.2819, 1.415633
612.7640, 0.3518350
613.2461, 2.774537
613.7282, 4.802763
614.2103, 4.674202
614.6924, 2.189738
615.1746, 2.058233
615.6567, 5.754621
616.1388, 9.068562
616.6209, 8.196546
617.1030, 2.766049
617.5851, 0.7636330
618.0673, 3.077794
618.5494, 6.561642
619.0315, 7.283414
619.5136, 6.126414
619.9957, 5.740060
620.4778, 6.943414
620.9600, 8.734306
621.4421, 10.30025
621.9242, 11.06023
622.4063, 10.67366
622.8884, 7.862809
623.3705, 5.046578
623.8527, 2.554360
624.3348, 0.6324950
624.8169, 0.7400280
625.2990, 5.644415
625.7811, 9.737912
626.2632, 10.72820
626.7454, 8.360943
627.2275, 6.979302
627.7096, 6.741543
628.1917, 6.704202
628.6738, 5.580411
629.1559, 3.653943
629.6381, 3.483665
630.1202, 5.575933
630.6023, 7.933342
631.0844, 8.987857
631.5665, 8.657192
632.0486, 6.419461
632.5308, 0.4927870
633.0129, 3.2343999E-02
633.4950, 0.1911440
633.9771, 1.645415
634.4592, 1.516524
634.9413, 4.859690
635.4235, 7.139631
635.9056, 7.061857
636.3877, 5.192044
636.8698, 5.396644
637.3519, 9.032716
637.8340, 12.53677
638.3162, 14.43751
638.7983, 14.74490
639.2804, 14.81117
639.7625, 14.62591
640.2446, 14.17255
640.7267, 13.60279
641.2089, 12.40639
641.6910, 11.43638
642.1731, 9.286798
642.6552, 7.063431
643.1373, 4.775124
643.6194, 3.026351
644.1016, 2.653650
644.5837, 5.087182
645.0658, 7.361917
645.5479, 7.781333
646.0300, 7.221447
646.5121, 7.166268
646.9943, 8.531444
647.4764, 9.537097
647.9585, 9.726445
648.4406, 8.998084
648.9227, 8.601170
649.4048, 8.773876
649.8870, 9.286488
650.3691, 9.627981
650.8512, 9.987494
651.3333, 11.92326
651.8154, 15.42304
652.2975, 17.99625
652.7797, 17.44074
653.2618, 14.92713
653.7439, 11.33588
654.2260, 6.671716
654.7081, 3.488526
655.1902, 3.900504
655.6724, 6.100392
656.1545, 8.748510
656.6366, 13.14317
657.1187, 15.57865
657.6008, 14.94381
658.0829, 12.45227
658.5651, 8.943394
659.0472, 3.456651
659.5293, 0.2189540
660.0114, 1.437991
660.4935, 0.8369790
660.9756, 0.7960040
661.4578, 3.395406
661.9399, 5.488630
662.4220, 6.371512
662.9041, 6.605512
663.3862, 7.138511
663.8683, 7.829756
664.3505, 8.111434
664.8326, 6.926247
665.3147, 5.812023
665.7968, 6.254360
666.2789, 8.200706
666.7610, 9.100958
667.2432, 7.120997
667.7253, 4.986541
668.2074, 3.975051
668.6895, 4.238263
669.1716, 5.049731
669.6537, 6.655371
670.1359, 8.311102
670.6180, 9.613599
671.1001, 10.55566
671.5822, 10.37069
672.0643, 8.893877
672.5464, 6.657823
673.0286, 3.100210
673.5107, 0.5386700
673.9928, 1.375815
674.4749, 2.957107
674.9570, 7.088269
675.4391, 7.037876
675.9213, 4.422806
676.4034, 1.841024
676.8855, 0.2912390
677.3676, 1.430773
677.8497, 1.213589
678.3318, 4.792536
678.8140, 5.038945
679.2961, 0.3457670
679.7782, 0.8880600
680.2603, 3.386152
680.7424, 4.264587
681.2245, 5.008394
681.7067, 5.662228
682.1888, 7.225847
682.6709, 13.12620
683.1530, 19.31010
683.6351, 17.15842
684.1172, 6.920687
684.5994, 0.8523470
685.0815, 0.1744370
685.5636, 1.132318
686.0457, 0.1350420
686.5278, 4.7919001E-02
687.0099, 8.9657001E-02
687.4921, 0.1457400
687.9742, 9.3015000E-02
688.4563, 9.8815002E-02
688.9384, 0.4766490
689.4205, 0.9267490
689.9026, 1.486174
690.3848, 1.949197
690.8669, 1.526501
691.3490, 0.5699540
691.8311, 0.9453240
692.3132, 3.657015
692.7953, 6.448293
693.2775, 7.408617
693.7596, 6.945455
694.2417, 5.780365
694.7238, 3.259497
695.2059, 1.165257
695.6880, 0.1363680
696.1702, 5.7939000E-02
696.6523, 0.6280700
697.1344, 2.438347
697.6165, 4.029987
698.0986, 5.289304
698.5807, 6.156258
699.0629, 5.772143
699.5450, 3.847085
700.0271, 1.965091
700.5092, 0.3464350
700.9913, 0.5893400
701.4734, 1.618168
701.9556, 6.694350
702.4377, 10.74170
702.9198, 10.42930
703.4019, 7.991551
703.8840, 5.116398
704.3661, 1.896431
704.8483, 0.2101240
705.3304, 2.533707
705.8125, 5.378500
706.2946, 6.255216
706.7767, 3.918256
707.2589, 2.923284
707.7410, 4.279233
708.2231, 5.682823
708.7052, 4.246663
709.1873, 0.1551010
709.6694, 0.5784570
710.1516, 1.646541
710.6337, 5.850088
711.1158, 7.816792
711.5979, 7.977231
712.0800, 7.240647
712.5621, 5.573583
713.0443, 3.865838
713.5264, 2.415053
714.0085, 1.375627
714.4906, 0.9555560
714.9727, 2.259698
715.4548, 2.876798
715.9370, 1.712191
716.4191, 0.1154080
716.9012, 9.3142003E-02
717.3833, 3.063398
717.8654, 5.230132
718.3475, 5.675317
718.8297, 4.892669
719.3118, 3.622341
719.7939, 2.010414
720.2760, 1.126309
720.7581, 2.420714
721.2402, 4.136668
721.7224, 3.683534
722.2045, 1.715487
722.6866, 1.260114
723.1687, 5.320102
723.6508, 9.594542
724.1329, 12.26527
724.6151, 13.22071
725.0972, 12.94767
725.5793, 10.35752
726.0614, 8.406515
726.5435, 9.141531
727.0256, 12.38347
727.5078, 13.54038
727.9899, 12.53723
728.4720, 10.60285
728.9541, 7.689744
729.4362, 4.831671
729.9183, 4.526678
730.4005, 7.120284
730.8826, 9.153995
731.3647, 7.854874
731.8468, 5.426887
732.3289, 3.796603
732.8110, 3.302412
733.2932, 3.049785
733.7753, 3.241909
734.2574, 3.367308
734.7395, 2.952808
735.2216, 1.793577
735.7037, 0.7037930
736.1859, 0.5147820
736.6680, 0.3177420
737.1501, 0.2551430
737.6322, 0.4331350
738.1143, 0.3652610
738.5964, 0.7073600
739.0786, 3.059760
739.5607, 5.003524
740.0428, 6.404984
740.5249, 7.059185
741.0070, 6.456824
741.4891, 5.666045
741.9713, 4.679219
742.4534, 3.636740
742.9355, 2.914270
743.4176, 2.142843
743.8997, 2.145698
744.3818, 3.362400
744.8640, 4.757773
745.3461, 3.556404
745.8282, 0.2693390
746.3103, 0.2819170
746.7924, 0.4865900
747.2745, 1.650439
747.7567, 2.516259
748.2388, 2.249391
748.7209, 1.266892
749.2030, 0.7500440
749.6851, 2.846483
750.1672, 0.8365470
750.6494, 6.316947
751.1315, 8.915687
751.6136, 4.548312
752.0957, 0.3290770
752.5778, 0.3820320
753.0599, 0.4484770
753.5421, 5.5475999E-02
754.0242, 0.7223710
754.5063, 0.8100300
754.9884, 0.6460000
755.4705, 1.947468
755.9526, 3.021113
756.4348, 2.840499
756.9169, 2.871356
757.3990, 3.723862
757.8811, 4.882215
758.3632, 6.649405
758.8453, 8.934062
759.3275, 8.987174
759.8096, 5.167253
760.2917, 1.947591
760.7738, 1.610850
761.2559, 3.863903
761.7380, 6.079676
762.2202, 8.284233
762.7023, 8.860359
763.1844, 4.109742
763.6665, 2.4612000E-02
764.1486, 0.1361750
764.6307, 4.632516
765.1129, 9.980559
765.5950, 10.06464
766.0771, 8.534043
766.5592, 7.826642
767.0413, 8.552821
767.5234, 7.374557
768.0056, 2.990201
768.4877, 0.8727120
768.9698, 0.1297880
769.4519, 1.8036000E-02
769.9340, 1.563834
770.4161, 2.406969
770.8983, 3.436472
771.3804, 6.509743
771.8625, 9.912116
772.3446, 10.60204
772.8267, 7.965547
773.3088, 5.323957
773.7910, 4.449281
774.2731, 4.122162
774.7552, 3.433111
775.2373, 2.002676
775.7194, 1.000816
776.2015, 0.3203130
776.6837, 0.2150760
777.1658, 1.302838
777.6479, 3.516712
778.1300, 4.255503
778.6121, 3.124681
779.0942, 2.098855
779.5764, 3.682175
780.0585, 6.463633
780.5406, 8.436089
781.0227, 9.248339
781.5048, 9.175605
781.9869, 7.621808
782.4691, 5.663428
782.9512, 4.300591
783.4332, 3.891387
783.9153, 3.405852
784.3975, 2.824941
784.8796, 2.205662
785.3617, 1.469280
785.8438, 0.6782940
786.3259, 0.4533730
786.8080, 0.9179280
787.2902, 1.747864
787.7723, 2.886236
788.2544, 4.067906
788.7365, 4.888029
789.2186, 5.214667
789.7007, 5.313277
790.1829, 4.767075
790.6650, 4.331800
791.1471, 4.969488
791.6292, 8.171594
792.1113, 8.643017
792.5934, 5.036948
793.0756, 0.8777950
793.5577, 1.455793
794.0398, 5.766818
794.5219, 7.260997
795.0040, 4.109884
795.4861, 1.113044
795.9683, 4.115408
796.4504, 9.609489
796.9325, 12.89566
797.4146, 11.85531
797.8967, 10.29054
798.3788, 9.423243
798.8610, 8.293309
799.3431, 5.523327
799.8252, 0.5037610
800.3073, 0.7118690
800.7894, 1.465568
801.2715, 7.227888
801.7537, 10.06038
802.2358, 10.61647
802.7179, 10.72966
803.2000, 11.09609
803.6821, 10.57865
804.1642, 6.772519
804.6464, 2.238790
805.1285, 7.8279004E-02
805.6106, 3.265750
806.0927, 4.880132
806.5748, 3.353556
807.0569, 0.8293900
807.5391, 0.5299510
808.0212, 0.3501330
808.5033, 0.7498310
808.9854, 2.832188
809.4675, 5.123075
809.9496, 7.345245
810.4318, 8.971180
810.9139, 8.648578
811.3960, 5.507109
811.8781, 2.699398
812.3602, 3.903816
812.8423, 6.297947
813.3245, 6.649466
813.8066, 2.080183
814.2887, 0.3355000
814.7708, 0.1195620
815.2529, 1.747079
815.7350, 3.025633
816.2172, 3.924285
816.6993, 3.547857
817.1814, 1.548541
817.6635, 0.2977840
818.1456, 0.2878720
818.6277, 2.032137
819.1099, 2.945932
819.5920, 1.908471
820.0741, 2.228103
820.5562, 7.698362
821.0383, 13.32277
821.5204, 14.31658
822.0026, 7.815043
822.4847, 5.086653
822.9668, 7.398726
823.4489, 10.64595
823.9310, 10.25278
824.4131, 7.171922
824.8953, 4.526596
825.3774, 2.715895
825.8595, 1.362811
826.3416, 7.0014000E-02
826.8237, 0.7753360
827.3058, 0.6203150
827.7880, 0.3064220
828.2701, 1.254273
828.7522, 4.040971
829.2343, 6.961368
829.7164, 9.520775
830.1985, 11.86474
830.6807, 11.96186
831.1628, 9.467836
831.6449, 6.755229
832.1270, 5.869677
832.6091, 6.119179
833.0912, 6.764329
833.5734, 7.698205
834.0555, 8.960945
834.5376, 12.03620
835.0197, 14.29348
835.5018, 12.93123
835.9839, 6.787865
836.4661, 5.787782
836.9482, 12.11488
837.4303, 18.22159
837.9124, 18.47066
838.3945, 14.03739
838.8766, 10.32295
839.3588, 7.394476
839.8409, 5.479512
840.3230, 5.363008
840.8051, 5.881514
841.2872, 6.276022
841.7693, 6.478479
842.2515, 5.941338
842.7336, 2.909961
843.2157, 1.001595
843.6978, 1.862117
844.1799, 5.261055
844.6620, 8.658922
845.1442, 12.13714
845.6263, 13.89736
846.1084, 11.18116
846.5905, 7.019238
847.0726, 6.950194
847.5547, 9.765265
848.0369, 10.90208
848.5190, 5.576085
849.0011, 1.008294
849.4832, 1.474522
849.9653, 5.877481
850.4474, 7.825750
850.9296, 6.281184
851.4117, 5.560308
851.8938, 7.733113
852.3759, 11.20042
852.8580, 11.57817
853.3401, 9.369804
853.8223, 6.843299
854.3044, 4.895486
854.7865, 3.172611
855.2686, 1.120962
855.7507, 0.6370880
856.2328, 0.3862490
856.7150, 0.2701400
857.1971, 0.4608860
857.6792, 3.021805
858.1613, 6.833938
858.6434, 6.423314
859.1255, 1.877887
859.6077, 0.5922020
860.0898, 1.469428
860.5719, 4.554760
861.0540, 4.450415
861.5361, 2.573327
862.0182, 1.274838
862.5004, 1.325694
862.9825, 1.960291
863.4646, 3.731770
863.9467, 5.599827
864.4288, 6.509657
864.9109, 6.408520
865.3931, 5.213352
865.8752, 2.535398
866.3573, 0.4163220
866.8394, 3.063567
867.3215, 7.709436
867.8036, 7.408127
868.2858, 0.4519330
868.7679, 4.170086
869.2500, 0.5980890
869.7321, 7.316100
870.2142, 10.13340
870.6964, 5.735270
871.1785, 2.880389
871.6606, 1.865932
872.1427, 1.687166
872.6248, 1.885954
873.1069, 2.339550
873.5891, 2.478057
874.0712, 2.288046
874.5533, 2.380051
875.0354, 3.531783
875.5175, 4.853078
875.9996, 5.984067
876.4818, 6.879923
876.9639, 6.531678
877.4460, 4.173700
877.9281, 1.650721
878.4102, 0.6843560
878.8923, 0.5938090
879.3745, 0.4589560
879.8566, 2.245430
880.3387, 5.108311
880.8208, 3.534874
881.3029, 0.8151700
881.7850, 0.2435710
882.2672, 1.441406
882.7493, 2.580964
883.2314, 3.902461
883.7135, 4.135781
884.1956, 2.446546
884.6777, 0.2731670
885.1599, 0.6712200
885.6420, 0.1470060
886.1241, 0.8218930
886.6062, 1.048764
887.0883, 0.7445390
887.5704, 0.2757170
888.0526, 0.3516150
888.5347, 0.3553080
889.0168, 0.6590240
889.4989, 0.4156670
889.9810, 2.587636
890.4631, 6.853682
890.9453, 8.149277
891.4274, 5.697767
891.9095, 3.941660
892.3916, 3.360152
892.8737, 3.346429
893.3558, 3.180604
893.8380, 3.073515
894.3201, 3.356888
894.8022, 4.240798
895.2843, 4.860450
895.7664, 4.212891
896.2485, 3.579527
896.7307, 4.193505
897.2128, 6.541390
897.6949, 7.141201
898.1770, 5.329484
898.6591, 3.730383
899.1412, 4.761668
899.6234, 7.317930
900.1055, 7.917297
900.5876, 6.752094
901.0697, 5.749561
901.5518, 6.791968
902.0339, 7.740336
902.5161, 7.445922
902.9982, 5.867287
903.4803, 3.236727
903.9624, 0.3554540
904.4445, 3.058313
904.9266, 1.310752
905.4088, 1.445598
905.8909, 2.673666
906.3730, 1.759852
906.8551, 2.162896
907.3372, 6.958725
907.8193, 11.23596
908.3015, 10.14922
908.7836, 6.748651
909.2657, 6.404387
909.7478, 12.94376
910.2299, 16.38721
910.7120, 15.38983
911.1942, 12.24142
911.6763, 9.171960
912.1584, 6.408130
912.6405, 5.243817
913.1226, 6.004154
913.6047, 7.170832
914.0869, 8.135685
914.5690, 8.872057
915.0511, 9.419311
915.5332, 9.909346
916.0153, 9.685194
916.4974, 8.027966
916.9796, 6.884818
917.4617, 7.793283
917.9438, 10.52198
918.4259, 11.32447
918.9080, 10.36497
919.3901, 9.831899
919.8723, 11.83284
920.3544, 14.26177
920.8365, 15.25222
921.3186, 15.07621
921.8007, 15.64079
922.2828, 18.35612
922.7650, 19.87484
923.2471, 18.99265
923.7292, 16.76204
924.2113, 15.84137
924.6934, 16.09163
925.1755, 16.18150
925.6577, 15.59020
926.1398, 14.78838
926.6219, 13.21269
927.1040, 12.40061
927.5861, 13.50222
928.0682, 20.18299
928.5504, 23.18794
929.0325, 20.94825
929.5146, 17.15238
929.9967, 15.93890
930.4788, 16.83677
930.9609, 15.32814
931.4431, 10.87829
931.9252, 7.913550
932.4073, 12.87673
932.8894, 18.71260
933.3715, 18.17606
933.8536, 10.00734
934.3358, 5.576829
934.8179, 7.634366
935.3000, 10.14290
935.7821, 10.92579
936.2642, 9.969930
936.7463, 6.609219
937.2285, 1.421251
937.7106, 1.084573
938.1927, 0.2141370
938.6748, 2.885054
939.1569, 1.603776
939.6390, 1.255347
940.1212, 5.0735999E-02
940.6033, 0.5467220
941.0854, 1.937498
941.5675, 4.278549
942.0496, 5.772665
942.5317, 4.286030
943.0139, 0.6675130
943.4960, 0.4558480
943.9781, 1.940124
944.4602, 4.778811
944.9423, 7.152681
945.4244, 7.934383
945.9066, 5.378632
946.3887, 1.134794
946.8708, 2.458059
947.3529, 0.3339980
947.8350, 0.8492600
948.3171, 0.8635360
948.7993, 1.279191
949.2814, 0.4929830
949.7635, 1.240512
950.2456, 1.604334
950.7277, 0.1720790
951.2098, 2.158619
951.6920, 0.5999140
952.1741, 0.6716360
952.6562, 0.1554970
953.1383, 0.1932030
953.6204, 1.774070
954.1025, 0.1542390
954.5847, 0.6799610
955.0668, 0.8305050
955.5489, 0.5961810
956.0310, 2.558781
956.5131, 6.477831
956.9952, 8.766751
957.4774, 6.445607
957.9595, 3.075814
958.4416, 1.917746
958.9237, 3.527250
959.4058, 5.097198
959.8879, 6.639936
960.3701, 8.043021
960.8522, 9.932813
961.3343, 11.35012
961.8164, 8.697319
962.2985, 2.855291
962.7806, 0.2163480
963.2628, 7.769008
963.7449, 14.54128
964.2270, 15.58947
964.7091, 12.74053
965.1912, 11.05833
965.6733, 10.55198
966.1555, 11.32662
966.6376, 13.88787
967.1197, 16.57177
967.6018, 16.22741
968.0839, 14.75085
968.5660, 15.46490
969.0482, 20.85161
969.5303, 24.80484
970.0124, 26.36546
970.4945, 25.94360
970.9766, 22.69874
971.4587, 16.47738
971.9409, 14.90896
972.4230, 18.18664
972.9051, 22.36636
973.3872, 24.92603
973.8693, 26.60143
974.3514, 27.90313
974.8336, 28.89094
975.3157, 29.79815
975.7978, 30.98191
976.2799, 31.47724
976.7620, 30.59811
977.2441, 29.32953
977.7263, 29.98895
978.2084, 32.37928
978.6905, 35.69114
979.1726, 40.29433
979.6547, 44.13655
980.1368, 44.42071
980.6190, 43.79162
981.1010, 45.48335
981.5831, 51.37277
982.0652, 54.92659
982.5474, 55.68439
983.0295, 55.43448
983.5116, 54.59261
983.9937, 53.85324
984.4758, 56.19334
984.9579, 61.12484
985.4401, 64.78043
985.9222, 62.42057
986.4043, 60.76946
986.8864, 64.04111
987.3685, 70.48429
987.8506, 75.20748
988.3328, 77.83343
988.8149, 79.92561
989.2970, 81.69965
989.7791, 83.44088
990.2612, 85.72725
990.7433, 88.18609
991.2255, 90.28825
991.7076, 92.05097
992.1897, 92.93238
992.6718, 92.12379
993.1539, 91.09461
993.6360, 90.74815
994.1182, 91.06994
994.6003, 91.75886
995.0824, 92.77949
995.5645, 92.14408
996.0466, 86.43912
996.5287, 80.62796
997.0109, 79.71314
997.4930, 82.44720
997.9751, 84.51678
998.4572, 86.20576
998.9393, 85.39638
999.4214, 80.96908
999.9036, 75.12806
1000.386, 71.40750
1000.868, 69.36980
1001.350, 67.51522
1001.832, 65.52716
1002.314, 64.43183
1002.796, 66.63279
1003.278, 68.65998
1003.760, 67.58276
1004.243, 63.12127
1004.725, 58.43570
1005.207, 53.37265
1005.689, 49.95259
1006.171, 50.50945
1006.653, 52.49520
1007.135, 51.79168
1007.617, 49.04561
1008.100, 46.22998
1008.582, 44.74595
1009.064, 42.54935
1009.546, 39.15423
1010.028, 34.97310
1010.510, 29.55954
1010.992, 23.30695
1011.474, 23.12907
1011.956, 30.21344
1012.439, 37.25278
1012.921, 39.24406
1013.403, 37.82108
1013.885, 33.00855
1014.367, 24.74330
1014.849, 20.26165
1015.331, 21.69808
1015.813, 22.13064
1016.296, 18.42323
1016.778, 12.60506
1017.260, 9.256208
1017.742, 7.890074
1018.224, 6.739227
1018.706, 4.645743
1019.188, 3.909285
1019.670, 6.707613
1020.152, 10.61379
1020.635, 13.29453
1021.117, 14.79942
1021.599, 13.89747
1022.081, 10.35448
1022.563, 6.713565
1023.045, 4.495350
1023.527, 3.709732
1024.009, 5.193193
1024.492, 8.426368
1024.974, 9.945015
1025.456, 7.206106
1025.938, 5.383718
1026.420, 5.908056
1026.902, 7.441957
1027.384, 7.489542
1027.866, 6.299590
1028.349, 4.711944
1028.831, 2.736492
1029.313, 1.298646
1029.795, 1.391938
1030.277, 1.956978
1030.759, 1.974418
1031.241, 1.296247
1031.723, 1.987344
1032.205, 4.406107
1032.688, 5.963122
1033.170, 4.578611
1033.652, 1.985910
1034.134, 0.5087800
1034.616, 0.1066210
1035.098, 0.2125390
1035.580, 0.4073060
1036.062, 1.073900
1036.544, 1.824902
1037.027, 2.598422
1037.509, 3.261664
1037.991, 3.853836
1038.473, 4.352981
1038.955, 4.756657
1039.437, 4.419784
1039.919, 1.564650
1040.401, 1.038725
1040.884, 0.7605360
1041.366, 1.892602
1041.848, 2.407793
1042.330, 0.2295390
1042.812, 1.030706
1043.294, 0.1333810
1043.776, 1.795919
1044.258, 0.3992960
1044.740, 0.3314100
1045.223, 1.490019
1045.705, 6.981503
1046.187, 13.62912
1046.669, 14.16329
1047.151, 13.10782
1047.633, 13.62477
1048.115, 15.20859
1048.597, 12.76162
1049.079, 6.832445
1049.562, 2.267255
1050.044, 2.760707
1050.526, 4.579204
1051.008, 6.257978
1051.490, 7.429885
1051.972, 7.265332
1052.454, 5.096596
1052.936, 4.116425
1053.419, 4.656318
1053.901, 6.389050
1054.383, 11.01463
1054.865, 15.52140
1055.347, 14.72875
1055.829, 8.267891
1056.311, 3.608920
1056.793, 3.648097
1057.276, 4.658851
1057.758, 5.905774
1058.240, 7.215630
1058.722, 7.876580
1059.204, 7.986115
1059.686, 7.747884
1060.168, 7.175192
1060.650, 6.365390
1061.132, 5.031006
1061.615, 3.759704
1062.097, 3.321514
1062.579, 3.899746
1063.061, 4.269496
1063.543, 4.398820
1064.025, 4.578131
1064.507, 5.106929
1064.989, 5.701036
1065.471, 6.388129
1065.954, 6.955287
1066.436, 6.527385
1066.918, 3.958500
1067.400, 1.081546
1067.882, 0.1918410
1068.364, 2.585881
1068.846, 1.922348
1069.328, 1.185509
1069.811, 1.199937
1070.293, 3.232462
1070.775, 4.914788
1071.257, 6.767727
1071.739, 7.887864
1072.221, 7.839286
1072.703, 6.835164
1073.185, 5.278027
1073.667, 3.050195
1074.150, 0.6268480
1074.632, 9.9069998E-02
1075.114, 1.466220
1075.596, 7.0501998E-02
1076.078, 4.772619
1076.560, 5.652462
1077.042, 0.8485670
1077.524, 0.8140530
1078.006, 0.7629980
1078.489, 0.6221760
1078.971, 1.845767
1079.453, 2.628172
1079.935, 1.758695
1080.417, 2.2860000E-02
1080.899, 0.6626910
1081.381, 1.969547
1081.863, 3.429608
1082.345, 2.700921
1082.828, 1.280436
1083.310, 0.4163810
1083.792, 0.1090010
1084.274, 0.6035260
1084.756, 1.832948
1085.238, 2.797386
1085.720, 2.694474
1086.202, 2.328287
1086.685, 1.983492
1087.167, 1.740108
1087.649, 1.887559
1088.131, 2.522833
1088.613, 2.489680
1089.095, 1.467052
1089.577, 0.4381030
1090.059, 0.6574110
1090.542, 1.257605
1091.024, 0.8973760
1091.506, 0.6544780
1091.988, 0.2690990
1092.470, 5.719595
1092.952, 8.271680
1093.434, 3.944144
1093.916, 1.091059
1094.398, 1.993675
1094.880, 0.5495480
1095.363, 2.996480
1095.845, 6.612477
1096.327, 8.390426
1096.809, 7.091672
1097.291, 4.758945
1097.773, 2.042328
1098.255, 0.8252790
1098.737, 0.7620200
1099.220, 0.8614060
1099.702, 2.768731
1100.184, 3.661067
1100.666, 3.835944
1101.148, 3.093753
1101.630, 2.309109
1102.112, 2.365291
1102.594, 3.239290
1103.077, 3.479209
1103.559, 3.085918
1104.041, 2.862177
1104.523, 4.157703
1105.005, 5.520457
1105.487, 5.516723
1105.969, 4.290054
1106.451, 2.840268
1106.933, 0.6497870
1107.416, 7.2612002E-02
1107.898, 1.950592
1108.380, 4.578911
1108.862, 5.195706
1109.344, 5.081385
1109.826, 6.572739
1110.308, 10.13711
1110.790, 11.92942
1111.272, 9.759520
1111.755, 7.643779
1112.237, 7.192367
1112.719, 7.327888
1113.201, 4.431936
1113.683, 0.3564550
1114.165, 1.658322
1114.647, 1.385275
1115.129, 0.3024300
1115.612, 0.3127030
1116.094, 4.4872999E-02
1116.576, 3.497070
1117.058, 8.912015
1117.540, 8.655589
1118.022, 3.226024
1118.504, 0.5542370
1118.986, 0.2811920
1119.469, 1.804275
1119.951, 3.203965
1120.433, 4.101923
1120.915, 4.713041
1121.397, 5.168104
1121.879, 4.878979
1122.361, 3.804405
1122.843, 2.324082
1123.325, 0.6793620
1123.807, 1.256714
1124.290, 3.5696998E-02
1124.772, 6.086423
1125.254, 8.539139
1125.736, 4.563332
1126.218, 2.745977
1126.700, 4.897608
1127.182, 7.715830
1127.664, 7.140630
1128.147, 4.750436
1128.629, 3.330468
1129.111, 3.038865
1129.593, 2.527788
1130.075, 0.2405960
1130.557, 0.4634210
1131.039, 1.794908
1131.521, 5.264733
1132.004, 6.819554
1132.486, 6.786330
1132.968, 6.184374
1133.450, 5.336490
1133.932, 4.324237
1134.414, 2.802827
1134.896, 1.570125
1135.378, 0.9221300
1135.860, 0.8733780
1136.343, 1.327375
1136.825, 2.133138
1137.307, 2.617389
1137.789, 2.277688
1138.271, 2.278323
1138.753, 3.733953
1139.235, 5.580552
1139.717, 6.578212
1140.199, 6.723117
1140.682, 8.748663
1141.164, 12.59022
1141.646, 14.92865
1142.128, 12.97087
1142.610, 10.03895
1143.092, 8.485710
1143.574, 7.875559
1144.056, 7.639702
1144.539, 8.027045
1145.021, 7.603806
1145.503, 6.274535
1145.985, 4.924721
1146.467, 4.134267
1146.949, 3.767610
1147.431, 3.324080
1147.913, 3.189357
1148.396, 4.727824
1148.878, 9.649500
1149.360, 11.96938
1149.842, 10.88270
1150.324, 8.651484
1150.806, 7.505362
1151.288, 6.885523
1151.770, 5.611730
1152.252, 3.878627
1152.734, 3.227881
1153.217, 3.776168
1153.699, 5.856173
1154.181, 10.54072
1154.663, 14.83131
1155.145, 13.54699
1155.627, 8.917633
1156.109, 5.234254
1156.591, 3.131897
1157.074, 2.125648
1157.556, 3.754887
1158.038, 3.873131
1158.520, 0.4989440
1159.002, 1.676507
1159.484, 2.406858
1159.966, 0.2893910
1160.448, 1.081399
1160.931, 0.5722870
1161.413, 5.0531998E-02
1161.895, 1.480499
1162.377, 2.992046
1162.859, 4.093606
1163.341, 4.780299
1163.823, 5.151855
1164.305, 5.118858
1164.787, 3.815340
1165.270, 0.4950490
1165.752, 0.2556090
1166.234, 5.072044
1166.716, 12.96059
1167.198, 15.46424
1167.680, 12.91876
1168.162, 9.023757
1168.644, 4.059719
1169.126, 0.9574860
1169.609, 2.013813
1170.091, 3.789856
1170.573, 4.946077
1171.055, 5.249993
1171.537, 4.134346
1172.019, 1.232316
1172.501, 0.6434500
1172.983, 2.369087
1173.466, 4.188598
1173.948, 4.573984
1174.430, 4.582880
1174.912, 5.351782
1175.394, 6.228591
1175.876, 6.174794
1176.358, 4.960166
1176.840, 3.275847
1177.323, 1.098765
1177.805, 0.2476150
1178.287, 0.7089500
1178.769, 2.215629
1179.251, 3.486963
1179.733, 4.331120
1180.215, 4.378414
1180.697, 3.451902
1181.179, 2.565503
1181.661, 1.884628
1182.144, 1.363910
1182.626, 0.1754460
1183.108, 0.7795330
1183.590, 0.1722460
1184.072, 0.3289960
1184.554, 6.0099998E-04
1185.036, 1.337109
1185.518, 1.450054
1186.001, 3.236185
1186.483, 4.898324
1186.965, 3.457287
1187.447, 1.584757
1187.929, 2.932673
1188.411, 7.208434
1188.893, 8.833314
1189.375, 6.780217
1189.858, 4.834810
1190.340, 3.669183
1190.822, 3.095680
1191.304, 2.920257
1191.786, 3.325577
1192.268, 5.120250
1192.750, 8.465072
1193.232, 9.361267
1193.714, 6.877497
1194.197, 4.645470
1194.679, 3.834014
1195.161, 3.476020
1195.643, 1.598474
1196.125, 0.3561930
1196.607, 2.6342001E-02
1197.089, 3.201367
1197.571, 5.672450
1198.053, 7.435196
1198.536, 7.848253
1199.018, 6.121881
1199.500, 4.033710
1199.982, 4.386864
1200.464, 6.227243
1200.946, 8.497168
1201.428, 11.60930
1201.910, 11.50834
1202.393, 6.418731
1202.875, 3.564146
1203.357, 7.739395
1203.839, 14.02775
1204.321, 14.05862
1204.803, 10.42176
1205.285, 7.425402
1205.767, 5.824850
1206.250, 5.737786
1206.732, 7.678128
1207.214, 9.414492
1207.696, 9.433772
1208.178, 8.725640
1208.660, 9.707393
1209.142, 11.07326
1209.624, 10.16282
1210.106, 3.675488
1210.589, 0.8704210
1211.071, 2.808221
1211.553, 5.435297
1212.035, 6.442447
1212.517, 6.266155
1212.999, 4.659392
1213.481, 2.666711
1213.963, 2.519479
1214.445, 6.767417
1214.928, 9.505602
1215.410, 10.60830
1215.892, 10.69906
1216.374, 10.32292
1216.856, 8.937510
1217.338, 4.936043
1217.820, 1.1074000E-02
1218.302, 0.1864130
1218.785, 1.576231
1219.267, 3.643854
1219.749, 3.525632
1220.231, 2.847293
1220.713, 2.028577
1221.195, 2.069913
1221.677, 5.930774
1222.159, 11.83229
1222.641, 14.36398
1223.124, 10.14582
1223.606, 8.334163
1224.088, 9.976201
1224.570, 12.52223
1225.052, 14.93964
1225.534, 16.24094
1226.016, 14.06275
1226.498, 9.595716
1226.980, 7.096214
1227.463, 7.917132
1227.945, 8.045529
1228.427, 7.025657
1228.909, 5.943461
1229.391, 6.563389
1229.873, 7.092255
1230.355, 4.079194
1230.837, 0.8795350
1231.320, 0.7243430
1231.802, 3.246761
1232.284, 8.112761
1232.766, 12.66974
1233.248, 15.18397
1233.730, 13.10987
1234.212, 8.881804
1234.694, 3.415556
1235.177, 0.3217260
1235.659, 0.6486310
1236.141, 1.731788
1236.623, 4.425170
1237.105, 3.941144
1237.587, 3.210454
1238.069, 6.104028
1238.551, 8.946707
1239.033, 7.582826
1239.516, 3.235908
1239.998, 1.086831
1240.480, 1.182141
1240.962, 3.660322
1241.444, 9.030936
1241.926, 13.19351
1242.408, 11.26123
1242.890, 8.219707
1243.372, 8.413080
1243.855, 10.61229
1244.337, 10.81064
1244.819, 8.954137
1245.301, 6.680571
1245.783, 4.249531
1246.265, 1.852607
1246.747, 0.9672200
1247.229, 0.8793890
1247.712, 0.9682100
1248.194, 0.1896120
1248.676, 0.9101500
1249.158, 0.7937560
1249.640, 0.7687580
1250.122, 3.828177
1250.604, 5.687130
1251.086, 2.670413
1251.568, 0.4118730
1252.051, 2.983043
1252.533, 7.502335
1253.015, 6.689291
1253.497, 1.720062
1253.979, 0.8673870
1254.461, 0.7715400
1254.943, 0.9594520
1255.425, 5.291712
1255.907, 8.065881
1256.390, 7.275239
1256.872, 4.585501
1257.354, 2.987997
1257.836, 2.321422
1258.318, 1.889429
1258.800, 1.558601
1259.282, 2.576923
1259.764, 7.723014
1260.247, 11.25364
1260.729, 11.33118
1261.211, 9.490335
1261.693, 7.476799
1262.175, 6.028097
1262.657, 6.755455
1263.139, 9.913208
1263.621, 10.68981
1264.104, 6.094834
1264.586, 2.695471
1265.068, 2.186773
1265.550, 3.193380
1266.032, 4.071320
1266.514, 4.906597
1266.996, 5.944459
1267.478, 6.457556
1267.960, 7.566589
1268.443, 7.275855
1268.925, 7.266969
1269.407, 7.786333
1269.889, 8.680332
1270.371, 11.27725
1270.853, 13.79801
1271.335, 13.11172
1271.817, 9.201576
1272.299, 6.284001
1272.782, 4.462678
1273.264, 3.346838
1273.746, 2.877569
1274.228, 2.950938
1274.710, 4.037225
1275.192, 5.127260
1275.674, 4.370283
1276.156, 2.359812
1276.639, 4.525738
1277.121, 10.88015
1277.603, 13.67500
1278.085, 10.85982
1278.567, 7.900816
1279.049, 10.86262
1279.531, 12.53852
1280.013, 7.464298
1280.495, 9.812379
1280.978, 0.3037820
1281.460, 6.982365
1281.942, 9.253076
1282.424, 4.334445
1282.906, 9.3424000E-02
1283.388, 1.770535
1283.870, 3.682570
1284.352, 3.519547
1284.834, 2.496298
1285.317, 3.426241
1285.799, 5.361553
1286.281, 5.299340
1286.763, 2.879866
1287.245, 1.462735
1287.727, 2.589947
1288.209, 4.450553
1288.691, 7.234480
1289.173, 9.350104
1289.656, 7.538038
1290.138, 4.068977
1290.620, 3.131997
1291.102, 4.854839
1291.584, 4.616578
1292.066, 0.9903850
1292.548, 0.1957990
1293.030, 0.4763030
1293.513, 0.4961920
1293.995, 3.326111
1294.477, 8.033362
1294.959, 9.043976
1295.441, 6.704163
1295.923, 5.055331
1296.405, 4.022723
1296.887, 4.748356
1297.370, 7.620834
1297.852, 9.753748
1298.334, 8.019976
1298.816, 4.262156
1299.298, 1.269368
1299.780, 0.3694070
1300.262, 1.490707
1300.744, 6.467572
1301.226, 10.44758
1301.708, 13.01996
1302.191, 13.06570
1302.673, 9.414788
1303.155, 5.438575
1303.637, 2.192256
1304.119, 0.0000000E+00
##END=



