##NAMES=Actinolite
##RRUFFID=R060045
##IDEAL CHEMISTRY=Ca_2_(Mg_4.5-2.5_Fe^2+^_0.5-2.5_)_&#931;=5_Si_8_O_22_(OH)_2_
##LOCALITY=Colorado, USA
##OWNER=RRUFF
##SOURCE=University of Arizona Mineral Museum
##DESCRIPTION=Green prismatic crystals in a radial arrangement
##STATUS=The identification of this mineral has been confirmed by X-ray diffraction and chemical analysis
##URL=rruff.info/R060045
##MEASURED CHEMISTRY=(Ca_1.99_Na_0.01_)_Σ=2_(Mg_4.20_Fe^2+^_0.59_Al_0.09_Fe^3+^_0.08_Mn_0.02_Ti_0.01_)_Σ=5_(Si_7.82_Al_0.18_)_Σ=8_O_22_(OH)_2_
143.1459, 0.0000000E+00
143.6280, 0.4958190
144.1102, 0.5963440
144.5923, 0.1468200
145.0744, 9.3291998E-02
145.5565, 0.1214290
146.0386, 0.6431880
146.5207, 1.063446
147.0029, 1.376160
147.4850, 1.554230
147.9671, 1.447937
148.4492, 1.203430
148.9313, 1.134521
149.4134, 1.497375
149.8955, 2.302002
150.3777, 3.165436
150.8598, 4.244110
151.3419, 5.244873
151.8240, 6.022247
152.3061, 6.612274
152.7882, 7.154938
153.2704, 7.787628
153.7525, 8.503723
154.2346, 9.355713
154.7167, 10.39627
155.1988, 11.51245
155.6809, 12.79874
156.1631, 14.20020
156.6452, 15.41232
157.1273, 16.02917
157.6094, 15.82028
158.0915, 15.35876
158.5736, 14.40671
159.0558, 13.32471
159.5379, 12.47467
160.0200, 11.96817
160.5021, 11.62836
160.9842, 11.16492
161.4663, 10.56702
161.9485, 9.918610
162.4306, 9.141602
162.9127, 8.332672
163.3948, 7.633026
163.8769, 7.040192
164.3590, 6.680634
164.8412, 6.763763
165.3233, 7.330078
165.8054, 8.017761
166.2875, 8.751221
166.7696, 9.298035
167.2517, 9.771118
167.7339, 10.22495
168.2160, 10.81189
168.6981, 11.10052
169.1802, 11.28983
169.6623, 11.49728
170.1444, 11.71567
170.6266, 11.88821
171.1087, 12.42276
171.5908, 13.90045
172.0729, 15.53345
172.5550, 16.73032
173.0371, 17.30441
173.5193, 17.65067
174.0014, 18.49435
174.4835, 20.21661
174.9656, 21.60391
175.4477, 22.68094
175.9298, 23.30719
176.4120, 23.33112
176.8941, 22.68829
177.3762, 21.46628
177.8583, 19.89963
178.3404, 17.71179
178.8225, 15.49875
179.3047, 13.20370
179.7868, 10.94427
180.2689, 8.772797
180.7510, 6.720337
181.2331, 4.842712
181.7152, 3.460175
182.1974, 2.879669
182.6795, 2.431000
183.1616, 2.041290
183.6437, 1.706207
184.1258, 1.433167
184.6079, 1.229065
185.0900, 1.086761
185.5722, 0.9772640
186.0543, 0.9652710
186.5364, 0.9092100
187.0185, 0.7286680
187.5006, 0.4545590
187.9827, 0.1594850
188.4649, 0.1558230
188.9470, 0.4304200
189.4291, 0.4616700
189.9112, 3.2410000E-02
190.3933, 0.5105900
190.8754, 0.6036070
191.3576, 0.3328250
191.8397, 4.6936002E-02
192.3218, 0.5491030
192.8039, 0.9960330
193.2860, 1.015198
193.7681, 0.2890320
194.2503, 0.6393430
194.7324, 1.159729
195.2145, 1.210327
195.6966, 1.281464
196.1787, 1.796234
196.6608, 2.462646
197.1430, 2.915436
197.6251, 2.939392
198.1072, 2.805634
198.5893, 3.022156
199.0714, 3.770142
199.5535, 4.397034
200.0357, 4.477158
200.5178, 4.365067
200.9999, 4.467590
201.4820, 5.150177
201.9641, 6.206589
202.4462, 7.045090
202.9284, 7.560028
203.4105, 8.011322
203.8926, 8.455109
204.3747, 8.890717
204.8568, 9.321136
205.3389, 9.744217
205.8211, 10.11522
206.3032, 10.59784
206.7853, 11.24409
207.2674, 11.98820
207.7495, 12.94469
208.2316, 13.99060
208.7138, 14.95146
209.1959, 15.71155
209.6780, 16.27040
210.1601, 16.82520
210.6422, 17.52525
211.1243, 18.13980
211.6065, 18.46823
212.0886, 18.67882
212.5707, 19.07631
213.0528, 19.87665
213.5349, 21.01941
214.0170, 21.93915
214.4992, 22.53978
214.9813, 23.02489
215.4634, 23.34088
215.9455, 23.59680
216.4276, 24.05156
216.9097, 24.85657
217.3919, 25.90778
217.8740, 26.72687
218.3561, 27.15598
218.8382, 27.58069
219.3203, 28.25685
219.8024, 29.04970
220.2845, 29.66058
220.7667, 29.93219
221.2488, 29.84241
221.7309, 29.42056
222.2130, 28.45880
222.6951, 27.41422
223.1772, 26.44011
223.6594, 25.54784
224.1415, 24.80495
224.6236, 24.32628
225.1057, 23.99062
225.5878, 23.39769
226.0699, 22.35721
226.5521, 21.27487
227.0342, 20.45932
227.5163, 19.87921
227.9984, 19.22958
228.4805, 18.32458
228.9626, 17.25345
229.4448, 16.16949
229.9269, 14.93205
230.4090, 13.91974
230.8911, 13.61063
231.3732, 14.01122
231.8553, 14.30254
232.3375, 14.20744
232.8196, 13.74075
233.3017, 12.84889
233.7838, 11.37567
234.2659, 9.855255
234.7480, 8.856995
235.2302, 8.418182
235.7123, 8.147079
236.1944, 8.033081
236.6765, 7.966736
237.1586, 7.889999
237.6407, 7.806503
238.1229, 7.626892
238.6050, 7.174957
239.0871, 6.378143
239.5692, 5.712662
240.0513, 5.346069
240.5334, 5.136948
241.0156, 5.022430
241.4977, 4.988876
241.9798, 5.005005
242.4619, 5.049423
242.9440, 5.142838
243.4261, 5.179016
243.9083, 5.009018
244.3904, 4.862778
244.8725, 4.919067
245.3546, 5.202240
245.8367, 5.560669
246.3188, 5.816940
246.8010, 5.996948
247.2831, 5.947464
247.7652, 5.416626
248.2473, 4.864502
248.7294, 4.619781
249.2115, 4.714371
249.6937, 4.917526
250.1758, 4.924789
250.6579, 4.731186
251.1400, 4.370926
251.6221, 3.717224
252.1042, 3.070114
252.5864, 2.582413
253.0685, 2.277023
253.5506, 2.105865
254.0327, 2.050842
254.5148, 2.248352
254.9969, 2.104904
255.4790, 1.322800
255.9612, 0.5060270
256.4433, 0.1034390
256.9254, 0.4431760
257.4075, 0.5106350
257.8896, 0.2783660
258.3718, 0.3185270
258.8539, 0.9427190
259.3360, 1.856049
259.8181, 2.569839
260.3002, 2.831787
260.7823, 2.649521
261.2645, 2.135315
261.7466, 1.319748
262.2287, 8.0825999E-02
262.7108, 0.4837950
263.1929, 0.1929630
263.6750, 0.8611300
264.1572, 0.9012450
264.6393, 0.3874970
265.1214, 0.2483830
265.6035, 0.6894230
266.0856, 0.9316860
266.5677, 0.9691010
267.0499, 0.5339510
267.5320, 0.2028200
268.0141, 0.3136440
268.4962, 0.7529600
268.9783, 1.168503
269.4604, 1.327087
269.9426, 1.242889
270.4247, 1.094452
270.9068, 0.8852230
271.3889, 0.6255340
271.8710, 0.1929020
272.3531, 0.2977290
272.8352, 0.5279850
273.3174, 0.2581790
273.7995, 0.3563080
274.2816, 0.5387570
274.7637, 0.1277470
275.2458, 0.6521760
275.7279, 0.5646510
276.2101, 0.1238100
276.6922, 0.1274110
277.1743, 6.6359997E-02
277.6564, 0.5838780
278.1385, 1.147430
278.6206, 1.999496
279.1028, 2.480118
279.5849, 2.120712
280.0670, 1.306595
280.5491, 0.7010650
281.0312, 0.5413970
281.5133, 0.6908110
281.9955, 0.9405360
282.4776, 1.321960
282.9597, 1.665329
283.4418, 1.995438
283.9239, 2.246948
284.4060, 2.290359
284.8882, 2.073563
285.3703, 1.733795
285.8524, 1.414734
286.3345, 1.091797
286.8166, 0.9332730
287.2987, 1.086548
287.7809, 1.379944
288.2630, 1.585953
288.7451, 1.658508
289.2272, 1.714294
289.7093, 1.923706
290.1914, 2.273010
290.6736, 2.454269
291.1557, 2.250153
291.6378, 1.950592
292.1199, 1.904846
292.6020, 2.154846
293.0841, 2.420090
293.5663, 2.478683
294.0484, 2.354813
294.5305, 2.204987
295.0126, 1.888901
295.4947, 1.658478
295.9768, 1.822098
296.4590, 2.367081
296.9411, 2.873917
297.4232, 3.052094
297.9053, 2.992935
298.3874, 3.029556
298.8695, 3.294846
299.3517, 3.517197
299.8338, 3.403992
300.3159, 3.016068
300.7980, 2.802612
301.2801, 3.080750
301.7622, 3.572952
302.2444, 3.721313
302.7265, 3.462067
303.2086, 3.032211
303.6907, 2.367737
304.1728, 1.595795
304.6549, 1.240524
305.1371, 1.611267
305.6192, 2.274628
306.1013, 2.596359
306.5834, 2.564194
307.0655, 2.439926
307.5476, 2.261169
308.0298, 2.075577
308.5119, 2.024933
308.9940, 2.189377
309.4761, 2.363724
309.9582, 2.266861
310.4403, 1.939224
310.9225, 1.661270
311.4046, 1.468842
311.8867, 1.394730
312.3688, 1.586639
312.8509, 2.127060
313.3330, 2.560715
313.8152, 2.336884
314.2973, 1.631287
314.7794, 1.086243
315.2615, 0.9008030
315.7436, 0.9341740
316.2257, 1.091232
316.7079, 1.350189
317.1900, 1.549713
317.6721, 1.536682
318.1542, 1.409775
318.6363, 1.412643
319.1184, 1.629257
319.6006, 1.899231
320.0827, 2.118484
320.5648, 2.263794
321.0469, 2.373367
321.5290, 2.389938
322.0111, 2.321167
322.4933, 2.178345
322.9754, 1.869644
323.4575, 1.654297
323.9396, 1.778763
324.4217, 2.142151
324.9038, 2.426819
325.3860, 2.523880
325.8681, 2.485489
326.3502, 2.377655
326.8323, 2.201019
327.3144, 2.019714
327.7965, 1.877792
328.2787, 1.757843
328.7608, 0.7776180
329.2429, 1.791992
329.7250, 2.395157
330.2071, 2.605423
330.6892, 1.157166
331.1714, 1.851334
331.6535, 1.656326
332.1356, 1.415726
332.6177, 2.412048
333.0998, 1.208359
333.5819, 2.190018
334.0641, 2.297211
334.5462, 2.792068
335.0283, 2.434464
335.5104, 2.347443
335.9925, 3.125336
336.4746, 3.424622
336.9568, 2.971725
337.4389, 3.508621
337.9210, 2.277878
338.4031, 2.598648
338.8852, 3.588913
339.3673, 3.180740
339.8495, 3.734573
340.3316, 3.922195
340.8137, 2.445511
341.2958, 3.863800
341.7779, 4.030380
342.2600, 2.911667
342.7421, 4.231461
343.2242, 3.290573
343.7064, 3.157043
344.1885, 3.631134
344.6706, 3.472336
345.1527, 4.311951
345.6348, 4.190292
346.1169, 3.982895
346.5991, 4.150803
347.0812, 5.095413
347.5633, 5.701035
348.0454, 5.266876
348.5275, 4.748245
349.0096, 4.902435
349.4918, 5.605240
349.9739, 6.102432
350.4560, 5.824356
350.9381, 5.031998
351.4202, 5.033127
351.9023, 6.571457
352.3845, 7.901825
352.8666, 8.441177
353.3487, 8.420364
353.8308, 8.191254
354.3129, 7.867249
354.7950, 7.531662
355.2772, 7.353088
355.7593, 7.393005
356.2414, 7.458466
356.7235, 7.485229
357.2056, 7.558395
357.6877, 7.788483
358.1699, 8.186783
358.6520, 8.647598
359.1341, 9.070023
359.6162, 9.460266
360.0983, 9.748245
360.5804, 9.753815
361.0626, 9.831055
361.5447, 10.24162
362.0268, 10.91272
362.5089, 11.56923
362.9910, 12.01976
363.4731, 12.28648
363.9553, 12.55995
364.4374, 12.83391
364.9195, 13.12149
365.4016, 13.33936
365.8837, 13.59682
366.3658, 14.12271
366.8480, 15.01060
367.3301, 16.00603
367.8122, 16.55894
368.2943, 16.47589
368.7764, 16.19225
369.2585, 15.40331
369.7407, 14.63708
370.2228, 14.35478
370.7049, 14.58122
371.1870, 14.97215
371.6691, 15.17662
372.1512, 15.20314
372.6334, 14.98064
373.1155, 14.34436
373.5976, 13.64180
374.0797, 12.88400
374.5618, 12.16200
375.0439, 11.59824
375.5261, 11.26277
376.0082, 11.16672
376.4903, 11.40199
376.9724, 12.51717
377.4545, 13.16505
377.9366, 12.84656
378.4188, 12.13116
378.9009, 11.56235
379.3830, 11.33028
379.8651, 11.32890
380.3472, 11.41714
380.8293, 11.62177
381.3115, 11.82829
381.7936, 11.88046
382.2757, 12.05128
382.7578, 12.59042
383.2399, 13.43703
383.7220, 14.25301
384.2042, 14.71046
384.6863, 14.84233
385.1684, 15.12773
385.6505, 15.60553
386.1326, 16.20250
386.6147, 17.14528
387.0969, 18.14268
387.5790, 18.58633
388.0611, 18.03659
388.5432, 17.15715
389.0253, 17.32021
389.5074, 18.84276
389.9896, 20.03484
390.4717, 20.31105
390.9538, 19.98265
391.4359, 19.05527
391.9180, 17.49953
392.4001, 16.10345
392.8823, 15.73247
393.3644, 16.21379
393.8465, 16.24713
394.3286, 15.52406
394.8107, 14.51160
395.2928, 13.54018
395.7750, 12.60565
396.2571, 11.70369
396.7392, 10.77733
397.2213, 9.898666
397.7034, 9.199295
398.1855, 8.695160
398.6677, 8.282074
399.1498, 7.899307
399.6319, 7.577667
400.1140, 7.387680
400.5961, 7.441864
401.0782, 7.485870
401.5604, 7.246445
402.0425, 6.845749
402.5246, 6.683594
403.0067, 6.994629
403.4888, 7.358215
403.9709, 7.088501
404.4531, 6.065857
404.9352, 5.468597
405.4173, 6.044678
405.8994, 6.844879
406.3815, 6.842834
406.8636, 6.016907
407.3458, 5.250534
407.8279, 5.264420
408.3100, 6.014709
408.7921, 6.642105
409.2742, 7.173584
409.7563, 7.572525
410.2385, 7.822006
410.7206, 7.926514
411.2027, 7.899841
411.6848, 7.748154
412.1669, 7.467331
412.6490, 7.035095
413.1311, 6.248459
413.6133, 5.666885
414.0954, 5.321518
414.5775, 5.148392
415.0596, 5.205566
415.5417, 5.432785
416.0238, 5.604095
416.5060, 5.501556
416.9881, 5.119583
417.4702, 4.728790
417.9523, 4.371704
418.4344, 3.949646
418.9165, 3.283569
419.3987, 2.594574
419.8808, 2.238968
420.3629, 2.391144
420.8450, 2.767700
421.3271, 2.734283
421.8092, 2.067932
422.2914, 1.554520
422.7735, 1.305344
423.2556, 1.203171
423.7377, 1.299408
424.2198, 1.539688
424.7019, 1.692307
425.1841, 1.490189
425.6662, 0.9772190
426.1483, 0.6217650
426.6304, 0.4278560
427.1125, 0.4050900
427.5946, 0.7323000
428.0768, 1.168854
428.5589, 1.310898
429.0410, 0.7705540
429.5231, 1.302368
430.0052, 1.614685
430.4873, 1.719177
430.9695, 0.9935610
431.4516, 1.339874
431.9337, 1.256699
432.4158, 1.155853
432.8979, 1.653152
433.3800, 1.048431
433.8622, 1.536240
434.3443, 1.587967
434.8264, 1.839294
435.3085, 1.658447
435.7906, 1.610992
436.2727, 1.996979
436.7549, 2.142975
437.2370, 1.912338
437.7191, 2.176422
438.2012, 1.556610
438.6833, 1.235275
439.1654, 1.008041
439.6476, 0.8874970
440.1297, 0.9159550
440.6118, 0.9960780
441.0939, 0.9508970
441.5760, 0.6992030
442.0581, 0.5486910
442.5403, 0.6926570
443.0224, 0.8114780
443.5045, 0.5443730
443.9866, 3.5370000E-02
444.4687, 0.4586490
444.9508, 0.3084720
445.4330, 0.3267060
445.9151, 0.4411620
446.3972, 0.6717380
446.8793, 1.469315
447.3614, 1.558502
447.8435, 1.284821
448.3257, 1.042603
448.8078, 0.9578550
449.2899, 0.9032900
449.7720, 0.6435550
450.2541, 3.3629999E-02
450.7362, 0.2742000
451.2184, 5.9326001E-02
451.7005, 0.3842770
452.1826, 0.4136050
452.6647, 0.2223820
453.1468, 4.7653001E-02
453.6289, 5.5130001E-02
454.1111, 0.1450650
454.5932, 3.6929999E-03
455.0753, 0.4876860
455.5574, 0.8519740
456.0395, 0.9006960
456.5216, 0.7668460
457.0038, 0.4777220
457.4859, 3.3752002E-02
457.9680, 0.3527830
458.4501, 0.5812230
458.9322, 0.2112270
459.4143, 1.1993000E-02
459.8965, 9.6588001E-02
460.3786, 0.3724520
460.8607, 0.1271360
461.3428, 0.1684270
461.8249, 0.2217100
462.3070, 0.1234130
462.7892, 0.2663730
463.2713, 7.2036996E-02
463.7534, 0.1194760
464.2355, 0.2999110
464.7176, 0.1920470
465.1997, 0.1730500
465.6819, 0.4422760
466.1640, 0.5516660
466.6461, 0.4102780
467.1282, 0.5984800
467.6103, 0.1974030
468.0924, 0.2616880
468.5746, 0.3488010
469.0567, 0.5257720
469.5388, 0.9195710
470.0209, 1.454941
470.5030, 1.606140
470.9851, 0.7992250
471.4673, 0.3054050
471.9494, 0.5160830
472.4315, 0.9741670
472.9136, 1.252045
473.3957, 1.231430
473.8778, 1.019638
474.3600, 0.6941830
474.8421, 0.2091060
475.3242, 4.6721999E-02
475.8063, 0.1111910
476.2884, 0.3156890
476.7705, 0.4203800
477.2527, 0.4935460
477.7348, 0.7064510
478.2169, 1.189514
478.6990, 1.662476
479.1811, 1.521820
479.6632, 0.6529690
480.1454, 0.1466520
480.6275, 0.4008640
481.1096, 0.9796140
481.5917, 1.626205
482.0738, 2.301849
482.5559, 2.764404
483.0380, 2.909119
483.5201, 2.768814
484.0023, 2.235153
484.4844, 1.286774
484.9665, 0.5972600
485.4486, 0.5899200
485.9307, 1.088333
486.4128, 1.621811
486.8950, 2.394547
487.3771, 2.779373
487.8592, 2.128983
488.3413, 1.142273
488.8234, 0.8720550
489.3055, 1.487701
489.7877, 2.229507
490.2698, 2.316391
490.7519, 1.698074
491.2340, 1.417664
491.7161, 1.864197
492.1982, 2.140930
492.6804, 1.737747
493.1625, 1.065155
493.6446, 0.6848300
494.1267, 0.8103640
494.6088, 1.334595
495.0909, 2.234604
495.5731, 3.891266
496.0552, 4.701401
496.5373, 3.702118
497.0194, 2.744766
497.5015, 2.668106
497.9836, 3.216003
498.4658, 3.700958
498.9479, 3.718048
499.4300, 3.537613
499.9121, 3.784668
500.3942, 4.575012
500.8763, 5.055695
501.3585, 4.755829
501.8406, 4.240707
502.3227, 3.974426
502.8048, 3.997101
503.2869, 4.179245
503.7690, 4.466461
504.2512, 4.812256
504.7333, 5.275787
505.2154, 5.906021
505.6975, 6.360168
506.1796, 6.371536
506.6617, 6.065598
507.1439, 5.863998
507.6260, 5.705048
508.1081, 5.793381
508.5902, 6.428864
509.0723, 7.150131
509.5544, 7.333786
510.0366, 6.941650
510.5187, 6.475510
511.0008, 6.377396
511.4829, 6.636002
511.9650, 6.978500
512.4471, 7.867233
512.9293, 8.316711
513.4114, 7.759796
513.8935, 6.836243
514.3756, 6.222015
514.8577, 6.128647
515.3398, 6.398056
515.8220, 6.935242
516.3041, 7.805481
516.7862, 8.374908
517.2683, 8.501205
517.7504, 8.448486
518.2325, 8.264984
518.7147, 8.027740
519.1968, 7.742279
519.6789, 7.356079
520.1610, 7.100342
520.6431, 7.338257
521.1252, 8.016953
521.6074, 8.255203
522.0895, 7.673904
522.5716, 6.947693
523.0537, 6.857285
523.5358, 7.319687
524.0179, 7.791992
524.5001, 8.419830
524.9822, 8.824738
525.4643, 8.463684
525.9464, 7.630341
526.4285, 7.264465
526.9106, 7.815903
527.3928, 8.735352
527.8749, 8.987061
528.3570, 8.175369
528.8391, 7.591827
529.3212, 7.277466
529.8033, 7.158386
530.2855, 7.350204
530.7676, 7.699982
531.2497, 7.885086
531.7318, 7.677765
532.2139, 7.195633
532.6960, 6.799622
533.1782, 6.523804
533.6603, 6.286591
534.1424, 6.172638
534.6245, 6.019135
535.1066, 5.619171
535.5887, 5.019592
536.0709, 4.559479
536.5530, 4.486633
537.0351, 4.682465
537.5172, 5.051773
537.9993, 5.595917
538.4814, 5.782532
538.9636, 5.155853
539.4457, 4.251907
539.9278, 3.993744
540.4099, 4.496964
540.8920, 5.004700
541.3741, 5.306396
541.8563, 5.393051
542.3384, 5.353043
542.8205, 5.205109
543.3026, 5.015289
543.7847, 4.753296
544.2668, 4.431839
544.7490, 4.299271
545.2311, 4.652939
545.7132, 4.848129
546.1953, 4.785095
546.6774, 4.627563
547.1595, 4.501526
547.6417, 4.406586
548.1238, 4.250259
548.6059, 3.924072
549.0880, 3.508636
549.5701, 3.403305
550.0522, 3.758026
550.5344, 4.009567
551.0165, 3.871826
551.4986, 3.647156
551.9807, 3.582397
552.4628, 3.259811
552.9449, 3.710770
553.4271, 3.941360
553.9092, 3.963028
554.3913, 3.153656
554.8734, 3.416122
555.3555, 3.248901
555.8376, 3.063828
556.3198, 3.477188
556.8019, 2.789124
557.2840, 3.194519
557.7661, 3.169113
558.2482, 3.353271
558.7303, 3.111313
559.2125, 2.994308
559.6946, 3.295059
560.1767, 3.355362
560.6588, 3.040558
561.1409, 3.243591
561.6230, 2.565903
562.1052, 2.636917
562.5873, 3.042175
563.0694, 2.748398
563.5515, 2.935669
564.0336, 2.939972
564.5157, 2.112122
564.9979, 2.731812
565.4800, 2.725662
565.9621, 2.076569
566.4442, 2.646500
566.9263, 2.085953
567.4084, 1.928802
567.8906, 2.075378
568.3727, 1.905380
568.8548, 2.234314
569.3369, 2.082474
569.8190, 1.887543
570.3011, 1.879974
570.7833, 1.341064
571.2654, 1.787659
571.7475, 1.560837
572.2296, 1.668610
572.7117, 1.952988
573.1938, 2.515137
573.6760, 2.808701
574.1581, 2.798584
574.6402, 2.547424
575.1223, 1.593384
575.6044, 0.8270570
576.0865, 0.9589540
576.5687, 1.721329
577.0508, 2.359894
577.5329, 2.438522
578.0150, 2.172958
578.4971, 2.012024
578.9792, 1.973602
579.4614, 1.943802
579.9435, 1.955383
580.4256, 1.909363
580.9077, 1.691055
581.3898, 1.350357
581.8719, 1.073334
582.3541, 0.8669130
582.8362, 0.8087920
583.3183, 1.190262
583.8004, 1.830032
584.2825, 1.944794
584.7646, 1.207077
585.2468, 0.2502440
585.7289, 9.8311998E-02
586.2110, 0.3029630
586.6931, 0.5413970
587.1752, 0.6040340
587.6573, 0.5317840
588.1394, 0.1759030
588.6215, 0.2505190
589.1036, 0.3956760
589.5858, 0.1496280
590.0679, 0.2289280
590.5500, 0.4021000
591.0321, 0.3559420
591.5142, 0.2237850
591.9963, 0.1520690
592.4785, 0.3770750
592.9606, 0.1330720
593.4427, 0.2921600
593.9248, 0.4642790
594.4069, 0.2354890
594.8890, 1.1703000E-02
595.3712, 5.9783999E-02
595.8533, 0.3119810
596.3354, 0.4379880
596.8175, 0.3967740
597.2996, 0.1990510
597.7817, 0.2560580
598.2639, 0.8459930
598.7460, 0.8709560
599.2281, 0.4676510
599.7102, 1.209595
600.1923, 0.4817200
600.6744, 0.5597230
601.1566, 0.8281710
601.6387, 0.3105470
602.1208, 0.3129730
602.6029, 0.5313260
603.0850, 0.4441530
603.5671, 0.4645080
604.0493, 0.6929930
604.5314, 0.7584080
605.0135, 0.3952640
605.4956, 1.8478001E-02
605.9777, 0.2525940
606.4598, 0.3039550
606.9420, 0.2559200
607.4241, 6.5261997E-02
607.9062, 0.1483310
608.3883, 0.2261350
608.8704, 0.1891330
609.3525, 0.1447450
609.8347, 0.1201780
610.3168, 0.1419980
610.7989, 0.2625430
611.2810, 0.5191190
611.7631, 0.6869050
612.2452, 0.7515260
612.7274, 0.7496950
613.2095, 0.6864930
613.6916, 0.5713200
614.1737, 0.3938750
614.6558, 0.1586760
615.1379, 6.8099998E-02
615.6201, 0.2309420
616.1022, 0.3329930
616.5843, 0.2010960
617.0664, 0.4074710
617.5485, 0.8102720
618.0306, 0.3429410
618.5128, 0.3535770
618.9949, 0.4108730
619.4770, 0.4134370
619.9591, 1.199188
620.4412, 1.347473
620.9233, 1.169128
621.4055, 1.117798
621.8876, 1.228317
622.3697, 1.370377
622.8518, 1.481064
623.3339, 1.541016
623.8160, 1.481003
624.2982, 1.001617
624.7803, 0.9098820
625.2624, 1.593292
625.7445, 2.303146
626.2266, 2.506165
626.7087, 2.358795
627.1909, 2.352768
627.6730, 2.778809
628.1551, 3.309464
628.6372, 3.285706
629.1193, 2.683853
629.6014, 2.387390
630.0836, 2.639343
630.5657, 3.030182
631.0478, 3.304733
631.5299, 3.471146
632.0120, 3.520020
632.4941, 3.358414
632.9763, 3.212265
633.4584, 3.177994
633.9405, 3.236359
634.4226, 3.366058
634.9047, 3.560150
635.3868, 3.802795
635.8690, 4.074081
636.3511, 4.385803
636.8332, 4.838196
637.3153, 5.643951
637.7974, 6.232315
638.2795, 6.431076
638.7617, 6.498383
639.2438, 6.573944
639.7259, 6.682556
640.2080, 6.813751
640.6901, 6.886765
641.1722, 7.064072
641.6544, 7.684921
642.1365, 8.701355
642.6186, 9.662460
643.1007, 10.49704
643.5828, 11.04500
644.0649, 11.05688
644.5471, 10.48221
645.0292, 10.27727
645.5113, 10.48349
645.9934, 11.00453
646.4755, 12.08150
646.9576, 13.30782
647.4398, 14.12689
647.9219, 14.46194
648.4040, 14.70192
648.8861, 15.23166
649.3682, 16.00052
649.8503, 16.63985
650.3325, 17.00471
650.8146, 17.67233
651.2967, 19.02998
651.7788, 20.57539
652.2609, 21.84091
652.7430, 22.82695
653.2252, 23.96008
653.7073, 25.37497
654.1894, 27.01176
654.6715, 28.98781
655.1536, 31.14482
655.6357, 32.97501
656.1179, 34.29106
656.6000, 35.50447
657.0821, 37.23932
657.5642, 39.57143
658.0463, 41.06728
658.5284, 40.32599
659.0106, 40.37265
659.4927, 42.43565
659.9748, 45.22360
660.4569, 47.34122
660.9390, 48.58188
661.4211, 49.77248
661.9033, 51.55139
662.3854, 53.70500
662.8675, 55.83641
663.3496, 57.94321
663.8317, 59.92924
664.3138, 61.72165
664.7960, 63.48676
665.2781, 65.49295
665.7602, 67.76945
666.2423, 70.07500
666.7244, 72.76573
667.2065, 75.08775
667.6887, 76.46698
668.1708, 77.36674
668.6529, 78.53621
669.1350, 80.14728
669.6171, 81.71263
670.0992, 82.84427
670.5814, 83.49817
671.0635, 83.22263
671.5456, 81.89676
672.0277, 80.02693
672.5098, 77.87012
672.9919, 75.15187
673.4741, 71.43344
673.9562, 66.68980
674.4383, 62.06857
674.9204, 57.91190
675.4025, 53.91995
675.8846, 49.80646
676.3668, 45.66331
676.8489, 41.71896
677.3310, 38.10019
677.8131, 34.78891
678.2952, 31.83871
678.7773, 29.25764
679.2595, 26.81410
679.7416, 24.50891
680.2237, 22.37155
680.7058, 20.37383
681.1879, 18.55994
681.6700, 16.97440
682.1522, 15.62178
682.6343, 14.50250
683.1164, 13.86838
683.5985, 13.30885
684.0806, 12.18829
684.5627, 10.66698
685.0449, 9.430283
685.5270, 8.705231
686.0091, 8.404617
686.4912, 8.506866
686.9733, 9.087219
687.4554, 9.198441
687.9376, 8.416092
688.4197, 7.675293
688.9018, 7.090332
689.3839, 6.664398
689.8660, 6.518127
690.3481, 6.589081
690.8303, 6.466293
691.3124, 5.639572
691.7945, 4.584686
692.2766, 4.179031
692.7587, 4.384720
693.2408, 4.842239
693.7230, 5.544601
694.2051, 6.113220
694.6872, 6.093765
695.1693, 5.457764
695.6514, 4.728378
696.1335, 3.560059
696.6157, 2.735855
697.0978, 2.747925
697.5799, 3.009003
698.0620, 2.870438
698.5441, 2.318008
699.0262, 1.864349
699.5084, 1.945389
699.9905, 2.297302
700.4726, 2.330521
700.9547, 2.039825
701.4368, 1.614243
701.9189, 0.9747920
702.4011, 0.4839020
702.8832, 0.6207730
703.3653, 1.307693
703.8474, 1.606445
704.3295, 1.117050
704.8116, 0.7295530
705.2938, 0.8186800
705.7759, 1.106842
706.2580, 1.306885
706.7401, 1.412369
707.2222, 1.386200
707.7043, 1.177948
708.1865, 0.8702700
708.6686, 0.6246340
709.1507, 0.4378200
709.6328, 0.3704380
710.1149, 0.4510800
710.5970, 0.6637270
711.0792, 1.068298
711.5613, 1.528824
712.0434, 1.678940
712.5255, 1.319305
713.0076, 0.9969940
713.4897, 0.9713590
713.9719, 0.9949340
714.4540, 0.8138580
714.9361, 0.4692990
715.4182, 7.2632000E-02
715.9003, 0.3240050
716.3824, 0.5629270
716.8646, 0.1313630
717.3467, 1.108566
717.8288, 1.571686
718.3109, 0.7387240
718.7930, 0.1023100
719.2751, 0.2331540
719.7573, 0.1035160
720.2394, 0.5983120
720.7215, 1.351715
721.2036, 1.803940
721.6857, 1.584595
722.1678, 1.135498
722.6500, 0.7017210
723.1321, 0.3769230
723.6142, 0.3449100
724.0963, 0.6774900
724.5784, 1.160690
725.0605, 1.496078
725.5427, 1.676743
726.0248, 1.855988
726.5069, 2.000931
726.9890, 2.226608
727.4711, 2.767075
727.9532, 3.282257
728.4354, 3.297012
728.9175, 2.782486
729.3995, 2.424255
729.8817, 2.615356
730.3638, 2.843948
730.8459, 2.653748
731.3280, 2.259216
731.8101, 2.086121
732.2922, 2.255890
732.7744, 2.704727
733.2565, 3.447525
733.7386, 4.378128
734.2207, 4.945541
734.7028, 5.089249
735.1849, 5.070709
735.6671, 4.830185
736.1492, 4.563217
736.6313, 4.435074
737.1134, 4.436127
737.5955, 4.527557
738.0776, 4.793472
738.5598, 5.031891
739.0419, 5.168884
739.5240, 5.207977
740.0061, 5.111053
740.4882, 4.906815
740.9703, 4.719543
741.4525, 4.635971
741.9346, 4.603790
742.4167, 4.476089
742.8988, 4.224564
743.3809, 4.076843
743.8630, 4.074875
744.3452, 4.140503
744.8273, 4.288193
745.3094, 4.456314
745.7915, 4.537308
746.2736, 4.539658
746.7557, 4.400482
747.2379, 3.879517
747.7200, 3.395172
748.2021, 3.343613
748.6842, 3.642426
749.1663, 4.048615
749.6484, 4.408203
750.1306, 4.590866
750.6127, 4.273087
751.0948, 3.506699
751.5769, 3.029282
752.0590, 2.887314
752.5411, 2.903320
753.0233, 3.168808
753.5054, 3.412460
753.9875, 3.212982
754.4696, 2.580643
754.9517, 2.034119
755.4338, 1.688217
755.9160, 1.385193
756.3981, 0.9049680
756.8802, 0.5088040
757.3623, 0.6627500
757.8444, 1.315201
758.3265, 1.848618
758.8087, 1.756668
759.2908, 1.315811
759.7729, 1.164993
760.2550, 1.305649
760.7371, 1.438446
761.2192, 1.585205
761.7014, 1.463837
762.1835, 0.6224370
762.6656, 0.6513370
763.1477, 1.068848
763.6298, 6.7916997E-02
764.1119, 0.7053380
764.5941, 0.8938750
765.0762, 0.9456480
765.5583, 1.273102
766.0404, 1.668869
766.5225, 1.624603
767.0046, 0.9452970
767.4868, 9.7442999E-02
767.9689, 0.5424960
768.4510, 0.9396360
768.9331, 0.8945010
769.4152, 0.3971250
769.8973, 0.1209260
770.3795, 0.5295720
770.8616, 0.7415010
771.3437, 0.5769500
771.8258, 5.0034001E-02
772.3079, 0.4155430
772.7900, 0.4122920
773.2722, 0.2965850
773.7543, 7.2982997E-02
774.2364, 0.1858220
774.7185, 0.5278780
775.2006, 0.8799590
775.6827, 1.025681
776.1649, 0.7532350
776.6470, 0.3744350
777.1291, 0.2371370
777.6112, 0.2779850
778.0933, 0.3083950
778.5754, 0.2961120
779.0576, 0.2674710
779.5397, 0.2381740
780.0218, 0.2128600
780.5039, 0.2086940
780.9860, 0.2411650
781.4681, 0.2501370
781.9503, 0.1375580
782.4324, 0.1175840
782.9145, 0.3899990
783.3966, 0.7560730
783.8787, 0.9198760
784.3608, 0.8184050
784.8430, 0.6903690
785.3251, 0.6433870
785.8072, 0.6198430
786.2893, 0.5879210
786.7714, 0.5326390
787.2535, 0.3783110
787.7357, 0.1219790
788.2178, 2.8229000E-02
788.6999, 0.1991880
789.1820, 0.6903230
789.6641, 0.7495880
790.1462, 0.2381740
790.6284, 4.9210001E-02
791.1105, 0.1904140
791.5926, 0.5056760
792.0747, 0.4414670
792.5568, 0.1198580
793.0389, 3.9444000E-02
793.5211, 0.3889920
794.0032, 0.7084660
794.4853, 0.8443760
794.9674, 0.9412990
795.4495, 1.157669
795.9316, 1.424988
796.4138, 1.555420
796.8959, 1.470291
797.3780, 1.310577
797.8601, 1.216415
798.3422, 1.179962
798.8243, 1.217972
799.3065, 1.331589
799.7886, 1.274673
800.2707, 0.8996580
800.7528, 0.4744870
801.2349, 0.3650050
801.7170, 0.5997920
802.1992, 0.6900180
802.6813, 0.4048460
803.1634, 0.2787020
803.6455, 0.5975800
804.1276, 0.9218140
804.6097, 0.8782650
805.0919, 0.5300600
805.5740, 0.1439510
806.0561, 0.3179320
806.5382, 0.4698330
807.0203, 0.3568420
807.5024, 1.526932
807.9846, 1.946365
808.4667, 1.627838
808.9488, 1.216843
809.4309, 1.039474
809.9130, 1.048569
810.3951, 1.191498
810.8773, 1.479538
811.3594, 1.749924
811.8415, 2.042084
812.3236, 2.213242
812.8057, 2.115341
813.2878, 1.953857
813.7700, 2.042740
814.2521, 2.356018
814.7342, 2.408371
815.2163, 1.891586
815.6984, 1.436920
816.1805, 1.255585
816.6627, 1.266800
817.1448, 1.458649
817.6269, 1.764542
818.1090, 2.034775
818.5911, 2.196060
819.0732, 2.260864
819.5554, 2.213821
820.0375, 2.083191
820.5196, 1.935043
821.0017, 1.799347
821.4838, 1.699265
821.9659, 1.529312
822.4481, 1.376938
822.9302, 1.406799
823.4123, 1.641815
823.8944, 1.898849
824.3765, 2.195770
824.8586, 2.488113
825.3408, 3.002151
825.8229, 3.286972
826.3050, 2.804489
826.7871, 1.742462
827.2692, 1.069901
827.7513, 1.346619
828.2335, 1.718506
828.7156, 1.600906
829.1977, 1.327377
829.6798, 1.376755
830.1619, 1.655548
830.6440, 1.877151
831.1262, 1.884064
831.6083, 1.801025
832.0904, 1.810242
832.5725, 1.890442
833.0546, 1.904770
833.5367, 1.863052
834.0189, 1.646606
834.5010, 1.078323
834.9831, 0.5426790
835.4652, 0.5506590
835.9473, 1.121841
836.4294, 1.589005
836.9116, 1.986938
837.3937, 2.252960
837.8758, 2.211807
838.3579, 2.151474
838.8400, 2.443436
839.3221, 2.891312
839.8043, 2.880264
840.2864, 2.065689
840.7685, 1.368317
841.2506, 1.721649
841.7327, 2.481766
842.2148, 2.715942
842.6970, 2.481522
843.1791, 2.208023
843.6612, 2.060501
844.1433, 2.039642
844.6254, 2.167786
845.1075, 2.420746
845.5897, 2.649506
846.0718, 2.886078
846.5539, 2.900436
847.0360, 2.486725
847.5181, 2.082108
848.0002, 2.129379
848.4824, 2.483749
848.9645, 2.532516
849.4466, 2.051971
849.9287, 1.666702
850.4108, 1.364731
850.8929, 1.250046
851.3751, 1.561996
851.8572, 2.038162
852.3393, 2.288223
852.8214, 2.223557
853.3035, 2.043198
853.7856, 1.889282
854.2678, 1.691391
854.7499, 1.242767
855.2320, 0.6906430
855.7141, 0.4390870
856.1962, 0.5619200
856.6783, 0.8920290
857.1605, 1.328201
857.6426, 1.798798
858.1247, 2.151367
858.6068, 2.405609
859.0889, 2.316498
859.5710, 1.681015
860.0532, 1.192825
860.5353, 1.314819
861.0174, 1.695084
861.4995, 1.707123
861.9816, 1.277939
862.4637, 1.024826
862.9459, 1.223969
863.4280, 1.281937
863.9101, 0.7160340
864.3922, 0.1308590
864.8743, 0.2581630
865.3564, 0.9127200
865.8386, 1.347702
866.3207, 1.166473
866.8028, 0.8972320
867.2849, 1.021179
867.7670, 1.331421
868.2491, 1.560745
868.7313, 1.667862
869.2134, 1.623688
869.6955, 1.415787
870.1776, 1.062805
870.6597, 0.4960020
871.1418, 0.1946110
871.6239, 0.2908940
872.1060, 0.2966610
872.5881, 0.8738400
873.0703, 1.333878
873.5524, 1.611435
874.0345, 1.591278
874.5166, 1.350311
874.9987, 1.226242
875.4808, 1.389267
875.9630, 1.369202
876.4451, 0.9083250
876.9272, 0.5497440
877.4093, 0.6243740
877.8914, 0.8964840
878.3735, 1.039093
878.8557, 1.011017
879.3378, 1.029770
879.8199, 1.389343
880.3020, 1.637848
880.7841, 1.269958
881.2662, 0.6363680
881.7484, 0.2845460
882.2305, 0.2393490
882.7126, 0.1801610
883.1947, 8.3953999E-02
883.6768, 0.3581850
884.1589, 0.3015140
884.6411, 2.1819999E-02
885.1232, 0.2855070
885.6053, 0.4798740
886.0874, 0.4018550
886.5695, 0.1221770
887.0516, 0.5419310
887.5338, 0.1185150
888.0159, 1.068130
888.4980, 1.569214
888.9801, 0.9918370
889.4622, 0.5121000
889.9443, 0.1575930
890.4265, 5.0857998E-02
890.9086, 0.3858180
891.3907, 0.9698030
891.8728, 1.524170
892.3549, 2.100342
892.8370, 2.220093
893.3192, 1.335190
893.8013, 0.4104610
894.2834, 8.1146002E-02
894.7655, 0.2339940
895.2476, 0.1588290
895.7297, 9.6450999E-02
896.2119, 0.5060580
896.6940, 1.181274
897.1761, 1.681793
897.6582, 1.321121
898.1403, 2.6320999E-02
898.6224, 0.5089110
899.1046, 0.8246310
899.5867, 0.9324650
900.0688, 0.2134250
900.5509, 0.5809780
901.0330, 0.5178680
901.5151, 0.4219670
901.9973, 0.9225010
902.4794, 0.3210140
902.9615, 0.8120420
903.4436, 0.8669890
903.9257, 1.121567
904.4078, 0.9439700
904.8900, 0.8998410
905.3721, 1.288147
905.8542, 1.436951
906.3363, 1.209595
906.8184, 1.476959
907.3005, 0.8604130
907.7827, 1.019562
908.2648, 1.513336
908.7469, 1.307755
909.2290, 1.583069
909.7111, 1.675278
910.1932, 0.9358220
910.6754, 1.649109
911.1575, 1.740921
911.6396, 1.186752
912.1217, 1.481186
912.6038, 1.302658
913.0859, 1.275238
913.5681, 1.520905
914.0502, 1.764435
914.5323, 1.646362
915.0144, 1.356720
915.4965, 1.513077
915.9786, 1.999023
916.4608, 2.274017
916.9429, 2.221893
917.4250, 2.086334
917.9071, 2.039368
918.3892, 2.069489
918.8713, 2.143326
919.3535, 2.266708
919.8356, 2.544769
920.3177, 3.009262
920.7998, 3.330109
921.2819, 3.373474
921.7640, 3.311676
922.2462, 3.246017
922.7283, 3.149506
923.2104, 3.389679
923.6925, 4.423752
924.1746, 5.201538
924.6567, 5.543365
925.1389, 5.659042
925.6210, 5.633194
926.1031, 5.501114
926.5852, 5.252731
927.0673, 4.865143
927.5494, 4.668594
928.0316, 5.039658
928.5137, 5.364471
928.9958, 5.120743
929.4779, 4.627975
929.9600, 4.398651
930.4421, 4.428986
930.9243, 4.525406
931.4064, 4.621414
931.8885, 4.583786
932.3706, 4.140030
932.8527, 3.543762
933.3348, 3.265884
933.8170, 3.247864
934.2991, 3.196930
934.7812, 3.028671
935.2633, 2.869278
935.7454, 2.849380
936.2275, 2.880859
936.7097, 2.656799
937.1918, 2.187714
937.6739, 2.025452
938.1560, 2.245529
938.6381, 2.493591
939.1202, 2.614807
939.6024, 2.626907
940.0845, 2.556671
940.5666, 2.404999
941.0487, 2.097870
941.5308, 1.340775
942.0129, 1.063370
942.4951, 1.897232
942.9772, 2.689835
943.4593, 2.545914
943.9414, 1.864685
944.4235, 1.460999
944.9056, 1.420776
945.3878, 1.357117
945.8699, 1.035080
946.3520, 0.8532260
946.8341, 1.090271
947.3162, 1.445099
947.7983, 1.667480
948.2805, 1.729965
948.7626, 1.635910
949.2447, 1.297821
949.7268, 1.080231
950.2089, 1.362732
950.6910, 1.721771
951.1732, 1.796722
951.6553, 1.618942
952.1374, 1.158432
952.6195, 0.5003660
953.1016, 0.1547090
953.5837, 0.5994420
954.0659, 1.261078
954.5480, 1.284470
955.0301, 0.9172520
955.5122, 0.8192140
955.9943, 0.9844670
956.4764, 0.9511110
956.9586, 0.5240170
957.4407, 1.8921001E-02
957.9228, 0.2154240
958.4049, 0.2006680
958.8870, 5.3543001E-02
959.3691, 0.5550990
959.8513, 0.7655490
960.3334, 0.5526580
960.8155, 0.3440860
961.2976, 0.4034880
961.7797, 0.6016540
962.2618, 0.6926120
962.7440, 0.6633610
963.2261, 0.6368710
963.7082, 0.5508880
964.1903, 0.6296540
964.6724, 1.118835
965.1545, 1.525589
965.6367, 1.402435
966.1188, 0.9028470
966.6009, 0.5282750
967.0830, 0.3047330
967.5651, 0.1287230
968.0472, 3.3340000E-02
968.5294, 0.1083830
969.0115, 5.5939000E-02
969.4936, 8.5326999E-02
969.9757, 0.4127660
970.4578, 0.8144840
970.9399, 0.8129730
971.4221, 4.4249999E-03
971.9042, 0.5299070
972.3863, 1.9897001E-02
972.8684, 0.5904240
973.3505, 0.5315400
973.8326, 0.1804500
974.3148, 0.2249910
974.7969, 0.7050630
975.2790, 1.029709
975.7611, 0.8594210
976.2432, 0.4719390
976.7253, 0.1139680
977.2075, 0.6289060
977.6896, 0.5559840
978.1717, 0.1011350
978.6538, 5.3513002E-02
979.1359, 0.2758640
979.6180, 0.5731350
980.1002, 0.3103640
980.5823, 0.1486970
981.0644, 4.8050001E-02
981.5465, 0.3718260
982.0286, 0.2485500
982.5107, 0.4281460
982.9929, 0.9057460
983.4750, 0.8352200
983.9571, 0.5856780
984.4392, 0.6803440
984.9213, 0.9722600
985.4034, 0.6190950
985.8856, 0.3731230
986.3677, 0.6211240
986.8498, 0.1968230
987.3319, 0.9127960
987.8140, 0.7785950
988.2961, 0.2979580
988.7783, 0.4106290
989.2604, 1.146561
989.7425, 1.461411
990.2246, 1.203018
990.7067, 1.061646
991.1888, 1.197540
991.6710, 1.460724
992.1531, 1.824295
992.6352, 2.184464
993.1173, 2.291824
993.5994, 2.144516
994.0815, 1.728806
994.5637, 0.5185090
995.0458, 0.1502990
995.5279, 0.4419250
996.0100, 1.311935
996.4921, 1.714523
996.9742, 1.817810
997.4564, 2.164520
997.9385, 3.024872
998.4206, 3.413651
998.9027, 2.900909
999.3848, 2.296875
999.8669, 1.748672
1000.349, 1.370407
1000.831, 1.367889
1001.313, 1.627090
1001.795, 1.716400
1002.278, 1.420135
1002.760, 1.299973
1003.242, 1.709747
1003.724, 2.194717
1004.206, 2.414902
1004.688, 2.568710
1005.170, 3.035812
1005.652, 3.730591
1006.134, 4.097092
1006.617, 3.823975
1007.099, 3.438187
1007.581, 3.102554
1008.063, 2.989349
1008.545, 3.435364
1009.027, 4.162186
1009.509, 4.717789
1009.991, 5.005127
1010.474, 5.103745
1010.956, 5.004929
1011.438, 4.916702
1011.920, 5.133362
1012.402, 5.448029
1012.884, 5.578827
1013.366, 5.516281
1013.848, 5.173462
1014.330, 4.608521
1014.813, 4.315079
1015.295, 4.709030
1015.777, 5.386459
1016.259, 5.774734
1016.741, 5.996613
1017.223, 6.397659
1017.705, 6.920090
1018.187, 7.164536
1018.669, 7.012772
1019.152, 6.632202
1019.634, 6.079025
1020.116, 5.648666
1020.598, 6.257294
1021.080, 7.650116
1021.562, 8.179749
1022.044, 7.781555
1022.526, 7.512863
1023.008, 7.758072
1023.491, 8.045700
1023.973, 7.885162
1024.455, 7.469009
1024.937, 7.476349
1025.419, 7.912048
1025.901, 7.966721
1026.383, 7.539642
1026.865, 7.280045
1027.348, 7.474365
1027.830, 7.736603
1028.312, 7.639236
1028.794, 7.295364
1029.276, 7.270401
1029.758, 7.645096
1030.240, 7.643539
1030.722, 7.091507
1031.204, 6.469574
1031.687, 5.902893
1032.169, 5.472610
1032.651, 5.272064
1033.133, 5.284836
1033.615, 5.479401
1034.097, 6.094376
1034.579, 6.059784
1035.061, 4.943802
1035.544, 4.019501
1036.026, 3.908768
1036.508, 4.019196
1036.990, 3.620056
1037.472, 2.834946
1037.954, 2.602737
1038.436, 3.268112
1038.918, 3.738678
1039.401, 3.886444
1039.883, 3.979172
1040.365, 4.116241
1040.847, 4.060211
1041.329, 4.411484
1041.811, 4.675003
1042.293, 4.855347
1042.775, 4.703781
1043.257, 4.980835
1043.740, 5.061707
1044.222, 5.120743
1044.704, 5.458252
1045.186, 5.354996
1045.668, 5.688721
1046.150, 5.848083
1046.632, 6.087296
1047.114, 6.153625
1047.596, 6.273346
1048.079, 6.566315
1048.561, 6.623993
1049.043, 7.256165
1049.525, 7.917145
1050.007, 8.124039
1050.489, 7.988297
1050.971, 8.061676
1051.453, 8.558853
1051.936, 8.905746
1052.418, 8.870605
1052.900, 8.829483
1053.382, 8.911896
1053.864, 9.110703
1054.346, 9.529037
1054.828, 10.05777
1055.310, 10.31891
1055.792, 10.13356
1056.275, 10.03792
1056.757, 10.29321
1057.239, 10.54645
1057.721, 10.58183
1058.203, 10.51836
1058.685, 10.52568
1059.167, 10.52257
1059.649, 10.21590
1060.131, 9.463051
1060.614, 8.933006
1061.096, 8.991020
1061.578, 9.134674
1062.060, 9.258957
1062.542, 9.230560
1063.024, 8.776443
1063.506, 8.096291
1063.988, 7.708809
1064.471, 7.787079
1064.953, 7.886147
1065.435, 7.894402
1065.917, 7.777695
1066.399, 7.399559
1066.881, 7.034325
1067.363, 7.087257
1067.845, 7.315521
1068.328, 7.108131
1068.810, 6.310722
1069.292, 5.515030
1069.774, 4.810654
1070.256, 4.301476
1070.738, 4.132576
1071.220, 4.145142
1071.702, 4.327606
1072.184, 4.528557
1072.667, 4.507370
1073.149, 4.217178
1073.631, 3.764130
1074.113, 2.975044
1074.595, 2.318413
1075.077, 2.044434
1075.559, 1.975327
1076.041, 2.041916
1076.523, 2.171257
1077.006, 2.290985
1077.488, 2.380951
1077.970, 2.404037
1078.452, 2.286804
1078.934, 2.200752
1079.416, 2.293427
1079.898, 2.385056
1080.380, 2.376556
1080.863, 2.253868
1081.345, 1.928391
1081.827, 1.457497
1082.309, 1.182182
1082.791, 1.324699
1083.273, 1.509224
1083.755, 1.573883
1084.237, 1.603645
1084.719, 1.767807
1085.202, 1.861237
1085.684, 1.430222
1086.166, 0.6641620
1086.648, 0.4238660
1087.130, 1.135437
1087.612, 1.754417
1088.094, 1.828888
1088.576, 1.668655
1089.058, 1.196396
1089.541, 0.7892680
1090.023, 0.9900970
1090.505, 1.583267
1090.987, 1.870689
1091.469, 1.644638
1091.951, 1.413780
1092.433, 1.449104
1092.915, 1.448669
1093.397, 1.171516
1093.880, 0.8668140
1094.362, 0.7656170
1094.844, 0.8481060
1095.326, 1.076904
1095.808, 1.444176
1096.290, 1.672325
1096.772, 1.607422
1097.254, 1.463814
1097.737, 1.253807
1098.219, 1.063828
1098.701, 0.9454570
1099.183, 0.8947070
1099.665, 0.9505840
1100.147, 1.092438
1100.629, 1.090988
1101.111, 0.7012250
1101.594, 0.4673080
1102.076, 0.6099780
1102.558, 0.8691020
1103.040, 1.158775
1103.522, 1.447693
1104.004, 1.809174
1104.486, 2.152855
1104.968, 2.077835
1105.450, 1.244888
1105.932, 0.6756520
1106.415, 0.8400500
1106.897, 0.9700850
1107.379, 0.6749500
1107.861, 0.2832570
1108.343, 5.4793999E-02
1108.825, 1.6594000E-02
1109.307, 1.0841000E-02
1109.789, 0.1349720
1110.272, 0.3384780
1110.754, 0.7998430
1111.236, 1.090637
1111.718, 0.9322590
1112.200, 0.7505190
1112.682, 1.006660
1113.164, 1.355789
1113.646, 1.086151
1114.129, 0.1147230
1114.611, 0.5540850
1115.093, 0.8330230
1115.575, 0.8895260
1116.057, 0.6834410
1116.539, 0.3199460
1117.021, 0.4199370
1117.503, 1.081741
1117.985, 0.9632570
1118.468, 0.1975100
1118.950, 2.0042000E-02
1119.432, 0.7457500
1119.914, 1.136078
1120.396, 1.033905
1120.878, 0.7332000
1121.360, 0.1609880
1121.842, 0.3433530
1122.324, 0.4901050
1122.807, 0.3346630
1123.289, 8.4459996E-03
1123.771, 0.6531220
1124.253, 0.8368000
1124.735, 0.3699870
1125.217, 5.8699999E-04
1125.699, 0.1014560
1126.181, 0.1270830
1126.664, 0.2387700
1127.146, 0.2639390
1127.628, 0.1330950
1128.110, 0.9197540
1128.592, 1.460541
1129.074, 1.761711
1129.556, 1.681030
1130.038, 1.090363
1130.521, 0.7870100
1131.003, 1.189674
1131.485, 1.650658
1131.967, 1.396355
1132.449, 0.7296750
1132.931, 0.8284990
1133.413, 1.679459
1133.895, 1.861610
1134.377, 1.302277
1134.859, 0.8596880
1135.342, 0.7773820
1135.824, 0.8431930
1136.306, 0.9164200
1136.788, 0.9804990
1137.270, 1.061638
1137.752, 1.107704
1138.234, 0.6845930
1138.716, 6.4621001E-02
1139.199, 0.1423260
1139.681, 0.5239030
1140.163, 1.009552
1140.645, 0.8843380
1141.127, 0.6817700
1141.609, 0.9771420
1142.091, 1.515900
1142.573, 1.912987
1143.056, 2.098289
1143.538, 1.725594
1144.020, 0.9730220
1144.502, 0.5283890
1144.984, 0.5581740
1145.466, 0.6749730
1145.948, 0.5968930
1146.430, 0.5933990
1146.912, 1.207314
1147.395, 1.880920
1147.877, 1.705940
1148.359, 1.083580
1148.841, 0.8533170
1149.323, 1.003059
1149.805, 0.9188080
1150.287, 0.3464580
1150.769, 4.8508000E-02
1151.251, 0.3894200
1151.734, 0.9477160
1152.216, 1.175835
1152.698, 1.169975
1153.180, 0.8905330
1153.662, 0.5264360
1154.144, 0.4329910
1154.626, 0.6405870
1155.108, 0.7918700
1155.591, 0.7012560
1156.073, 0.6346280
1156.555, 0.7585910
1157.037, 0.8637470
1157.519, 0.8030170
1158.001, 0.6743930
1158.483, 0.5437850
1158.965, 0.4490280
1159.448, 0.5040440
1159.930, 0.8096620
1160.412, 0.9033430
1160.894, 0.3343200
1161.376, 9.7916000E-02
1161.858, 0.8097840
1162.340, 1.500053
1162.822, 1.488350
1163.304, 1.163010
1163.786, 1.152588
1164.269, 1.449059
1164.751, 1.404274
1165.233, 0.7661440
1165.715, 0.4053570
1166.197, 0.4373020
1166.679, 0.5883260
1167.161, 0.8496700
1167.643, 1.013680
1168.126, 0.7343290
1168.608, 1.248734
1169.090, 1.543694
1169.572, 1.631454
1170.054, 0.8894350
1170.536, 1.219032
1171.018, 1.117821
1171.500, 0.9989090
1171.983, 1.474617
1172.465, 0.8107600
1172.947, 1.221794
1173.429, 1.192978
1173.911, 1.376404
1174.393, 1.151344
1174.875, 1.083542
1175.357, 1.449677
1175.839, 1.576340
1176.322, 1.323753
1176.804, 1.560547
1177.286, 0.9211350
1177.768, 1.058136
1178.250, 1.534874
1178.732, 1.325134
1179.214, 1.590836
1179.696, 1.635368
1180.178, 0.8344190
1180.661, 1.490021
1181.143, 1.541122
1181.625, 0.9555590
1182.107, 1.589760
1182.589, 0.8552550
1183.071, 0.4152220
1183.553, 0.1804500
1184.035, 1.045334
1184.518, 1.875793
1185.000, 1.492798
1185.482, 0.6016920
1185.964, 8.4686004E-02
1186.446, 1.5511000E-02
1186.928, 0.2036970
1187.410, 0.6608580
1187.892, 0.9896090
1188.375, 0.9969860
1188.857, 0.9758000
1189.339, 1.086266
1189.821, 1.130684
1190.303, 0.7936710
1190.785, 0.4092790
1191.267, 0.6291050
1191.749, 1.382813
1192.231, 1.661659
1192.714, 1.239738
1193.196, 0.8253400
1193.678, 0.3064420
1194.160, 0.1036610
1194.642, 0.4760670
1195.124, 0.8724290
1195.606, 0.8592380
1196.088, 0.6417540
1196.570, 0.6462550
1197.053, 0.8458860
1197.535, 0.6643680
1198.017, 7.1723998E-02
1198.499, 0.1831360
1198.981, 1.3130000E-02
1199.463, 0.3412930
1199.945, 0.7880550
1200.427, 1.155663
1200.910, 1.308311
1201.392, 1.235191
1201.874, 0.6949080
1202.356, 4.3790000E-03
1202.838, 0.1355740
1203.320, 0.7950820
1203.802, 1.084091
1204.284, 0.9529040
1204.766, 0.9181060
1205.249, 1.173729
1205.731, 1.352890
1206.213, 1.094894
1206.695, 0.7741620
1207.177, 0.6595150
1207.659, 0.7007060
1208.141, 1.030617
1208.623, 1.362106
1209.105, 1.233490
1209.588, 0.7048570
1210.070, 0.2749560
1210.552, 5.2795000E-02
1211.034, 3.4782000E-02
1211.516, 0.3582080
1211.998, 0.6959990
1212.480, 1.027840
1212.962, 1.248886
1213.445, 1.223160
1213.927, 1.089439
1214.409, 1.088051
1214.891, 1.184280
1215.373, 1.050133
1215.855, 0.4987260
1216.337, 0.2478940
1216.819, 0.4173430
1217.302, 0.5095900
1217.784, 0.3612140
1218.266, 0.2817080
1218.748, 0.5085530
1219.230, 0.7460710
1219.712, 0.4349060
1220.194, 0.2210160
1220.676, 0.1860660
1221.158, 0.4161150
1221.641, 0.5554050
1222.123, 0.2393570
1222.605, 0.2254490
1223.087, 0.6821140
1223.569, 1.030205
1224.051, 0.8885040
1224.533, 0.5888140
1225.015, 0.4808270
1225.497, 0.4617770
1225.979, 0.4246520
1226.462, 0.3648380
1226.944, 0.1991960
1227.426, 3.1661998E-02
1227.908, 0.1443180
1228.390, 0.5511400
1228.872, 0.8884430
1229.354, 1.018562
1229.836, 1.031891
1230.319, 0.9254840
1230.801, 0.7607570
1231.283, 0.4206540
1231.765, 0.1837920
1232.247, 0.3793790
1232.729, 0.8079990
1233.211, 1.060783
1233.693, 1.135521
1234.176, 1.030914
1234.658, 0.6677630
1235.140, 0.3094560
1235.622, 7.9040997E-02
1236.104, 0.2924800
1236.586, 0.2500150
1237.068, 6.0791001E-02
1237.550, 0.2891010
1238.032, 0.6379550
1238.515, 0.6496960
1238.997, 0.4170070
1239.479, 0.5201420
1239.961, 0.8878630
1240.443, 1.124519
1240.925, 1.180862
1241.407, 0.9720310
1241.889, 0.5283360
1242.371, 0.3242030
1242.854, 0.7273790
1243.336, 1.106644
1243.818, 0.5556410
1244.300, 8.6875997E-02
1244.782, 0.3252640
1245.264, 1.040489
1245.746, 0.9429700
1246.228, 0.3718640
1246.711, 0.3497700
1247.193, 0.9734420
1247.675, 1.311081
1248.157, 0.8689420
1248.639, 0.5346220
1249.121, 0.3429340
1249.603, 0.3507390
1250.085, 0.7829060
1250.568, 1.191757
1251.050, 1.277626
1251.532, 1.144180
1252.014, 0.9423290
1252.496, 0.6880490
1252.978, 0.5723800
1253.460, 0.6106800
1253.942, 0.7121730
1254.424, 0.8955690
1254.906, 0.8745190
1255.389, 0.5644300
1255.871, 0.2598110
1256.353, 0.2699580
1256.835, 0.4725420
1257.317, 0.6068950
1257.799, 0.6694560
1258.281, 1.012192
1258.763, 1.208160
1259.246, 1.264137
1259.728, 0.7678220
1260.210, 0.9586180
1260.692, 0.8888780
1261.174, 0.8051610
1261.656, 1.121552
1262.138, 0.7046510
1262.620, 1.014496
1263.103, 1.034264
1263.585, 1.186646
1264.067, 1.050537
1264.549, 1.002586
1265.031, 1.242332
1265.513, 1.321480
1265.995, 1.151077
1266.477, 1.315117
1266.959, 0.7392200
1267.442, 0.7419280
1267.924, 0.7697070
1268.406, 0.8262630
1268.888, 0.9363940
1269.370, 0.9071880
1269.852, 0.6256330
1270.334, 0.4203260
1270.816, 0.6490630
1271.298, 1.005310
1271.781, 0.7863390
1272.263, 0.2356340
1272.745, 1.9188000E-02
1273.227, 9.0799999E-04
1273.709, 0.3198240
1274.191, 0.5930400
1274.673, 0.4246670
1275.155, 0.0000000E+00
##END=



