##NAMES=Adamite
##RRUFFID=R060593
##IDEAL CHEMISTRY=Zn^2+^_2_As^5+^O_4_(OH)
##LOCALITY=Tsumeb mine, Tsumeb, Otavi District, Oshikoto, Namibia
##OWNER=Michael Scott
##SOURCE=Michael Scott
##DESCRIPTION=Bluish-green prismatic crystals
##STATUS=The identification of this mineral has been confirmed by X-ray diffraction and chemical analysis
##URL=rruff.info/R060593
##MEASURED CHEMISTRY=(Zn_1.65_Cu_0.35_)_Σ=2_(As_1.00_O_4_)(OH) ; H not measured but estimated by difference and stoichiometry
177.7553, 0.0000000E+00
178.2374, 3.211426
178.7195, 3.595459
179.2017, 3.695068
179.6838, 4.126526
180.1659, 2.734070
180.6480, 6.160767
181.1301, 6.980286
181.6122, 5.060730
182.0944, 3.746582
182.5765, 2.188232
183.0586, 1.287476
183.5407, 5.095032
184.0228, 5.298096
184.5049, 1.591064
184.9871, 3.752930
185.4692, 8.779175
185.9513, 13.38062
186.4334, 16.46082
186.9155, 15.92780
187.3976, 13.31171
187.8798, 14.35022
188.3619, 19.74579
188.8440, 26.59210
189.3261, 31.14374
189.8082, 33.53296
190.2903, 34.46234
190.7725, 33.38025
191.2546, 30.81995
191.7367, 29.96436
192.2188, 31.27197
192.7009, 33.47107
193.1830, 34.21826
193.6652, 33.48962
194.1473, 33.02026
194.6294, 33.35608
195.1115, 34.53479
195.5936, 37.79626
196.0757, 43.96375
196.5579, 50.91187
197.0400, 53.81885
197.5221, 52.25989
198.0042, 51.22180
198.4863, 53.83447
198.9684, 60.11804
199.4506, 66.39270
199.9327, 72.41174
200.4148, 78.19727
200.8969, 83.20862
201.3790, 87.14490
201.8611, 92.28369
202.3433, 101.0494
202.8254, 114.0043
203.3075, 123.7031
203.7896, 128.6919
204.2717, 130.8086
204.7538, 134.3556
205.2360, 139.3462
205.7181, 145.6063
206.2002, 153.8616
206.6823, 164.8049
207.1644, 172.9113
207.6465, 177.2958
208.1287, 178.7882
208.6108, 179.8799
209.0929, 180.5068
209.5750, 180.8967
210.0571, 181.5221
210.5392, 182.8866
211.0214, 182.1642
211.5035, 178.6675
211.9856, 173.1113
212.4677, 167.7178
212.9498, 162.3845
213.4319, 157.4988
213.9140, 153.0427
214.3962, 148.6498
214.8783, 146.1891
215.3604, 146.3604
215.8425, 148.5211
216.3246, 149.7872
216.8067, 149.2848
217.2889, 149.5808
217.7710, 152.1313
218.2531, 156.9692
218.7352, 164.0784
219.2173, 174.1248
219.6994, 186.5475
220.1816, 198.0853
220.6637, 208.4713
221.1458, 218.7061
221.6279, 228.8105
222.1100, 237.5568
222.5921, 249.7637
223.0743, 266.8950
223.5564, 287.8118
224.0385, 308.0616
224.5206, 326.4966
225.0027, 345.3816
225.4848, 366.0897
225.9670, 388.8317
226.4491, 412.7091
226.9312, 438.6992
227.4133, 465.8933
227.8954, 491.5608
228.3775, 516.3184
228.8597, 537.9696
229.3418, 554.9661
229.8239, 567.1907
230.3060, 575.1371
230.7881, 579.4427
231.2702, 579.5175
231.7524, 572.1416
232.2345, 555.8650
232.7166, 534.3517
233.1987, 509.4155
233.6808, 479.5326
234.1629, 449.5402
234.6451, 418.9353
235.1272, 388.2520
235.6093, 358.2228
236.0914, 328.1246
236.5735, 301.3646
237.0556, 279.8779
237.5378, 264.4055
238.0199, 252.8600
238.5020, 246.2352
238.9841, 243.4838
239.4662, 240.3942
239.9483, 235.9105
240.4305, 232.5992
240.9126, 231.6866
241.3947, 233.3673
241.8768, 237.0863
242.3589, 242.9906
242.8410, 250.8688
243.3232, 260.7439
243.8053, 273.5400
244.2874, 286.9965
244.7695, 299.7418
245.2516, 311.0952
245.7337, 323.3523
246.2159, 336.6005
246.6980, 350.8074
247.1801, 365.6854
247.6622, 381.7222
248.1443, 397.8563
248.6264, 413.4355
249.1086, 428.4713
249.5907, 443.2444
250.0728, 458.3911
250.5549, 473.1189
251.0370, 485.3407
251.5191, 495.0105
252.0013, 502.3400
252.4834, 507.4631
252.9655, 510.1616
253.4476, 511.1090
253.9297, 509.7925
254.4118, 506.9884
254.8940, 504.5476
255.3761, 503.2935
255.8582, 500.9192
256.3403, 496.2867
256.8224, 488.7080
257.3046, 481.1309
257.7867, 473.7988
258.2688, 466.3322
258.7509, 457.7664
259.2330, 447.1954
259.7151, 437.4852
260.1973, 429.7644
260.6794, 424.4940
261.1615, 419.8738
261.6436, 416.5166
262.1257, 413.3541
262.6078, 408.2456
263.0900, 400.1216
263.5721, 392.8180
264.0542, 387.9817
264.5363, 386.0195
265.0184, 383.5356
265.5005, 380.0146
265.9827, 376.5858
266.4648, 374.7051
266.9469, 374.3893
267.4290, 375.6685
267.9111, 378.8135
268.3932, 383.9004
268.8754, 389.1560
269.3575, 394.3785
269.8396, 400.0005
270.3217, 406.3573
270.8038, 413.2535
271.2859, 421.4514
271.7681, 431.4501
272.2502, 443.1073
272.7323, 454.3533
273.2144, 465.2008
273.6965, 475.1948
274.1786, 483.8081
274.6608, 491.1008
275.1429, 497.3350
275.6250, 503.5918
276.1071, 509.1550
276.5892, 508.4122
277.0714, 501.0322
277.5535, 488.3247
278.0356, 470.8979
278.5177, 448.5349
278.9998, 423.5110
279.4819, 395.7069
279.9641, 365.6150
280.4462, 336.3020
280.9283, 307.5914
281.4104, 280.0161
281.8925, 253.4117
282.3746, 227.7684
282.8568, 204.1602
283.3389, 182.6057
283.8210, 163.3651
284.3031, 147.7737
284.7852, 136.1361
285.2673, 126.0281
285.7495, 115.2903
286.2316, 104.0894
286.7137, 94.97058
287.1958, 88.57874
287.6779, 83.97241
288.1600, 79.45972
288.6422, 75.03369
289.1243, 70.45349
289.6064, 65.30640
290.0885, 59.76746
290.5706, 55.12695
291.0527, 51.51575
291.5349, 48.79529
292.0170, 47.15820
292.4991, 46.47241
292.9812, 45.66467
293.4633, 44.46216
293.9454, 42.77307
294.4276, 39.79016
294.9097, 35.12927
295.3918, 30.83533
295.8739, 29.85974
296.3560, 31.66809
296.8381, 33.67346
297.3203, 35.04834
297.8024, 35.76648
298.2845, 35.50928
298.7666, 34.24084
299.2487, 32.91541
299.7308, 31.96313
300.2130, 31.62341
300.6951, 32.57849
301.1772, 35.63135
301.6593, 39.94788
302.1414, 44.72058
302.6235, 49.88977
303.1057, 54.63440
303.5878, 57.30457
304.0699, 59.12695
304.5520, 62.39380
305.0341, 68.69458
305.5162, 75.96448
305.9984, 81.82532
306.4805, 86.49915
306.9626, 91.83862
307.4447, 99.54871
307.9268, 108.5074
308.4089, 117.1788
308.8911, 125.1396
309.3732, 132.7697
309.8553, 139.8171
310.3374, 146.6088
310.8195, 154.4215
311.3016, 164.3574
311.7838, 175.3250
312.2659, 186.6807
312.7480, 198.7023
313.2301, 209.9683
313.7122, 219.0072
314.1943, 226.7877
314.6765, 235.1694
315.1586, 245.4110
315.6407, 256.2018
316.1228, 267.0999
316.6049, 278.2433
317.0870, 288.4287
317.5692, 297.0823
318.0513, 304.4080
318.5334, 310.6277
319.0155, 314.1932
319.4976, 318.0718
319.9797, 324.3102
320.4619, 333.3820
320.9440, 340.4208
321.4261, 343.2959
321.9082, 343.6968
322.3903, 343.1941
322.8724, 345.0729
323.3546, 343.0850
323.8367, 334.5317
324.3188, 319.5920
324.8009, 303.9406
325.2830, 289.5415
325.7651, 274.2461
326.2473, 256.7091
326.7294, 234.7828
327.2115, 213.0144
327.6936, 190.8268
328.1757, 168.9296
328.6578, 149.7393
329.1400, 134.8280
329.6221, 121.3228
330.1042, 107.8712
330.5863, 93.74536
331.0684, 80.96411
331.5505, 69.13623
332.0327, 58.64160
332.5148, 50.89075
332.9969, 47.73303
333.4790, 44.87122
333.9611, 40.45764
334.4432, 33.52527
334.9254, 28.82141
335.4075, 27.50684
335.8896, 27.52026
336.3717, 25.83813
336.8538, 21.63049
337.3359, 17.37280
337.8180, 13.69019
338.3001, 10.63904
338.7823, 8.404663
339.2644, 7.378540
339.7465, 6.608276
340.2286, 5.179932
340.7107, 3.066650
341.1928, 0.3826900
341.6750, 3.027832
342.1571, 6.845215
342.6392, 9.569946
343.1213, 11.11035
343.6034, 12.15833
344.0855, 13.08459
344.5677, 13.88538
345.0498, 15.04382
345.5319, 16.84521
346.0140, 18.62158
346.4961, 18.73328
346.9782, 17.25208
347.4604, 16.00500
347.9425, 16.80493
348.4246, 18.80286
348.9067, 18.46155
349.3888, 15.24121
349.8709, 11.44141
350.3531, 9.907959
350.8352, 10.19080
351.3173, 10.60693
351.7994, 10.44080
352.2815, 9.973389
352.7636, 10.06616
353.2458, 10.72705
353.7279, 10.47620
354.2100, 7.079346
354.6921, 2.073242
355.1742, 1.889648
355.6563, 3.843018
356.1385, 4.607300
356.6206, 4.322998
357.1027, 3.266724
357.5848, 2.850952
358.0669, 4.561523
358.5490, 6.986206
359.0312, 8.596069
359.5133, 8.483154
359.9954, 8.976685
360.4775, 12.39868
360.9596, 17.43457
361.4417, 21.24268
361.9239, 21.48206
362.4060, 21.15649
362.8881, 21.85815
363.3702, 23.85498
363.8523, 26.36768
364.3344, 29.79126
364.8166, 33.37500
365.2987, 36.27466
365.7808, 37.21338
366.2629, 38.47278
366.7450, 40.75427
367.2271, 44.06348
367.7093, 47.43970
368.1914, 50.34546
368.6735, 53.53418
369.1556, 57.53577
369.6377, 63.71179
370.1198, 68.87671
370.6020, 72.51733
371.0841, 74.98853
371.5662, 77.60645
372.0483, 80.54199
372.5304, 83.36218
373.0125, 86.00769
373.4947, 88.81702
373.9768, 90.32678
374.4589, 90.06116
374.9410, 88.88708
375.4231, 88.36035
375.9052, 89.02307
376.3874, 88.87769
376.8695, 87.48901
377.3516, 84.85339
377.8337, 80.67273
378.3158, 74.57678
378.7979, 67.85596
379.2801, 61.69739
379.7622, 56.04492
380.2443, 50.89917
380.7264, 46.37061
381.2085, 42.22571
381.6906, 37.20264
382.1728, 31.21240
382.6549, 26.17395
383.1370, 24.14539
383.6191, 24.34326
384.1012, 23.81323
384.5833, 22.17017
385.0655, 19.90234
385.5476, 17.26257
386.0297, 14.42322
386.5118, 12.20325
386.9939, 11.75366
387.4760, 11.82947
387.9582, 10.15234
388.4403, 6.650146
388.9224, 3.709473
389.4045, 3.965820
389.8866, 5.857788
390.3687, 7.172241
390.8509, 6.868408
391.3330, 6.132568
391.8151, 5.815308
392.2972, 5.798340
392.7793, 5.565796
393.2614, 3.996582
393.7436, 2.670044
394.2257, 2.840698
394.7078, 5.335388
395.1899, 7.827515
395.6720, 9.718567
396.1541, 11.03223
396.6363, 11.81476
397.1184, 10.96344
397.6005, 10.60211
398.0826, 11.51648
398.5647, 13.85602
399.0468, 16.51544
399.5290, 20.24689
400.0111, 23.53687
400.4932, 25.24823
400.9753, 24.00067
401.4574, 23.18390
401.9395, 23.03601
402.4217, 23.54504
402.9038, 24.68536
403.3859, 26.80786
403.8680, 28.96729
404.3501, 30.94458
404.8322, 33.01746
405.3144, 34.16333
405.7965, 33.92114
406.2786, 32.94385
406.7607, 32.33984
407.2428, 32.19629
407.7249, 33.12439
408.2071, 35.58899
408.6892, 39.13074
409.1713, 41.30823
409.6534, 42.02673
410.1355, 42.19238
410.6176, 42.46851
411.0998, 42.80237
411.5819, 43.10547
412.0640, 43.45239
412.5461, 44.16382
413.0282, 45.73364
413.5103, 47.89636
413.9925, 49.87891
414.4746, 51.03577
414.9567, 51.76831
415.4388, 52.90662
415.9209, 54.67834
416.4030, 56.17371
416.8852, 56.55823
417.3673, 56.16650
417.8494, 55.55579
418.3315, 54.52490
418.8136, 53.70312
419.2957, 53.89319
419.7779, 54.87830
420.2600, 55.18127
420.7421, 53.45728
421.2242, 51.22046
421.7063, 49.66956
422.1884, 49.52466
422.6706, 49.08789
423.1527, 48.00024
423.6348, 46.33862
424.1169, 44.24915
424.5990, 41.84888
425.0811, 38.88452
425.5633, 35.10559
426.0454, 30.36267
426.5275, 25.74207
427.0096, 20.64465
427.4917, 16.05737
427.9738, 12.73242
428.4560, 10.67371
428.9381, 9.977295
429.4202, 11.47522
429.9023, 14.16931
430.3844, 14.48071
430.8665, 11.73364
431.3487, 8.510864
431.8308, 6.060547
432.3129, 4.431641
432.7950, 2.875000
433.2771, 1.407837
433.7592, 2.4400000E-04
434.2414, 1.529907
434.7235, 3.136841
435.2056, 4.368896
435.6877, 5.255127
436.1698, 5.544861
436.6519, 4.022095
437.1341, 0.8215330
437.6162, 1.576538
438.0983, 0.2291260
438.5804, 2.870483
439.0625, 4.197021
439.5446, 2.923462
440.0268, 0.6496580
440.5089, 1.798584
440.9910, 4.184814
441.4731, 5.996704
441.9552, 6.632324
442.4373, 6.918823
442.9195, 6.824097
443.4016, 6.412720
443.8837, 7.483765
444.3658, 12.84607
444.8479, 18.84924
445.3300, 22.52332
445.8122, 21.31201
446.2943, 20.17773
446.7764, 19.79150
447.2585, 20.20166
447.7406, 21.25330
448.2227, 23.39526
448.7049, 25.60706
449.1870, 27.80176
449.6691, 30.13892
450.1512, 31.35278
450.6333, 30.12195
451.1154, 29.12878
451.5976, 31.63013
452.0797, 39.45740
452.5618, 44.85352
453.0439, 45.71741
453.5260, 43.78918
454.0081, 44.87512
454.4903, 49.42017
454.9724, 54.02258
455.4545, 56.26001
455.9366, 56.66785
456.4187, 59.28662
456.9008, 64.42285
457.3830, 70.53992
457.8651, 75.45972
458.3472, 79.73108
458.8293, 85.09973
459.3114, 93.41736
459.7935, 101.8081
460.2757, 105.7096
460.7578, 106.0167
461.2399, 107.4144
461.7220, 114.0237
462.2041, 122.4215
462.6862, 129.1970
463.1684, 133.5249
463.6505, 137.7386
464.1326, 142.7996
464.6147, 148.4778
465.0968, 154.5685
465.5789, 160.8946
466.0611, 167.6139
466.5432, 175.0645
467.0253, 183.1525
467.5074, 191.0120
467.9895, 197.5099
468.4716, 204.6345
468.9538, 213.4797
469.4359, 225.4399
469.9180, 235.8072
470.4001, 244.1722
470.8822, 251.2972
471.3643, 258.1148
471.8465, 264.1250
472.3286, 271.3705
472.8107, 281.1708
473.2928, 292.6230
473.7749, 300.8660
474.2570, 305.3792
474.7392, 309.1177
475.2213, 314.4906
475.7034, 321.1657
476.1855, 327.0323
476.6676, 332.0090
477.1497, 335.7229
477.6319, 337.2262
478.1140, 336.9526
478.5961, 336.2484
479.0782, 335.3617
479.5603, 334.5693
480.0424, 334.8911
480.5246, 336.0304
481.0067, 335.6429
481.4888, 331.7590
481.9709, 325.9744
482.4530, 319.4662
482.9352, 311.9394
483.4173, 304.9858
483.8994, 299.7748
484.3815, 295.3710
484.8636, 290.4135
485.3457, 284.4155
485.8279, 278.0259
486.3100, 271.1184
486.7921, 263.6895
487.2742, 257.0389
487.7563, 251.1346
488.2384, 246.0018
488.7206, 241.7502
489.2027, 238.6163
489.6848, 235.9469
490.1669, 234.1541
490.6490, 232.3948
491.1311, 228.9299
491.6133, 223.4631
492.0954, 218.6227
492.5775, 215.5770
493.0596, 213.6539
493.5417, 210.3740
494.0238, 205.7514
494.5060, 200.3264
494.9881, 194.4188
495.4702, 187.9605
495.9523, 180.9014
496.4344, 173.3524
496.9165, 164.5414
497.3987, 152.5880
497.8808, 138.9436
498.3629, 126.5486
498.8450, 117.0980
499.3271, 108.8749
499.8092, 101.1639
500.2914, 93.83856
500.7735, 86.88745
501.2556, 80.19379
501.7377, 73.79993
502.2198, 67.67438
502.7019, 61.47821
503.1841, 56.22864
503.6662, 53.11023
504.1483, 50.73248
504.6304, 47.32471
505.1125, 41.79858
505.5946, 36.54712
506.0768, 31.71893
506.5589, 27.64966
507.0410, 25.22559
507.5231, 24.67365
508.0052, 24.51917
508.4873, 24.10156
508.9695, 23.46539
509.4516, 22.88513
509.9337, 22.41327
510.4158, 22.11780
510.8979, 21.92310
511.3800, 21.79419
511.8622, 21.96130
512.3443, 22.73187
512.8264, 23.34961
513.3085, 22.30243
513.7906, 20.25342
514.2728, 19.28278
514.7549, 22.20892
515.2370, 25.68420
515.7191, 25.98950
516.2012, 22.50061
516.6833, 20.21179
517.1655, 22.75720
517.6476, 26.94849
518.1297, 29.97571
518.6118, 30.57031
519.0939, 31.02173
519.5760, 31.03387
520.0582, 30.93005
520.5403, 31.71906
521.0224, 33.77380
521.5045, 36.23779
521.9866, 39.01440
522.4688, 42.10101
522.9509, 44.64929
523.4330, 46.28876
523.9151, 48.25897
524.3972, 51.90302
524.8793, 57.25861
525.3615, 61.50549
525.8436, 64.17773
526.3257, 66.34827
526.8078, 69.76349
527.2899, 74.12823
527.7720, 78.02954
528.2542, 80.39484
528.7363, 82.36017
529.2184, 85.44922
529.7005, 89.52747
530.1826, 94.00110
530.6647, 99.88708
531.1469, 105.1849
531.6290, 107.6290
532.1111, 106.1216
532.5932, 105.6497
533.0753, 109.7355
533.5574, 115.1966
534.0396, 118.6667
534.5217, 117.9669
535.0038, 117.1828
535.4859, 116.9568
535.9680, 117.0903
536.4501, 117.0350
536.9323, 117.5891
537.4144, 116.5136
537.8965, 112.2390
538.3786, 104.6453
538.8607, 100.1313
539.3428, 99.53229
539.8250, 99.50067
540.3071, 96.65094
540.7892, 91.35071
541.2713, 86.79944
541.7534, 83.72015
542.2355, 80.93481
542.7177, 76.63580
543.1998, 71.19470
543.6819, 65.93048
544.1640, 61.95886
544.6461, 58.16754
545.1282, 52.83685
545.6104, 46.39899
546.0925, 41.34705
546.5746, 40.75208
547.0567, 40.78778
547.5388, 38.44476
548.0209, 32.18683
548.5031, 27.40546
548.9852, 26.44189
549.4673, 26.87854
549.9494, 26.10925
550.4315, 22.77740
550.9136, 20.33228
551.3958, 19.56470
551.8779, 19.79114
552.3600, 18.77612
552.8421, 15.95880
553.3242, 13.87842
553.8063, 14.42627
554.2885, 16.95685
554.7706, 15.64093
555.2527, 10.14508
555.7348, 4.364868
556.2169, 1.658997
556.6990, 1.326904
557.1812, 1.736572
557.6633, 2.896301
558.1454, 3.757446
558.6275, 2.912842
559.1096, 1.125305
559.5917, 0.2945560
560.0739, 0.1345830
560.5560, 8.9965999E-02
561.0381, 1.530884
561.5202, 3.965210
562.0023, 5.287048
562.4844, 3.500977
562.9666, 1.770996
563.4487, 1.838318
563.9308, 4.364868
564.4129, 5.415466
564.8950, 4.208008
565.3771, 2.396667
565.8593, 1.241333
566.3414, 0.7533570
566.8235, 1.040771
567.3056, 2.405640
567.7877, 4.103760
568.2698, 4.794739
568.7520, 4.520142
569.2341, 3.805786
569.7162, 2.338989
570.1983, 0.8710330
570.6804, 0.9335940
571.1625, 2.379395
571.6447, 4.196899
572.1268, 6.713989
572.6089, 8.685547
573.0910, 8.584961
573.5731, 6.013489
574.0552, 3.193359
574.5374, 0.1948850
575.0195, 2.098145
575.5016, 2.875916
575.9837, 0.2338870
576.4658, 2.103394
576.9479, 1.563965
577.4301, 0.3001100
577.9122, 1.328369
578.3943, 0.9380490
578.8764, 0.7847290
579.3585, 1.303528
579.8406, 2.419250
580.3228, 3.938171
580.8049, 6.025513
581.2870, 7.469421
581.7691, 7.195862
582.2512, 5.568970
582.7333, 3.883850
583.2155, 2.178833
583.6975, 0.9201050
584.1796, 0.8074950
584.6617, 1.352295
585.1439, 1.713989
585.6260, 1.493530
586.1081, 1.417786
586.5902, 2.260010
587.0723, 3.535889
587.5544, 4.292114
588.0366, 3.538879
588.5187, 2.929504
589.0008, 3.002380
589.4829, 3.735779
589.9650, 4.504089
590.4471, 4.972717
590.9293, 5.899780
591.4114, 8.103088
591.8935, 12.11292
592.3756, 13.10602
592.8577, 10.28046
593.3398, 6.601196
593.8220, 5.281311
594.3041, 6.023010
594.7862, 6.429565
595.2683, 5.981079
595.7504, 5.338684
596.2325, 5.301697
596.7147, 5.734680
597.1968, 6.329895
597.6789, 7.344177
598.1610, 8.194885
598.6431, 8.173157
599.1252, 7.509033
599.6074, 7.276978
600.0895, 8.575867
600.5716, 9.815796
601.0537, 10.07819
601.5358, 8.975586
602.0179, 8.410095
602.5001, 9.174988
602.9822, 9.732361
603.4643, 8.619873
603.9464, 4.976196
604.4285, 3.182434
604.9106, 3.909424
605.3928, 5.764832
605.8749, 6.456421
606.3570, 6.121521
606.8391, 6.597717
607.3212, 8.851929
607.8033, 11.68231
608.2855, 13.49048
608.7676, 14.33209
609.2497, 14.48328
609.7318, 13.65021
610.2139, 12.48615
610.6960, 11.15332
611.1782, 9.694336
611.6603, 9.192749
612.1424, 10.84650
612.6245, 12.99329
613.1066, 14.71338
613.5887, 16.24475
614.0709, 16.64795
614.5530, 15.15009
615.0351, 13.15588
615.5172, 12.12592
615.9993, 12.20465
616.4814, 12.81409
616.9636, 14.11792
617.4457, 15.52954
617.9278, 15.94025
618.4099, 15.38550
618.8920, 14.39307
619.3741, 12.54205
619.8563, 10.77429
620.3384, 11.11255
620.8205, 13.12488
621.3026, 14.60266
621.7847, 13.38995
622.2668, 11.63763
622.7490, 11.09387
623.2311, 12.03027
623.7132, 13.18683
624.1953, 15.32422
624.6774, 16.73962
625.1595, 16.06335
625.6417, 11.33331
626.1238, 8.520264
626.6059, 8.601685
627.0880, 9.728882
627.5701, 9.136902
628.0522, 6.531311
628.5344, 5.359802
629.0165, 6.675842
629.4986, 9.063416
629.9807, 9.997070
630.4628, 9.640076
630.9449, 8.737122
631.4271, 6.817322
631.9092, 5.249817
632.3913, 6.108887
632.8734, 8.830933
633.3555, 10.77466
633.8376, 10.03900
634.3198, 8.418274
634.8019, 6.992981
635.2840, 5.836853
635.7661, 5.467896
636.2482, 6.231201
636.7303, 7.408936
637.2125, 8.671204
637.6946, 10.35498
638.1767, 11.25134
638.6588, 11.07849
639.1409, 10.49780
639.6230, 10.62720
640.1052, 11.36774
640.5873, 11.37122
641.0694, 9.941528
641.5515, 8.307312
642.0336, 8.674561
642.5157, 10.40723
642.9979, 11.68939
643.4800, 11.27246
643.9621, 10.35413
644.4442, 9.577515
644.9263, 9.043579
645.4084, 8.980164
645.8906, 9.676086
646.3727, 10.50171
646.8548, 11.29596
647.3369, 12.12750
647.8190, 12.45941
648.3011, 11.83221
648.7833, 11.30634
649.2654, 11.81000
649.7475, 13.47626
650.2296, 14.86969
650.7117, 15.93829
651.1938, 16.68024
651.6760, 17.15869
652.1581, 17.30042
652.6402, 16.67120
653.1223, 14.56793
653.6044, 12.93555
654.0865, 14.50897
654.5687, 17.68835
655.0508, 19.40295
655.5329, 16.80591
656.0150, 14.30774
656.4971, 13.85114
656.9792, 15.00616
657.4614, 15.34363
657.9435, 13.89740
658.4256, 12.89490
658.9077, 13.26648
659.3898, 14.92078
659.8719, 15.71545
660.3541, 15.55743
660.8362, 15.11023
661.3183, 14.64435
661.8004, 14.23438
662.2825, 14.32324
662.7646, 14.97076
663.2468, 15.69281
663.7289, 16.19189
664.2110, 16.42120
664.6931, 16.34912
665.1752, 15.90991
665.6573, 15.41516
666.1395, 14.76758
666.6216, 14.13495
667.1037, 13.72241
667.5858, 13.24207
668.0679, 13.52484
668.5500, 15.12219
669.0322, 17.33942
669.5143, 18.71875
669.9964, 19.23914
670.4785, 18.84363
670.9606, 16.91248
671.4427, 14.47455
671.9249, 14.94849
672.4070, 17.99500
672.8891, 20.70569
673.3712, 21.14874
673.8533, 20.44061
674.3354, 19.53485
674.8176, 18.52948
675.2997, 17.95355
675.7818, 18.76294
676.2639, 19.55737
676.7460, 19.36517
677.2281, 17.74652
677.7103, 16.42932
678.1924, 15.23749
678.6745, 14.62769
679.1566, 15.12018
679.6387, 17.06836
680.1208, 18.34753
680.6030, 18.78088
681.0851, 18.76514
681.5672, 18.69568
682.0493, 18.59662
682.5314, 18.55597
683.0135, 18.51019
683.4957, 18.66180
683.9778, 19.65198
684.4599, 20.97559
684.9420, 21.60950
685.4241, 20.15332
685.9063, 19.01868
686.3884, 19.76904
686.8705, 21.70984
687.3526, 22.24817
687.8347, 20.25262
688.3168, 18.30939
688.7990, 17.05432
689.2811, 16.46564
689.7632, 16.27618
690.2453, 16.53809
690.7274, 16.94330
691.2095, 17.46521
691.6917, 17.95166
692.1738, 17.54480
692.6559, 16.25385
693.1380, 15.81610
693.6201, 18.84943
694.1022, 22.54053
694.5844, 23.89594
695.0665, 22.29730
695.5486, 21.00189
696.0307, 20.90009
696.5128, 21.56226
696.9949, 22.77527
697.4771, 25.54767
697.9592, 26.81360
698.4413, 25.89856
698.9234, 24.35730
699.4055, 24.13580
699.8876, 25.25311
700.3698, 26.46271
700.8519, 27.89124
701.3340, 28.64386
701.8161, 26.41034
702.2982, 22.50159
702.7803, 20.22217
703.2625, 21.62268
703.7446, 23.75269
704.2267, 24.55341
704.7088, 24.64911
705.1909, 25.35437
705.6730, 27.89417
706.1552, 30.12946
706.6373, 31.55219
707.1194, 32.18164
707.6015, 32.11377
708.0836, 30.78748
708.5657, 30.68958
709.0479, 33.11005
709.5300, 37.34180
710.0121, 41.18085
710.4942, 44.64465
710.9763, 46.97968
711.4584, 46.98828
711.9406, 45.92657
712.4227, 45.51361
712.9048, 45.86072
713.3869, 45.70459
713.8690, 44.15186
714.3511, 42.05829
714.8333, 39.88605
715.3154, 37.52106
715.7975, 35.72955
716.2796, 35.10358
716.7617, 34.47009
717.2438, 32.80951
717.7260, 30.02710
718.2081, 27.26672
718.6902, 24.52747
719.1723, 22.17578
719.6544, 20.70441
720.1365, 19.97577
720.6187, 19.78113
721.1008, 20.34314
721.5829, 20.58698
722.0650, 19.05969
722.5471, 16.92834
723.0292, 15.75543
723.5114, 16.73816
723.9935, 17.76251
724.4756, 18.86395
724.9577, 19.67566
725.4398, 19.33704
725.9219, 17.06482
726.4041, 16.16205
726.8862, 17.69366
727.3683, 20.62225
727.8504, 22.22809
728.3325, 22.72803
728.8146, 23.69757
729.2968, 26.55920
729.7789, 29.62653
730.2610, 30.91205
730.7431, 30.75513
731.2252, 30.29126
731.7073, 29.31635
732.1895, 28.79852
732.6716, 29.40704
733.1537, 31.07404
733.6358, 32.42908
734.1179, 33.86835
734.6000, 34.29834
735.0822, 32.48358
735.5643, 28.91638
736.0464, 29.36993
736.5285, 34.09161
737.0106, 38.24554
737.4927, 38.02594
737.9749, 35.10248
738.4570, 31.74799
738.9391, 28.15887
739.4212, 25.50482
739.9033, 25.73358
740.3854, 26.25677
740.8676, 25.03552
741.3497, 21.25452
741.8318, 18.04413
742.3139, 15.56708
742.7960, 13.70374
743.2781, 12.60406
743.7603, 12.52289
744.2424, 11.23224
744.7245, 8.429321
745.2066, 5.505493
745.6887, 4.407776
746.1708, 4.296387
746.6530, 2.697510
747.1351, 1.112732
747.6172, 4.718079
748.0993, 6.121643
748.5814, 6.422058
749.0635, 6.887695
749.5457, 8.559082
750.0278, 9.173401
750.5099, 8.083679
750.9920, 6.117554
751.4741, 3.800720
751.9562, 0.6364750
752.4384, 0.2220460
752.9205, 2.343994
753.4026, 6.105103
753.8847, 7.254028
754.3668, 6.439331
754.8489, 6.299194
755.3311, 7.937500
755.8132, 9.936768
756.2953, 11.41687
756.7774, 12.34680
757.2595, 12.64819
757.7416, 11.18323
758.2238, 10.31128
758.7059, 10.60559
759.1880, 11.77747
759.6701, 13.54333
760.1522, 16.48547
760.6343, 18.16150
761.1165, 17.52905
761.5986, 15.48462
762.0807, 14.02161
762.5628, 13.13245
763.0449, 12.73901
763.5270, 13.28662
764.0092, 13.83972
764.4913, 13.10913
764.9734, 11.61365
765.4555, 10.88965
765.9376, 12.94946
766.4197, 14.40283
766.9019, 13.56738
767.3840, 11.01245
767.8661, 9.455200
768.3482, 9.313477
768.8303, 9.050171
769.3124, 7.817017
769.7946, 6.110229
770.2767, 5.904419
770.7588, 7.022949
771.2409, 7.826416
771.7230, 7.422363
772.2051, 6.143677
772.6873, 3.966919
773.1694, 1.041260
773.6515, 1.593506
774.1336, 3.299316
774.6157, 4.975220
775.0978, 6.977295
775.5800, 9.287354
776.0621, 11.53528
776.5442, 13.28528
777.0263, 16.22510
777.5084, 22.53906
777.9905, 30.96887
778.4727, 34.51099
778.9548, 33.44421
779.4369, 32.37537
779.9190, 34.03040
780.4011, 37.52747
780.8832, 42.69019
781.3654, 49.45618
781.8475, 55.75708
782.3296, 60.53418
782.8117, 64.97522
783.2938, 69.45435
783.7759, 73.79443
784.2581, 79.73755
784.7402, 87.58240
785.2223, 96.32947
785.7044, 105.5094
786.1865, 114.9932
786.6686, 124.7928
787.1508, 134.9802
787.6329, 145.1691
788.1150, 153.7556
788.5971, 163.3052
789.0792, 176.4193
789.5613, 193.9094
790.0435, 211.5056
790.5256, 227.3801
791.0077, 243.9550
791.4898, 262.5604
791.9719, 283.0043
792.4540, 306.1256
792.9362, 332.1129
793.4183, 358.1682
793.9004, 379.7775
794.3825, 399.5171
794.8646, 424.4917
795.3467, 455.4739
795.8289, 487.9854
796.3110, 517.6193
796.7931, 547.8746
797.2752, 581.1848
797.7573, 618.5986
798.2394, 657.4343
798.7216, 697.2549
799.2037, 738.5692
799.6858, 781.0929
800.1679, 824.7963
800.6500, 871.5273
801.1321, 922.1501
801.6143, 974.5000
802.0964, 1026.848
802.5785, 1079.319
803.0606, 1132.397
803.5427, 1186.006
804.0248, 1242.753
804.5070, 1303.646
804.9891, 1369.007
805.4712, 1439.240
805.9533, 1516.315
806.4354, 1594.951
806.9175, 1672.862
807.3997, 1755.383
807.8818, 1847.475
808.3639, 1948.346
808.8460, 2052.210
809.3281, 2158.689
809.8102, 2270.404
810.2924, 2390.069
810.7745, 2515.861
811.2566, 2646.045
811.7387, 2779.397
812.2208, 2917.479
812.7029, 3059.223
813.1851, 3206.937
813.6672, 3364.142
814.1493, 3534.371
814.6314, 3698.682
815.1135, 3855.330
815.5956, 4007.380
816.0778, 4159.171
816.5599, 4307.640
817.0420, 4437.947
817.5241, 4549.711
818.0062, 4637.146
818.4883, 4700.762
818.9705, 4736.514
819.4526, 4740.042
819.9347, 4710.662
820.4168, 4650.559
820.8989, 4551.746
821.3810, 4428.588
821.8632, 4283.740
822.3453, 4115.364
822.8274, 3942.200
823.3095, 3766.415
823.7916, 3590.343
824.2737, 3413.947
824.7559, 3242.192
825.2380, 3085.544
825.7201, 2945.854
826.2022, 2818.821
826.6843, 2705.321
827.1664, 2602.778
827.6486, 2508.913
828.1307, 2422.448
828.6128, 2351.598
829.0949, 2297.887
829.5770, 2256.147
830.0591, 2223.120
830.5413, 2199.123
831.0234, 2186.361
831.5055, 2184.748
831.9876, 2191.883
832.4697, 2206.299
832.9518, 2228.395
833.4340, 2258.574
833.9161, 2296.872
834.3982, 2344.278
834.8803, 2405.457
835.3624, 2471.917
835.8445, 2539.669
836.3267, 2608.522
836.8088, 2682.525
837.2909, 2762.016
837.7730, 2843.605
838.2551, 2925.310
838.7372, 3007.823
839.2194, 3093.453
839.7015, 3181.783
840.1836, 3270.316
840.6657, 3358.476
841.1478, 3445.655
841.6299, 3534.272
842.1121, 3622.835
842.5942, 3696.942
843.0763, 3756.258
843.5584, 3802.784
844.0405, 3838.900
844.5226, 3862.077
845.0048, 3864.123
845.4869, 3844.786
845.9690, 3800.377
846.4511, 3726.313
846.9332, 3629.242
847.4153, 3511.219
847.8975, 3375.939
848.3796, 3233.781
848.8617, 3085.784
849.3438, 2933.608
849.8259, 2776.098
850.3080, 2616.266
850.7902, 2462.553
851.2723, 2316.582
851.7544, 2174.732
852.2365, 2035.615
852.7186, 1900.972
853.2007, 1773.111
853.6829, 1652.282
854.1650, 1538.141
854.6471, 1429.427
855.1292, 1327.337
855.6113, 1232.982
856.0934, 1145.909
856.5756, 1063.462
857.0577, 985.4524
857.5398, 910.7236
858.0219, 837.3604
858.5040, 767.8169
858.9861, 707.6722
859.4683, 655.8563
859.9504, 608.0693
860.4325, 564.0350
860.9146, 522.8174
861.3967, 484.1779
861.8788, 448.3539
862.3610, 415.1757
862.8431, 385.0679
863.3252, 357.5845
863.8073, 332.7638
864.2894, 310.4865
864.7715, 291.2361
865.2537, 275.1228
865.7358, 259.5624
866.2179, 243.9332
866.7000, 231.0090
867.1821, 225.7827
867.6642, 223.9608
868.1464, 218.7825
868.6285, 208.3293
869.1106, 200.3291
869.5927, 197.3295
870.0748, 198.3561
870.5569, 202.8752
871.0391, 211.2440
871.5212, 219.7865
872.0033, 227.9596
872.4854, 237.8484
872.9675, 250.8600
873.4496, 266.8785
873.9318, 285.0056
874.4139, 305.2854
874.8960, 328.5577
875.3781, 356.0406
875.8602, 385.8909
876.3423, 416.5228
876.8245, 447.8904
877.3066, 482.9147
877.7887, 521.5917
878.2708, 563.8906
878.7529, 610.0826
879.2350, 659.8696
879.7172, 713.5275
880.1993, 770.1047
880.6814, 828.2931
881.1635, 887.3425
881.6456, 948.1683
882.1277, 1010.785
882.6099, 1075.480
883.0920, 1143.452
883.5741, 1220.277
884.0562, 1293.399
884.5383, 1361.611
885.0204, 1425.252
885.5026, 1486.488
885.9847, 1544.924
886.4668, 1595.415
886.9489, 1637.630
887.4310, 1668.052
887.9131, 1684.581
888.3953, 1686.190
888.8774, 1671.211
889.3595, 1637.541
889.8416, 1588.940
890.3237, 1522.409
890.8058, 1445.095
891.2880, 1361.631
891.7701, 1272.001
892.2522, 1180.493
892.7343, 1086.393
893.2164, 994.4614
893.6985, 908.1958
894.1807, 828.0524
894.6628, 752.8806
895.1449, 682.8507
895.6270, 619.2452
896.1091, 563.3534
896.5912, 513.0568
897.0734, 466.1945
897.5555, 423.1173
898.0376, 384.1569
898.5197, 349.9408
899.0018, 318.1698
899.4839, 287.1874
899.9661, 258.0083
900.4482, 232.8085
900.9303, 211.1987
901.4124, 192.0037
901.8945, 175.1825
902.3766, 159.7802
902.8588, 145.0365
903.3409, 131.2233
903.8230, 119.1271
904.3051, 108.8137
904.7872, 99.43347
905.2693, 90.54590
905.7515, 82.33386
906.2336, 75.48059
906.7157, 69.57605
907.1978, 63.40198
907.6799, 55.68762
908.1620, 48.60205
908.6442, 42.91687
909.1263, 38.54333
909.6084, 35.36719
910.0905, 34.28735
910.5726, 31.76843
911.0547, 26.99316
911.5369, 21.79675
912.0190, 18.75208
912.5011, 17.21002
912.9832, 15.46930
913.4653, 13.31415
913.9474, 10.43127
914.4296, 4.879333
914.9117, 0.3229370
915.3938, 2.108521
915.8759, 0.8477170
916.3580, 1.857300
916.8401, 0.3162840
917.3223, 1.717896
917.8044, 2.918701
918.2865, 3.455505
918.7686, 3.998474
919.2507, 4.539429
919.7328, 4.970520
920.2150, 4.866333
920.6971, 4.923706
921.1792, 5.744019
921.6613, 7.225220
922.1434, 8.403198
922.6255, 9.182678
923.1077, 9.862122
923.5898, 10.65399
924.0719, 11.25336
924.5540, 10.93097
925.0361, 9.847534
925.5182, 8.510803
926.0004, 6.713989
926.4825, 5.431091
926.9646, 5.713928
927.4467, 6.774841
927.9288, 7.420044
928.4109, 7.753296
928.8931, 7.202026
929.3752, 5.287170
929.8573, 3.434204
930.3394, 3.336182
930.8215, 4.630920
931.3036, 6.358215
931.7858, 8.453735
932.2679, 10.17358
932.7500, 10.71887
933.2321, 10.89825
933.7142, 11.45972
934.1964, 12.53333
934.6785, 12.99329
935.1606, 12.41284
935.6427, 12.24847
936.1248, 13.86926
936.6069, 16.30444
937.0891, 15.37463
937.5712, 11.80115
938.0533, 9.133850
938.5354, 10.47040
939.0175, 12.14404
939.4996, 11.80090
939.9818, 10.19031
940.4639, 9.627747
940.9460, 10.89166
941.4281, 11.28076
941.9102, 10.09290
942.3923, 8.296143
942.8745, 7.967590
943.3566, 8.311890
943.8387, 6.630066
944.3208, 1.571228
944.8029, 2.942322
945.2850, 3.984558
945.7672, 3.921814
946.2493, 5.057922
946.7314, 7.911743
947.2135, 10.14569
947.6956, 11.60577
948.1777, 12.99017
948.6599, 15.12671
949.1420, 17.52588
949.6241, 18.69635
950.1062, 18.77631
950.5883, 19.18842
951.0704, 20.72534
951.5526, 22.74829
952.0347, 25.61273
952.5168, 28.75299
952.9989, 29.69220
953.4810, 27.79816
953.9631, 26.73254
954.4453, 27.80426
954.9274, 29.77051
955.4095, 30.60156
955.8916, 30.76251
956.3737, 31.25653
956.8558, 32.72260
957.3380, 33.90137
957.8201, 33.98315
958.3022, 33.85229
958.7843, 34.42157
959.2664, 35.92487
959.7485, 36.92584
960.2307, 37.39227
960.7128, 37.33527
961.1949, 36.05768
961.6770, 34.60956
962.1591, 34.55908
962.6412, 35.96509
963.1234, 37.91284
963.6055, 40.73828
964.0876, 43.28168
964.5697, 45.20819
965.0518, 46.53296
965.5339, 47.43805
966.0161, 47.90948
966.4982, 47.44550
966.9803, 44.94244
967.4624, 42.90009
967.9445, 45.22809
968.4266, 49.71027
968.9088, 52.66254
969.3909, 51.89307
969.8730, 51.24359
970.3551, 51.06396
970.8372, 50.97894
971.3193, 50.46295
971.8015, 49.61865
972.2836, 49.33130
972.7657, 49.69287
973.2478, 49.96545
973.7299, 49.51868
974.2120, 48.78986
974.6942, 47.85358
975.1763, 46.74164
975.6584, 47.02716
976.1405, 49.46222
976.6226, 51.77820
977.1047, 53.22101
977.5869, 53.91034
978.0690, 53.82623
978.5511, 53.21356
979.0332, 53.01971
979.5153, 54.14331
979.9974, 54.94031
980.4796, 54.42627
980.9617, 53.09491
981.4438, 51.55798
981.9259, 49.43085
982.4080, 48.52557
982.8901, 49.20239
983.3723, 50.23859
983.8544, 50.62164
984.3365, 50.41937
984.8186, 49.50952
985.3007, 47.87848
985.7828, 46.43823
986.2650, 44.91266
986.7471, 44.51715
987.2292, 46.26111
987.7113, 49.58636
988.1934, 51.44690
988.6755, 51.70642
989.1577, 51.52704
989.6398, 51.35883
990.1219, 50.91113
990.6040, 49.50507
991.0861, 47.73639
991.5682, 46.55762
992.0504, 46.47729
992.5325, 46.71149
993.0146, 47.94421
993.4967, 48.59686
993.9788, 46.68268
994.4609, 42.49591
994.9431, 39.18365
995.4252, 37.06488
995.9073, 35.63062
996.3894, 34.78210
996.8715, 33.79846
997.3536, 32.19562
997.8358, 30.08636
998.3179, 28.10834
998.8000, 25.99445
999.2821, 24.44305
999.7642, 23.89240
1000.246, 23.91943
1000.728, 23.52466
1001.211, 22.80969
1001.693, 22.28143
1002.175, 22.40997
1002.657, 22.60931
1003.139, 22.45245
1003.621, 21.95734
1004.103, 21.21265
1004.585, 20.19873
1005.068, 19.57855
1005.550, 19.34570
1006.032, 19.05103
1006.514, 18.08826
1006.996, 17.05438
1007.478, 16.68958
1007.960, 16.88867
1008.442, 17.10052
1008.924, 17.23749
1009.407, 17.30048
1009.889, 17.21539
1010.371, 17.12085
1010.853, 17.46698
1011.335, 18.11353
1011.817, 18.33691
1012.299, 18.06201
1012.781, 17.23505
1013.263, 14.95935
1013.746, 12.62451
1014.228, 11.66711
1014.710, 12.40704
1015.192, 13.54132
1015.674, 15.24683
1016.156, 16.74188
1016.638, 17.51184
1017.120, 17.79321
1017.603, 17.85150
1018.085, 17.79120
1018.567, 18.03204
1019.049, 19.59088
1019.531, 20.34235
1020.013, 18.71967
1020.495, 16.57355
1020.977, 17.01062
1021.459, 20.11401
1021.942, 21.66656
1022.424, 20.97174
1022.906, 19.89661
1023.388, 20.38513
1023.870, 21.24744
1024.352, 21.19397
1024.834, 20.01398
1025.316, 19.20294
1025.799, 19.23755
1026.281, 18.99976
1026.763, 17.75403
1027.245, 16.18396
1027.727, 16.09766
1028.209, 17.18738
1028.691, 18.49567
1029.173, 20.57361
1029.656, 21.30475
1030.138, 17.67206
1030.620, 13.48340
1031.102, 13.06085
1031.584, 17.39606
1032.066, 19.63165
1032.548, 19.46112
1033.030, 18.74695
1033.512, 18.69855
1033.995, 19.22052
1034.477, 20.87170
1034.959, 23.23468
1035.441, 23.81464
1035.923, 20.60437
1036.405, 17.65479
1036.887, 15.60510
1037.369, 14.41736
1037.851, 14.34290
1038.334, 15.06458
1038.816, 15.28119
1039.298, 14.58563
1039.780, 13.89551
1040.262, 13.85620
1040.744, 14.03503
1041.226, 14.07800
1041.708, 13.96338
1042.191, 14.07141
1042.673, 14.49268
1043.155, 14.31653
1043.637, 12.53265
1044.119, 10.32544
1044.601, 9.118713
1045.083, 8.809509
1045.565, 9.178101
1046.047, 10.94836
1046.530, 12.16034
1047.012, 12.43762
1047.494, 12.41870
1047.976, 12.88641
1048.458, 13.69354
1048.940, 14.18774
1049.422, 14.31763
1049.904, 14.05103
1050.386, 12.68988
1050.869, 11.54816
1051.351, 11.67328
1051.833, 12.71741
1052.315, 13.38202
1052.797, 13.69324
1053.279, 13.16016
1053.761, 11.20465
1054.243, 9.536255
1054.726, 11.21411
1055.208, 14.15424
1055.690, 15.20081
1056.172, 12.71185
1056.654, 11.70819
1057.136, 13.34302
1057.618, 15.14270
1058.100, 15.79608
1058.583, 15.39606
1059.065, 13.85278
1059.547, 11.46234
1060.029, 9.571533
1060.511, 9.207947
1060.993, 9.155029
1061.475, 8.949158
1061.957, 8.753174
1062.439, 8.880676
1062.922, 9.421509
1063.404, 9.599976
1063.886, 9.378723
1064.368, 8.571899
1064.850, 6.156982
1065.332, 3.691040
1065.814, 3.050842
1066.296, 4.181091
1066.778, 4.605530
1067.261, 3.601013
1067.743, 3.041809
1068.225, 3.570679
1068.707, 4.497864
1069.189, 3.984375
1069.671, 2.934082
1070.153, 4.059387
1070.635, 8.949036
1071.118, 11.90912
1071.600, 8.528381
1072.082, 4.514038
1072.564, 3.169678
1073.046, 4.215393
1073.528, 5.280701
1074.010, 6.422852
1074.492, 7.795776
1074.974, 10.10345
1075.457, 11.80438
1075.939, 11.28754
1076.421, 9.639954
1076.903, 8.546265
1077.385, 8.111023
1077.867, 8.085022
1078.349, 8.552002
1078.831, 8.982727
1079.313, 8.207153
1079.796, 7.437805
1080.278, 9.323547
1080.760, 13.38928
1081.242, 15.71637
1081.724, 13.17340
1082.206, 11.32037
1082.688, 11.69415
1083.170, 12.79681
1083.652, 11.52911
1084.135, 8.547729
1084.617, 6.596008
1085.099, 6.260681
1085.581, 6.526978
1086.063, 7.424744
1086.545, 8.165955
1087.027, 8.140015
1087.509, 7.462097
1087.992, 7.307556
1088.474, 7.669739
1088.956, 8.197754
1089.438, 9.001770
1089.920, 9.484131
1090.402, 8.381531
1090.884, 7.044006
1091.366, 7.166382
1091.849, 9.509766
1092.331, 11.23688
1092.813, 12.41144
1093.295, 12.85193
1093.777, 12.05847
1094.259, 10.59613
1094.741, 9.102356
1095.223, 7.799133
1095.705, 7.419373
1096.188, 9.309387
1096.670, 10.74536
1097.152, 11.19470
1097.634, 11.06519
1098.116, 10.61890
1098.598, 9.953003
1099.080, 9.609131
1099.562, 9.623352
1100.044, 9.628418
1100.527, 9.480042
1101.009, 9.279297
1101.491, 8.901550
1101.973, 8.395325
1102.455, 8.306396
1102.937, 8.650635
1103.419, 8.927246
1103.901, 8.958801
1104.384, 9.100403
1104.866, 9.962097
1105.348, 10.93976
1105.830, 11.50439
1106.312, 11.61212
1106.794, 10.84393
1107.276, 8.898560
1107.758, 7.236694
1108.240, 6.554688
1108.723, 6.499329
1109.205, 6.404480
1109.687, 6.384277
1110.169, 6.802734
1110.651, 8.880127
1111.133, 9.091858
1111.615, 6.191833
1112.097, 3.284302
1112.579, 3.100098
1113.062, 4.814270
1113.544, 5.553345
1114.026, 5.475647
1114.508, 5.453125
1114.990, 6.659241
1115.472, 7.009216
1115.954, 5.205261
1116.436, 2.792480
1116.919, 1.739075
1117.401, 1.968750
1117.883, 2.673218
1118.365, 3.790527
1118.847, 4.569275
1119.329, 4.117004
1119.811, 3.488403
1120.293, 3.555359
1120.776, 4.016724
1121.258, 3.716797
1121.740, 2.556458
1122.222, 1.443542
1122.704, 0.4570310
1123.186, 1.2146000E-02
1123.668, 0.7785640
1124.150, 2.033752
1124.632, 2.855347
1125.115, 3.081543
1125.597, 3.892456
1126.079, 5.946167
1126.561, 6.186646
1127.043, 2.431885
1127.525, 2.081909
1128.007, 0.9281620
1128.489, 2.928223
1128.971, 4.151794
1129.454, 9.5398001E-02
1129.936, 2.600647
1130.418, 1.927124
1130.900, 0.8889770
1131.382, 1.355164
1131.864, 2.688171
1132.346, 2.941528
1132.828, 2.377258
1133.311, 1.854004
1133.793, 2.557434
1134.275, 2.197266
1134.757, 0.7908940
1135.239, 3.817688
1135.721, 4.133301
1136.203, 2.091980
1136.685, 0.5919190
1137.167, 0.2790530
1137.650, 0.3865970
1138.132, 0.5850220
1138.614, 2.059448
1139.096, 5.011902
1139.578, 7.710571
1140.060, 6.604980
1140.542, 1.575623
1141.024, 0.9846190
1141.506, 0.3200070
1141.989, 1.402771
1142.471, 3.710571
1142.953, 5.329956
1143.435, 4.696045
1143.917, 2.404175
1144.399, 1.497986
1144.881, 2.212708
1145.363, 2.836060
1145.846, 3.002808
1146.328, 2.902832
1146.810, 3.044312
1147.292, 2.819519
1147.774, 0.9473880
1148.256, 2.905457
1148.738, 3.718689
1149.220, 0.4019780
1149.703, 2.101257
1150.185, 1.654175
1150.667, 0.3635860
1151.149, 1.972168
1151.631, 4.643799
1152.113, 5.274841
1152.595, 2.413757
1153.077, 0.2377930
1153.559, 1.319702
1154.042, 1.253479
1154.524, 2.069824
1155.006, 6.443176
1155.488, 6.142090
1155.970, 2.952026
1156.452, 1.323975
1156.934, 4.835510
1157.416, 5.869324
1157.898, 2.334473
1158.381, 1.713013
1158.863, 3.335571
1159.345, 2.939392
1159.827, 1.564392
1160.309, 0.4708250
1160.791, 1.879028
1161.273, 1.235168
1161.755, 0.9965210
1162.238, 2.173035
1162.720, 3.535217
1163.202, 3.587402
1163.684, 2.580933
1164.166, 2.377686
1164.648, 2.929260
1165.130, 3.024963
1165.612, 1.209106
1166.094, 0.3279420
1166.577, 0.4965210
1167.059, 7.5011998E-02
1167.541, 0.4998780
1168.023, 0.8049930
1168.505, 1.326111
1168.987, 2.108459
1169.469, 2.628784
1169.951, 1.996155
1170.433, 1.521790
1170.916, 2.313049
1171.398, 3.772400
1171.880, 4.482239
1172.362, 4.449707
1172.844, 4.086548
1173.326, 3.414978
1173.808, 2.830383
1174.290, 2.496704
1174.773, 2.518738
1175.255, 3.370850
1175.737, 4.731079
1176.219, 4.732361
1176.701, 3.287476
1177.183, 2.304321
1177.665, 2.368652
1178.147, 2.799255
1178.630, 3.229187
1179.112, 3.491272
1179.594, 3.385071
1180.076, 2.921997
1180.558, 2.222534
1181.040, 1.174622
1181.522, 1.217102
1182.004, 3.191345
1182.486, 5.329590
1182.969, 6.256042
1183.451, 6.412109
1183.933, 5.890198
1184.415, 4.204773
1184.897, 4.052307
1185.379, 5.752258
1185.861, 6.620911
1186.343, 4.285645
1186.825, 1.624878
1187.308, 2.711487
1187.790, 5.491699
1188.272, 6.894897
1188.754, 5.878662
1189.236, 5.254944
1189.718, 4.980957
1190.200, 5.185364
1190.682, 6.597229
1191.165, 8.102539
1191.647, 8.025146
1192.129, 6.800049
1192.611, 5.422180
1193.093, 3.587646
1193.575, 2.538086
1194.057, 2.401062
1194.539, 2.599182
1195.021, 2.327209
1195.504, 2.413452
1195.986, 4.890991
1196.468, 4.069519
1196.950, 9.376648
1197.432, 4.774048
1197.914, 2.750122
1198.396, 4.263855
1198.878, 6.606995
1199.360, 7.493469
1199.843, 7.543152
1200.325, 7.755249
1200.807, 7.962036
1201.289, 7.183533
1201.771, 4.280518
1202.253, 2.671631
1202.735, 2.834839
1203.217, 4.109131
1203.700, 6.781494
1204.182, 9.443787
1204.664, 9.545471
1205.146, 7.430786
1205.628, 6.480469
1206.110, 7.655884
1206.592, 8.598999
1207.074, 9.203857
1207.557, 9.340393
1208.039, 8.362122
1208.521, 7.255127
1209.003, 8.000793
1209.485, 7.461731
1209.967, 7.178833
1210.449, 8.667969
1210.931, 7.617981
1211.413, 9.846558
1211.896, 12.72498
1212.378, 12.23871
1212.860, 10.32642
1213.342, 10.39075
1213.824, 12.80298
1214.306, 12.94995
1214.788, 9.589417
1215.270, 6.302490
1215.752, 3.876526
1216.235, 2.264404
1216.717, 1.726135
1217.199, 2.038208
1217.681, 3.027588
1218.163, 4.752075
1218.645, 5.362427
1219.127, 4.275269
1219.609, 3.511353
1220.092, 3.631653
1220.574, 4.547546
1221.056, 7.242065
1221.538, 10.09638
1222.020, 10.26184
1222.502, 6.727661
1222.984, 5.435913
1223.466, 7.249512
1223.948, 9.133179
1224.431, 10.19641
1224.913, 10.46857
1225.395, 9.426697
1225.877, 7.816467
1226.359, 6.782166
1226.841, 6.757813
1227.323, 5.572815
1227.805, 2.522339
1228.287, 1.390442
1228.770, 4.726257
1229.252, 8.981873
1229.734, 9.183289
1230.216, 7.291626
1230.698, 5.831970
1231.180, 5.204834
1231.662, 5.057373
1232.144, 5.528137
1232.627, 5.678528
1233.109, 4.953308
1233.591, 3.937866
1234.073, 3.348145
1234.555, 2.929688
1235.037, 2.200134
1235.519, 0.9331050
1236.001, 0.7861940
1236.484, 1.905701
1236.966, 2.971313
1237.448, 3.559875
1237.930, 3.437195
1238.412, 1.405884
1238.894, 1.010498
1239.376, 1.366028
1239.858, 0.8352050
1240.340, 0.9965210
1240.823, 1.024719
1241.305, 2.064514
1241.787, 0.3998410
1242.269, 3.295593
1242.751, 3.683777
1243.233, 3.145325
1243.715, 3.839600
1244.197, 6.046082
1244.679, 6.783936
1245.162, 6.096313
1245.644, 5.159973
1246.126, 4.310425
1246.608, 3.865173
1247.090, 5.032227
1247.572, 6.037109
1248.054, 4.394165
1248.536, 0.1182250
1249.019, 0.3601070
1249.501, 3.247070
1249.983, 6.004150
1250.465, 4.450684
1250.947, 2.441223
1251.429, 1.985718
1251.911, 1.972229
1252.393, 1.157471
1252.875, 0.3684080
1253.358, 0.3936160
1253.840, 0.9036870
1254.322, 2.362671
1254.804, 3.654114
1255.286, 4.611023
1255.768, 4.854370
1256.250, 5.066956
1256.732, 6.269470
1257.214, 8.041931
1257.697, 7.052307
1258.179, 4.014099
1258.661, 2.231567
1259.143, 5.328430
1259.625, 6.639954
1260.107, 3.951233
1260.589, 0.8573000
1261.071, 0.6768800
1261.554, 2.426819
1262.036, 3.090149
1262.518, 2.896729
1263.000, 2.746033
1263.482, 3.155518
1263.964, 3.264404
1264.446, 2.847961
1264.928, 2.441895
1265.411, 2.803467
1265.893, 3.304688
1266.375, 2.289185
1266.857, 0.4562990
1267.339, 0.2288820
1267.821, 1.648376
1268.303, 3.169250
1268.785, 4.323608
1269.267, 4.986267
1269.750, 4.787415
1270.232, 4.276855
1270.714, 3.934692
1271.196, 3.568298
1271.678, 3.452209
1272.160, 3.990417
1272.642, 3.410828
1273.124, 2.048462
1273.606, 1.047974
1274.089, 1.667603
1274.571, 2.955627
1275.053, 4.709839
1275.535, 6.239197
1276.017, 6.195862
1276.499, 4.338928
1276.981, 2.994629
1277.463, 2.065002
1277.946, 2.442810
1278.428, 6.101013
1278.910, 9.717712
1279.392, 10.42285
1279.874, 9.473328
1280.356, 8.177490
1280.838, 6.580139
1281.320, 5.465210
1281.802, 4.807190
1282.285, 4.004089
1282.767, 2.740295
1283.249, 1.637573
1283.731, 0.6987300
1284.213, 0.2630620
1284.695, 0.9501950
1285.177, 2.330688
1285.659, 3.080322
1286.141, 3.541443
1286.624, 3.356506
1287.106, 1.531006
1287.588, 0.5341800
1288.070, 0.9573970
1288.552, 1.618469
1289.034, 1.584473
1289.516, 1.142883
1289.998, 0.4456180
1290.481, 6.7078002E-02
1290.963, 0.7648930
1291.445, 5.417236
1291.927, 7.265259
1292.409, 5.648987
1292.891, 3.740723
1293.373, 4.306519
1293.855, 5.402771
1294.338, 4.605713
1294.820, 2.738281
1295.302, 1.400146
1295.784, 0.7599490
1296.266, 0.2425540
1296.748, 0.1964720
1297.230, 6.6895001E-02
1297.712, 1.615417
1298.194, 3.453979
1298.677, 4.770020
1299.159, 5.323914
1299.641, 4.684021
1300.123, 2.595032
1300.605, 1.583801
1301.087, 1.473450
1301.569, 1.572205
1302.051, 2.351807
1302.533, 2.043823
1303.016, 0.0000000E+00
##END=



