##NAMES=Aheylite
##RRUFFID=R070070
##IDEAL CHEMISTRY=Fe^2+^Al_6_(PO_4_)_4_(OH)_8_&#183;4H_2_O
##LOCALITY=Huanuni, Bolivia
##OWNER=RRUFF
##SOURCE=Bob Jenkins
##DESCRIPTION=Spherical aggregates of small tan colored crystals, associated with cassiterite
##STATUS=The identification of this mineral is not yet confirmed.
##URL=rruff.info/R070070
172.4144, 0.0000000E+00
172.8965, 47.77637
173.3787, 109.6934
173.8608, 172.4570
174.3429, 244.5410
174.8250, 301.1738
175.3071, 332.7588
175.7892, 339.5771
176.2714, 326.1670
176.7535, 293.6182
177.2356, 249.5127
177.7177, 207.6367
178.1998, 168.4648
178.6819, 134.5264
179.1641, 107.5117
179.6462, 85.49316
180.1283, 63.42480
180.6104, 37.04688
181.0925, 7.250000
181.5746, 10.59961
182.0567, 15.39355
182.5389, 12.53711
183.0210, 3.050781
183.5031, 13.10742
183.9852, 37.79297
184.4673, 74.64941
184.9494, 120.2715
185.4316, 141.7861
185.9137, 113.7031
186.3958, 94.46973
186.8779, 110.9199
187.3600, 152.5518
187.8421, 193.4941
188.3243, 218.9863
188.8064, 231.4111
189.2885, 243.5459
189.7706, 258.2939
190.2527, 269.8799
190.7348, 274.9990
191.2170, 275.3848
191.6991, 275.7412
192.1812, 279.3350
192.6633, 283.6709
193.1454, 277.9082
193.6275, 255.4707
194.1097, 239.8525
194.5918, 232.5703
195.0739, 239.6582
195.5560, 257.5488
196.0381, 294.8398
196.5202, 344.7188
197.0024, 379.0273
197.4845, 397.8877
197.9666, 406.1416
198.4487, 392.8730
198.9308, 370.8281
199.4129, 366.8779
199.8951, 394.6436
200.3772, 440.1074
200.8593, 470.9551
201.3414, 491.4434
201.8235, 495.0723
202.3056, 463.8018
202.7878, 416.8271
203.2699, 391.6719
203.7520, 404.4766
204.2341, 433.4766
204.7162, 437.9482
205.1983, 419.9434
205.6805, 382.3262
206.1626, 303.6592
206.6447, 210.7959
207.1268, 146.5693
207.6089, 124.5391
208.0910, 127.5020
208.5732, 134.7969
209.0553, 149.4131
209.5374, 153.7930
210.0195, 135.9160
210.5016, 108.6738
210.9837, 86.31250
211.4659, 71.05371
211.9480, 57.90884
212.4301, 62.14262
212.9122, 60.55292
213.3943, 53.45266
213.8764, 24.33709
214.3586, 23.64799
214.8407, 33.99609
215.3228, 32.66113
215.8049, 10.35547
216.2870, 5.904297
216.7691, 19.66992
217.2513, 26.53418
217.7334, 22.97656
218.2155, 12.21289
218.6976, 5.987305
219.1797, 31.22852
219.6618, 55.01367
220.1440, 74.57129
220.6261, 81.62012
221.1082, 89.72266
221.5903, 117.7266
222.0724, 146.2715
222.5546, 154.2881
223.0367, 143.2119
223.5188, 138.5156
224.0009, 161.7529
224.4830, 214.5781
224.9651, 255.4453
225.4473, 261.0977
225.9294, 262.0361
226.4115, 270.6729
226.8936, 288.3721
227.3757, 322.2412
227.8578, 383.2598
228.3400, 461.2295
228.8221, 512.6465
229.3042, 510.1641
229.7863, 513.1797
230.2684, 555.5996
230.7505, 625.3506
231.2327, 686.4980
231.7148, 721.9619
232.1969, 737.8086
232.6790, 750.7910
233.1611, 762.2363
233.6432, 769.7529
234.1254, 772.5527
234.6075, 770.9062
235.0896, 766.8564
235.5717, 762.3223
236.0538, 751.9355
236.5359, 722.1748
237.0181, 666.9873
237.5002, 611.9199
237.9823, 552.5840
238.4644, 499.3760
238.9465, 471.2236
239.4286, 474.2041
239.9108, 486.7490
240.3929, 476.8975
240.8750, 434.6680
241.3571, 405.3545
241.8392, 406.7402
242.3213, 414.4131
242.8035, 401.9443
243.2856, 366.0137
243.7677, 326.8496
244.2498, 306.0527
244.7319, 308.5840
245.2140, 305.4980
245.6962, 295.5244
246.1783, 281.2344
246.6604, 262.4512
247.1425, 240.1748
247.6246, 217.4502
248.1067, 195.5547
248.5889, 174.7129
249.0710, 164.9717
249.5531, 178.8691
250.0352, 189.8506
250.5173, 185.2920
250.9994, 167.9082
251.4816, 146.1855
251.9637, 124.7324
252.4458, 103.7031
252.9279, 84.44922
253.4100, 57.52930
253.8921, 42.75977
254.3743, 55.49805
254.8564, 81.31641
255.3385, 96.24414
255.8206, 88.71973
256.3027, 67.88086
256.7849, 58.48633
257.2670, 81.95508
257.7491, 90.79785
258.2312, 65.89355
258.7133, 33.61426
259.1954, 22.67871
259.6776, 41.32520
260.1597, 74.75586
260.6418, 99.53125
261.1239, 109.9600
261.6060, 122.1230
262.0881, 142.2422
262.5703, 159.4834
263.0524, 167.5488
263.5345, 165.0898
264.0166, 153.3340
264.4987, 132.1816
264.9808, 98.19531
265.4630, 71.37109
265.9451, 60.93262
266.4272, 48.17871
266.9093, 16.29688
267.3914, 26.30273
267.8735, 56.32617
268.3557, 54.68945
268.8378, 22.56543
269.3199, 11.03711
269.8020, 59.25000
270.2841, 94.78711
270.7662, 107.1465
271.2484, 104.1602
271.7305, 96.63770
272.2126, 89.94922
272.6947, 82.76855
273.1768, 79.44922
273.6589, 87.66602
274.1411, 88.79590
274.6232, 80.40723
275.1053, 63.68652
275.5874, 34.85156
276.0695, 6.644531
276.5516, 45.90234
277.0338, 58.73242
277.5159, 38.80957
277.9980, 11.47754
278.4801, 37.42188
278.9622, 80.29199
279.4443, 94.88574
279.9265, 81.60449
280.4086, 63.94824
280.8907, 67.88379
281.3728, 94.92676
281.8549, 111.5732
282.3370, 111.2578
282.8192, 105.1387
283.3013, 92.87793
283.7834, 78.81152
284.2655, 73.64844
284.7476, 86.03125
285.2297, 112.7607
285.7119, 143.7744
286.1940, 185.0322
286.6761, 217.7480
287.1582, 232.0674
287.6403, 233.2119
288.1224, 226.1650
288.6046, 207.6543
289.0867, 188.8613
289.5688, 188.2139
290.0509, 208.0918
290.5330, 227.3955
291.0151, 241.2861
291.4973, 247.9912
291.9794, 244.2031
292.4615, 227.6572
292.9436, 208.3975
293.4257, 134.6113
293.9078, 194.9424
294.3900, 231.3066
294.8721, 244.9756
295.3542, 168.0195
295.8363, 208.1074
296.3184, 201.2900
296.8005, 192.5566
297.2827, 249.1396
297.7648, 185.3887
298.2469, 240.9424
298.7290, 248.8721
299.2111, 278.6143
299.6932, 261.1504
300.1754, 258.2832
300.6575, 302.6191
301.1396, 320.8291
301.6217, 244.3135
302.1038, 238.0029
302.5859, 250.8652
303.0681, 259.9766
303.5501, 244.9229
304.0323, 212.8779
304.5144, 198.1162
304.9965, 211.5039
305.4786, 229.8887
305.9607, 248.5713
306.4428, 264.7803
306.9250, 271.6279
307.4071, 264.8779
307.8892, 255.9492
308.3713, 267.5967
308.8534, 316.0117
309.3355, 357.0303
309.8177, 387.4307
310.2998, 408.2930
310.7819, 414.7910
311.2640, 410.1250
311.7461, 411.9834
312.2282, 441.4307
312.7104, 504.3164
313.1925, 555.7510
313.6746, 602.8154
314.1567, 634.4697
314.6388, 630.8877
315.1209, 608.2383
315.6031, 602.3213
316.0852, 638.3574
316.5673, 705.7754
317.0494, 747.9336
317.5315, 735.5059
318.0136, 737.7715
318.4958, 771.1797
318.9779, 820.5098
319.4600, 869.2529
319.9421, 912.0293
320.4242, 954.8779
320.9063, 1010.298
321.3885, 1084.322
321.8706, 1148.629
322.3527, 1182.969
322.8348, 1219.891
323.3169, 1283.968
323.7990, 1371.356
324.2812, 1454.288
324.7633, 1505.396
325.2454, 1526.526
325.7275, 1549.953
326.2096, 1576.473
326.6917, 1611.221
327.1739, 1664.059
327.6560, 1723.684
328.1381, 1769.693
328.6202, 1788.599
329.1023, 1796.546
329.5844, 1819.579
330.0666, 1859.655
330.5487, 1893.293
331.0308, 1909.323
331.5129, 1913.801
331.9950, 1918.225
332.4771, 1926.519
332.9593, 1922.685
333.4414, 1896.560
333.9235, 1849.399
334.4056, 1783.989
334.8877, 1699.346
335.3698, 1610.930
335.8520, 1535.729
336.3341, 1473.653
336.8162, 1412.216
337.2983, 1349.517
337.7804, 1286.662
338.2625, 1220.175
338.7447, 1151.911
339.2268, 1096.346
339.7089, 1065.125
340.1910, 1056.185
340.6731, 1048.316
341.1552, 1053.154
341.6374, 1045.991
342.1195, 1013.933
342.6016, 966.1230
343.0837, 917.2275
343.5658, 872.8613
344.0479, 828.4492
344.5301, 773.5352
345.0122, 694.3584
345.4943, 630.4775
345.9764, 590.5029
346.4585, 557.2861
346.9406, 515.7578
347.4228, 467.3164
347.9049, 426.3008
348.3870, 408.0625
348.8691, 413.0117
349.3512, 415.3877
349.8333, 413.9307
350.3155, 411.0312
350.7976, 413.6113
351.2797, 413.6074
351.7618, 396.7598
352.2439, 354.2109
352.7260, 300.3496
353.2082, 265.0645
353.6903, 254.8691
354.1724, 239.9902
354.6545, 204.5098
355.1366, 167.5059
355.6187, 141.9219
356.1009, 128.8740
356.5830, 121.4258
357.0651, 116.9551
357.5472, 114.1924
358.0293, 108.8672
358.5114, 103.5000
358.9936, 88.99316
359.4757, 42.01270
359.9578, 20.79785
360.4399, 55.50488
360.9220, 23.88379
361.4041, 20.54004
361.8863, 21.54492
362.3684, 15.60449
362.8505, 49.64551
363.3326, 62.85449
363.8147, 60.02637
364.2968, 50.03027
364.7790, 24.27148
365.2611, 11.83984
365.7432, 35.91504
366.2253, 71.08105
366.7074, 82.99414
367.1895, 65.22852
367.6717, 37.14648
368.1538, 18.57324
368.6359, 10.69043
369.1180, 6.565430
369.6001, 14.72559
370.0822, 17.64355
370.5644, 8.230469
371.0465, 12.42676
371.5286, 42.67383
372.0107, 82.21289
372.4928, 126.8906
372.9749, 163.8906
373.4571, 197.6797
373.9392, 214.5400
374.4213, 198.3223
374.9034, 177.1572
375.3855, 172.2236
375.8676, 186.9707
376.3498, 211.4893
376.8319, 239.9004
377.3140, 272.3633
377.7961, 293.5576
378.2782, 294.4736
378.7603, 295.7627
379.2425, 317.5146
379.7246, 345.3984
380.2067, 349.0947
380.6888, 301.9922
381.1709, 244.6465
381.6530, 241.4697
382.1352, 293.6270
382.6173, 336.2520
383.0994, 346.3008
383.5815, 334.8545
384.0636, 318.5889
384.5457, 297.1006
385.0279, 273.8086
385.5100, 249.9697
385.9921, 225.1260
386.4742, 192.8154
386.9563, 152.0586
387.4384, 126.1855
387.9206, 142.0576
388.4027, 198.0938
388.8848, 221.1533
389.3669, 181.1270
389.8490, 143.0352
390.3311, 134.7383
390.8133, 146.5059
391.2954, 161.5664
391.7775, 172.9502
392.2596, 179.3438
392.7417, 177.7021
393.2238, 164.3301
393.7060, 149.6416
394.1881, 132.1074
394.6702, 114.7871
395.1523, 101.2627
395.6344, 90.16211
396.1165, 75.15820
396.5987, 48.02832
397.0808, 13.33301
397.5629, 2.003906
398.0450, 28.67871
398.5271, 52.79004
399.0092, 64.24512
399.4914, 66.08594
399.9735, 58.62207
400.4556, 40.98438
400.9377, 23.78223
401.4198, 18.43457
401.9019, 23.82227
402.3841, 32.21582
402.8662, 47.07617
403.3483, 56.24121
403.8304, 37.09082
404.3125, 1.672852
404.7946, 17.07910
405.2768, 19.24902
405.7589, 70.50488
406.2410, 97.37695
406.7231, 105.3340
407.2052, 134.2969
407.6873, 211.9189
408.1695, 312.1152
408.6516, 362.7676
409.1337, 330.4561
409.6158, 314.8408
410.0979, 332.5117
410.5800, 369.1582
411.0622, 416.0430
411.5443, 469.6338
412.0264, 525.2207
412.5085, 579.4736
412.9906, 632.5430
413.4727, 675.4395
413.9549, 694.1426
414.4370, 718.1123
414.9191, 759.2285
415.4012, 806.5508
415.8833, 848.0010
416.3654, 879.4385
416.8476, 899.7930
417.3297, 907.2334
417.8118, 899.8301
418.2939, 881.4102
418.7760, 856.1855
419.2581, 822.5049
419.7403, 774.6104
420.2224, 714.7393
420.7045, 654.1621
421.1866, 593.9180
421.6687, 540.7988
422.1508, 510.0205
422.6330, 501.3643
423.1151, 482.5781
423.5972, 429.4473
424.0793, 362.5283
424.5614, 329.5283
425.0435, 342.6992
425.5257, 354.2305
426.0078, 349.6670
426.4899, 337.0117
426.9720, 323.0049
427.4541, 308.9102
427.9362, 298.0928
428.4184, 294.4844
428.9005, 297.7568
429.3826, 298.2891
429.8647, 293.2812
430.3468, 288.8564
430.8289, 282.6016
431.3111, 279.1045
431.7932, 288.2725
432.2753, 311.7578
432.7574, 332.8203
433.2395, 324.0967
433.7216, 279.6035
434.2038, 251.2627
434.6859, 245.0703
435.1680, 251.2549
435.6501, 272.8398
436.1322, 301.6602
436.6143, 319.9883
437.0965, 316.2725
437.5786, 304.7275
438.0607, 302.0781
438.5428, 307.9785
439.0249, 319.1084
439.5070, 338.5820
439.9892, 356.9658
440.4713, 355.1777
440.9534, 330.6094
441.4355, 320.7109
441.9176, 351.9277
442.3997, 388.0986
442.8819, 396.6113
443.3640, 378.5869
443.8461, 348.0137
444.3282, 309.8301
444.8103, 272.3564
445.2924, 269.7822
445.7746, 359.6367
446.2567, 409.0605
446.7388, 380.4717
447.2209, 331.2334
447.7030, 312.8633
448.1852, 328.0830
448.6673, 340.4805
449.1494, 309.7275
449.6315, 242.3623
450.1136, 211.1465
450.5957, 239.3984
451.0779, 261.1182
451.5600, 245.1758
452.0421, 211.6738
452.5242, 179.7676
453.0063, 151.6396
453.4884, 136.0205
453.9706, 147.8672
454.4527, 178.5039
454.9348, 201.9980
455.4169, 214.8457
455.8990, 215.7656
456.3811, 197.2119
456.8633, 161.2568
457.3454, 143.3076
457.8275, 160.7080
458.3096, 178.1846
458.7917, 176.9287
459.2738, 165.3496
459.7560, 158.2578
460.2381, 160.9443
460.7202, 169.5771
461.2023, 178.7568
461.6844, 188.6836
462.1665, 198.5283
462.6487, 215.9756
463.1308, 225.6416
463.6129, 211.0586
464.0950, 185.6895
464.5771, 174.7656
465.0592, 191.4980
465.5414, 224.4072
466.0235, 259.2832
466.5056, 297.5244
466.9877, 319.8838
467.4698, 317.6289
467.9519, 302.4990
468.4341, 277.9336
468.9162, 247.0449
469.3983, 233.1631
469.8804, 259.5469
470.3625, 295.5947
470.8446, 311.4893
471.3268, 309.2188
471.8089, 302.1367
472.2910, 295.2881
472.7731, 289.5117
473.2552, 286.6328
473.7373, 289.1094
474.2195, 289.9209
474.7016, 285.5352
475.1837, 282.3975
475.6658, 284.2090
476.1479, 291.1523
476.6300, 304.0469
477.1122, 325.3760
477.5943, 348.5400
478.0764, 348.4336
478.5585, 311.4131
479.0406, 286.7451
479.5227, 294.1475
480.0049, 311.0801
480.4870, 325.3291
480.9691, 335.5156
481.4512, 342.1465
481.9333, 338.3906
482.4154, 334.0352
482.8976, 305.9717
483.3797, 352.3896
483.8618, 374.8369
484.3439, 374.9834
484.8260, 284.2158
485.3081, 310.5732
485.7903, 291.5430
486.2724, 272.7832
486.7545, 286.2627
487.2366, 295.4092
487.7187, 295.2998
488.2008, 284.7637
488.6830, 279.6553
489.1651, 293.9277
489.6472, 320.7705
490.1293, 324.2080
490.6114, 286.0078
491.0935, 259.4297
491.5757, 261.6699
492.0578, 267.9346
492.5399, 255.5303
493.0220, 224.6797
493.5041, 198.7100
493.9862, 199.7471
494.4684, 220.5303
494.9505, 242.3379
495.4326, 263.7383
495.9147, 260.3086
496.3968, 203.7852
496.8789, 128.2900
497.3611, 104.6016
497.8432, 146.0352
498.3253, 181.6660
498.8074, 190.8145
499.2895, 186.9102
499.7716, 175.4805
500.2538, 158.8574
500.7359, 153.1855
501.2180, 174.8037
501.7001, 212.7617
502.1822, 211.8838
502.6643, 124.2119
503.1465, 78.80664
503.6286, 121.6748
504.1107, 180.6074
504.5928, 203.1543
505.0749, 188.0664
505.5570, 165.2812
506.0392, 153.5508
506.5213, 149.9551
507.0034, 146.6504
507.4855, 143.1123
507.9676, 145.7461
508.4497, 163.7236
508.9319, 183.5742
509.4140, 181.4688
509.8961, 153.4365
510.3782, 129.4561
510.8603, 115.2002
511.3424, 109.4863
511.8246, 118.0361
512.3067, 135.5977
512.7888, 142.9922
513.2709, 128.0986
513.7531, 99.39746
514.2352, 80.86914
514.7173, 72.75195
515.1994, 75.23926
515.6815, 100.9971
516.1636, 125.1758
516.6458, 135.8789
517.1279, 132.3213
517.6100, 116.1963
518.0921, 83.80273
518.5742, 45.34082
519.0563, 16.00977
519.5385, 4.028320
520.0206, 13.83789
520.5027, 10.26953
520.9848, 0.6425780
521.4669, 2.864258
521.9490, 0.2490230
522.4312, 11.36035
522.9133, 60.51855
523.3954, 107.0371
523.8775, 124.2979
524.3596, 118.5371
524.8417, 104.4678
525.3239, 88.23926
525.8060, 73.40918
526.2881, 67.67090
526.7702, 76.27148
527.2523, 75.32324
527.7344, 53.78418
528.2166, 33.65527
528.6987, 12.11621
529.1808, 0.2041020
529.6629, 20.66504
530.1450, 93.16211
530.6271, 166.4092
531.1093, 178.6064
531.5914, 143.7910
532.0735, 121.5674
532.5556, 124.2012
533.0377, 134.6143
533.5198, 139.5869
534.0020, 139.2188
534.4841, 137.5273
534.9662, 140.8662
535.4483, 135.4434
535.9304, 106.4492
536.4125, 71.57422
536.8947, 47.08496
537.3768, 17.03418
537.8589, 70.30371
538.3410, 99.60938
538.8231, 106.2119
539.3052, 22.17285
539.7874, 55.17188
540.2695, 41.26562
540.7516, 25.43945
541.2337, 74.90918
541.7158, 4.036133
542.1979, 16.56543
542.6801, 12.92969
543.1622, 17.02930
543.6443, 53.83789
544.1264, 67.62402
544.6085, 58.35254
545.0906, 42.40137
545.5728, 26.97168
546.0549, 13.85645
546.5370, 7.438477
547.0191, 8.066406
547.5012, 15.73926
547.9833, 41.66113
548.4655, 64.29688
548.9476, 70.54688
549.4297, 62.79492
549.9117, 47.16602
550.3939, 24.46191
550.8760, 4.523438
551.3581, 13.46875
551.8402, 53.07324
552.3223, 60.83887
552.8044, 6.355469
553.2866, 51.87012
553.7687, 48.26172
554.2508, 1.660156
554.7329, 17.36523
555.2150, 40.11133
555.6971, 86.33105
556.1793, 57.81738
556.6614, 5.729492
557.1435, 39.98242
557.6256, 29.87891
558.1077, 2.342773
558.5898, 13.92871
559.0720, 19.33301
559.5541, 42.15039
560.0362, 105.3945
560.5183, 150.6152
561.0004, 147.7100
561.4825, 132.6133
561.9647, 143.3301
562.4468, 184.1045
562.9289, 221.3438
563.4110, 220.0791
563.8931, 206.2021
564.3752, 232.8887
564.8574, 298.5928
565.3395, 351.2920
565.8216, 364.5273
566.3037, 353.9297
566.7858, 349.4277
567.2679, 353.4717
567.7501, 358.3320
568.2322, 359.9180
568.7143, 366.2510
569.1964, 387.3281
569.6785, 415.3232
570.1606, 435.6738
570.6428, 441.7598
571.1249, 438.7432
571.6070, 424.4814
572.0891, 400.0059
572.5712, 416.1279
573.0533, 497.9551
573.5355, 577.4492
574.0176, 600.3594
574.4997, 586.8555
574.9818, 589.8184
575.4639, 620.0674
575.9460, 654.3838
576.4282, 689.9932
576.9103, 721.2930
577.3924, 739.7031
577.8745, 745.5596
578.3566, 749.1055
578.8387, 758.7266
579.3209, 770.1367
579.8030, 764.6836
580.2851, 731.5098
580.7672, 707.6650
581.2493, 718.5527
581.7314, 724.5684
582.2136, 692.4443
582.6957, 631.4385
583.1778, 584.6396
583.6599, 578.1084
584.1420, 583.9336
584.6241, 576.8945
585.1063, 560.3340
585.5884, 542.0166
586.0705, 523.9199
586.5526, 510.5752
587.0347, 508.5342
587.5168, 518.7441
587.9990, 518.0391
588.4811, 492.9033
588.9632, 473.1328
589.4453, 460.0393
589.9274, 470.3962
590.4095, 474.9300
590.8917, 473.9521
591.3738, 450.9601
591.8559, 456.3958
592.3380, 450.4388
592.8201, 444.0146
593.3022, 453.4518
593.7844, 433.6606
594.2665, 442.8463
594.7486, 440.4651
595.2307, 443.3775
595.7128, 434.8268
596.1949, 429.8171
596.6771, 436.2731
597.1592, 436.3809
597.6413, 426.5106
598.1234, 419.9180
598.6055, 419.7412
599.0876, 420.5703
599.5698, 420.8652
600.0519, 421.1982
600.5340, 420.6885
601.0161, 411.4141
601.4982, 389.7510
601.9803, 370.7305
602.4625, 368.1123
602.9446, 370.0430
603.4267, 348.9688
603.9088, 292.9980
604.3909, 264.7363
604.8730, 307.9639
605.3552, 358.3682
605.8373, 361.2002
606.3194, 329.3887
606.8015, 304.2324
607.2836, 305.1436
607.7657, 320.0068
608.2479, 330.5625
608.7300, 336.5195
609.2121, 337.3809
609.6942, 330.8652
610.1763, 320.0479
610.6584, 310.9424
611.1406, 299.1064
611.6227, 274.1875
612.1048, 224.9072
612.5869, 195.6768
613.0690, 229.8350
613.5511, 282.2656
614.0333, 301.4785
614.5154, 288.9814
614.9975, 277.3701
615.4796, 288.6514
615.9617, 309.4277
616.4438, 303.6543
616.9260, 256.7080
617.4081, 231.9502
617.8902, 244.0898
618.3723, 264.2559
618.8544, 281.5439
619.3365, 296.5166
619.8187, 310.2246
620.3008, 322.7578
620.7829, 334.6035
621.2650, 343.5957
621.7471, 353.1602
622.2292, 370.6787
622.7114, 395.4424
623.1935, 416.0908
623.6756, 424.2119
624.1577, 428.0371
624.6398, 452.9375
625.1219, 516.2627
625.6041, 559.5693
626.0862, 558.2422
626.5683, 558.7148
627.0504, 586.7588
627.5325, 630.1787
628.0146, 663.5732
628.4968, 677.4414
628.9789, 686.5977
629.4610, 700.1074
629.9431, 717.7930
630.4252, 742.6406
630.9073, 773.6064
631.3895, 797.1953
631.8716, 802.7793
632.3537, 797.7979
632.8358, 806.3018
633.3179, 843.7295
633.8000, 863.3232
634.2822, 846.2617
634.7643, 829.4951
635.2464, 836.3643
635.7285, 855.5713
636.2106, 862.3047
636.6927, 845.8926
637.1749, 823.5361
637.6570, 810.4463
638.1391, 802.4980
638.6212, 786.2324
639.1033, 761.0361
639.5854, 744.1846
640.0676, 748.1621
640.5497, 765.2666
641.0318, 774.4404
641.5139, 779.8809
641.9960, 768.9160
642.4781, 733.5068
642.9603, 691.7686
643.4424, 647.0195
643.9245, 601.4785
644.4066, 556.4092
644.8887, 509.5820
645.3708, 480.5918
645.8530, 502.8057
646.3351, 549.4443
646.8172, 568.6494
647.2993, 555.1982
647.7814, 517.3623
648.2635, 454.4629
648.7457, 383.6289
649.2278, 351.7295
649.7099, 390.8721
650.1920, 396.7734
650.6741, 333.0791
651.1563, 275.6709
651.6384, 263.6377
652.1205, 275.9404
652.6026, 273.1084
653.0847, 241.5918
653.5668, 212.0107
654.0490, 211.6240
654.5311, 226.3545
655.0132, 232.5996
655.4953, 230.9316
655.9774, 227.1973
656.4595, 227.0879
656.9417, 224.7246
657.4238, 204.4004
657.9059, 154.3994
658.3880, 124.6572
658.8701, 127.3369
659.3522, 137.5293
659.8344, 154.0869
660.3165, 170.2275
660.7986, 175.5078
661.2807, 167.0537
661.7628, 159.7031
662.2449, 166.9346
662.7271, 177.6670
663.2092, 178.7832
663.6913, 170.1279
664.1734, 151.8281
664.6555, 123.3721
665.1376, 95.20508
665.6198, 87.45117
666.1019, 102.9004
666.5840, 119.3340
667.0661, 133.5352
667.5482, 141.5234
668.0303, 140.3262
668.5125, 136.0371
668.9946, 122.2314
669.4767, 102.0703
669.9588, 92.88477
670.4409, 102.8682
670.9230, 121.1396
671.4052, 145.1436
671.8873, 167.5420
672.3694, 168.2412
672.8515, 142.1992
673.3336, 112.0664
673.8157, 103.4814
674.2979, 114.7607
674.7800, 122.4697
675.2621, 126.1865
675.7442, 127.6553
676.2263, 132.2295
676.7084, 130.2637
677.1906, 106.4697
677.6727, 64.32422
678.1548, 36.57520
678.6369, 38.26953
679.1190, 48.39648
679.6011, 63.86621
680.0833, 76.92773
680.5654, 71.44922
681.0475, 48.80176
681.5296, 33.35352
682.0117, 49.69727
682.4938, 79.24219
682.9760, 75.63477
683.4581, 32.62988
683.9402, 15.90527
684.4223, 50.25488
684.9044, 86.68945
685.3865, 77.20020
685.8687, 33.51562
686.3508, 17.06250
686.8329, 57.76270
687.3150, 81.77637
687.7971, 52.83496
688.2792, 16.28418
688.7614, 14.37695
689.2435, 39.33691
689.7256, 57.49805
690.2077, 51.08789
690.6898, 35.17383
691.1719, 31.75879
691.6541, 38.08008
692.1362, 37.13672
692.6183, 26.29590
693.1004, 16.23730
693.5825, 14.17188
694.0646, 15.78809
694.5468, 10.03418
695.0289, 9.861328
695.5110, 21.50879
695.9931, 20.41113
696.4752, 16.38867
696.9573, 14.11523
697.4395, 11.48145
697.9216, 2.336914
698.4037, 14.61133
698.8858, 25.49219
699.3679, 14.14551
699.8500, 6.912109
700.3322, 20.96387
700.8143, 26.69727
701.2964, 17.50098
701.7785, 10.23828
702.2606, 39.61621
702.7427, 41.58984
703.2249, 16.20605
703.7070, 11.80859
704.1891, 50.18164
704.6712, 72.75000
705.1533, 52.64062
705.6354, 21.74707
706.1176, 2.381836
706.5997, 4.625000
707.0818, 4.344727
707.5639, 9.703125
708.0460, 21.75488
708.5281, 17.53516
709.0103, 6.825195
709.4924, 2.981445
709.9745, 8.509766
710.4566, 23.67188
710.9387, 52.03613
711.4208, 80.41113
711.9030, 66.18262
712.3851, 3.060547
712.8672, 29.34961
713.3493, 11.13965
713.8314, 17.47656
714.3135, 33.84570
714.7957, 39.62012
715.2778, 40.13965
715.7599, 30.56055
716.2420, 26.48145
716.7241, 38.76172
717.2062, 48.89160
717.6884, 39.55469
718.1705, 20.77832
718.6526, 13.60645
719.1347, 25.00391
719.6168, 39.22754
720.0989, 42.53613
720.5811, 36.85742
721.0632, 21.53223
721.5453, 1.663086
722.0274, 10.51953
722.5095, 5.259766
722.9916, 29.13770
723.4738, 36.76562
723.9559, 43.61816
724.4380, 7.274414
724.9201, 34.18848
725.4022, 38.41113
725.8843, 48.00586
726.3665, 17.40918
726.8486, 33.72754
727.3307, 51.99316
727.8128, 4.985352
728.2949, 17.71094
728.7770, 47.91309
729.2592, 52.66602
729.7413, 47.86133
730.2234, 60.88477
730.7055, 90.77637
731.1876, 113.2188
731.6697, 112.5537
732.1519, 95.11230
732.6340, 70.20605
733.1161, 37.27539
733.5982, 15.17773
734.0803, 6.803711
734.5624, 5.230469
735.0446, 5.115234
735.5267, 10.23730
736.0088, 32.45801
736.4909, 83.88379
736.9730, 114.6689
737.4551, 112.2705
737.9373, 99.78320
738.4194, 78.69824
738.9015, 58.26465
739.3836, 27.66016
739.8657, 30.25293
740.3478, 64.18750
740.8300, 75.43262
741.3121, 3.968750
741.7942, 33.66992
742.2763, 24.40137
742.7584, 13.20605
743.2405, 67.31250
743.7227, 1.082031
744.2048, 54.14941
744.6869, 96.29785
745.1690, 100.5137
745.6511, 80.85352
746.1332, 75.42090
746.6154, 105.1299
747.0975, 130.6221
747.5796, 115.1289
748.0617, 77.81836
748.5438, 63.18945
749.0259, 84.69727
749.5081, 105.8711
749.9902, 120.6621
750.4723, 127.4902
750.9544, 123.7822
751.4365, 111.4463
751.9186, 91.28613
752.4008, 64.19922
752.8829, 40.53027
753.3650, 27.51953
753.8471, 27.10156
754.3292, 51.32227
754.8113, 96.97168
755.2935, 123.8945
755.7756, 117.9092
756.2577, 99.72656
756.7398, 91.47070
757.2219, 92.62988
757.7040, 94.75293
758.1862, 108.2520
758.6683, 102.2188
759.1504, 34.75098
759.6325, 18.11426
760.1146, 8.513672
760.5967, 85.34570
761.0789, 124.0654
761.5610, 88.87988
762.0431, 54.95312
762.5252, 59.39844
763.0073, 75.95410
763.4894, 74.65527
763.9716, 64.35449
764.4537, 77.32129
764.9358, 125.9502
765.4179, 174.5166
765.9000, 179.4062
766.3821, 149.7979
766.8643, 111.8682
767.3464, 66.28613
767.8285, 38.21875
768.3106, 36.07031
768.7927, 56.02246
769.2748, 101.2832
769.7570, 169.5127
770.2391, 194.2754
770.7212, 141.5303
771.2033, 100.5303
771.6854, 80.48633
772.1675, 76.08887
772.6497, 96.04492
773.1318, 129.0713
773.6139, 145.1836
774.0960, 133.8545
774.5781, 114.6895
775.0602, 85.61133
775.5424, 61.48535
776.0245, 59.92090
776.5066, 74.72852
776.9887, 92.47363
777.4708, 107.4697
777.9529, 113.9668
778.4351, 100.2197
778.9172, 73.83984
779.3993, 60.47559
779.8814, 59.14844
780.3635, 49.38281
780.8456, 20.77148
781.3278, 0.3339840
781.8099, 17.62109
782.2920, 71.65625
782.7741, 90.66797
783.2562, 46.29102
783.7383, 21.54590
784.2205, 53.96387
784.7026, 87.60059
785.1847, 86.71387
785.6668, 70.39355
786.1489, 73.10547
786.6310, 111.1230
787.1132, 129.6201
787.5953, 84.18457
788.0774, 37.08398
788.5595, 41.23145
789.0416, 75.08496
789.5237, 98.62891
790.0059, 99.77441
790.4880, 85.90039
790.9701, 49.97949
791.4522, 12.22070
791.9343, 17.66406
792.4164, 57.59766
792.8986, 92.72949
793.3807, 115.6895
793.8628, 125.6582
794.3449, 118.2646
794.8270, 96.47266
795.3091, 73.70605
795.7913, 46.82910
796.2734, 34.00781
796.7555, 44.35156
797.2376, 53.36426
797.7197, 53.75488
798.2018, 47.56250
798.6840, 42.10840
799.1661, 36.68457
799.6482, 32.71191
800.1303, 25.33105
800.6124, 23.61230
801.0945, 41.02051
801.5767, 59.52832
802.0588, 54.00684
802.5409, 26.94238
803.0230, 11.22168
803.5051, 31.18066
803.9872, 57.72363
804.4694, 59.76660
804.9515, 48.68164
805.4336, 44.38086
805.9157, 48.60645
806.3978, 57.00391
806.8799, 67.70996
807.3621, 74.90234
807.8442, 62.35547
808.3263, 31.98828
808.8084, 18.10645
809.2905, 22.38379
809.7726, 37.91797
810.2548, 68.66406
810.7369, 95.78125
811.2190, 95.00586
811.7011, 66.56836
812.1832, 44.45996
812.6653, 24.89648
813.1475, 17.54688
813.6296, 29.62109
814.1117, 47.70020
814.5938, 70.09863
815.0759, 91.00781
815.5580, 96.17188
816.0402, 77.20410
816.5223, 62.96191
817.0044, 70.64062
817.4865, 81.50000
817.9686, 90.70996
818.4507, 92.41895
818.9329, 75.04199
819.4150, 38.92871
819.8971, 7.123047
820.3792, 2.971680
820.8613, 3.576172
821.3434, 27.78711
821.8256, 61.74414
822.3077, 72.77930
822.7898, 56.15625
823.2719, 36.75684
823.7540, 30.85938
824.2361, 33.45508
824.7183, 33.70605
825.2004, 31.72266
825.6825, 24.65039
826.1646, 6.962891
826.6467, 0.7187500
827.1288, 21.78809
827.6110, 50.69629
828.0931, 61.58203
828.5752, 53.19141
829.0573, 44.96582
829.5394, 37.74707
830.0215, 29.62305
830.5037, 13.67578
830.9858, 2.532227
831.4679, 10.12109
831.9500, 29.43066
832.4321, 41.79590
832.9142, 41.75098
833.3964, 36.35938
833.8785, 21.94434
834.3606, 10.08496
834.8427, 14.61230
835.3248, 28.69824
835.8069, 39.73438
836.2891, 43.82031
836.7712, 41.99414
837.2533, 31.29883
837.7354, 19.54785
838.2175, 21.56055
838.6996, 34.60742
839.1818, 52.03027
839.6639, 72.18359
840.1460, 80.36914
840.6281, 66.40527
841.1102, 40.41406
841.5923, 21.96777
842.0745, 10.91309
842.5566, 7.470703
843.0387, 11.83301
843.5208, 25.65527
844.0029, 56.41699
844.4850, 86.24805
844.9672, 93.35938
845.4493, 78.13477
845.9314, 61.14453
846.4135, 36.97168
846.8956, 18.99902
847.3777, 9.320313
847.8599, 5.085938
848.3420, 8.321289
848.8241, 14.85840
849.3062, 18.07715
849.7883, 17.62793
850.2704, 9.788086
850.7526, 21.62402
851.2347, 45.40430
851.7168, 33.65137
852.1989, 5.003906
852.6810, 16.20020
853.1631, 25.51465
853.6453, 29.35840
854.1274, 29.67676
854.6095, 30.08496
855.0916, 35.10449
855.5737, 42.91406
856.0558, 53.20117
856.5380, 63.42188
857.0201, 62.03223
857.5022, 44.04688
857.9843, 22.83691
858.4664, 13.61328
858.9485, 13.68262
859.4307, 21.53516
859.9128, 37.86133
860.3949, 49.09863
860.8770, 52.22266
861.3591, 46.83887
861.8412, 28.83789
862.3234, 6.238281
862.8055, 11.76465
863.2876, 64.36035
863.7697, 80.67090
864.2518, 30.83496
864.7339, 3.309570
865.2161, 23.38672
865.6982, 73.05078
866.1803, 99.91992
866.6624, 105.0029
867.1445, 103.7803
867.6266, 87.03906
868.1088, 77.47852
868.5909, 84.84082
869.0730, 95.81543
869.5551, 103.1729
870.0372, 106.5361
870.5193, 105.4102
871.0015, 98.33496
871.4836, 96.07910
871.9657, 112.6094
872.4478, 123.0293
872.9299, 101.0020
873.4120, 67.05371
873.8942, 56.56250
874.3763, 71.04004
874.8584, 79.56543
875.3405, 58.69727
875.8226, 34.85547
876.3047, 43.64746
876.7869, 68.31543
877.2690, 73.94824
877.7511, 63.22363
878.2332, 64.72070
878.7153, 90.08984
879.1974, 116.9209
879.6796, 117.7207
880.1617, 99.62109
880.6438, 90.27246
881.1259, 89.71680
881.6080, 90.32227
882.0901, 90.64062
882.5723, 93.71094
883.0544, 100.1582
883.5365, 105.7900
884.0186, 99.96973
884.5007, 78.42188
884.9828, 75.15625
885.4650, 97.99414
885.9471, 111.0713
886.4292, 97.86523
886.9113, 77.70996
887.3934, 70.60059
887.8755, 75.67871
888.3577, 82.77148
888.8398, 98.52344
889.3219, 108.3027
889.8040, 108.0127
890.2861, 104.2969
890.7682, 91.00781
891.2504, 78.81445
891.7325, 84.56250
892.2146, 111.1270
892.6967, 130.1387
893.1788, 123.6953
893.6609, 120.0332
894.1431, 140.6738
894.6252, 161.1074
895.1073, 155.9922
895.5894, 131.1113
896.0715, 104.9805
896.5536, 80.44434
897.0358, 71.67773
897.5179, 111.7354
898.0000, 148.3105
898.4821, 115.0303
898.9642, 52.52051
899.4464, 40.14551
899.9285, 84.13184
900.4106, 121.8887
900.8927, 111.7324
901.3748, 85.18945
901.8569, 75.23242
902.3391, 78.15332
902.8212, 92.10156
903.3033, 111.3115
903.7854, 119.4766
904.2675, 110.8711
904.7496, 96.01855
905.2318, 83.80859
905.7139, 75.76758
906.1960, 82.83203
906.6781, 100.7832
907.1602, 90.85059
907.6423, 47.92871
908.1245, 23.16211
908.6066, 42.17090
909.0887, 82.81445
909.5708, 108.7275
910.0529, 121.0908
910.5350, 126.0273
911.0172, 122.9639
911.4993, 111.5869
911.9814, 89.08594
912.4635, 66.83008
912.9456, 54.34766
913.4277, 49.16797
913.9099, 43.46582
914.3920, 38.54395
914.8741, 27.92285
915.3562, 2.315430
915.8383, 10.82422
916.3204, 5.126953
916.8026, 31.38477
917.2847, 50.60059
917.7668, 62.55762
918.2489, 63.70605
918.7310, 38.66797
919.2131, 26.14062
919.6953, 37.02832
920.1774, 50.34863
920.6595, 65.17188
921.1416, 72.32715
921.6237, 50.95898
922.1058, 1.427734
922.5880, 30.13086
923.0701, 13.13379
923.5522, 15.56250
924.0343, 68.01855
924.5164, 107.6094
924.9985, 89.60742
925.4807, 40.31836
925.9628, 21.40820
926.4449, 50.26660
926.9270, 76.56445
927.4091, 83.02734
927.8912, 74.23828
928.3734, 36.34180
928.8555, 4.107422
929.3376, 9.002930
929.8197, 14.90625
930.3018, 29.65625
930.7839, 18.24219
931.2661, 1.411133
931.7482, 8.372070
932.2303, 13.00098
932.7124, 16.31934
933.1945, 15.43945
933.6766, 3.759766
934.1588, 18.96289
934.6409, 49.18359
935.1230, 90.85059
935.6051, 118.6680
936.0872, 86.86133
936.5693, 27.84863
937.0515, 1.425781
937.5336, 1.877930
938.0157, 14.87305
938.4978, 42.04102
938.9799, 55.80078
939.4620, 28.77734
939.9442, 11.78125
940.4263, 5.533203
940.9084, 31.34863
941.3905, 37.38867
941.8726, 11.03809
942.3547, 8.324219
942.8369, 3.981445
943.3190, 11.43945
943.8011, 26.25977
944.2832, 37.86523
944.7653, 35.67578
945.2474, 20.59766
945.7296, 2.040039
946.2117, 18.61914
946.6938, 37.38477
947.1759, 53.84375
947.6580, 54.82715
948.1401, 8.881836
948.6223, 75.49512
949.1044, 89.60840
949.5865, 25.68555
950.0686, 18.22852
950.5507, 20.72949
951.0328, 10.31250
951.5150, 4.907227
951.9971, 0.5888670
952.4792, 12.28320
952.9613, 35.25879
953.4434, 48.02148
953.9255, 48.38574
954.4077, 46.81836
954.8898, 45.07812
955.3719, 44.43457
955.8540, 47.22852
956.3361, 50.46680
956.8182, 43.39062
957.3004, 18.98438
957.7825, 14.57520
958.2646, 45.75879
958.7467, 59.82324
959.2288, 29.91211
959.7109, 6.602539
960.1931, 15.92773
960.6752, 3.083008
961.1573, 9.877930
961.6394, 26.44629
962.1215, 34.94824
962.6036, 26.82715
963.0858, 24.25781
963.5679, 48.21777
964.0500, 68.67969
964.5321, 43.67480
965.0142, 18.03125
965.4963, 45.45801
965.9785, 12.57129
966.4606, 12.86621
966.9427, 26.24609
967.4248, 37.20020
967.9069, 51.66602
968.3890, 64.06934
968.8712, 65.87305
969.3533, 58.13867
969.8354, 55.55957
970.3175, 64.48242
970.7996, 70.34570
971.2817, 70.76465
971.7639, 68.96484
972.2460, 61.84277
972.7281, 56.06543
973.2102, 62.12500
973.6923, 79.69531
974.1744, 92.16992
974.6566, 95.62695
975.1387, 94.08398
975.6208, 76.63184
976.1029, 66.75391
976.5850, 86.97754
977.0671, 118.9482
977.5493, 133.5264
978.0314, 128.2695
978.5135, 129.4482
978.9956, 148.6260
979.4777, 166.8906
979.9598, 176.9570
980.4420, 183.7285
980.9241, 194.2021
981.4062, 207.2773
981.8883, 219.6572
982.3704, 230.5723
982.8525, 237.9424
983.3347, 235.7852
983.8168, 236.9502
984.2989, 226.0595
984.7810, 244.0555
985.2631, 256.2280
985.7452, 262.8893
986.2274, 247.5372
986.7095, 260.6114
987.1916, 262.2935
987.6737, 263.5083
988.1558, 280.5843
988.6379, 268.4323
989.1201, 309.3701
989.6022, 317.6562
990.0843, 316.7949
990.5664, 321.8281
991.0485, 336.0781
991.5306, 351.4746
992.0128, 370.3516
992.4949, 381.7705
992.9770, 379.0176
993.4591, 368.0771
993.9412, 352.4961
994.4233, 333.4854
994.9055, 306.2744
995.3876, 270.8535
995.8697, 256.3701
996.3518, 297.6621
996.8339, 333.2158
997.3160, 321.6504
997.7982, 297.8662
998.2803, 301.7305
998.7624, 320.6523
999.2445, 318.9668
999.7266, 288.5215
1000.209, 259.2773
1000.691, 239.8291
1001.173, 234.0859
1001.655, 258.7334
1002.137, 284.1523
1002.619, 277.5557
1003.101, 251.6787
1003.584, 235.7949
1004.066, 235.5957
1004.548, 240.6748
1005.030, 255.6436
1005.512, 264.4795
1005.994, 255.1084
1006.476, 241.9502
1006.958, 239.7295
1007.440, 244.4941
1007.923, 244.7842
1008.405, 239.5117
1008.887, 233.4111
1009.369, 218.9971
1009.851, 214.9727
1010.333, 240.5010
1010.815, 271.0527
1011.297, 282.6416
1011.780, 283.9346
1012.262, 295.2051
1012.744, 320.2207
1013.226, 343.7021
1013.708, 359.9375
1014.190, 373.0254
1014.672, 386.9326
1015.154, 396.3682
1015.636, 393.2871
1016.119, 384.2900
1016.601, 378.0566
1017.083, 376.7832
1017.565, 388.0938
1018.047, 424.0264
1018.529, 460.8877
1019.011, 489.0596
1019.493, 514.2881
1019.976, 542.1260
1020.458, 569.4795
1020.940, 588.5723
1021.422, 599.4053
1021.904, 616.8096
1022.386, 643.5674
1022.868, 679.0732
1023.350, 730.5859
1023.832, 784.6904
1024.315, 821.5020
1024.797, 855.7500
1025.279, 915.3428
1025.761, 999.2529
1026.243, 1065.700
1026.725, 1086.907
1027.207, 1117.724
1027.689, 1179.582
1028.172, 1244.243
1028.654, 1286.788
1029.136, 1328.451
1029.618, 1404.539
1030.100, 1511.916
1030.582, 1600.833
1031.064, 1655.384
1031.546, 1706.992
1032.028, 1755.451
1032.511, 1807.724
1032.993, 1861.342
1033.475, 1924.280
1033.957, 2012.099
1034.439, 2119.206
1034.921, 2210.692
1035.403, 2275.777
1035.885, 2344.114
1036.368, 2426.929
1036.850, 2501.021
1037.332, 2554.804
1037.814, 2599.591
1038.296, 2646.460
1038.778, 2692.876
1039.260, 2729.251
1039.742, 2754.455
1040.224, 2772.700
1040.707, 2786.003
1041.189, 2788.835
1041.671, 2776.526
1042.153, 2758.068
1042.635, 2749.329
1043.117, 2735.298
1043.599, 2668.335
1044.081, 2525.533
1044.563, 2445.944
1045.046, 2477.312
1045.528, 2459.938
1046.010, 2340.215
1046.492, 2203.871
1046.974, 2101.601
1047.456, 2025.523
1047.938, 1964.283
1048.420, 1919.530
1048.902, 1854.893
1049.385, 1765.609
1049.867, 1672.105
1050.349, 1570.129
1050.831, 1494.063
1051.313, 1470.995
1051.795, 1463.098
1052.277, 1410.868
1052.759, 1320.392
1053.242, 1256.417
1053.724, 1221.189
1054.206, 1184.459
1054.688, 1141.613
1055.170, 1108.419
1055.652, 1094.664
1056.134, 1075.740
1056.616, 1015.938
1057.099, 932.4355
1057.581, 904.2939
1058.063, 927.2363
1058.545, 939.7705
1059.027, 937.9453
1059.509, 925.7285
1059.991, 903.5439
1060.473, 877.8809
1060.955, 854.5947
1061.438, 831.4824
1061.920, 800.7363
1062.402, 765.0801
1062.884, 735.7305
1063.366, 710.3721
1063.848, 673.9004
1064.330, 622.6455
1064.812, 568.1787
1065.294, 519.0205
1065.777, 476.8789
1066.259, 445.3672
1066.741, 421.8223
1067.223, 400.3184
1067.705, 382.4854
1068.187, 378.9160
1068.669, 384.7471
1069.151, 372.4229
1069.634, 328.8447
1070.116, 283.2158
1070.598, 261.9795
1071.080, 252.1855
1071.562, 247.7363
1072.044, 239.4512
1072.526, 204.9990
1073.008, 157.0762
1073.490, 132.8701
1073.973, 142.2275
1074.455, 148.6895
1074.937, 125.3740
1075.419, 99.36328
1075.901, 83.00879
1076.383, 76.15625
1076.865, 91.35938
1077.347, 109.5488
1077.829, 93.02637
1078.312, 42.75781
1078.794, 11.04297
1079.276, 24.58887
1079.758, 37.65332
1080.240, 35.58398
1080.722, 30.66211
1081.204, 25.96387
1081.686, 24.67480
1082.169, 36.02539
1082.651, 54.25781
1083.133, 53.68359
1083.615, 21.34961
1084.097, 1.566406
1084.579, 2.795898
1085.061, 6.145508
1085.543, 27.06445
1086.026, 41.81934
1086.508, 31.94824
1086.990, 4.365234
1087.472, 26.58594
1087.954, 63.94043
1088.436, 84.17578
1088.918, 82.69531
1089.400, 75.02930
1089.882, 58.62695
1090.365, 49.04395
1090.847, 55.95215
1091.329, 69.55566
1091.811, 76.86914
1092.293, 79.17773
1092.775, 84.59570
1093.257, 93.36426
1093.739, 101.6729
1094.221, 109.1758
1094.704, 119.6348
1095.186, 135.1670
1095.668, 141.0625
1096.150, 122.0586
1096.632, 93.95605
1097.114, 94.48047
1097.596, 115.3047
1098.078, 114.5479
1098.561, 97.56250
1099.043, 102.1611
1099.525, 131.8193
1100.007, 149.7588
1100.489, 135.1533
1100.971, 112.4463
1101.453, 104.7002
1101.935, 110.2344
1102.417, 139.7305
1102.900, 173.6992
1103.382, 170.6572
1103.864, 139.4580
1104.346, 117.7910
1104.828, 117.1777
1105.310, 123.2959
1105.792, 134.5498
1106.274, 137.6807
1106.756, 117.9102
1107.239, 90.78320
1107.721, 60.08105
1108.203, 37.77051
1108.685, 49.47266
1109.167, 88.20996
1109.649, 104.1768
1110.131, 72.45898
1110.613, 48.75293
1111.096, 54.06445
1111.578, 63.03613
1112.060, 78.43750
1112.542, 81.09668
1113.024, 39.34277
1113.506, 23.98633
1113.988, 48.15234
1114.470, 26.05273
1114.953, 9.359375
1115.435, 4.581055
1115.917, 6.611328
1116.399, 12.11914
1116.881, 27.65918
1117.363, 29.04590
1117.845, 19.64453
1118.327, 0.3544920
1118.809, 25.70410
1119.292, 24.59961
1119.774, 5.129883
1120.256, 29.31348
1120.738, 47.31250
1121.220, 45.19531
1121.702, 18.19727
1122.184, 12.12695
1122.666, 31.54492
1123.148, 42.68359
1123.631, 43.57129
1124.113, 36.36523
1124.595, 38.61133
1125.077, 46.89844
1125.559, 42.18457
1126.041, 26.35059
1126.523, 24.11426
1127.005, 44.30078
1127.488, 59.05371
1127.970, 38.02051
1128.452, 11.85449
1128.934, 17.04492
1129.416, 31.44922
1129.898, 24.15039
1130.380, 7.663086
1130.862, 12.19922
1131.344, 36.90820
1131.827, 48.44922
1132.309, 28.08105
1132.791, 15.90918
1133.273, 42.05078
1133.755, 60.85645
1134.237, 47.75293
1134.719, 24.11914
1135.201, 1.964844
1135.683, 13.67383
1136.166, 13.61426
1136.648, 3.356445
1137.130, 31.77246
1137.612, 90.62891
1138.094, 121.0576
1138.576, 108.0137
1139.058, 85.39062
1139.540, 64.02051
1140.023, 45.76660
1140.505, 31.23926
1140.987, 23.12305
1141.469, 35.24805
1141.951, 68.23242
1142.433, 84.50781
1142.915, 83.30469
1143.397, 61.57617
1143.880, 19.95801
1144.362, 1.531250
1144.844, 31.31250
1145.326, 69.13379
1145.808, 57.66016
1146.290, 29.91406
1146.772, 60.27051
1147.254, 119.6953
1147.736, 143.9648
1148.219, 141.0059
1148.701, 154.2842
1149.183, 191.0322
1149.665, 214.5781
1150.147, 198.8105
1150.629, 183.2109
1151.111, 200.4785
1151.593, 220.2256
1152.075, 217.8359
1152.558, 207.6748
1153.040, 202.7080
1153.522, 205.4160
1154.004, 220.7637
1154.486, 252.5732
1154.968, 270.4756
1155.450, 253.6572
1155.932, 249.5332
1156.415, 278.6904
1156.897, 298.8223
1157.379, 289.8691
1157.861, 265.3213
1158.343, 234.9619
1158.825, 204.3389
1159.307, 197.2266
1159.789, 216.2578
1160.271, 232.8984
1160.754, 247.0986
1161.236, 257.6357
1161.718, 264.3164
1162.200, 256.4893
1162.682, 227.6572
1163.164, 190.0566
1163.646, 152.5098
1164.128, 123.6455
1164.610, 130.9189
1165.093, 155.0557
1165.575, 149.2773
1166.057, 124.3672
1166.539, 71.46387
1167.021, 125.9082
1167.503, 156.3643
1167.985, 164.1250
1168.467, 81.23242
1168.950, 115.3770
1169.432, 102.6055
1169.914, 87.90234
1170.396, 138.4961
1170.878, 68.74316
1171.360, 116.8428
1171.842, 115.7725
1172.324, 137.8564
1172.807, 99.68555
1173.289, 85.61426
1173.771, 85.43652
1174.253, 116.0635
1174.735, 122.6787
1175.217, 77.97949
1175.699, 29.32520
1176.181, 16.52832
1176.663, 23.56738
1177.146, 16.90332
1177.628, 1.761719
1178.110, 8.871094
1178.592, 8.059570
1179.074, 0.3076170
1179.556, 8.261719
1180.038, 2.591797
1180.520, 20.34717
1181.002, 31.88379
1181.485, 5.110352
1181.967, 32.45410
1182.449, 44.97168
1182.931, 52.78125
1183.413, 92.73535
1183.895, 136.5508
1184.377, 127.0977
1184.859, 78.79590
1185.342, 48.77637
1185.824, 48.88965
1186.306, 57.18164
1186.788, 82.53809
1187.270, 95.30469
1187.752, 73.18945
1188.234, 56.47363
1188.716, 79.65918
1189.198, 101.1201
1189.681, 70.44141
1190.163, 8.012695
1190.645, 8.240234
1191.127, 25.76172
1191.609, 42.10352
1192.091, 37.95898
1192.573, 54.22852
1193.055, 98.16504
1193.537, 124.7520
1194.020, 113.5088
1194.502, 95.15332
1194.984, 101.4600
1195.466, 115.4443
1195.948, 104.4541
1196.430, 84.50977
1196.912, 84.71875
1197.394, 98.53711
1197.877, 116.9072
1198.359, 132.3467
1198.841, 125.1953
1199.323, 87.80273
1199.805, 62.13184
1200.287, 87.31055
1200.769, 98.05176
1201.251, 49.41260
1201.734, 3.924316
1202.216, 3.427246
1202.698, 21.82422
1203.180, 32.20215
1203.662, 35.17236
1204.144, 29.33984
1204.626, 9.150879
1205.108, 27.35645
1205.590, 92.39746
1206.073, 138.4355
1206.555, 155.8296
1207.037, 148.5220
1207.519, 125.2246
1208.001, 96.05273
1208.483, 56.67676
1208.965, 31.06250
1209.447, 31.57031
1209.929, 45.62793
1210.412, 58.69238
1210.894, 68.48047
1211.376, 71.28125
1211.858, 68.26562
1212.340, 64.10156
1212.822, 60.18066
1213.304, 52.40918
1213.786, 51.17285
1214.269, 45.78516
1214.751, 21.71973
1215.233, 7.636719
1215.715, 27.20508
1216.197, 55.60840
1216.679, 74.87695
1217.161, 83.41016
1217.643, 74.27832
1218.125, 46.75293
1218.608, 40.38672
1219.090, 55.41895
1219.572, 46.80566
1220.054, 6.488281
1220.536, 0.2841800
1221.018, 49.68262
1221.500, 92.75488
1221.982, 79.80469
1222.464, 48.47363
1222.947, 48.85938
1223.429, 58.58691
1223.911, 41.83203
1224.393, 17.31250
1224.875, 15.98242
1225.357, 30.10742
1225.839, 37.11621
1226.321, 33.11230
1226.804, 26.97949
1227.286, 18.47461
1227.768, 13.84766
1228.250, 14.61230
1228.732, 19.01660
1229.214, 31.86133
1229.696, 39.08398
1230.178, 30.00781
1230.661, 13.92871
1231.143, 3.189453
1231.625, 1.742188
1232.107, 0.3281250
1232.589, 9.720703
1233.071, 37.19531
1233.553, 76.74707
1234.035, 87.96680
1234.517, 67.14160
1235.000, 32.98535
1235.482, 0.0000000E+00
##END=



