##NAMES=Almandine
##RRUFFID=R050029
##IDEAL CHEMISTRY=Fe^2+^_3_Al_2_(SiO_4_)_3_
##LOCALITY=Barton Garnet mine, Gore Mountain, Warren County, New York, USA
##OWNER=RRUFF
##SOURCE=University of Arizona Mineral Museum
##DESCRIPTION=Reddish brown fragments
##STATUS=The identification of this mineral has been confirmed by X-ray diffraction and chemical analysis
##URL=rruff.info/R050029
##MEASURED CHEMISTRY=(Fe^2+^_1.34_Mg_1.26_Ca_0.37_Mn_0.03_)_Σ=3_Al_2.00_(Si_1.00_O_4_)_3_
131.1439, 0.0000000E+00
131.6260, 1.007660
132.1081, 7.377716
132.5902, 11.57907
133.0723, 0.3283390
133.5544, 2.077393
134.0366, 20.98172
134.5187, 56.39374
135.0008, 82.21100
135.4829, 82.43445
135.9650, 58.47937
136.4471, 41.62769
136.9293, 35.65729
137.4114, 32.01141
137.8935, 29.97552
138.3756, 28.45020
138.8577, 25.43372
139.3398, 19.03906
139.8220, 9.178162
140.3041, 3.339600
140.7862, 3.698792
141.2683, 4.996582
141.7504, 3.064331
142.2325, 0.6023560
142.7147, 0.5132450
143.1968, 7.715393
143.6789, 24.46582
144.1610, 43.87585
144.6431, 65.75977
145.1252, 89.96106
145.6074, 117.6411
146.0895, 148.2242
146.5716, 178.7726
147.0537, 207.5471
147.5358, 234.0807
148.0179, 256.8365
148.5001, 271.9882
148.9822, 286.2198
149.4643, 305.1121
149.9464, 328.9058
150.4285, 353.0299
150.9106, 375.7245
151.3928, 395.8627
151.8749, 408.2289
152.3570, 408.6190
152.8391, 403.4199
153.3212, 397.7355
153.8033, 391.8882
154.2855, 385.8162
154.7676, 379.8691
155.2497, 373.6958
155.7318, 365.8367
156.2139, 356.7341
156.6960, 345.4838
157.1782, 329.3242
157.6603, 307.1844
158.1424, 286.5992
158.6245, 273.6324
159.1066, 266.7957
159.5887, 263.6819
160.0709, 266.3716
160.5530, 271.4329
161.0351, 273.9858
161.5172, 273.5836
161.9993, 271.8471
162.4814, 268.4814
162.9636, 264.5925
163.4457, 262.4553
163.9278, 261.8222
164.4099, 263.7080
164.8920, 272.5068
165.3741, 292.6005
165.8563, 307.0390
166.3384, 297.5373
166.8205, 276.0118
167.3026, 262.8287
167.7847, 270.5917
168.2668, 290.5035
168.7490, 303.1207
169.2311, 305.7201
169.7132, 307.1820
170.1953, 310.9054
170.6774, 316.8357
171.1595, 325.5270
171.6417, 339.3694
172.1238, 355.2397
172.6059, 364.3153
173.0880, 362.4385
173.5701, 362.1073
174.0522, 370.6536
174.5344, 383.8150
175.0165, 395.4132
175.4986, 402.3813
175.9807, 405.9581
176.4628, 410.1016
176.9449, 416.9163
177.4271, 420.0668
177.9092, 417.4897
178.3913, 410.3789
178.8734, 399.7698
179.3555, 385.0677
179.8376, 368.1040
180.3197, 355.0695
180.8019, 350.9641
181.2840, 341.5718
181.7661, 316.3888
182.2482, 285.9756
182.7303, 263.8304
183.2124, 257.2361
183.6946, 261.7962
184.1767, 265.5948
184.6588, 269.6975
185.1409, 270.7205
185.6230, 266.7294
186.1051, 260.1254
186.5873, 252.5743
187.0694, 244.0973
187.5515, 237.2729
188.0336, 240.8725
188.5157, 266.9846
188.9978, 280.6940
189.4800, 270.5387
189.9621, 249.8883
190.4442, 230.5902
190.9263, 217.3904
191.4084, 211.5247
191.8905, 217.9480
192.3727, 248.1449
192.8548, 269.9780
193.3369, 274.1403
193.8190, 270.7561
194.3011, 269.2567
194.7832, 273.3802
195.2654, 280.7649
195.7475, 286.3889
196.2296, 289.8641
196.7117, 292.2109
197.1938, 292.8457
197.6759, 293.0352
198.1581, 293.1543
198.6402, 293.4364
199.1223, 295.5317
199.6044, 302.4344
200.0865, 320.4636
200.5686, 331.1973
201.0508, 326.1464
201.5329, 318.8185
202.0150, 320.7410
202.4971, 334.7275
202.9792, 353.3884
203.4613, 365.1515
203.9435, 368.3121
204.4256, 367.7458
204.9077, 360.9048
205.3898, 353.0170
205.8719, 346.0386
206.3540, 341.0392
206.8362, 340.0056
207.3183, 348.2954
207.8004, 375.2985
208.2825, 386.6996
208.7646, 369.6195
209.2467, 348.7661
209.7289, 337.5096
210.2110, 338.3800
210.6931, 345.7705
211.1752, 354.6896
211.6573, 367.2212
212.1395, 371.1472
212.6216, 360.8291
213.1037, 347.0201
213.5858, 332.9677
214.0679, 320.3164
214.5500, 310.9341
215.0322, 307.8390
215.5143, 312.8472
215.9964, 311.8146
216.4785, 298.5001
216.9606, 285.3130
217.4427, 278.2020
217.9249, 275.7277
218.4070, 272.1973
218.8891, 262.3569
219.3712, 246.3103
219.8533, 234.0266
220.3354, 225.9283
220.8176, 221.6962
221.2997, 225.2717
221.7818, 232.5278
222.2639, 235.7733
222.7460, 229.1184
223.2281, 213.5302
223.7103, 199.8236
224.1924, 188.7946
224.6745, 179.4104
225.1566, 171.3821
225.6387, 164.5482
226.1208, 158.9706
226.6030, 154.6877
227.0851, 151.2793
227.5672, 147.4700
228.0493, 143.7473
228.5314, 138.3976
229.0135, 128.4365
229.4957, 118.1538
229.9778, 113.4175
230.4599, 117.0663
230.9420, 124.9523
231.4241, 126.3409
231.9062, 115.3636
232.3884, 107.8882
232.8705, 109.7534
233.3526, 113.4143
233.8347, 111.3347
234.3168, 101.2108
234.7989, 88.13733
235.2811, 81.07239
235.7632, 82.69653
236.2453, 85.07239
236.7274, 89.33716
237.2095, 92.18091
237.6916, 90.33606
238.1738, 84.43433
238.6559, 77.39172
239.1380, 72.97778
239.6201, 72.10205
240.1022, 70.48303
240.5843, 68.95789
241.0665, 65.85754
241.5486, 56.69104
242.0307, 43.54333
242.5128, 35.41809
242.9949, 44.62976
243.4770, 73.64893
243.9592, 90.23584
244.4413, 82.50122
244.9234, 72.83228
245.4055, 69.20007
245.8876, 70.49622
246.3697, 72.33093
246.8519, 72.05017
247.3340, 69.65027
247.8161, 64.79932
248.2982, 54.44482
248.7803, 45.72888
249.2624, 40.35229
249.7446, 38.15955
250.2267, 39.82947
250.7088, 47.79504
251.1909, 57.60498
251.6730, 54.80737
252.1551, 31.34570
252.6373, 11.57727
253.1194, 3.056641
253.6015, 1.863037
254.0836, 5.651123
254.5657, 14.79968
255.0478, 23.92102
255.5300, 21.95386
256.0121, 4.228149
256.4942, 6.739990
256.9763, 2.754150
257.4584, 17.39172
257.9406, 26.12366
258.4227, 26.51770
258.9048, 24.60693
259.3869, 27.93848
259.8690, 36.94409
260.3511, 40.99377
260.8333, 34.53149
261.3154, 25.41235
261.7975, 18.44031
262.2796, 13.95532
262.7617, 11.75427
263.2438, 12.88916
263.7260, 16.66406
264.2081, 18.99402
264.6902, 19.25793
265.1723, 18.23657
265.6544, 17.57825
266.1365, 16.55261
266.6187, 12.42017
267.1008, 1.578247
267.5829, 12.82837
268.0650, 25.19031
268.5471, 36.31873
269.0292, 42.31531
269.5114, 35.01880
269.9935, 21.07617
270.4756, 11.83948
270.9577, 13.18896
271.4398, 18.00305
271.9219, 18.25232
272.4041, 13.81250
272.8862, 8.741699
273.3683, 3.804321
273.8504, 0.2032470
274.3325, 0.3908690
274.8146, 7.316772
275.2968, 12.87341
275.7789, 9.474854
276.2610, 0.5181880
276.7431, 7.075439
277.2252, 5.691040
277.7073, 0.5701900
278.1895, 1.468384
278.6716, 0.3154300
279.1537, 2.255249
279.6358, 8.345947
280.1179, 14.83386
280.6000, 15.11218
281.0822, 7.007813
281.5643, 2.846558
282.0464, 6.000977
282.5285, 1.752686
283.0106, 0.3287350
283.4927, 3.406006
283.9749, 8.116333
284.4570, 9.905884
284.9391, 8.355469
285.4212, 3.793823
285.9033, 4.791260
286.3854, 17.05750
286.8676, 22.94666
287.3497, 16.46399
287.8318, 10.04626
288.3139, 10.00159
288.7960, 14.95581
289.2781, 21.14209
289.7603, 26.91931
290.2424, 31.63159
290.7245, 32.20947
291.2066, 26.06360
291.6887, 19.32544
292.1708, 12.39819
292.6530, 5.541870
293.1351, 2.444580
293.6172, 11.82959
294.0993, 18.61377
294.5814, 14.96582
295.0635, 9.518433
295.5457, 24.75354
296.0278, 24.69739
296.5099, 20.42798
296.9920, 19.14539
297.4741, 21.88342
297.9562, 26.04089
298.4384, 29.13635
298.9205, 31.19543
299.4026, 31.95276
299.8847, 30.23669
300.3668, 28.43726
300.8489, 25.58997
301.3311, 23.32947
301.8131, 24.56445
302.2953, 31.20142
302.7774, 42.87378
303.2595, 58.60303
303.7416, 86.86719
304.2237, 106.0848
304.7058, 105.5298
305.1880, 97.45886
305.6701, 95.41272
306.1522, 104.5223
306.6343, 118.5863
307.1164, 127.7003
307.5985, 130.9059
308.0807, 132.5712
308.5628, 129.3954
309.0449, 127.7579
309.5270, 132.6024
310.0091, 143.9724
310.4912, 156.6522
310.9734, 164.0417
311.4555, 167.2303
311.9376, 179.6238
312.4197, 209.8949
312.9018, 238.1176
313.3839, 250.3954
313.8661, 251.1725
314.3482, 251.4146
314.8303, 257.6580
315.3124, 266.3848
315.7945, 271.6089
316.2766, 272.7711
316.7588, 273.6932
317.2409, 276.5558
317.7230, 280.4019
318.2051, 283.5740
318.6872, 285.4329
319.1693, 287.3521
319.6515, 290.7665
320.1336, 295.2402
320.6157, 298.2507
321.0978, 297.6207
321.5799, 297.2452
322.0620, 304.9739
322.5442, 322.2814
323.0263, 336.4489
323.5084, 341.2037
323.9905, 342.0081
324.4726, 344.2554
324.9547, 348.8904
325.4369, 358.4873
325.9190, 377.4800
326.4011, 407.1663
326.8832, 432.7632
327.3653, 453.7120
327.8474, 473.0132
328.3296, 491.0458
328.8117, 507.8715
329.2938, 524.0527
329.7759, 540.0255
330.2580, 556.6967
330.7401, 576.6366
331.2223, 595.2217
331.7044, 622.9861
332.1865, 669.5618
332.6686, 721.5175
333.1507, 764.0232
333.6328, 793.1958
334.1150, 817.2061
334.5971, 847.8054
335.0792, 888.1023
335.5613, 925.9148
336.0434, 957.5579
336.5255, 990.2905
337.0077, 1027.793
337.4898, 1069.551
337.9719, 1113.296
338.4540, 1157.205
338.9361, 1201.349
339.4182, 1246.261
339.9004, 1292.322
340.3825, 1338.783
340.8646, 1383.591
341.3467, 1428.964
341.8288, 1477.600
342.3109, 1530.765
342.7931, 1588.157
343.2752, 1649.614
343.7573, 1715.558
344.2394, 1783.673
344.7215, 1854.590
345.2036, 1927.097
345.6858, 1998.594
346.1679, 2069.400
346.6500, 2146.449
347.1321, 2235.056
347.6142, 2333.104
348.0963, 2436.788
348.5785, 2547.601
349.0606, 2658.900
349.5427, 2766.990
350.0248, 2871.709
350.5069, 2971.232
350.9890, 3063.819
351.4712, 3152.083
351.9533, 3241.741
352.4354, 3331.489
352.9175, 3413.145
353.3996, 3482.980
353.8817, 3539.963
354.3639, 3581.535
354.8460, 3618.487
355.3281, 3623.739
355.8102, 3575.342
356.2923, 3499.150
356.7744, 3427.320
357.2566, 3365.866
357.7387, 3300.676
358.2208, 3219.373
358.7029, 3122.865
359.1850, 3005.400
359.6671, 2840.620
360.1493, 2684.435
360.6314, 2565.309
361.1135, 2474.503
361.5956, 2390.558
362.0777, 2300.708
362.5598, 2206.389
363.0420, 2112.557
363.5241, 2012.610
364.0062, 1925.133
364.4883, 1856.494
364.9704, 1796.904
365.4525, 1738.912
365.9347, 1680.995
366.4168, 1624.666
366.8989, 1570.580
367.3810, 1517.435
367.8631, 1473.053
368.3452, 1441.418
368.8274, 1415.000
369.3095, 1392.616
369.7916, 1372.251
370.2737, 1348.847
370.7558, 1317.617
371.2379, 1282.392
371.7201, 1251.493
372.2022, 1225.955
372.6843, 1201.310
373.1664, 1173.675
373.6485, 1147.074
374.1306, 1129.178
374.6128, 1123.817
375.0949, 1112.753
375.5770, 1081.972
376.0591, 1040.296
376.5412, 1004.362
377.0233, 977.4067
377.5055, 956.3191
377.9876, 940.5419
378.4697, 930.9683
378.9518, 911.0740
379.4339, 871.6108
379.9160, 829.6279
380.3982, 794.6724
380.8803, 766.1724
381.3624, 741.0120
381.8445, 717.3381
382.3266, 694.6075
382.8087, 671.5900
383.2909, 650.1759
383.7730, 626.1788
384.2551, 598.3265
384.7372, 568.7781
385.2193, 537.9490
385.7014, 506.7194
386.1836, 477.6848
386.6657, 453.7979
387.1478, 435.7937
387.6299, 412.4847
388.1120, 372.0602
388.5941, 340.3430
389.0763, 335.2639
389.5584, 341.7712
390.0405, 334.7029
390.5226, 300.4647
391.0047, 258.9369
391.4868, 243.7678
391.9690, 257.7354
392.4511, 264.2943
392.9332, 249.9879
393.4153, 229.0453
393.8974, 215.6053
394.3795, 209.7028
394.8617, 202.3459
395.3438, 186.5795
395.8259, 167.4324
396.3080, 153.6304
396.7901, 146.1849
397.2722, 140.1025
397.7544, 131.2546
398.2365, 120.7936
398.7186, 114.6263
399.2007, 119.9131
399.6828, 121.5161
400.1649, 110.5315
400.6471, 92.72778
401.1292, 76.95850
401.6113, 66.04651
402.0934, 59.22192
402.5755, 55.41980
403.0576, 55.42407
403.5398, 56.36853
404.0219, 60.97498
404.5040, 63.91064
404.9861, 60.24451
405.4682, 52.53674
405.9503, 47.61401
406.4325, 50.22925
406.9146, 57.82349
407.3967, 61.08679
407.8788, 57.63379
408.3609, 54.67871
408.8430, 54.87366
409.3252, 55.24023
409.8073, 52.72498
410.2894, 47.09705
410.7715, 41.92871
411.2536, 41.38049
411.7357, 44.27515
412.2179, 45.37903
412.7000, 45.80334
413.1821, 40.92017
413.6642, 18.64514
414.1463, 10.70789
414.6284, 24.55786
415.1106, 8.477783
415.5927, 11.54150
416.0748, 15.04773
416.5569, 6.794067
417.0390, 2.005981
417.5211, 6.446777
418.0033, 13.94360
418.4854, 14.74219
418.9675, 5.532104
419.4496, 1.022583
419.9317, 6.696045
420.4138, 13.14050
420.8960, 13.11658
421.3781, 7.967285
421.8602, 3.887695
422.3423, 5.126343
422.8244, 9.958862
423.3065, 10.66785
423.7887, 2.185547
424.2708, 2.459473
424.7529, 1.653442
425.2350, 7.367065
425.7171, 8.992065
426.1992, 5.696655
426.6814, 0.2185060
427.1635, 6.736694
427.6456, 14.66577
428.1277, 15.69482
428.6098, 5.269409
429.0919, 3.291870
429.5741, 1.295410
430.0562, 6.369751
430.5383, 13.02271
431.0204, 17.61707
431.5025, 19.78918
431.9846, 17.44934
432.4668, 12.12634
432.9489, 9.653076
433.4310, 11.98865
433.9131, 15.95898
434.3952, 18.07422
434.8773, 18.17468
435.3595, 17.51538
435.8416, 16.36768
436.3237, 14.27539
436.8058, 9.823853
437.2879, 4.175293
437.7701, 0.6483150
438.2522, 1.167114
438.7343, 3.359009
439.2164, 0.8359380
439.6985, 11.64807
440.1806, 19.41785
440.6628, 20.62512
441.1449, 19.01477
441.6270, 16.11987
442.1091, 12.55322
442.5912, 8.613281
443.0733, 2.888916
443.5555, 2.373291
444.0376, 4.645386
444.5197, 31.75269
445.0018, 49.20093
445.4839, 35.64307
445.9660, 11.80603
446.4482, 1.912964
446.9303, 1.879761
447.4124, 0.5989990
447.8945, 8.468262
448.3766, 19.96460
448.8587, 22.37268
449.3409, 13.53918
449.8230, 2.516846
450.3051, 3.556763
450.7872, 5.379517
451.2693, 10.20386
451.7514, 22.27539
452.2336, 32.18396
452.7157, 37.77551
453.1978, 38.99329
453.6799, 33.41638
454.1620, 21.08545
454.6441, 9.328857
455.1263, 8.603394
455.6084, 21.78772
456.0905, 29.66406
456.5726, 27.05249
457.0547, 24.13757
457.5368, 24.47498
458.0190, 26.39758
458.5011, 26.74182
458.9832, 23.95435
459.4653, 20.22644
459.9474, 17.96887
460.4295, 17.16064
460.9117, 19.92371
461.3938, 28.72742
461.8759, 38.44666
462.3580, 44.49866
462.8401, 47.44226
463.3222, 50.02466
463.8044, 52.46375
464.2865, 55.28369
464.7686, 60.07861
465.2507, 65.93237
465.7328, 68.58801
466.2149, 65.57959
466.6971, 60.64417
467.1792, 61.38477
467.6613, 72.90027
468.1434, 79.29602
468.6255, 74.35791
469.1076, 69.78687
469.5898, 73.78979
470.0719, 84.70227
470.5540, 96.24695
471.0361, 104.7386
471.5182, 110.5609
472.0003, 113.8557
472.4825, 114.2045
472.9646, 115.4177
473.4467, 119.8813
473.9288, 122.7823
474.4109, 117.0417
474.8930, 104.3965
475.3752, 100.2809
475.8573, 121.8035
476.3394, 153.9623
476.8215, 170.0640
477.3036, 169.3561
477.7857, 166.6132
478.2679, 167.9224
478.7500, 172.4589
479.2321, 178.2242
479.7142, 183.4296
480.1963, 193.6537
480.6784, 215.2256
481.1606, 238.7354
481.6427, 257.3881
482.1248, 269.5944
482.6069, 274.1357
483.0890, 268.5206
483.5711, 255.3021
484.0533, 249.6674
484.5354, 258.8546
485.0175, 263.1593
485.4996, 260.1134
485.9817, 251.8284
486.4638, 238.2043
486.9460, 220.0558
487.4281, 202.7325
487.9102, 189.5995
488.3923, 180.5077
488.8744, 175.8540
489.3565, 176.5222
489.8387, 177.7837
490.3208, 176.9957
490.8029, 175.4397
491.2850, 176.2311
491.7671, 180.8971
492.2492, 183.2185
492.7314, 176.2124
493.2135, 168.6731
493.6956, 171.3617
494.1777, 184.7321
494.6598, 202.1322
495.1419, 218.7451
495.6241, 234.6763
496.1062, 251.9091
496.5883, 275.5229
497.0704, 292.8964
497.5525, 292.6007
498.0346, 292.9446
498.5168, 310.1647
498.9989, 345.2124
499.4810, 386.9205
499.9631, 429.8411
500.4452, 471.9808
500.9273, 501.9840
501.4095, 515.2478
501.8916, 536.4988
502.3737, 584.8008
502.8558, 641.8842
503.3379, 679.8120
503.8200, 695.6797
504.3022, 701.1234
504.7843, 697.4911
505.2664, 688.1193
505.7485, 676.8074
506.2306, 663.1687
506.7127, 644.4410
507.1949, 619.2281
507.6770, 587.6322
508.1591, 549.2767
508.6412, 497.7615
509.1233, 447.7163
509.6054, 397.4827
510.0876, 350.7369
510.5697, 309.2136
511.0518, 273.7744
511.5339, 246.3969
512.0161, 231.4283
512.4982, 223.6310
512.9803, 207.4091
513.4624, 181.0614
513.9445, 157.8781
514.4266, 144.0649
514.9088, 134.4039
515.3909, 120.0154
515.8730, 99.85120
516.3551, 87.73450
516.8372, 96.21631
517.3193, 108.3461
517.8015, 106.0994
518.2836, 92.25232
518.7657, 82.01221
519.2478, 83.72925
519.7299, 92.57410
520.2120, 96.93591
520.6942, 93.21265
521.1763, 91.87231
521.6584, 96.73608
522.1405, 100.1570
522.6226, 95.98987
523.1047, 86.97107
523.5869, 80.78247
524.0690, 82.18323
524.5511, 86.72437
525.0332, 86.33765
525.5153, 81.06970
525.9974, 78.87903
526.4796, 82.52112
526.9617, 88.41162
527.4438, 94.86963
527.9259, 101.4628
528.4080, 101.5381
528.8901, 86.99268
529.3723, 72.75598
529.8544, 66.46265
530.3365, 67.07434
530.8186, 74.06409
531.3007, 86.98340
531.7828, 99.96899
532.2650, 104.5178
532.7471, 99.10510
533.2292, 94.77161
533.7113, 89.94165
534.1934, 88.20154
534.6755, 92.21667
535.1577, 99.29309
535.6398, 105.8009
536.1219, 110.6647
536.6040, 115.4785
537.0861, 120.8097
537.5682, 127.2357
538.0504, 137.4146
538.5325, 152.0736
539.0146, 166.4364
539.4967, 175.1553
539.9788, 180.8738
540.4609, 196.3268
540.9431, 231.8846
541.4252, 262.0492
541.9073, 278.1886
542.3894, 289.3633
542.8715, 303.0734
543.3536, 320.5142
543.8358, 339.2560
544.3179, 356.5125
544.8000, 373.9983
545.2821, 400.1467
545.7642, 437.4760
546.2463, 475.7681
546.7285, 514.5646
547.2106, 552.3798
547.6927, 586.7567
548.1748, 618.1543
548.6569, 652.6848
549.1390, 693.7151
549.6211, 738.4160
550.1032, 780.6490
550.5853, 822.9016
551.0674, 877.6101
551.5496, 952.0544
552.0317, 1032.158
552.5138, 1095.112
552.9959, 1135.675
553.4780, 1177.064
553.9601, 1212.902
554.4423, 1256.515
554.9244, 1321.427
555.4065, 1395.038
555.8886, 1459.985
556.3707, 1510.399
556.8528, 1545.596
557.3350, 1562.970
557.8171, 1563.225
558.2992, 1556.168
558.7813, 1546.426
559.2634, 1518.293
559.7455, 1453.236
560.2277, 1361.849
560.7098, 1282.141
561.1919, 1223.405
561.6740, 1160.124
562.1561, 1080.498
562.6382, 994.2651
563.1204, 909.9093
563.6025, 829.6073
564.0846, 753.6179
564.5667, 681.4227
565.0488, 613.2080
565.5309, 551.2340
566.0131, 497.0941
566.4952, 445.3491
566.9773, 391.5596
567.4594, 342.7656
567.9415, 306.0540
568.4236, 279.2600
568.9058, 251.8655
569.3879, 214.2181
569.8700, 178.5624
570.3521, 159.9208
570.8342, 153.8831
571.3163, 144.7511
571.7985, 127.3452
572.2806, 109.6224
572.7627, 101.9974
573.2448, 106.0782
573.7269, 104.7419
574.2090, 95.25562
574.6912, 83.87610
575.1733, 68.68530
575.6554, 54.23022
576.1375, 47.11951
576.6196, 48.06201
577.1017, 48.52942
577.5839, 38.14307
578.0660, 21.10974
578.5481, 12.23914
579.0302, 12.46082
579.5123, 14.40015
579.9944, 14.24463
580.4766, 14.30103
580.9587, 19.90491
581.4408, 32.62415
581.9229, 43.23315
582.4050, 51.30371
582.8871, 56.06799
583.3693, 55.55029
583.8514, 51.48511
584.3335, 46.22729
584.8156, 40.82922
585.2977, 38.42969
585.7798, 47.19141
586.2620, 68.99683
586.7441, 78.82385
587.2262, 70.31067
587.7083, 58.29639
588.1904, 48.49548
588.6725, 41.47302
589.1547, 39.61340
589.6368, 46.59216
590.1189, 49.73657
590.6010, 37.30115
591.0831, 20.64172
591.5652, 16.50732
592.0474, 24.27283
592.5295, 29.82959
593.0116, 23.35107
593.4937, 9.470337
593.9758, 2.688232
594.4579, 6.295654
594.9401, 9.255737
595.4222, 10.33276
595.9043, 10.88354
596.3864, 11.55505
596.8685, 12.22607
597.3506, 12.84546
597.8328, 14.66113
598.3149, 13.92419
598.7970, 3.068604
599.2791, 12.65247
599.7612, 18.33887
600.2433, 11.11340
600.7255, 0.9586180
601.2076, 4.266113
601.6897, 4.844604
602.1718, 3.010254
602.6539, 8.104248
603.1360, 12.00378
603.6182, 1.098755
604.1003, 12.31860
604.5824, 18.56555
605.0645, 18.35413
605.5466, 19.13013
606.0287, 27.41675
606.5109, 35.96094
606.9930, 30.69983
607.4751, 13.85449
607.9572, 4.062012
608.4393, 7.039307
608.9214, 13.73376
609.4036, 15.52393
609.8857, 12.55371
610.3678, 9.257080
610.8499, 3.711182
611.3320, 1.036743
611.8141, 4.048706
612.2963, 5.809692
612.7784, 6.265137
613.2605, 5.846191
613.7426, 6.247925
614.2247, 9.820557
614.7068, 14.23425
615.1890, 12.02783
615.6711, 2.721436
616.1532, 1.841797
616.6353, 3.344482
617.1174, 11.63281
617.5995, 15.92615
618.0817, 16.13647
618.5638, 15.60706
619.0459, 15.74353
619.5280, 13.31836
620.0101, 3.469727
620.4922, 7.322021
620.9744, 8.650757
621.4565, 0.1832280
621.9386, 6.324951
622.4207, 0.4288330
622.9028, 17.37646
623.3849, 33.20105
623.8671, 48.29333
624.3492, 59.45715
624.8313, 62.35559
625.3134, 65.15405
625.7955, 80.33899
626.2776, 107.0398
626.7598, 125.0548
627.2419, 123.0624
627.7240, 121.1769
628.2061, 130.9294
628.6882, 147.0076
629.1703, 160.3252
629.6525, 169.4355
630.1346, 178.6873
630.6167, 191.3043
631.0988, 207.5670
631.5809, 231.4669
632.0630, 267.4900
632.5452, 294.5054
633.0273, 300.0034
633.5094, 299.4457
633.9915, 310.7520
634.4736, 333.2300
634.9557, 353.9338
635.4379, 370.7839
635.9200, 384.6194
636.4021, 396.2697
636.8842, 405.1588
637.3663, 409.4858
637.8484, 409.2562
638.3306, 407.3882
638.8127, 407.6924
639.2948, 408.7172
639.7769, 400.2806
640.2590, 379.2924
640.7411, 360.0173
641.2233, 348.5479
641.7054, 338.4152
642.1875, 323.2758
642.6696, 303.4214
643.1517, 281.3859
643.6339, 254.0913
644.1160, 228.6234
644.5981, 209.9879
645.0802, 195.2023
645.5623, 178.9552
646.0444, 160.6918
646.5266, 145.4615
647.0087, 139.0305
647.4908, 138.9568
647.9729, 136.8293
648.4550, 133.7467
648.9371, 128.5687
649.4193, 118.8134
649.9014, 109.1548
650.3835, 105.6018
650.8656, 107.1700
651.3477, 105.9954
651.8298, 96.50708
652.3120, 88.82397
652.7941, 91.27234
653.2762, 96.63550
653.7583, 92.55176
654.2404, 79.05774
654.7225, 70.08167
655.2047, 79.37781
655.6868, 98.33594
656.1689, 95.27856
656.6510, 65.40930
657.1331, 42.52612
657.6152, 34.94873
658.0974, 35.45386
658.5795, 40.48792
659.0616, 48.36389
659.5437, 52.31311
660.0258, 47.34912
660.5079, 43.67834
660.9901, 48.44592
661.4722, 54.48706
661.9543, 52.40613
662.4364, 42.67334
662.9185, 32.18811
663.4006, 25.18530
663.8828, 21.29822
664.3649, 20.09009
664.8470, 21.62402
665.3291, 24.25244
665.8112, 29.34631
666.2933, 31.08569
666.7755, 22.47144
667.2576, 6.953979
667.7397, 0.5489500
668.2218, 4.104126
668.7039, 9.996582
669.1860, 16.03821
669.6682, 21.45544
670.1503, 26.88025
670.6324, 31.40259
671.1145, 32.17896
671.5966, 27.35229
672.0787, 21.12195
672.5609, 19.49036
673.0430, 22.24402
673.5251, 27.14539
674.0072, 34.50952
674.4893, 38.94836
674.9714, 36.84363
675.4536, 29.74426
675.9357, 21.37256
676.4178, 9.198853
676.8999, 1.496826
677.3820, 0.9882810
677.8641, 2.916992
678.3463, 4.941650
678.8284, 7.048828
679.3105, 10.28320
679.7926, 14.75354
680.2747, 18.54724
680.7568, 19.31226
681.2390, 17.37952
681.7211, 11.84875
682.2032, 3.127441
682.6853, 1.184082
683.1674, 3.016602
683.6495, 10.56958
684.1317, 13.59680
684.6138, 11.48816
685.0959, 7.781982
685.5780, 4.539917
686.0601, 9.942261
686.5422, 1.202271
687.0244, 17.53357
687.5065, 28.67944
687.9886, 32.88916
688.4707, 31.12415
688.9528, 17.65234
689.4349, 3.287598
689.9171, 2.536011
690.3992, 11.15613
690.8813, 16.08057
691.3634, 13.80640
691.8455, 10.67566
692.3276, 13.56726
692.8098, 21.37329
693.2919, 23.48596
693.7740, 15.52148
694.2561, 11.43860
694.7382, 16.61060
695.2203, 24.00903
695.7025, 30.51685
696.1846, 35.39111
696.6667, 36.24072
697.1488, 30.23987
697.6309, 23.46338
698.1130, 17.01379
698.5952, 12.83960
699.0773, 15.31812
699.5594, 23.13647
700.0415, 29.41125
700.5236, 29.86548
701.0057, 26.62280
701.4879, 23.25867
701.9700, 19.63708
702.4521, 19.75391
702.9342, 26.86279
703.4163, 29.77283
703.8984, 16.18677
704.3806, 3.818359
704.8627, 4.090210
705.3448, 25.93054
705.8269, 43.91016
706.3090, 30.59705
706.7911, 17.47900
707.2733, 26.29956
707.7554, 46.94031
708.2375, 62.22119
708.7196, 66.70117
709.2017, 63.53284
709.6838, 49.91199
710.1660, 32.17969
710.6481, 28.45911
711.1302, 38.51672
711.6123, 48.13879
712.0944, 51.73181
712.5765, 51.49609
713.0587, 48.36609
713.5408, 41.92590
714.0229, 43.88452
714.5050, 67.98962
714.9871, 81.21729
715.4692, 69.16003
715.9514, 51.84485
716.4335, 45.57056
716.9156, 49.38647
717.3977, 52.15430
717.8798, 45.94080
718.3619, 42.35840
718.8441, 57.73022
719.3262, 79.30469
719.8083, 83.10059
720.2904, 67.94897
720.7725, 49.81848
721.2546, 39.10730
721.7368, 34.14844
722.2189, 30.39136
722.7010, 27.37354
723.1831, 30.82239
723.6652, 45.53015
724.1473, 58.47876
724.6295, 61.71326
725.1116, 57.81433
725.5937, 51.44885
726.0758, 40.80334
726.5579, 37.56860
727.0400, 51.76672
727.5222, 65.83350
728.0043, 69.24890
728.4864, 65.26782
728.9685, 58.68909
729.4506, 51.44543
729.9327, 46.34680
730.4149, 48.09937
730.8970, 52.96460
731.3791, 49.89197
731.8612, 40.21814
732.3433, 39.58301
732.8254, 53.82190
733.3076, 67.95386
733.7897, 66.18494
734.2718, 50.34424
734.7539, 42.91284
735.2360, 51.21960
735.7181, 58.24988
736.2003, 60.53662
736.6824, 61.14185
737.1645, 61.72412
737.6466, 62.43274
738.1287, 63.22559
738.6108, 64.05273
739.0930, 64.35461
739.5751, 63.76196
740.0572, 62.07617
740.5393, 57.60571
741.0214, 52.57983
741.5035, 52.98645
741.9857, 60.91370
742.4678, 70.78699
742.9499, 75.85474
743.4320, 77.00671
743.9141, 79.96838
744.3962, 86.91248
744.8784, 92.04016
745.3605, 92.94897
745.8426, 91.09277
746.3247, 87.63904
746.8068, 81.85938
747.2889, 76.16699
747.7711, 71.03210
748.2532, 67.34900
748.7353, 66.60266
749.2174, 65.98694
749.6995, 61.65247
750.1816, 55.05090
750.6638, 51.78137
751.1459, 55.15210
751.6280, 61.26904
752.1101, 67.35913
752.5922, 73.32471
753.0743, 80.11707
753.5565, 87.19470
754.0386, 88.81104
754.5207, 81.08496
755.0028, 69.37720
755.4849, 64.77063
755.9670, 68.29919
756.4492, 69.50610
756.9313, 67.12659
757.4134, 64.57837
757.8955, 62.87549
758.3776, 62.40088
758.8597, 65.08984
759.3419, 71.76453
759.8240, 73.91211
760.3061, 66.49805
760.7882, 58.25256
761.2703, 51.84009
761.7524, 47.42480
762.2346, 45.97754
762.7167, 47.14185
763.1988, 46.28223
763.6809, 36.61536
764.1630, 27.56775
764.6451, 35.45520
765.1273, 52.61829
765.6094, 56.98022
766.0915, 46.75684
766.5736, 39.46826
767.0557, 47.14795
767.5378, 60.27490
768.0200, 54.54871
768.5021, 23.58545
768.9842, 14.50244
769.4663, 40.70398
769.9484, 61.57227
770.4305, 55.77930
770.9127, 37.37024
771.3948, 26.63000
771.8769, 24.38647
772.3590, 22.98010
772.8411, 19.43359
773.3232, 17.20154
773.8054, 18.89465
774.2875, 22.77734
774.7696, 28.24011
775.2517, 34.26697
775.7338, 37.88721
776.2159, 36.42944
776.6981, 34.22534
777.1802, 38.18152
777.6623, 44.50854
778.1444, 41.63684
778.6265, 29.98254
779.1086, 25.16028
779.5908, 36.85596
780.0729, 53.74841
780.5550, 52.63416
781.0371, 30.80688
781.5192, 20.20947
782.0013, 25.68372
782.4835, 28.68054
782.9656, 17.59863
783.4477, 5.048950
783.9298, 10.81616
784.4119, 35.56665
784.8940, 48.12573
785.3762, 38.58521
785.8583, 27.64404
786.3404, 19.56604
786.8225, 13.37195
787.3046, 8.315674
787.7867, 4.144043
788.2689, 0.3881840
788.7510, 3.599976
789.2331, 5.805664
789.7152, 5.143921
790.1973, 1.275513
790.6794, 10.98657
791.1616, 27.84680
791.6437, 32.27698
792.1258, 16.92737
792.6079, 3.919800
793.0900, 10.53650
793.5721, 4.497925
794.0543, 0.9079590
794.5364, 0.2154540
795.0185, 1.478027
795.5006, 7.641846
795.9827, 13.31006
796.4648, 13.05151
796.9470, 7.542236
797.4291, 4.092651
797.9112, 1.813965
798.3933, 3.023071
798.8754, 15.40393
799.3575, 23.78638
799.8397, 13.45618
800.3218, 5.451782
800.8039, 12.00574
801.2860, 0.4870610
801.7681, 11.60706
802.2502, 8.356689
802.7324, 1.715820
803.2145, 2.773926
803.6966, 7.625244
804.1787, 6.642090
804.6608, 1.679688
805.1429, 8.774170
805.6251, 6.455566
806.1072, 0.5373540
806.5893, 1.361694
807.0714, 3.020752
807.5535, 5.343018
808.0356, 4.336426
808.5178, 1.382202
808.9999, 3.191040
809.4820, 7.693970
809.9641, 7.388672
810.4462, 0.3463130
810.9283, 4.447510
811.4105, 7.094604
811.8926, 7.331909
812.3747, 3.142334
812.8568, 2.283447
813.3389, 6.709839
813.8210, 10.03015
814.3032, 7.073486
814.7853, 12.90173
815.2674, 26.55603
815.7495, 23.04395
816.2316, 12.02979
816.7137, 2.719727
817.1959, 16.64832
817.6780, 20.02502
818.1601, 7.225708
818.6422, 9.534058
819.1243, 25.72717
819.6064, 36.05029
820.0886, 25.53564
820.5707, 1.054321
821.0528, 9.948975
821.5349, 1.585449
822.0170, 16.38159
822.4991, 11.88879
822.9813, 5.760742
823.4634, 8.196411
823.9455, 5.552612
824.4276, 11.73145
824.9097, 3.822510
825.3918, 5.083984
825.8740, 4.588135
826.3561, 1.650879
826.8382, 2.372314
827.3203, 5.526855
827.8024, 9.463623
828.2845, 3.953735
828.7667, 1.492676
829.2488, 14.20264
829.7309, 27.79529
830.2130, 22.35767
830.6951, 2.974487
831.1772, 22.83618
831.6594, 31.43005
832.1415, 33.38733
832.6236, 26.13342
833.1057, 16.59473
833.5878, 9.969238
834.0699, 7.505615
834.5521, 11.44104
835.0342, 24.45068
835.5163, 34.95166
835.9984, 25.77319
836.4805, 10.46851
836.9626, 12.87000
837.4448, 30.46741
837.9269, 49.04822
838.4090, 63.58374
838.8911, 75.48718
839.3732, 85.63318
839.8553, 94.85095
840.3375, 105.9518
840.8196, 118.7792
841.3017, 127.6202
841.7838, 131.8752
842.2659, 134.1047
842.7480, 133.4114
843.2302, 134.0852
843.7123, 148.0242
844.1944, 180.7939
844.6765, 207.9863
845.1586, 228.4186
845.6407, 244.9319
846.1229, 250.2211
846.6050, 257.8085
847.0871, 285.9445
847.5692, 332.6057
848.0513, 368.7565
848.5334, 384.0354
849.0156, 397.6993
849.4977, 410.8484
849.9798, 427.6554
850.4619, 450.8325
850.9440, 479.9465
851.4261, 513.8326
851.9083, 552.2092
852.3904, 590.2098
852.8725, 622.7410
853.3546, 654.8994
853.8367, 695.7478
854.3188, 740.3727
854.8010, 778.2686
855.2831, 807.4500
855.7652, 832.3770
856.2473, 855.4506
856.7294, 876.9198
857.2115, 899.8169
857.6937, 924.1122
858.1758, 944.7019
858.6579, 960.0546
859.1400, 974.4014
859.6221, 990.1638
860.1042, 1002.462
860.5864, 1004.292
861.0685, 994.9940
861.5506, 965.4460
862.0327, 905.4989
862.5148, 870.0244
862.9969, 883.6826
863.4791, 897.9738
863.9612, 873.3932
864.4433, 819.5750
864.9254, 771.2197
865.4075, 728.1187
865.8896, 690.2478
866.3718, 656.8010
866.8539, 628.8879
867.3360, 612.9568
867.8181, 599.1217
868.3002, 574.1749
868.7823, 538.1995
869.2645, 507.9817
869.7466, 487.7202
870.2287, 474.2322
870.7108, 478.4481
871.1929, 478.7057
871.6750, 448.2971
872.1572, 399.7157
872.6393, 362.9413
873.1214, 347.6771
873.6035, 343.4998
874.0856, 350.4225
874.5677, 358.0786
875.0499, 351.9489
875.5320, 338.1613
876.0141, 330.2596
876.4962, 329.7028
876.9783, 328.9098
877.4604, 322.2306
877.9426, 315.4194
878.4247, 319.5212
878.9068, 331.1841
879.3889, 338.5662
879.8710, 341.0448
880.3531, 344.9688
880.8353, 352.6713
881.3174, 363.7184
881.7995, 377.7094
882.2816, 394.6204
882.7637, 418.5040
883.2458, 452.2255
883.7280, 467.5487
884.2101, 453.7415
884.6922, 440.7583
885.1743, 446.3749
885.6564, 467.0446
886.1385, 496.7578
886.6207, 538.3409
887.1028, 574.9564
887.5849, 605.0303
888.0670, 632.6050
888.5491, 658.1282
889.0313, 681.8375
889.5134, 700.1921
889.9955, 716.5055
890.4776, 746.7427
890.9597, 803.4229
891.4418, 852.9413
891.9240, 884.0364
892.4061, 914.4536
892.8882, 953.4802
893.3703, 997.8870
893.8524, 1043.798
894.3345, 1090.289
894.8167, 1134.048
895.2988, 1168.013
895.7809, 1205.599
896.2630, 1261.019
896.7451, 1318.520
897.2272, 1352.907
897.7094, 1375.942
898.1915, 1422.339
898.6736, 1504.515
899.1557, 1594.990
899.6378, 1669.317
900.1199, 1741.365
900.6021, 1823.070
901.0842, 1917.447
901.5663, 2031.397
902.0484, 2164.683
902.5305, 2310.220
903.0126, 2463.384
903.4948, 2623.913
903.9769, 2783.520
904.4590, 2951.358
904.9411, 3155.330
905.4232, 3393.606
905.9053, 3633.350
906.3875, 3863.598
906.8696, 4110.281
907.3517, 4400.948
907.8338, 4721.746
908.3159, 5021.403
908.7980, 5298.978
909.2802, 5626.122
909.7623, 6015.775
910.2444, 6407.347
910.7265, 6768.172
911.2086, 7121.755
911.6907, 7509.786
912.1729, 7931.059
912.6550, 8291.387
913.1371, 8573.003
913.6192, 8856.271
914.1013, 9175.455
914.5834, 9461.643
915.0656, 9676.438
915.5477, 9823.484
916.0298, 9913.129
916.5119, 9946.179
916.9940, 9919.047
917.4761, 9846.069
917.9583, 9692.738
918.4404, 9423.759
918.9225, 9094.578
919.4046, 8739.816
919.8867, 8360.473
920.3688, 7955.110
920.8510, 7503.028
921.3331, 7067.293
921.8152, 6666.907
922.2973, 6272.393
922.7794, 5863.760
923.2615, 5455.441
923.7437, 5061.618
924.2258, 4686.361
924.7079, 4348.916
925.1900, 4069.357
925.6721, 3801.792
926.1542, 3521.180
926.6364, 3252.719
927.1185, 3017.655
927.6006, 2810.792
928.0827, 2621.498
928.5648, 2447.109
929.0469, 2283.250
929.5291, 2127.021
930.0112, 1981.761
930.4933, 1851.429
930.9754, 1730.523
931.4575, 1608.278
931.9396, 1489.761
932.4218, 1393.212
932.9039, 1324.052
933.3860, 1261.098
933.8681, 1184.583
934.3502, 1105.520
934.8323, 1038.953
935.3145, 981.5332
935.7966, 928.6631
936.2787, 877.9406
936.7608, 823.5210
937.2429, 762.3307
937.7250, 701.6293
938.2072, 647.0527
938.6893, 601.1677
939.1714, 575.0120
939.6535, 562.7102
940.1356, 540.0443
940.6177, 501.7145
941.0999, 458.7960
941.5820, 419.4785
942.0641, 385.3157
942.5462, 358.4915
943.0283, 337.7145
943.5104, 322.8566
943.9926, 313.2654
944.4747, 293.3253
944.9568, 257.8663
945.4389, 226.3008
945.9210, 217.9725
946.4031, 223.3301
946.8853, 209.7397
947.3674, 175.4152
947.8495, 155.4374
948.3316, 154.2053
948.8137, 155.4614
949.2958, 152.1718
949.7780, 145.8573
950.2601, 142.7876
950.7422, 140.9884
951.2243, 126.1305
951.7064, 94.14502
952.1885, 77.35852
952.6707, 82.94714
953.1528, 88.41589
953.6349, 82.87061
954.1170, 73.05408
954.5991, 67.97437
955.0812, 67.41321
955.5634, 65.81360
956.0455, 63.11255
956.5276, 59.89795
957.0097, 57.70251
957.4918, 51.30933
957.9739, 34.36914
958.4561, 15.48999
958.9382, 10.09998
959.4203, 19.63147
959.9024, 21.75671
960.3845, 13.92859
960.8666, 3.185181
961.3488, 17.18115
961.8309, 29.32812
962.3130, 14.77551
962.7951, 11.47974
963.2772, 18.33313
963.7593, 0.4222410
964.2415, 8.146973
964.7236, 1.524780
965.2057, 7.591309
965.6878, 2.044678
966.1699, 3.948486
966.6520, 1.689209
967.1342, 5.000854
967.6163, 6.863037
968.0984, 1.746094
968.5805, 0.3709720
969.0626, 1.624756
969.5447, 5.805054
970.0269, 18.23096
970.5090, 26.73914
970.9911, 18.93872
971.4732, 0.3176270
971.9553, 14.91431
972.4374, 26.56531
972.9196, 30.87708
973.4017, 21.40295
973.8838, 12.18665
974.3659, 7.998291
974.8480, 6.279663
975.3301, 5.587036
975.8123, 5.287720
976.2944, 3.836304
976.7765, 0.2427980
977.2586, 1.991089
977.7407, 1.719604
978.2228, 0.3708500
978.7050, 4.109863
979.1871, 7.285400
979.6692, 1.627319
980.1513, 9.284668
980.6334, 11.35071
981.1155, 2.813843
981.5977, 12.13867
982.0798, 9.248169
982.5619, 1.327271
983.0440, 12.65784
983.5261, 26.35754
984.0082, 32.72705
984.4904, 32.53528
984.9725, 31.39294
985.4546, 31.51038
985.9367, 28.52185
986.4188, 18.76331
986.9009, 7.779053
987.3831, 5.330200
987.8652, 15.04858
988.3473, 12.25330
988.8294, 0.4040530
989.3115, 9.257935
989.7936, 8.632813
990.2758, 8.568359
990.7579, 17.60095
991.2400, 23.65320
991.7221, 16.06470
992.2042, 2.929565
992.6863, 7.309448
993.1685, 13.15918
993.6506, 14.59692
994.1327, 10.33838
994.6148, 5.406250
995.0969, 0.2210690
995.5790, 3.353760
996.0612, 0.2851560
996.5433, 5.582886
997.0254, 12.27637
997.5075, 17.78052
997.9896, 15.51392
998.4717, 0.7944340
998.9539, 12.82861
999.4360, 6.135010
999.9181, 1.314941
1000.400, 5.094849
1000.882, 16.88599
1001.364, 23.93469
1001.847, 25.02747
1002.329, 22.23218
1002.811, 15.68335
1003.293, 7.122314
1003.775, 11.14270
1004.257, 22.02869
1004.739, 2.331421
1005.221, 24.34888
1005.703, 21.52393
1006.186, 4.602051
1006.668, 12.80981
1007.150, 16.73926
1007.632, 44.62329
1008.114, 51.17273
1008.596, 52.01233
1009.078, 57.19800
1009.560, 62.53955
1010.043, 59.98315
1010.525, 51.94678
1011.007, 50.33167
1011.489, 60.97498
1011.971, 70.06616
1012.453, 67.79858
1012.935, 66.71313
1013.417, 77.05212
1013.899, 90.81799
1014.382, 100.1700
1014.864, 104.2185
1015.346, 102.7251
1015.828, 92.82812
1016.310, 89.48535
1016.792, 106.2451
1017.274, 121.8330
1017.756, 120.8009
1018.239, 115.8394
1018.721, 123.4746
1019.203, 138.3981
1019.685, 140.9128
1020.167, 124.1178
1020.649, 114.0906
1021.131, 124.2295
1021.613, 136.3932
1022.095, 140.3497
1022.578, 144.1781
1023.060, 158.0614
1023.542, 177.2092
1024.024, 187.4585
1024.506, 184.5892
1024.988, 184.2415
1025.470, 193.6635
1025.952, 202.0885
1026.435, 204.1230
1026.917, 204.7858
1027.399, 207.5876
1027.881, 212.4089
1028.363, 217.6879
1028.845, 222.6786
1029.327, 232.9980
1029.809, 256.2653
1030.292, 274.4053
1030.774, 281.4701
1031.256, 284.6392
1031.738, 282.8352
1032.220, 282.1039
1032.702, 295.7825
1033.184, 326.3301
1033.666, 348.2222
1034.148, 354.3921
1034.630, 358.4271
1035.113, 357.2150
1035.595, 359.9164
1036.077, 372.8369
1036.559, 391.9136
1037.041, 412.8878
1037.523, 436.3348
1038.005, 454.9513
1038.487, 465.8047
1038.970, 475.9573
1039.452, 485.2743
1039.934, 494.5679
1040.416, 500.0699
1040.898, 509.0293
1041.380, 534.4465
1041.862, 573.7380
1042.344, 598.1254
1042.826, 600.6696
1043.309, 603.6639
1043.791, 610.4990
1044.273, 611.3685
1044.755, 596.3480
1045.237, 582.9401
1045.719, 592.5156
1046.201, 619.2611
1046.683, 633.2203
1047.166, 631.4299
1047.648, 623.8905
1048.130, 609.1115
1048.612, 592.7618
1049.094, 575.0420
1049.576, 560.4475
1050.058, 554.3661
1050.540, 552.2469
1051.022, 539.7878
1051.505, 514.0112
1051.987, 495.2463
1052.469, 485.9523
1052.951, 471.2977
1053.433, 446.6658
1053.915, 419.9249
1054.397, 395.6230
1054.879, 374.3293
1055.361, 358.0574
1055.844, 346.2439
1056.326, 329.5856
1056.808, 307.4875
1057.290, 279.7316
1057.772, 246.1833
1058.254, 219.0143
1058.736, 204.0598
1059.218, 196.1730
1059.701, 190.3534
1060.183, 185.5515
1060.665, 177.3331
1061.147, 166.6893
1061.629, 160.0125
1062.111, 156.3772
1062.593, 147.9860
1063.075, 131.4812
1063.557, 115.8406
1064.040, 110.2574
1064.522, 109.2771
1065.004, 103.4943
1065.486, 94.65759
1065.968, 89.61340
1066.450, 87.59277
1066.932, 85.16638
1067.414, 80.76367
1067.896, 69.96167
1068.379, 46.71509
1068.861, 27.48804
1069.343, 38.80359
1069.825, 59.63733
1070.307, 59.42139
1070.789, 46.06653
1071.271, 36.49536
1071.753, 33.78894
1072.236, 32.80225
1072.718, 30.12354
1073.200, 36.15601
1073.682, 75.01416
1074.164, 108.1699
1074.646, 93.36743
1075.128, 61.39880
1075.610, 51.53967
1076.093, 58.88855
1076.575, 56.43994
1077.057, 36.55518
1077.539, 23.51562
1078.021, 36.50220
1078.503, 47.21631
1078.985, 39.09961
1079.467, 27.50574
1079.949, 23.74719
1080.432, 25.15125
1080.914, 26.16077
1081.396, 26.17981
1081.878, 27.27991
1082.360, 32.66797
1082.842, 34.80493
1083.324, 27.89392
1083.806, 23.08862
1084.288, 29.07190
1084.771, 36.96423
1085.253, 35.94153
1085.735, 28.06677
1086.217, 23.38599
1086.699, 22.71082
1087.181, 23.21240
1087.663, 25.61926
1088.145, 27.40112
1088.628, 25.80457
1089.110, 27.92834
1089.592, 42.06030
1090.074, 59.65710
1090.556, 60.48840
1091.038, 43.59009
1091.520, 38.32520
1092.002, 46.34949
1092.484, 57.10547
1092.967, 70.23535
1093.449, 75.70056
1093.931, 66.95264
1094.413, 56.90515
1094.895, 63.86816
1095.377, 80.77136
1095.859, 80.75110
1096.341, 65.73730
1096.823, 46.70728
1097.306, 26.36206
1097.788, 21.00500
1098.270, 34.85413
1098.752, 48.89490
1099.234, 48.26685
1099.716, 38.76392
1100.198, 23.35205
1100.680, 8.723022
1101.163, 12.44177
1101.645, 27.70569
1102.127, 37.72620
1102.609, 39.29431
1103.091, 34.04248
1103.573, 22.23560
1104.055, 12.94153
1104.537, 13.97864
1105.020, 20.59839
1105.502, 35.16455
1105.984, 47.66101
1106.466, 44.60413
1106.948, 29.89172
1107.430, 10.87634
1107.912, 9.669189
1108.394, 18.94324
1108.876, 2.683960
1109.359, 12.03564
1109.841, 12.08569
1110.323, 10.96936
1110.805, 20.52307
1111.287, 31.04578
1111.769, 26.87817
1112.251, 11.47595
1112.733, 6.707520
1113.215, 20.51575
1113.698, 30.04822
1114.180, 36.39539
1114.662, 35.10815
1115.144, 16.49744
1115.626, 2.716431
1116.108, 12.39990
1116.590, 32.85889
1117.072, 41.07288
1117.555, 36.99805
1118.037, 24.53870
1118.519, 0.3229980
1119.001, 11.99133
1119.483, 7.928955
1119.965, 3.228149
1120.447, 4.513550
1120.929, 7.908813
1121.411, 10.44556
1121.894, 9.690063
1122.376, 4.617554
1122.858, 28.32410
1123.340, 39.73511
1123.822, 39.37708
1124.304, 34.68042
1124.786, 28.04468
1125.268, 21.98230
1125.750, 17.91760
1126.233, 15.24524
1126.715, 12.76685
1127.197, 11.80518
1127.679, 17.02942
1128.161, 23.18945
1128.643, 19.31494
1129.125, 9.334961
1129.607, 4.738159
1130.090, 8.697021
1130.572, 19.11377
1131.054, 40.28833
1131.536, 58.22852
1132.018, 68.22534
1132.500, 69.80920
1132.982, 55.81860
1133.464, 38.26282
1133.947, 30.21887
1134.429, 31.57153
1134.911, 38.17200
1135.393, 53.94409
1135.875, 59.58997
1136.357, 41.36084
1136.839, 31.09924
1137.321, 39.55298
1137.803, 49.13684
1138.286, 49.39050
1138.768, 45.82727
1139.250, 46.85120
1139.732, 51.72681
1140.214, 53.94238
1140.696, 53.79419
1141.178, 45.71643
1141.660, 27.71533
1142.142, 24.46057
1142.625, 41.63330
1143.107, 59.02209
1143.589, 59.67285
1144.071, 51.72961
1144.553, 48.02100
1145.035, 47.77698
1145.517, 50.88354
1145.999, 55.02551
1146.482, 49.75391
1146.964, 37.77209
1147.446, 37.06812
1147.928, 53.49133
1148.410, 69.36426
1148.892, 70.14246
1149.374, 67.62500
1149.856, 73.87500
1150.339, 80.40808
1150.821, 77.69043
1151.303, 69.89539
1151.785, 61.19080
1152.267, 54.17688
1152.749, 56.74829
1153.231, 76.18225
1153.713, 83.50708
1154.195, 61.52380
1154.677, 41.36023
1155.160, 30.72437
1155.642, 26.56104
1156.124, 30.71558
1156.606, 36.80212
1157.088, 34.00073
1157.570, 24.09924
1158.052, 24.18469
1158.534, 36.76392
1159.017, 50.67444
1159.499, 67.12268
1159.981, 73.19617
1160.463, 63.96326
1160.945, 54.05127
1161.427, 54.76990
1161.909, 58.03186
1162.391, 46.99231
1162.874, 28.61365
1163.356, 28.17725
1163.838, 40.12488
1164.320, 48.47693
1164.802, 51.21655
1165.284, 48.03418
1165.766, 39.45361
1166.248, 35.82068
1166.730, 48.27124
1167.213, 61.53259
1167.695, 62.24695
1168.177, 58.96277
1168.659, 59.69312
1169.141, 60.85547
1169.623, 56.73718
1170.105, 48.61658
1170.587, 40.68042
1171.069, 33.10010
1171.552, 32.52954
1172.034, 50.78723
1172.516, 59.37512
1172.998, 45.62732
1173.480, 33.40942
1173.962, 34.69739
1174.444, 39.85352
1174.926, 37.73779
1175.409, 32.19751
1175.891, 36.96704
1176.373, 55.29333
1176.855, 55.96497
1177.337, 38.03918
1177.819, 28.74316
1178.301, 31.15942
1178.783, 33.78687
1179.266, 31.06519
1179.748, 25.65479
1180.230, 19.09485
1180.712, 14.37708
1181.194, 17.90833
1181.676, 25.27808
1182.158, 28.08484
1182.640, 27.86938
1183.122, 28.90662
1183.604, 32.05579
1184.087, 38.22864
1184.569, 49.05664
1185.051, 52.52429
1185.533, 35.65283
1186.015, 20.51270
1186.497, 15.79395
1186.979, 16.62683
1187.461, 21.71997
1187.944, 28.86743
1188.426, 36.73059
1188.908, 44.23755
1189.390, 43.99072
1189.872, 31.92444
1190.354, 26.97876
1190.836, 30.81116
1191.318, 34.95178
1191.801, 38.04785
1192.283, 36.96375
1192.765, 29.24841
1193.247, 21.80164
1193.729, 23.46448
1194.211, 31.43604
1194.693, 43.15613
1195.175, 54.11914
1195.657, 49.51001
1196.140, 34.15137
1196.622, 22.01440
1197.104, 16.55774
1197.586, 18.98413
1198.068, 31.34961
1198.550, 35.33752
1199.032, 1.547729
1199.514, 20.58606
1199.996, 14.79919
1200.479, 54.59229
1200.961, 51.33960
1201.443, 28.91772
1201.925, 28.13464
1202.407, 46.32410
1202.889, 45.79480
1203.371, 13.85364
1203.853, 5.883545
1204.336, 32.84180
1204.818, 47.40247
1205.300, 37.95911
1205.782, 25.08545
1206.264, 19.63574
1206.746, 16.43811
1207.228, 8.571899
1207.710, 0.1929930
1208.193, 4.624634
1208.675, 16.21948
1209.157, 17.66138
1209.639, 11.71692
1210.121, 8.495239
1210.603, 9.441284
1211.085, 11.29285
1211.567, 12.77026
1212.049, 14.46704
1212.531, 18.03772
1213.014, 20.19397
1213.496, 19.64087
1213.978, 16.58850
1214.460, 5.557739
1214.942, 3.768799
1215.424, 5.079956
1215.906, 25.36340
1216.388, 27.43896
1216.871, 18.05493
1217.353, 9.222778
1217.835, 1.403687
1218.317, 0.6394040
1218.799, 20.24829
1219.281, 33.50232
1219.763, 30.31384
1220.245, 20.16101
1220.728, 11.91614
1221.210, 6.632202
1221.692, 6.367554
1222.174, 10.36987
1222.656, 20.67493
1223.138, 31.47388
1223.620, 27.55786
1224.102, 11.07935
1224.584, 6.182251
1225.067, 14.08496
1225.549, 17.85229
1226.031, 11.95044
1226.513, 5.807373
1226.995, 1.283691
1227.477, 0.5361330
1227.959, 2.529175
1228.441, 6.981079
1228.923, 11.42969
1229.406, 14.36365
1229.888, 12.38013
1230.370, 5.725952
1230.852, 2.482422
1231.334, 2.400879
1231.816, 1.514404
1232.298, 0.0000000E+00
##END=



