##NAMES=Almandine
##RRUFFID=R060450
##IDEAL CHEMISTRY=Fe^2+^_3_Al_2_(SiO_4_)_3_
##LOCALITY=Canada
##OWNER=RRUFF
##SOURCE=Gemological Institute of America
##DESCRIPTION=Reddish-brown translucent fragment
##STATUS=The identification of this mineral has been confirmed by X-ray diffraction and chemical analysis
##URL=rruff.info/R060450
##MEASURED CHEMISTRY=(Fe^2+^_1.92_Mg_1.03_Ca_0.04_Mn_0.01_)_Σ=3_Al_2.00_(Si_1.00_O_4_)_3_
96.93054, 0.0000000E+00
97.41266, 2.4769999E-02
97.89478, 2.5077000E-02
98.37689, 8.7071002E-02
98.85901, 0.2084660
99.34113, 0.3502600
99.82324, 0.5360180
100.3054, 0.7393980
100.7875, 0.9677400
101.2696, 1.227710
101.7517, 1.478985
102.2338, 1.642119
102.7159, 1.244974
103.1981, 0.8514490
103.6802, 0.6844510
104.1623, 0.5626320
104.6444, 0.5891380
105.1265, 0.7757300
105.6086, 0.9612490
106.0908, 1.148975
106.5729, 0.7699930
107.0550, 0.3323550
107.5371, 0.1292950
108.0192, 0.3954430
108.5013, 0.5426250
108.9835, 0.4556470
109.4656, 0.1447300
109.9477, 2.0909000E-02
110.4298, 0.1417150
110.9119, 0.3488230
111.3940, 0.4128890
111.8762, 0.1325430
112.3583, 9.4648004E-02
112.8404, 0.1714120
113.3225, 7.6196998E-02
113.8046, 3.6221001E-02
114.2867, 0.1882470
114.7689, 0.3762090
115.2510, 0.4306860
115.7331, 0.2555960
116.2152, 1.0131000E-02
116.6973, 0.3520280
117.1794, 0.8054290
117.6616, 1.168981
118.1437, 1.344095
118.6258, 1.386538
119.1079, 1.378542
119.5900, 1.250767
120.0721, 1.150264
120.5543, 1.192483
121.0364, 1.444098
121.5185, 1.717560
122.0006, 1.840132
122.4827, 1.880823
122.9648, 2.040749
123.4470, 2.602829
123.9291, 3.282916
124.4112, 3.735949
124.8933, 3.781907
125.3754, 3.731334
125.8575, 3.892680
126.3397, 4.242689
126.8218, 4.641734
127.3039, 4.864640
127.7860, 5.061967
128.2681, 5.568465
128.7502, 6.671915
129.2324, 7.997773
129.7145, 8.913856
130.1966, 9.425931
130.6787, 9.690022
131.1608, 9.689961
131.6429, 9.501590
132.1251, 9.512752
132.6072, 9.970865
133.0893, 10.72085
133.5714, 11.24354
134.0535, 11.51776
134.5356, 11.66067
135.0178, 11.75810
135.4999, 11.80648
135.9820, 11.95478
136.4641, 12.27490
136.9462, 12.76621
137.4283, 13.30222
137.9105, 13.87889
138.3926, 14.51776
138.8747, 15.29741
139.3568, 16.28899
139.8389, 17.16254
140.3210, 17.72554
140.8032, 17.90231
141.2853, 18.17119
141.7674, 18.48643
142.2495, 18.92567
142.7316, 19.70993
143.2137, 20.97034
143.6959, 21.95660
144.1780, 22.44885
144.6601, 22.22725
145.1422, 22.12163
145.6243, 22.14731
146.1064, 22.29973
146.5886, 22.59600
147.0707, 23.17292
147.5528, 23.73695
148.0349, 24.10592
148.5170, 24.04817
148.9991, 24.17258
149.4813, 24.67279
149.9634, 25.48044
150.4455, 25.90223
150.9276, 25.53384
151.4097, 25.06253
151.8918, 24.91235
152.3740, 25.27172
152.8561, 25.71763
153.3382, 26.24301
153.8203, 26.84161
154.3024, 27.41929
154.7845, 28.03665
155.2667, 28.58558
155.7488, 28.99140
156.2309, 29.12347
156.7130, 29.22257
157.1951, 29.32100
157.6772, 29.41761
158.1594, 29.55902
158.6415, 29.66453
159.1236, 29.85180
159.6057, 30.23766
160.0878, 31.15246
160.5699, 31.99047
161.0521, 32.49794
161.5342, 32.61676
162.0163, 32.75264
162.4984, 33.06995
162.9805, 33.47968
163.4626, 33.86893
163.9448, 34.25909
164.4269, 34.56958
164.9090, 34.72388
165.3911, 34.68464
165.8732, 34.68649
166.3553, 34.91443
166.8375, 35.23887
167.3196, 35.44611
167.8017, 35.39205
168.2838, 35.23224
168.7659, 35.02211
169.2480, 34.72525
169.7302, 34.53070
170.2123, 34.73424
170.6944, 35.14815
171.1765, 35.34576
171.6586, 35.14511
172.1407, 34.58740
172.6229, 33.69467
173.1050, 32.44242
173.5871, 30.98371
174.0692, 29.38249
174.5513, 27.65530
175.0334, 25.90523
175.5156, 24.11725
175.9977, 22.35085
176.4798, 20.72180
176.9619, 19.20546
177.4440, 17.86122
177.9261, 16.88060
178.4083, 16.18659
178.8904, 15.46066
179.3725, 14.33523
179.8546, 13.05043
180.3367, 12.11394
180.8188, 11.70627
181.3010, 11.52847
181.7831, 11.21497
182.2652, 10.77966
182.7473, 10.31303
183.2294, 9.788839
183.7115, 9.275478
184.1937, 9.008148
184.6758, 9.122766
185.1579, 9.390045
185.6400, 9.418440
186.1221, 9.219948
186.6042, 8.959024
187.0864, 8.673389
187.5685, 8.401377
188.0506, 8.381948
188.5327, 8.773762
189.0148, 9.349304
189.4969, 9.552628
189.9791, 9.364563
190.4612, 9.208309
190.9433, 9.509563
191.4254, 10.20266
191.9075, 10.81584
192.3896, 11.17539
192.8718, 11.40829
193.3539, 11.98102
193.8360, 12.95795
194.3181, 13.93509
194.8002, 14.44808
195.2823, 14.52029
195.7645, 14.80995
196.2466, 15.52226
196.7287, 16.55266
197.2108, 17.49159
197.6929, 18.32908
198.1750, 19.11934
198.6572, 19.91936
199.1393, 20.72095
199.6214, 21.41010
200.1035, 21.89153
200.5856, 22.25038
201.0677, 22.99036
201.5499, 24.17393
202.0320, 25.51390
202.5141, 26.73057
202.9962, 27.80548
203.4783, 28.95651
203.9604, 30.27114
204.4426, 31.70628
204.9247, 32.96695
205.4068, 34.03607
205.8889, 34.95734
206.3710, 35.69385
206.8531, 36.17770
207.3353, 36.90959
207.8174, 38.15987
208.2995, 39.83778
208.7816, 40.82032
209.2637, 40.97945
209.7458, 40.69605
210.2280, 40.31948
210.7101, 39.84926
211.1922, 39.33270
211.6743, 38.82631
212.1564, 38.30787
212.6385, 37.35980
213.1207, 35.90257
213.6028, 34.19289
214.0849, 32.47530
214.5670, 30.78581
215.0491, 28.99292
215.5313, 26.99515
216.0134, 24.78817
216.4955, 22.89670
216.9776, 21.40656
217.4597, 20.09103
217.9418, 18.67612
218.4240, 17.07705
218.9061, 15.64070
219.3882, 14.49025
219.8703, 13.63739
220.3524, 12.63758
220.8345, 11.37490
221.3167, 10.12121
221.7988, 9.190826
222.2809, 8.818573
222.7630, 8.222383
223.2451, 7.119127
223.7272, 5.486996
224.2094, 4.370331
224.6915, 3.946630
225.1736, 3.822777
225.6557, 3.621136
226.1378, 3.294455
226.6199, 2.984123
227.1021, 2.707474
227.5842, 2.462553
228.0663, 2.289480
228.5484, 2.217472
229.0305, 2.183964
229.5126, 2.135532
229.9948, 2.081451
230.4769, 1.988676
230.9590, 1.813465
231.4411, 1.556709
231.9232, 1.463032
232.4053, 1.654451
232.8875, 1.878040
233.3696, 1.894756
233.8517, 1.568859
234.3338, 1.303213
234.8159, 1.170643
235.2980, 1.168322
235.7802, 1.193520
236.2623, 1.333933
236.7444, 1.407587
237.2265, 1.216820
237.7086, 0.4814910
238.1907, 4.1721001E-02
238.6729, 0.1432860
239.1550, 0.7411480
239.6371, 1.038548
240.1192, 0.8800870
240.6013, 0.5962470
241.0834, 0.4591600
241.5656, 0.6016100
242.0477, 0.6198710
242.5298, 0.3921700
243.0119, 4.3026000E-02
243.4940, 0.2842690
243.9761, 0.2884250
244.4583, 0.1505150
244.9404, 9.5187999E-02
245.4225, 0.6004830
245.9046, 0.9049450
246.3867, 0.9319970
246.8688, 0.7098050
247.3510, 0.4088520
247.8331, 7.6899998E-02
248.3152, 0.5054630
248.7973, 0.7149350
249.2794, 0.6289620
249.7615, 0.4745250
250.2437, 0.2176400
250.7258, 9.9932000E-02
251.2079, 0.2667260
251.6900, 0.2276170
252.1721, 0.1168040
252.6542, 4.7950000E-03
253.1364, 0.1143630
253.6185, 0.2193260
254.1006, 0.3079010
254.5827, 0.3812370
255.0648, 0.4530450
255.5469, 0.5662310
256.0291, 0.6086120
256.5112, 0.4850730
256.9933, 4.8050001E-02
257.4754, 0.1693250
257.9575, 6.8882003E-02
258.4396, 0.2363760
258.9218, 0.4182990
259.4039, 0.4199160
259.8860, 0.4049510
260.3681, 0.4659000
260.8502, 0.6680700
261.3323, 0.7460610
261.8145, 0.6537380
262.2966, 0.4625700
262.7787, 0.3136040
263.2608, 0.1910400
263.7429, 0.1466790
264.2250, 0.2402000
264.7072, 0.5458660
265.1893, 0.6747590
265.6714, 0.5621870
266.1535, 0.3279950
266.6356, 0.1752850
267.1177, 0.1029130
267.5999, 0.1152480
268.0820, 0.2601910
268.5641, 0.5811630
269.0462, 0.6932280
269.5283, 0.5202520
270.0104, 0.2325100
270.4926, 0.1041150
270.9747, 0.2014520
271.4568, 0.2084450
271.9389, 5.1819000E-02
272.4210, 0.5981600
272.9031, 0.7786540
273.3853, 0.4653360
273.8674, 1.7181000E-02
274.3495, 6.9863997E-02
274.8316, 0.2835920
275.3137, 0.5739940
275.7958, 0.6411950
276.2780, 0.5042420
276.7601, 0.4456080
277.2422, 0.4890440
277.7243, 0.5484580
278.2064, 0.5025290
278.6885, 0.3278470
279.1707, 0.2543980
279.6528, 0.3568670
280.1349, 0.6037460
280.6170, 0.8587780
281.0991, 1.141068
281.5812, 1.356987
282.0634, 1.364029
282.5455, 1.155098
283.0276, 1.069454
283.5097, 1.207920
283.9918, 1.491028
284.4739, 1.693647
284.9561, 1.819460
285.4382, 1.839077
285.9203, 1.651276
286.4024, 1.276997
286.8845, 1.054790
287.3666, 1.054955
287.8488, 1.204651
288.3309, 1.382862
288.8130, 1.590710
289.2951, 1.766645
289.7772, 1.846508
290.2593, 1.848454
290.7415, 1.865412
291.2236, 1.882265
291.7057, 1.973013
292.1878, 2.351494
292.6699, 2.988182
293.1520, 3.519785
293.6342, 3.656742
294.1163, 3.516794
294.5984, 3.447094
295.0805, 3.445936
295.5626, 3.602730
296.0447, 4.191244
296.5269, 5.109549
297.0090, 5.838959
297.4911, 5.932024
297.9732, 5.690340
298.4553, 5.800022
298.9374, 6.290028
299.4196, 6.886646
299.9017, 7.297659
300.3838, 7.586334
300.8659, 7.915579
301.3480, 8.336624
301.8301, 8.844398
302.3123, 9.462603
302.7944, 10.19537
303.2765, 10.89378
303.7586, 11.40442
304.2407, 11.81064
304.7228, 12.27161
305.2050, 12.81013
305.6871, 13.44102
306.1692, 14.14544
306.6513, 14.94671
307.1334, 15.87763
307.6155, 17.11883
308.0977, 18.46112
308.5798, 19.61037
309.0619, 20.39363
309.5440, 21.14218
310.0261, 22.05610
310.5082, 23.13992
310.9904, 24.41076
311.4725, 25.86754
311.9546, 27.53693
312.4367, 29.53617
312.9188, 32.01964
313.4009, 34.37403
313.8831, 36.24458
314.3652, 37.70759
314.8473, 38.94128
315.3294, 40.14391
315.8115, 41.02501
316.2936, 41.45189
316.7758, 41.44066
317.2579, 40.83294
317.7400, 38.97791
318.2221, 36.64532
318.7042, 34.77496
319.1863, 34.01149
319.6685, 33.48314
320.1506, 32.78594
320.6327, 31.89434
321.1148, 31.29377
321.5969, 31.09704
322.0790, 31.25652
322.5612, 31.72322
323.0433, 32.59900
323.5254, 33.69600
324.0075, 35.03960
324.4896, 36.60606
324.9717, 38.19858
325.4539, 39.75924
325.9360, 41.36203
326.4181, 43.02522
326.9002, 44.76325
327.3823, 46.59919
327.8644, 48.38773
328.3466, 50.24937
328.8287, 52.56970
329.3108, 55.73149
329.7929, 59.06746
330.2750, 62.26821
330.7571, 65.26175
331.2393, 68.37292
331.7214, 71.67040
332.2035, 75.07140
332.6856, 78.39671
333.1677, 81.61490
333.6498, 84.83360
334.1320, 88.14429
334.6141, 91.52616
335.0962, 94.69030
335.5783, 97.57026
336.0604, 100.3011
336.5425, 102.9897
337.0247, 105.4603
337.5068, 108.3548
337.9889, 111.8413
338.4710, 115.8823
338.9531, 120.3041
339.4352, 125.2450
339.9174, 130.3339
340.3995, 135.0089
340.8816, 139.0843
341.3637, 144.2482
341.8458, 150.9792
342.3279, 158.7331
342.8101, 166.4118
343.2922, 173.8720
343.7743, 181.7917
344.2564, 190.6573
344.7385, 200.4855
345.2206, 210.1195
345.7028, 219.6578
346.1849, 228.8401
346.6670, 237.4823
347.1491, 245.5604
347.6312, 252.6825
348.1133, 259.2804
348.5955, 264.8438
349.0776, 267.8171
349.5597, 268.2028
350.0418, 266.2059
350.5239, 261.7086
351.0060, 254.9551
351.4882, 246.8598
351.9703, 237.7108
352.4524, 227.3778
352.9345, 215.2774
353.4166, 201.5908
353.8987, 187.9210
354.3809, 175.5000
354.8630, 163.9302
355.3451, 152.8429
355.8272, 141.9580
356.3093, 131.9332
356.7914, 123.6779
357.2736, 116.7668
357.7557, 110.2433
358.2378, 103.3092
358.7199, 96.77242
359.2020, 91.38663
359.6841, 87.30856
360.1663, 83.90423
360.6484, 81.04902
361.1305, 78.60071
361.6126, 76.35252
362.0947, 74.04825
362.5768, 72.07262
363.0590, 70.63460
363.5411, 69.75145
364.0232, 69.11557
364.5053, 68.69208
364.9874, 68.38921
365.4695, 68.16734
365.9517, 67.65464
366.4338, 67.67411
366.9159, 68.78244
367.3980, 70.65735
367.8801, 72.00869
368.3622, 72.26105
368.8444, 72.23016
369.3265, 72.25838
369.8086, 72.27364
370.2907, 72.53828
370.7728, 73.49367
371.2549, 74.56849
371.7371, 74.82429
372.2192, 74.10825
372.7013, 72.75323
373.1834, 70.69582
373.6655, 67.82257
374.1476, 65.25367
374.6298, 63.32697
375.1119, 61.38995
375.5940, 58.71664
376.0761, 55.01630
376.5582, 51.56925
377.0403, 48.67480
377.5225, 46.21391
378.0046, 43.42516
378.4867, 40.24783
378.9688, 37.16114
379.4509, 34.58713
379.9330, 32.56635
380.4152, 30.24834
380.8973, 27.44532
381.3794, 24.58273
381.8615, 22.50521
382.3436, 21.16663
382.8257, 20.02286
383.3079, 18.87193
383.7900, 17.73324
384.2721, 16.58386
384.7542, 15.41132
385.2363, 14.24228
385.7184, 13.03893
386.2006, 11.86956
386.6827, 10.84032
387.1648, 10.03110
387.6469, 9.331163
388.1290, 8.582460
388.6111, 7.810781
389.0933, 7.116373
389.5754, 6.534052
390.0575, 6.071959
390.5396, 5.767670
391.0217, 5.704185
391.5038, 5.610083
391.9860, 5.183920
392.4681, 4.570553
392.9502, 4.057543
393.4323, 3.884138
393.9144, 3.759636
394.3965, 3.482136
394.8787, 3.031185
395.3608, 2.678484
395.8429, 2.603329
396.3250, 2.618519
396.8071, 2.550661
397.2892, 2.252913
397.7714, 1.985149
398.2535, 1.793926
398.7356, 1.676571
399.2177, 1.624111
399.6998, 1.817966
400.1819, 1.927248
400.6641, 1.772028
401.1462, 1.057631
401.6283, 0.6949650
402.1104, 0.8884540
402.5925, 1.339880
403.0746, 1.608328
403.5568, 1.675907
404.0389, 1.581928
404.5210, 1.254927
405.0031, 0.6940840
405.4852, 0.4360120
405.9673, 0.5825040
406.4495, 0.8405020
406.9316, 0.9738710
407.4137, 0.9757560
407.8958, 0.9096160
408.3779, 0.7719920
408.8600, 0.5839330
409.3422, 0.3702090
409.8243, 0.1266960
410.3064, 5.3171001E-02
410.7885, 8.3480999E-02
411.2706, 2.3840000E-03
411.7527, 4.1882999E-02
412.2349, 2.4000000E-02
412.7170, 1.3002000E-02
413.1991, 2.0473000E-02
413.6812, 9.0730004E-03
414.1633, 1.1562000E-02
414.6454, 3.2419000E-02
415.1276, 7.9170004E-02
415.6097, 0.1883090
416.0918, 0.3476160
416.5739, 0.4762940
417.0560, 0.4871230
417.5381, 0.4494000
418.0203, 0.4512830
418.5024, 0.5295560
418.9845, 0.5984780
419.4666, 0.5710770
419.9487, 0.4978100
420.4308, 0.4735830
420.9130, 0.6922470
421.3951, 0.8376770
421.8772, 0.6715970
422.3593, 0.1509650
422.8414, 0.2063450
423.3235, 0.1481360
423.8057, 7.1249001E-02
424.2878, 0.2480470
424.7699, 0.4372270
425.2520, 0.4860590
425.7341, 0.2540740
426.2162, 0.1559510
426.6984, 0.3786640
427.1805, 0.3142400
427.6626, 0.1743070
428.1447, 2.5179001E-02
428.6268, 0.1449470
429.1089, 0.2798480
429.5911, 0.3872950
430.0732, 0.4533580
430.5553, 0.4455470
431.0374, 0.3349300
431.5195, 0.2727600
432.0016, 0.3259120
432.4838, 0.4508740
432.9659, 0.4144730
433.4480, 0.1912540
433.9301, 3.3417001E-02
434.4122, 0.1183930
434.8943, 8.0664001E-02
435.3765, 4.8044000E-02
435.8586, 4.2048000E-02
436.3407, 1.5784999E-02
436.8228, 0.1403160
437.3049, 0.3897270
437.7870, 0.5726050
438.2692, 0.6122740
438.7513, 0.5476470
439.2334, 0.3700160
439.7155, 9.0968996E-02
440.1976, 9.7337998E-02
440.6797, 5.0156001E-02
441.1619, 0.3277130
441.6440, 0.4784470
442.1261, 0.3791280
442.6082, 0.2518600
443.0903, 0.2445160
443.5724, 0.3033430
444.0546, 0.3123660
444.5367, 0.1731320
445.0188, 2.0432999E-02
445.5009, 8.1271999E-02
445.9830, 0.1196980
446.4651, 0.1560480
446.9473, 0.2662320
447.4294, 0.3444420
447.9115, 0.2999270
448.3936, 0.1503870
448.8757, 0.3755930
449.3578, 0.2183270
449.8400, 0.1988640
450.3221, 0.4751720
450.8042, 0.5954300
451.2863, 0.5956670
451.7684, 0.4289700
452.2505, 2.5238000E-02
452.7327, 5.2370001E-02
453.2148, 0.3142740
453.6969, 0.7944550
454.1790, 0.9417650
454.6611, 0.7346820
455.1432, 0.6253150
455.6254, 0.7442170
456.1075, 1.008009
456.5896, 1.231840
457.0717, 1.416182
457.5538, 1.499338
458.0359, 1.341640
458.5181, 1.064201
459.0002, 0.9483320
459.4823, 1.025719
459.9644, 1.215088
460.4465, 1.488327
460.9286, 1.811544
461.4108, 2.113367
461.8929, 2.299217
462.3750, 2.512266
462.8571, 2.983944
463.3392, 3.626755
463.8214, 4.017874
464.3035, 3.550625
464.7856, 3.041019
465.2677, 3.112848
465.7498, 4.127129
466.2319, 4.966221
466.7141, 5.137482
467.1962, 5.050261
467.6783, 5.231791
468.1604, 6.215181
468.6425, 6.939251
469.1246, 7.052444
469.6068, 6.632309
470.0889, 6.665815
470.5710, 7.383522
471.0531, 8.238586
471.5352, 8.955328
472.0173, 9.534506
472.4995, 9.933651
472.9816, 10.00434
473.4637, 10.09989
473.9458, 10.90858
474.4279, 12.49413
474.9100, 13.84704
475.3922, 14.48801
475.8743, 14.73505
476.3564, 15.67592
476.8385, 17.30357
477.3206, 18.90133
477.8027, 19.76589
478.2849, 20.21476
478.7670, 20.91645
479.2491, 22.00881
479.7312, 23.19517
480.2133, 24.40579
480.6954, 25.48308
481.1776, 26.14219
481.6597, 26.06650
482.1418, 25.68019
482.6239, 25.27429
483.1060, 24.82140
483.5881, 24.08834
484.0703, 22.62225
484.5524, 21.08840
485.0345, 19.92330
485.5166, 19.40367
485.9987, 18.78391
486.4808, 17.63898
486.9630, 16.45346
487.4451, 15.89058
487.9272, 16.35043
488.4093, 16.88814
488.8914, 17.37532
489.3735, 17.81717
489.8557, 18.18516
490.3378, 18.36052
490.8199, 18.73557
491.3020, 19.57538
491.7841, 20.91032
492.2662, 22.36289
492.7484, 23.91676
493.2305, 25.55278
493.7126, 27.12675
494.1947, 28.68238
494.6768, 30.46730
495.1589, 32.51383
495.6411, 34.85842
496.1232, 37.56200
496.6053, 40.64387
497.0874, 43.90930
497.5695, 47.47848
498.0516, 51.10534
498.5338, 54.57515
499.0159, 57.83727
499.4980, 60.89748
499.9801, 63.99382
500.4622, 66.84263
500.9443, 69.16349
501.4265, 70.96216
501.9086, 72.04591
502.3907, 72.59061
502.8728, 72.44655
503.3549, 71.03486
503.8370, 67.68120
504.3192, 63.55133
504.8013, 58.94802
505.2834, 53.71328
505.7655, 48.68456
506.2476, 43.79348
506.7297, 39.17057
507.2119, 34.87363
507.6940, 30.88179
508.1761, 27.46633
508.6582, 24.78585
509.1403, 22.58336
509.6224, 20.16113
510.1046, 17.50061
510.5867, 15.18650
511.0688, 13.65628
511.5509, 12.69961
512.0330, 11.72077
512.5151, 10.71270
512.9973, 9.779026
513.4794, 9.008533
513.9615, 8.359549
514.4436, 7.755861
514.9257, 7.152155
515.4078, 6.658653
515.8900, 6.447365
516.3721, 6.401781
516.8542, 6.296583
517.3363, 6.099070
517.8184, 5.776712
518.3005, 5.181431
518.7827, 4.327888
519.2648, 3.791748
519.7469, 3.978106
520.2290, 4.275293
520.7111, 4.340887
521.1932, 4.026695
521.6754, 3.775518
522.1575, 3.554556
522.6396, 3.420353
523.1217, 3.515903
523.6038, 3.958363
524.0859, 4.185305
524.5681, 4.016193
525.0502, 3.551477
525.5323, 3.072432
526.0144, 2.568729
526.4965, 2.217295
526.9786, 2.230328
527.4608, 2.480015
527.9429, 2.578056
528.4250, 2.495241
528.9071, 2.360111
529.3892, 2.207323
529.8713, 2.101858
530.3535, 2.167259
530.8356, 2.554754
531.3177, 2.954468
531.7998, 3.116356
532.2819, 3.133789
532.7640, 3.222542
533.2462, 3.569595
533.7283, 3.904240
534.2104, 4.051596
534.6925, 3.967211
535.1746, 4.111771
535.6567, 4.641659
536.1389, 5.320644
536.6210, 6.005804
537.1031, 6.723291
537.5852, 7.409170
538.0673, 8.061201
538.5494, 8.690189
539.0316, 9.278236
539.5137, 9.802494
539.9958, 10.48787
540.4779, 11.43627
540.9600, 12.57458
541.4421, 13.66486
541.9243, 14.70790
542.4064, 15.84433
542.8885, 17.21824
543.3706, 18.72647
543.8527, 20.10105
544.3348, 21.29142
544.8170, 22.70873
545.2991, 24.93482
545.7812, 27.47751
546.2633, 29.74105
546.7454, 31.28204
547.2275, 32.83898
547.7097, 34.65186
548.1918, 36.71306
548.6739, 38.96954
549.1560, 41.28645
549.6381, 43.94006
550.1202, 47.06162
550.6024, 50.65786
551.0845, 54.35316
551.5666, 58.14024
552.0487, 62.05072
552.5308, 66.07833
553.0129, 70.26295
553.4951, 74.54056
553.9772, 79.04008
554.4593, 83.34635
554.9414, 86.84574
555.4235, 89.57246
555.9056, 91.99049
556.3878, 94.37218
556.8699, 96.32254
557.3520, 97.25723
557.8341, 97.18536
558.3162, 96.09272
558.7983, 93.67409
559.2805, 90.42069
559.7626, 86.67836
560.2447, 82.48441
560.7268, 78.07417
561.2089, 73.47652
561.6910, 68.73056
562.1732, 63.83336
562.6553, 58.67596
563.1374, 53.62665
563.6195, 48.55353
564.1016, 43.66760
564.5837, 39.28690
565.0659, 35.50112
565.5480, 31.98673
566.0301, 28.71889
566.5122, 25.68479
566.9943, 22.85365
567.4764, 20.21881
567.9586, 17.92963
568.4407, 16.13045
568.9228, 14.79044
569.4049, 13.77761
569.8870, 13.12234
570.3691, 12.51748
570.8513, 11.68478
571.3334, 10.68784
571.8155, 9.648329
572.2976, 8.488543
572.7797, 7.503046
573.2618, 6.987650
573.7440, 6.782574
574.2261, 6.587988
574.7082, 6.277334
575.1903, 5.975714
575.6724, 5.706999
576.1545, 5.480282
576.6367, 5.367344
577.1188, 5.485399
577.6009, 5.606672
578.0830, 5.615507
578.5651, 5.456814
579.0472, 5.486532
579.5294, 5.749777
580.0115, 6.122759
580.4936, 6.491350
580.9757, 6.857452
581.4578, 7.266171
581.9399, 7.719282
582.4221, 8.226948
582.9042, 8.849670
583.3863, 9.553465
583.8684, 10.23457
584.3505, 10.95654
584.8326, 11.54954
585.3148, 11.75089
585.7969, 11.63149
586.2790, 11.51027
586.7611, 11.62657
587.2432, 11.74193
587.7253, 11.78713
588.2075, 11.81450
588.6896, 11.37939
589.1717, 9.906424
589.6538, 8.251112
590.1359, 7.075645
590.6180, 6.726776
591.1002, 6.172529
591.5823, 5.269850
592.0644, 4.251577
592.5465, 3.525045
593.0286, 3.121351
593.5107, 2.781866
593.9929, 2.454380
594.4750, 2.127169
594.9571, 1.751616
595.4392, 1.336189
595.9213, 0.9495750
596.4034, 0.5749590
596.8856, 0.2771260
597.3677, 0.1554240
597.8498, 0.2131140
598.3319, 0.3688280
598.8140, 0.7243330
599.2961, 1.065262
599.7783, 1.183451
600.2604, 0.9033470
600.7425, 0.7053620
601.2246, 0.7753560
601.7067, 0.9523180
602.1888, 1.021509
602.6710, 0.8920960
603.1531, 0.8051280
603.6352, 0.8182200
604.1173, 0.8841760
604.5994, 0.8513220
605.0815, 0.7009430
605.5637, 0.5608100
606.0458, 0.5107360
606.5279, 0.5133690
607.0100, 0.3959750
607.4921, 0.1643710
607.9742, 7.2662003E-02
608.4564, 0.2265610
608.9385, 0.3321840
609.4206, 0.4252050
609.9027, 0.5042130
610.3848, 0.6094300
610.8669, 0.8342740
611.3491, 1.077730
611.8312, 1.227694
612.3133, 1.192783
612.7954, 1.138433
613.2775, 1.120043
613.7596, 1.099731
614.2418, 0.9964770
614.7239, 0.7291130
615.2060, 0.5034290
615.6881, 0.3858150
616.1702, 0.3606260
616.6523, 0.3143900
617.1345, 0.2477630
617.6166, 0.1404110
618.0987, 1.3700000E-02
618.5808, 0.2175580
619.0629, 0.4898200
619.5450, 0.8321530
620.0272, 1.209370
620.5093, 1.606934
620.9914, 2.020058
621.4735, 2.396173
621.9556, 2.676559
622.4377, 3.055321
622.9199, 3.785229
623.4020, 4.636003
623.8841, 5.335354
624.3662, 5.500238
624.8483, 5.915831
625.3304, 6.837894
625.8126, 8.056597
626.2947, 9.108278
626.7768, 9.889071
627.2589, 10.69186
627.7410, 11.59737
628.2231, 12.59957
628.7053, 13.67529
629.1874, 14.84864
629.6695, 16.01222
630.1516, 17.02744
630.6337, 17.94151
631.1158, 18.96064
631.5980, 20.09336
632.0801, 21.34184
632.5622, 22.86845
633.0443, 24.42369
633.5264, 25.74735
634.0085, 26.78230
634.4907, 27.61117
634.9728, 28.28583
635.4549, 28.76597
635.9370, 28.99394
636.4191, 28.93522
636.9012, 28.66268
637.3834, 28.21828
637.8655, 27.55861
638.3476, 26.53437
638.8297, 25.07140
639.3118, 23.54762
639.7939, 22.06872
640.2761, 20.62561
640.7582, 19.23526
641.2403, 17.87763
641.7224, 16.51973
642.2045, 14.96145
642.6866, 13.43745
643.1688, 12.35698
643.6509, 11.72152
644.1330, 11.12021
644.6151, 10.22657
645.0972, 9.312260
645.5793, 8.625343
646.0615, 8.334254
646.5436, 7.941002
647.0257, 7.264627
647.5078, 6.515701
647.9899, 5.889118
648.4720, 5.425687
648.9542, 4.941309
649.4363, 4.337343
649.9184, 3.791921
650.4005, 3.707700
650.8826, 4.075543
651.3647, 4.337154
651.8469, 4.275412
652.3290, 4.035086
652.8111, 3.858889
653.2932, 3.720432
653.7753, 3.528345
654.2574, 3.091103
654.7396, 2.685775
655.2217, 2.610553
655.7038, 2.847241
656.1859, 2.922681
656.6680, 2.502018
657.1501, 2.033851
657.6323, 1.781252
658.1144, 1.805711
658.5965, 1.770108
659.0786, 1.639733
659.5607, 1.500919
660.0428, 1.439598
660.5250, 1.461963
661.0071, 1.437424
661.4892, 1.347293
661.9713, 1.235976
662.4534, 1.141865
662.9355, 1.072583
663.4177, 1.058022
663.8998, 1.143813
664.3819, 1.220428
664.8640, 1.187417
665.3461, 1.078542
665.8282, 0.9570680
666.3104, 0.8234760
666.7925, 0.6998200
667.2746, 0.5693100
667.7567, 0.4484720
668.2388, 0.4207330
668.7209, 0.5666040
669.2031, 0.6607590
669.6852, 0.6127560
670.1673, 0.4434700
670.6494, 0.3450140
671.1315, 0.3256270
671.6136, 0.2934780
672.0958, 0.1363500
672.5779, 7.0724003E-02
673.0600, 0.1325140
673.5421, 4.0229000E-02
674.0242, 0.1174120
674.5063, 0.3840200
674.9885, 0.6288060
675.4706, 0.6896720
675.9527, 0.4748260
676.4348, 0.2473540
676.9169, 8.3444998E-02
677.3990, 4.1813001E-02
677.8812, 0.1592800
678.3633, 0.3368750
678.8454, 0.3745430
679.3275, 0.2007150
679.8096, 6.8838000E-02
680.2917, 0.2282820
680.7739, 0.2733500
681.2560, 0.2589250
681.7381, 0.1808410
682.2202, 7.6764002E-02
682.7023, 6.4690001E-03
683.1844, 5.8880001E-02
683.6666, 3.5618000E-02
684.1487, 0.2054490
684.6308, 0.4362680
685.1129, 0.4710440
685.5950, 0.3278510
686.0771, 0.1317220
686.5593, 0.2757080
687.0414, 0.5473940
687.5235, 0.4309280
688.0056, 0.1112590
688.4877, 0.4258520
688.9698, 0.4174140
689.4520, 0.3519870
689.9341, 0.4070770
690.4162, 0.5846840
690.8983, 0.7096210
691.3804, 0.7782380
691.8625, 0.8016200
692.3447, 0.7551280
692.8268, 0.6792220
693.3089, 0.6788180
693.7910, 0.8055810
694.2731, 0.8658330
694.7552, 0.6085770
695.2374, 0.2565970
695.7195, 6.8456002E-02
696.2016, 0.2124160
696.6837, 0.3924950
697.1658, 0.6142440
697.6479, 0.8310260
698.1301, 0.9704510
698.6122, 1.016237
699.0943, 1.025299
699.5764, 0.9914910
700.0585, 0.9447480
700.5406, 0.9631100
701.0228, 1.040876
701.5049, 1.115763
701.9870, 1.125813
702.4691, 1.145663
702.9512, 1.343673
703.4333, 1.657744
703.9155, 1.846979
704.3976, 1.687142
704.8797, 1.467925
705.3618, 1.323777
705.8439, 1.262495
706.3260, 1.256169
706.8082, 1.281575
707.2903, 1.387094
707.7724, 1.647233
708.2545, 2.082725
708.7366, 2.219864
709.2188, 2.005589
709.7009, 1.731853
710.1830, 1.629119
710.6651, 1.661572
711.1472, 1.735686
711.6293, 1.846425
712.1115, 1.952624
712.5936, 2.021792
713.0757, 2.068295
713.5578, 2.104958
714.0399, 2.128457
714.5220, 2.155395
715.0042, 2.229894
715.4863, 2.290422
715.9684, 2.262668
716.4505, 2.056442
716.9326, 1.964215
717.4147, 2.033786
717.8969, 2.191129
718.3790, 2.338710
718.8611, 2.475758
719.3432, 2.556648
719.8253, 2.559365
720.3074, 2.527327
720.7896, 2.486038
721.2717, 2.453039
721.7538, 2.471901
722.2359, 2.602214
722.7180, 2.751540
723.2001, 2.906130
723.6823, 3.047405
724.1644, 3.108469
724.6465, 2.978907
725.1286, 2.898499
725.6107, 2.957935
726.0928, 3.114802
726.5750, 3.125504
727.0571, 2.957930
727.5392, 2.818710
728.0213, 2.816469
728.5034, 2.906415
728.9855, 2.977026
729.4677, 3.023300
729.9498, 3.053167
730.4319, 3.082633
730.9140, 3.114319
731.3961, 3.146931
731.8782, 3.158161
732.3604, 3.154169
732.8425, 3.083346
733.3246, 3.073155
733.8067, 3.207101
734.2888, 3.514379
734.7709, 3.555758
735.2531, 3.257339
735.7352, 2.921991
736.2173, 2.766486
736.6994, 2.792719
737.1815, 2.952069
737.6636, 3.244722
738.1458, 3.550008
738.6279, 3.822296
739.1100, 4.005287
739.5921, 4.011033
740.0742, 3.783922
740.5563, 3.542717
741.0385, 3.310564
741.5206, 3.143181
742.0027, 3.117192
742.4848, 3.315248
742.9669, 3.510345
743.4490, 3.712825
743.9312, 3.840932
744.4133, 3.743686
744.8954, 3.440310
745.3775, 3.278937
745.8596, 3.369193
746.3417, 3.544815
746.8239, 3.635681
747.3060, 3.660870
747.7881, 3.662395
748.2702, 3.637218
748.7523, 3.623037
749.2344, 3.667121
749.7166, 3.721289
750.1987, 3.704278
750.6808, 3.499723
751.1629, 3.392840
751.6450, 3.474079
752.1271, 3.646213
752.6093, 3.658138
753.0914, 3.495549
753.5735, 3.333729
754.0556, 3.233245
754.5377, 3.188380
755.0198, 3.216670
755.5020, 3.296544
755.9841, 3.360619
756.4662, 3.336602
756.9483, 3.323516
757.4304, 3.436206
757.9125, 3.619385
758.3947, 3.666682
758.8768, 3.384559
759.3589, 3.155624
759.8410, 3.075151
760.3231, 3.124595
760.8052, 3.236739
761.2874, 3.429087
761.7695, 3.553356
762.2516, 3.503351
762.7337, 3.352963
763.2158, 3.256203
763.6979, 3.210981
764.1801, 3.205494
764.6622, 3.331193
765.1443, 3.410720
765.6264, 3.264045
766.1085, 2.900358
766.5906, 2.650115
767.0728, 2.647313
767.5549, 2.699744
768.0370, 2.760839
768.5191, 2.825976
769.0012, 2.764256
769.4833, 2.552169
769.9655, 2.348409
770.4476, 2.241023
770.9297, 2.221621
771.4118, 2.310762
771.8939, 2.486854
772.3760, 2.609306
772.8582, 2.510830
773.3403, 2.384292
773.8224, 2.424446
774.3045, 2.692303
774.7866, 2.842901
775.2687, 2.698249
775.7509, 2.500575
776.2330, 2.392441
776.7151, 2.396372
777.1972, 2.298617
777.6793, 2.078978
778.1614, 1.885490
778.6436, 1.875979
779.1257, 1.978040
779.6078, 2.042140
780.0899, 2.058403
780.5720, 2.010720
781.0541, 1.850698
781.5363, 1.648528
782.0184, 1.462100
782.5005, 1.300948
782.9826, 1.145482
783.4647, 0.9789250
783.9468, 0.8327900
784.4290, 0.7255960
784.9111, 0.6565870
785.3932, 0.6249590
785.8753, 0.6269710
786.3574, 0.6852190
786.8395, 0.9444400
787.3217, 1.247611
787.8038, 1.199233
788.2859, 0.6992530
788.7680, 0.2853760
789.2501, 0.4358020
789.7322, 0.7287590
790.2144, 0.7787710
790.6965, 0.3213810
791.1786, 0.1310690
791.6607, 0.3848020
792.1428, 0.7101210
792.6249, 0.7901990
793.1071, 0.6198100
793.5892, 0.3776370
794.0713, 5.7477001E-02
794.5534, 0.2261650
795.0355, 0.3650570
795.5176, 0.3854710
795.9998, 0.3173080
796.4819, 0.1481020
796.9640, 1.8940000E-02
797.4461, 0.1389180
797.9282, 0.2325420
798.4103, 0.3253560
798.8925, 0.4804470
799.3746, 0.4852880
799.8567, 0.2602410
800.3388, 1.5635001E-02
800.8209, 5.4720002E-03
801.3030, 0.1748450
801.7852, 0.2807260
802.2673, 0.2806400
802.7494, 0.2373470
803.2315, 0.1885930
803.7136, 0.1464580
804.1957, 0.1273190
804.6779, 0.1402870
805.1600, 0.1590390
805.6421, 0.1391600
806.1242, 0.1453040
806.6063, 0.2392290
807.0884, 0.4760680
807.5706, 0.6553000
808.0527, 0.7761860
808.5348, 0.8400310
809.0169, 0.7872890
809.4990, 0.6680510
809.9811, 0.7566360
810.4633, 1.127821
810.9454, 1.420815
811.4275, 1.225880
811.9096, 0.8509140
812.3917, 0.6210140
812.8738, 0.6098610
813.3560, 0.7121300
813.8381, 1.033989
814.3202, 1.357027
814.8023, 1.496990
815.2844, 1.414476
815.7665, 1.390182
816.2487, 1.452906
816.7308, 1.492825
817.2129, 1.337008
817.6950, 1.086657
818.1771, 0.9892500
818.6592, 1.104143
819.1414, 1.184984
819.6235, 1.086863
820.1056, 0.8885140
820.5877, 0.6312580
821.0698, 0.2197740
821.5519, 3.7075002E-02
822.0341, 0.2157760
822.5162, 0.4314980
822.9983, 0.4234180
823.4804, 0.1987210
823.9625, 7.2375998E-02
824.4446, 0.3878250
824.9268, 0.6771620
825.4089, 0.8728200
825.8910, 1.004019
826.3731, 1.103027
826.8552, 1.174431
827.3373, 1.219545
827.8195, 1.309450
828.3016, 1.311266
828.7837, 1.101879
829.2658, 0.6057470
829.7479, 0.3035320
830.2300, 0.1953330
830.7122, 0.3037130
831.1943, 0.8558160
831.6764, 1.636894
832.1585, 1.879488
832.6406, 1.555182
833.1227, 1.137600
833.6049, 0.8790170
834.0870, 0.7300220
834.5691, 0.6693570
835.0512, 0.7106910
835.5333, 0.7143730
836.0154, 0.6439150
836.4976, 0.5674060
836.9797, 0.5374240
837.4618, 0.5490740
837.9439, 0.4381080
838.4260, 0.2008250
838.9081, 4.9919002E-02
839.3903, 0.2126940
839.8724, 0.3516540
840.3545, 0.5384710
840.8366, 0.7778380
841.3187, 1.078199
841.8008, 1.594501
842.2830, 2.024212
842.7651, 2.131695
843.2472, 1.956964
843.7293, 2.078964
844.2114, 2.577372
844.6935, 3.123980
845.1757, 3.539934
845.6578, 3.880278
846.1399, 4.349701
846.6220, 4.923801
847.1041, 5.506647
847.5862, 5.877573
848.0684, 6.364248
848.5505, 7.321783
849.0326, 8.634878
849.5147, 9.697163
849.9968, 10.18834
850.4789, 10.76288
850.9611, 11.58445
851.4432, 12.59624
851.9253, 13.58020
852.4074, 14.54090
852.8895, 15.69635
853.3716, 17.16529
853.8538, 18.81492
854.3359, 20.58464
854.8180, 22.40437
855.3001, 24.07298
855.7822, 25.13042
856.2643, 26.50583
856.7465, 28.66348
857.2286, 31.21413
857.7107, 33.44709
858.1928, 35.26549
858.6749, 37.28146
859.1570, 39.70094
859.6392, 42.27778
860.1213, 44.48862
860.6034, 46.51481
861.0855, 48.85465
861.5676, 51.97942
862.0497, 54.90572
862.5319, 56.89890
863.0140, 58.44506
863.4961, 60.19055
863.9782, 62.54844
864.4603, 64.44724
864.9424, 65.91611
865.4246, 66.82522
865.9067, 66.93553
866.3888, 66.33101
866.8709, 65.50360
867.3530, 64.55546
867.8351, 63.20255
868.3173, 60.94421
868.7994, 58.26690
869.2815, 55.66630
869.7636, 53.20804
870.2457, 50.82204
870.7278, 48.57314
871.2100, 46.29932
871.6921, 43.80695
872.1742, 41.10500
872.6563, 38.85098
873.1384, 37.08252
873.6205, 35.54099
874.1027, 34.09102
874.5848, 32.69427
875.0669, 31.24787
875.5490, 29.76192
876.0311, 28.55381
876.5132, 27.93508
876.9954, 27.44596
877.4775, 26.87201
877.9596, 26.21841
878.4417, 25.51990
878.9238, 24.72009
879.4059, 24.21155
879.8881, 24.40921
880.3702, 24.95466
880.8523, 25.08761
881.3344, 24.90817
881.8165, 24.84015
882.2986, 25.01702
882.7808, 25.42305
883.2629, 26.18951
883.7450, 27.20202
884.2271, 27.97943
884.7092, 28.35721
885.1913, 28.98891
885.6735, 30.08603
886.1556, 31.47519
886.6377, 32.81750
887.1198, 34.13586
887.6019, 35.55146
888.0840, 37.12304
888.5662, 38.75557
889.0483, 40.32158
889.5304, 41.90200
890.0125, 43.66078
890.4946, 45.75248
890.9767, 47.87623
891.4589, 49.98500
891.9410, 52.16954
892.4231, 54.55833
892.9052, 57.16144
893.3873, 59.99725
893.8694, 63.11375
894.3516, 66.36530
894.8337, 69.52416
895.3158, 72.81024
895.7979, 76.47933
896.2800, 80.64110
896.7621, 84.87304
897.2443, 89.16252
897.7264, 93.41400
898.2085, 97.43890
898.6906, 101.2366
899.1727, 105.4185
899.6548, 109.9526
900.1370, 114.6917
900.6191, 119.4694
901.1012, 124.3803
901.5833, 129.3526
902.0654, 134.3762
902.5475, 139.9952
903.0297, 146.0448
903.5118, 153.0700
903.9939, 161.3647
904.4760, 170.6791
904.9581, 180.0067
905.4402, 189.3415
905.9224, 199.3103
906.4045, 210.2021
906.8866, 222.1313
907.3687, 234.9618
907.8508, 249.0447
908.3329, 264.8949
908.8151, 283.5292
909.2972, 302.9339
909.7793, 322.1178
910.2614, 342.1819
910.7435, 365.1548
911.2256, 391.2593
911.7078, 417.1517
912.1899, 442.1526
912.6720, 468.5200
913.1541, 499.1452
913.6362, 532.6736
914.1183, 567.0044
914.6005, 601.7753
915.0826, 637.0494
915.5647, 673.8438
916.0468, 710.3040
916.5289, 745.3397
917.0110, 779.1494
917.4932, 811.4586
917.9753, 842.7242
918.4574, 869.9510
918.9395, 892.2659
919.4216, 908.3504
919.9037, 916.3456
920.3859, 916.1719
920.8680, 908.0984
921.3501, 891.3866
921.8322, 867.4519
922.3143, 835.9958
922.7964, 798.2057
923.2786, 757.0277
923.7607, 712.1434
924.2428, 666.0535
924.7249, 619.4374
925.2070, 573.0801
925.6891, 528.5866
926.1713, 486.0135
926.6534, 445.9117
927.1355, 407.4729
927.6176, 372.7402
928.0997, 343.1104
928.5818, 316.7971
929.0640, 291.6789
929.5461, 267.4301
930.0282, 245.5960
930.5103, 226.6234
930.9924, 209.6240
931.4745, 194.2795
931.9567, 180.3118
932.4388, 167.0036
932.9209, 154.3066
933.4030, 142.8565
933.8851, 133.6890
934.3672, 125.3172
934.8494, 116.9285
935.3315, 108.4421
935.8136, 100.6528
936.2957, 93.54749
936.7778, 87.27191
937.2599, 82.31254
937.7421, 77.96096
938.2242, 72.77177
938.7063, 67.07423
939.1884, 62.09399
939.6705, 59.01065
940.1526, 55.96269
940.6348, 52.20719
941.1169, 48.11766
941.5990, 44.62527
942.0811, 41.77224
942.5632, 39.39001
943.0453, 37.57846
943.5275, 35.86318
944.0096, 33.43226
944.4917, 30.72108
944.9738, 28.42768
945.4559, 26.88798
945.9380, 25.35468
946.4202, 23.50459
946.9023, 21.72025
947.3844, 20.34046
947.8665, 19.40532
948.3486, 18.29393
948.8307, 16.97720
949.3129, 15.64211
949.7950, 14.40765
950.2771, 13.27167
950.7592, 12.29077
951.2413, 11.44624
951.7234, 10.61321
952.2056, 9.728443
952.6877, 8.879044
953.1698, 8.041561
953.6519, 7.275410
954.1340, 6.873222
954.6161, 6.813343
955.0983, 6.591873
955.5804, 5.928560
956.0625, 5.233971
956.5446, 5.038870
957.0267, 5.051735
957.5089, 4.827070
957.9910, 3.849375
958.4731, 3.269829
958.9552, 3.314314
959.4373, 3.506824
959.9194, 3.353441
960.4016, 2.896669
960.8837, 2.485304
961.3658, 2.145830
961.8479, 1.884579
962.3300, 1.784334
962.8121, 1.710512
963.2943, 1.569099
963.7764, 1.349943
964.2585, 1.037111
964.7406, 0.4992050
965.2227, 0.1680770
965.7048, 0.2842770
966.1870, 0.6567420
966.6691, 0.7677330
967.1512, 0.6598240
967.6333, 0.5137830
968.1154, 0.4218080
968.5975, 0.2894060
969.0797, 8.8000001E-05
969.5618, 0.3412700
970.0439, 0.5817450
970.5260, 0.6837140
971.0081, 0.7754380
971.4902, 0.8697110
971.9724, 0.9357150
972.4545, 0.9814010
972.9366, 0.9627550
973.4187, 0.7156350
973.9008, 0.2248860
974.3829, 0.1926230
974.8651, 0.4129620
975.3472, 0.4672150
975.8293, 0.3243100
976.3114, 1.2877000E-02
976.7935, 0.2608550
977.2756, 0.5207370
977.7578, 0.5315440
978.2399, 3.5914999E-02
978.7220, 0.5795730
979.2041, 0.6746370
979.6862, 0.4288710
980.1683, 0.2311040
980.6505, 0.1724890
981.1326, 0.2395170
981.6147, 0.4917160
982.0968, 0.8030300
982.5789, 1.085316
983.0610, 1.339188
983.5432, 1.271830
984.0253, 0.8301720
984.5074, 0.3629930
984.9895, 0.1331580
985.4716, 5.7764001E-02
985.9537, 5.5160999E-02
986.4359, 0.1164470
986.9180, 0.3115430
987.4001, 0.8204400
987.8822, 1.156918
988.3643, 1.115301
988.8464, 0.7880000
989.3286, 0.3922270
989.8107, 4.4962000E-02
990.2928, 0.3940620
990.7749, 0.6144050
991.2570, 0.7114930
991.7391, 0.5829260
992.2213, 0.3742100
992.7034, 0.3066220
993.1855, 0.4450230
993.6676, 0.5744630
994.1497, 0.6949250
994.6318, 0.7839280
995.1140, 0.7977390
995.5961, 0.7681480
996.0782, 0.7358990
996.5603, 0.7096330
997.0424, 0.7717060
997.5245, 1.180109
998.0067, 1.453039
998.4888, 1.298397
998.9709, 0.8319760
999.4530, 0.5877690
999.9351, 0.5805210
1000.417, 0.5394290
1000.899, 0.3541680
1001.381, 0.1305030
1001.864, 3.0840000E-02
1002.346, 3.3115000E-02
1002.828, 0.2115970
1003.310, 0.7129590
1003.792, 1.009220
1004.274, 1.023079
1004.756, 0.8965210
1005.238, 0.6574000
1005.721, 0.3529970
1006.203, 0.3842220
1006.685, 0.7464390
1007.167, 1.128588
1007.649, 1.336750
1008.131, 1.475574
1008.613, 1.568001
1009.095, 1.641584
1009.577, 1.831429
1010.060, 2.197481
1010.542, 2.485172
1011.024, 2.609861
1011.506, 2.682133
1011.988, 2.952059
1012.470, 3.290384
1012.952, 3.361980
1013.434, 2.935658
1013.917, 2.745457
1014.399, 3.322266
1014.881, 4.020546
1015.363, 4.397903
1015.845, 4.446199
1016.327, 4.713411
1016.809, 5.203817
1017.291, 5.656174
1017.773, 5.788048
1018.256, 5.896677
1018.738, 6.383726
1019.220, 7.092634
1019.702, 7.549192
1020.184, 7.475649
1020.666, 7.459320
1021.148, 7.523916
1021.630, 7.745617
1022.112, 8.359806
1022.595, 9.225746
1023.077, 9.821939
1023.559, 10.04360
1024.041, 10.30320
1024.523, 10.89184
1025.005, 11.57482
1025.487, 12.18476
1025.969, 12.72796
1026.452, 13.30564
1026.934, 13.92647
1027.416, 14.50699
1027.898, 14.97642
1028.380, 15.43738
1028.862, 16.03657
1029.344, 16.72384
1029.826, 17.41227
1030.308, 18.00246
1030.791, 18.71601
1031.273, 19.61461
1031.755, 20.58739
1032.237, 21.51716
1032.719, 22.40999
1033.201, 23.20687
1033.683, 23.92735
1034.165, 24.86042
1034.647, 26.37570
1035.130, 27.97238
1035.612, 29.36119
1036.094, 30.56980
1036.576, 31.77674
1037.058, 32.98474
1037.540, 34.07326
1038.022, 34.96154
1038.504, 35.81217
1038.987, 36.81833
1039.469, 37.95315
1039.951, 39.21936
1040.433, 40.64437
1040.915, 42.02579
1041.397, 43.30278
1041.879, 44.52700
1042.361, 45.74866
1042.844, 46.94729
1043.326, 48.08727
1043.808, 49.15237
1044.290, 49.98871
1044.772, 50.35151
1045.254, 50.64367
1045.736, 51.17172
1046.218, 51.79803
1046.700, 52.26635
1047.183, 52.58845
1047.665, 52.66998
1048.147, 52.48647
1048.629, 52.11170
1049.111, 51.77726
1049.593, 51.24093
1050.075, 49.85577
1050.557, 47.60223
1051.040, 45.79465
1051.522, 45.45238
1052.004, 44.96717
1052.486, 43.89378
1052.968, 42.37286
1053.450, 40.68679
1053.932, 38.85640
1054.414, 37.07905
1054.896, 35.47395
1055.379, 33.78228
1055.861, 31.67704
1056.343, 29.53142
1056.825, 27.76474
1057.307, 26.46550
1057.789, 24.85333
1058.271, 22.86753
1058.753, 20.93906
1059.235, 19.42952
1059.718, 18.10493
1060.200, 16.53353
1060.682, 14.88463
1061.164, 13.62052
1061.646, 13.14214
1062.128, 12.68624
1062.610, 12.22926
1063.092, 11.66882
1063.574, 10.78249
1064.057, 9.673969
1064.539, 8.762568
1065.021, 8.081272
1065.503, 7.482071
1065.985, 6.867464
1066.467, 6.306326
1066.949, 5.816887
1067.431, 5.404009
1067.914, 5.169004
1068.396, 5.145994
1068.878, 4.913330
1069.360, 4.251280
1069.842, 3.567190
1070.324, 3.362474
1070.806, 3.427561
1071.288, 3.509216
1071.771, 3.575939
1072.253, 3.602983
1072.735, 3.597187
1073.217, 3.542307
1073.699, 3.415783
1074.181, 3.241816
1074.663, 3.099699
1075.145, 2.954134
1075.627, 2.735294
1076.110, 2.222847
1076.592, 1.868813
1077.074, 1.926582
1077.556, 2.122599
1078.038, 2.154430
1078.520, 2.022066
1079.002, 1.889281
1079.484, 1.770003
1079.967, 1.650126
1080.449, 1.459440
1080.931, 1.310175
1081.413, 1.349513
1081.895, 1.536711
1082.377, 1.571216
1082.859, 1.432003
1083.341, 1.184813
1083.823, 0.7862990
1084.306, 0.4478550
1084.788, 0.5419820
1085.270, 0.8626380
1085.752, 1.115319
1086.234, 1.251812
1086.716, 1.280033
1087.198, 1.147829
1087.680, 0.9959910
1088.162, 0.8699150
1088.645, 0.7849110
1089.127, 0.8463480
1089.609, 0.9966900
1090.091, 1.007529
1090.573, 0.6720760
1091.055, 0.3636960
1091.537, 0.2200020
1092.019, 0.2056450
1092.501, 0.3206160
1092.984, 0.5890350
1093.466, 0.6753340
1093.948, 0.5730710
1094.430, 0.4487570
1094.912, 0.3841600
1095.394, 0.3772100
1095.876, 0.4373960
1096.358, 0.5539920
1096.841, 0.7081240
1097.323, 0.9529450
1097.805, 1.051996
1098.287, 0.9482120
1098.769, 0.7916280
1099.251, 0.7476550
1099.733, 0.7686070
1100.215, 0.7971220
1100.698, 0.8256560
1101.180, 0.8069260
1101.662, 0.6862440
1102.144, 0.5782160
1102.626, 0.5245990
1103.108, 0.4905780
1103.590, 0.3628200
1104.072, 0.1863130
1104.554, 0.1221510
1105.037, 0.2496950
1105.519, 0.3582250
1106.001, 0.3610510
1106.483, 0.2898400
1106.965, 0.1362300
1107.447, 8.4665000E-02
1107.929, 0.1428690
1108.411, 4.7199000E-02
1108.894, 4.7952000E-02
1109.376, 8.5701004E-02
1109.858, 6.9385000E-02
1110.340, 8.9033000E-02
1110.822, 0.2577050
1111.304, 0.2359490
1111.786, 5.9664000E-02
1112.268, 0.2718490
1112.750, 0.4001110
1113.233, 0.4153690
1113.715, 0.1884460
1114.197, 8.8151999E-02
1114.679, 0.1785950
1115.161, 0.1145000
1115.643, 3.7652999E-02
1116.125, 2.9600000E-03
1116.607, 0.1181300
1117.089, 0.3753840
1117.572, 0.5859710
1118.054, 0.4012520
1118.536, 2.5216000E-02
1119.018, 9.4645001E-02
1119.500, 7.9958998E-02
1119.982, 0.2876560
1120.464, 0.5229020
1120.946, 0.6505310
1121.428, 0.5942580
1121.911, 0.4352530
1122.393, 0.3733060
1122.875, 0.3822720
1123.357, 0.3253630
1123.839, 0.1406730
1124.321, 3.7909999E-02
1124.803, 0.2995000
1125.285, 0.5326620
1125.768, 0.4333140
1126.250, 5.3892002E-02
1126.732, 6.4071000E-02
1127.214, 6.9420002E-02
1127.696, 0.1900460
1128.178, 0.1711030
1128.660, 0.1308030
1129.142, 0.2071000
1129.625, 0.2976630
1130.107, 0.2588420
1130.589, 4.4041999E-02
1131.071, 0.1107980
1131.553, 0.2153450
1132.035, 0.1944890
1132.517, 0.1463170
1132.999, 0.5266820
1133.481, 0.5813350
1133.964, 0.4174550
1134.446, 0.2736770
1134.928, 0.1396460
1135.410, 0.1594790
1135.892, 0.3968620
1136.374, 0.6184520
1136.856, 0.5123920
1137.338, 0.2703610
1137.821, 0.2635530
1138.303, 0.4627880
1138.785, 0.5830000
1139.267, 0.4481690
1139.749, 0.3350180
1140.231, 0.2840420
1140.713, 0.2843470
1141.195, 0.3574340
1141.677, 0.4601830
1142.160, 0.4663340
1142.642, 0.3663110
1143.124, 0.2809840
1143.606, 0.1862550
1144.088, 0.2192860
1144.570, 0.5003370
1145.052, 0.8886380
1145.534, 0.9456400
1146.016, 0.7359860
1146.499, 0.6251850
1146.981, 0.7321410
1147.463, 0.8134940
1147.945, 0.6800210
1148.427, 0.4982750
1148.909, 0.3549550
1149.391, 0.2612620
1149.873, 0.3223750
1150.355, 0.5371000
1150.838, 0.7949680
1151.320, 1.113527
1151.802, 1.325706
1152.284, 1.202901
1152.766, 0.9636140
1153.248, 0.8448020
1153.730, 0.8627440
1154.212, 0.9272840
1154.695, 1.042253
1155.177, 1.152928
1155.659, 1.213931
1156.141, 1.267304
1156.623, 1.423615
1157.105, 1.581277
1157.587, 1.521075
1158.069, 1.087366
1158.552, 0.8986020
1159.034, 0.9948340
1159.516, 1.156552
1159.998, 1.244987
1160.480, 1.275413
1160.962, 1.193257
1161.444, 1.064066
1161.926, 1.123583
1162.408, 1.592499
1162.891, 1.796773
1163.373, 1.596793
1163.855, 1.364571
1164.337, 1.579944
1164.819, 1.985455
1165.301, 2.164280
1165.783, 2.116999
1166.265, 2.051984
1166.748, 1.931405
1167.230, 1.957361
1167.712, 2.232704
1168.194, 2.525829
1168.676, 2.453290
1169.158, 2.184402
1169.640, 2.063559
1170.122, 2.117206
1170.604, 2.179672
1171.087, 2.155717
1171.569, 2.201189
1172.051, 2.371021
1172.533, 2.587934
1173.015, 2.752998
1173.497, 2.863095
1173.979, 2.891897
1174.461, 2.815475
1174.943, 2.762383
1175.426, 2.837159
1175.908, 2.865424
1176.390, 2.724572
1176.872, 2.512898
1177.354, 2.651817
1177.836, 3.018824
1178.318, 3.170410
1178.800, 2.880041
1179.282, 2.637010
1179.765, 2.743288
1180.247, 2.875788
1180.729, 2.822393
1181.211, 2.636286
1181.693, 2.649303
1182.175, 2.804401
1182.657, 2.915456
1183.139, 2.897842
1183.622, 2.835620
1184.104, 2.697919
1184.586, 2.564777
1185.068, 2.538157
1185.550, 2.606727
1186.032, 2.557625
1186.514, 2.410707
1186.996, 2.320762
1187.479, 2.488068
1187.961, 2.591392
1188.443, 2.319249
1188.925, 2.010245
1189.407, 2.092077
1189.889, 2.591897
1190.371, 2.726311
1190.853, 2.488913
1191.335, 2.223558
1191.818, 2.017294
1192.300, 1.981266
1192.782, 2.356976
1193.264, 2.853785
1193.746, 3.044815
1194.228, 2.918195
1194.710, 2.725475
1195.192, 2.482186
1195.675, 2.306374
1196.157, 2.426921
1196.639, 2.498432
1197.121, 2.149379
1197.603, 1.640095
1198.085, 1.559706
1198.567, 1.935459
1199.049, 2.122119
1199.531, 2.047029
1200.014, 1.988906
1200.496, 2.318905
1200.978, 2.603535
1201.460, 2.439697
1201.942, 1.997558
1202.424, 1.799275
1202.906, 1.856954
1203.388, 1.833955
1203.870, 1.670550
1204.353, 1.487714
1204.835, 1.331450
1205.317, 1.248198
1205.799, 1.352966
1206.281, 1.565169
1206.763, 1.552552
1207.245, 1.303231
1207.727, 1.141093
1208.209, 1.133410
1208.692, 1.239232
1209.174, 1.615104
1209.656, 1.932325
1210.138, 1.842355
1210.620, 1.429345
1211.102, 1.152815
1211.584, 1.016325
1212.066, 1.003322
1212.549, 1.154082
1213.031, 1.250540
1213.513, 0.9434520
1213.995, 0.6276190
1214.477, 0.7705500
1214.959, 1.284452
1215.441, 1.299023
1215.923, 0.8081080
1216.406, 0.4825130
1216.888, 0.5931670
1217.370, 0.7833740
1217.852, 0.7796400
1218.334, 0.6965330
1218.816, 0.6366440
1219.298, 0.6016030
1219.780, 0.5334150
1220.262, 0.4331540
1220.745, 0.4048850
1221.227, 0.5137810
1221.709, 0.6212370
1222.191, 0.5766620
1222.673, 0.5059010
1223.155, 0.5393910
1223.637, 0.6763730
1224.119, 0.8013920
1224.602, 0.9092670
1225.084, 0.8763310
1225.566, 0.5496060
1226.048, 0.2458920
1226.530, 0.2511580
1227.012, 0.3448600
1227.494, 0.2972950
1227.976, 0.1078870
1228.458, 6.7928001E-02
1228.941, 0.2236500
1229.423, 0.2570500
1229.905, 8.1900004E-03
1230.387, 0.2057440
1230.869, 9.7712003E-02
1231.351, 6.2693000E-02
1231.833, 6.8549998E-03
1232.315, 0.3035260
1232.797, 0.4786850
1233.280, 0.5364690
1233.762, 0.5272920
1234.244, 0.4247070
1234.726, 0.3287980
1235.208, 0.3058300
1235.690, 0.3012710
1236.172, 0.2546220
1236.654, 0.1702900
1237.136, 0.1955950
1237.619, 0.3055950
1238.101, 0.3168220
1238.583, 6.5447003E-02
1239.065, 0.3193660
1239.547, 7.7715002E-02
1240.029, 0.2338180
1240.511, 0.1649270
1240.993, 0.2102890
1241.476, 0.1901210
1241.958, 0.1585770
1242.440, 0.3903980
1242.922, 0.1603390
1243.404, 5.7305999E-02
1243.886, 0.1425130
1244.368, 0.1447720
1244.850, 7.7274002E-02
1245.333, 3.8922999E-02
1245.815, 5.1027000E-02
1246.297, 9.2909997E-03
1246.779, 2.5630999E-02
1247.261, 0.4664610
1247.743, 0.6553210
1248.225, 0.3512780
1248.707, 2.4332000E-02
1249.189, 1.6749999E-03
1249.672, 0.2869090
1250.154, 0.4331070
1250.636, 0.4521030
1251.118, 0.4573860
1251.600, 0.4635310
1252.082, 0.5059340
1252.564, 0.5963100
1253.046, 0.7075710
1253.529, 0.8670690
1254.011, 1.000486
1254.493, 0.8938870
1254.975, 0.6092220
1255.457, 0.4443780
1255.939, 0.5620100
1256.421, 0.6633190
1256.903, 0.7186150
1257.385, 0.7647670
1257.868, 0.8617880
1258.350, 0.9582560
1258.832, 0.9575710
1259.314, 0.8840290
1259.796, 0.8532430
1260.278, 0.8954180
1260.760, 0.9438100
1261.242, 1.000574
1261.724, 1.021152
1262.207, 0.8733840
1262.689, 0.7376170
1263.171, 0.9098740
1263.653, 1.267574
1264.135, 1.318825
1264.617, 0.9194180
1265.099, 0.9012640
1265.581, 1.383045
1266.063, 1.827612
1266.546, 1.668407
1267.028, 1.344900
1267.510, 1.287851
1267.992, 1.391478
1268.474, 1.419611
1268.956, 1.362661
1269.438, 1.318439
1269.920, 1.295179
1270.403, 1.298098
1270.885, 1.360424
1271.367, 1.419424
1271.849, 1.422693
1272.331, 1.411489
1272.813, 1.318611
1273.295, 1.165817
1273.777, 1.158455
1274.260, 1.280901
1274.742, 1.360590
1275.224, 1.255386
1275.706, 1.150160
1276.188, 1.195333
1276.670, 1.203836
1277.152, 0.7663630
1277.634, 5.5155002E-02
1278.116, 0.1254750
1278.599, 0.2233180
1279.081, 0.5740110
1279.563, 0.6970840
1280.045, 0.7978840
1280.527, 0.9548450
1281.009, 1.048069
1281.491, 0.8057520
1281.973, 0.4293540
1282.456, 0.4415170
1282.938, 0.7848550
1283.420, 0.9254300
1283.902, 0.5197160
1284.384, 0.2889420
1284.866, 0.3470440
1285.348, 0.4948900
1285.830, 0.5145210
1286.313, 0.4911540
1286.795, 0.5332980
1287.277, 0.6365150
1287.759, 0.7536030
1288.241, 0.8791310
1288.723, 1.044666
1289.205, 1.272917
1289.687, 1.398680
1290.169, 1.189486
1290.651, 0.8926790
1291.134, 0.6989940
1291.616, 0.5910470
1292.098, 0.5802360
1292.580, 0.6711750
1293.062, 0.5573730
1293.544, 0.2135110
1294.026, 3.2457002E-02
1294.508, 0.1340520
1294.990, 0.3832450
1295.473, 0.5651040
1295.955, 0.6897750
1296.437, 0.7727600
1296.919, 0.8110450
1297.401, 0.7259410
1297.883, 0.5328870
1298.365, 0.4360920
1298.847, 0.6150820
1299.330, 0.8085980
1299.812, 0.9863610
1300.294, 1.110800
1300.776, 1.184328
1301.258, 1.168894
1301.740, 0.8483660
1302.222, 0.3118150
1302.704, 1.1450000E-02
1303.187, 0.1895600
1303.669, 0.1346680
1304.151, 0.0000000E+00
##END=



