##NAMES=Alunite
##RRUFFID=R070448
##IDEAL CHEMISTRY=KAl_3_(SO_4_)_2_(OH)_6_
##LOCALITY=Veta del Medio, Inca del Oro, Chile
##OWNER=RRUFF
##SOURCE=Bob Jenkins
##DESCRIPTION=Yellow tabular rhombohedra scattered over matrix
##STATUS=The identification of this mineral has been confirmed only by single crystal X-ray diffraction.
##URL=rruff.info/R070448
135.9414, 0.0000000E+00
136.4235, 15.94568
136.9057, 2.269958
137.3878, 1.876038
137.8699, 20.97498
138.3520, 61.74585
138.8341, 102.1425
139.3162, 141.0914
139.7984, 179.2230
140.2805, 217.5612
140.7626, 253.3914
141.2447, 293.8575
141.7268, 342.2194
142.2089, 398.9918
142.6911, 454.2725
143.1732, 506.0125
143.6553, 556.7976
144.1374, 611.5265
144.6195, 671.2332
145.1016, 732.1320
145.5838, 792.1824
146.0659, 850.3369
146.5480, 910.8814
147.0301, 975.0959
147.5122, 1041.732
147.9943, 1109.424
148.4765, 1182.930
148.9586, 1252.635
149.4407, 1314.118
149.9228, 1354.973
150.4049, 1402.334
150.8870, 1458.448
151.3692, 1522.978
151.8513, 1590.914
152.3334, 1663.907
152.8155, 1738.539
153.2976, 1813.964
153.7797, 1907.848
154.2619, 1983.855
154.7440, 2034.464
155.2261, 2056.609
155.7082, 2068.306
156.1903, 2074.732
156.6724, 2070.885
157.1546, 2050.600
157.6367, 2018.439
158.1188, 1965.052
158.6009, 1883.775
159.0830, 1764.526
159.5651, 1642.860
160.0473, 1527.938
160.5294, 1417.233
161.0115, 1306.382
161.4936, 1185.090
161.9757, 1064.252
162.4578, 948.6609
162.9400, 834.8534
163.4221, 729.8064
163.9042, 644.0496
164.3863, 575.9865
164.8684, 513.8773
165.3505, 462.3499
165.8327, 416.5537
166.3148, 372.1727
166.7969, 326.1290
167.2790, 283.1135
167.7611, 245.5767
168.2433, 213.2678
168.7254, 185.2335
169.2075, 161.2200
169.6896, 141.0054
170.1717, 124.4677
170.6538, 114.4506
171.1360, 106.2102
171.6181, 94.89722
172.1002, 80.22913
172.5823, 68.36829
173.0644, 64.98218
173.5465, 67.39539
174.0287, 70.77185
174.5108, 76.55237
174.9929, 80.52429
175.4750, 76.39905
175.9571, 62.47705
176.4392, 47.95679
176.9214, 42.81653
177.4035, 44.41321
177.8856, 45.36511
178.3677, 40.78845
178.8498, 33.25159
179.3319, 26.66675
179.8141, 21.55237
180.2962, 17.32910
180.7783, 13.48975
181.2604, 10.00830
181.7425, 6.568359
182.2246, 2.918701
182.7068, 0.8303220
183.1889, 4.269531
183.6710, 6.866333
184.1531, 9.760986
184.6352, 15.60669
185.1173, 24.25317
185.5995, 32.32019
186.0816, 37.17700
186.5637, 39.24902
187.0458, 40.12439
187.5279, 40.20483
188.0100, 39.30115
188.4922, 37.34192
188.9743, 34.34546
189.4564, 29.45886
189.9385, 18.27014
190.4206, 2.348145
190.9027, 5.626343
191.3849, 3.044189
191.8670, 22.36365
192.3491, 29.63892
192.8312, 23.99646
193.3133, 10.85474
193.7954, 5.189331
194.2776, 25.75391
194.7597, 41.26587
195.2418, 44.81299
195.7239, 38.45813
196.2060, 41.41553
196.6881, 55.42639
197.1703, 74.28870
197.6524, 88.19470
198.1345, 96.40601
198.6166, 107.3815
199.0987, 125.0460
199.5808, 149.4001
200.0630, 175.7897
200.5451, 204.2582
201.0272, 234.4209
201.5093, 266.8888
201.9914, 302.2515
202.4735, 336.5679
202.9557, 366.7667
203.4378, 392.1327
203.9199, 422.2585
204.4020, 458.6058
204.8841, 499.1205
205.3662, 537.2993
205.8484, 571.1599
206.3305, 609.9198
206.8126, 662.4286
207.2947, 732.0551
207.7768, 793.5027
208.2589, 841.1674
208.7411, 880.3315
209.2232, 928.9265
209.7053, 987.8024
210.1874, 1054.930
210.6695, 1131.639
211.1517, 1219.925
211.6338, 1309.353
212.1159, 1398.716
212.5980, 1488.164
213.0801, 1579.432
213.5622, 1672.867
214.0444, 1765.981
214.5265, 1853.919
215.0086, 1934.158
215.4907, 2019.817
215.9728, 2113.575
216.4549, 2215.205
216.9371, 2322.742
217.4192, 2436.902
217.9013, 2554.553
218.3834, 2671.962
218.8655, 2789.469
219.3476, 2904.327
219.8298, 3015.574
220.3119, 3122.215
220.7940, 3230.725
221.2761, 3343.404
221.7582, 3455.402
222.2403, 3564.424
222.7225, 3669.636
223.2046, 3769.479
223.6867, 3865.039
224.1688, 3958.531
224.6509, 4029.913
225.1330, 4072.195
225.6152, 4099.776
226.0973, 4131.820
226.5794, 4174.244
227.0615, 4208.258
227.5436, 4228.350
228.0257, 4233.708
228.5079, 4230.551
228.9900, 4217.077
229.4721, 4196.386
229.9542, 4172.951
230.4363, 4147.559
230.9184, 4118.164
231.4006, 4084.096
231.8827, 4045.779
232.3648, 4001.462
232.8469, 3948.808
233.3290, 3891.098
233.8111, 3835.253
234.2933, 3790.002
234.7754, 3731.938
235.2575, 3650.435
235.7396, 3536.317
236.2217, 3429.546
236.7038, 3335.511
237.1860, 3245.485
237.6681, 3141.906
238.1502, 3021.674
238.6323, 2893.389
239.1144, 2755.615
239.5965, 2601.402
240.0787, 2458.482
240.5608, 2328.559
241.0429, 2209.442
241.5250, 2095.951
242.0071, 1986.680
242.4892, 1883.906
242.9714, 1790.664
243.4535, 1709.260
243.9356, 1630.294
244.4177, 1553.540
244.8998, 1478.700
245.3819, 1405.924
245.8641, 1336.282
246.3462, 1266.509
246.8283, 1195.950
247.3104, 1124.969
247.7925, 1055.138
248.2746, 985.1694
248.7568, 915.5300
249.2389, 849.6060
249.7210, 787.6323
250.2031, 728.7174
250.6852, 671.8248
251.1674, 615.0927
251.6495, 566.7705
252.1316, 528.8322
252.6137, 498.4626
253.0958, 469.5656
253.5779, 446.6815
254.0601, 419.7212
254.5422, 381.0662
255.0243, 321.5756
255.5064, 272.3479
255.9885, 236.5439
256.4706, 212.2039
256.9528, 191.8527
257.4349, 176.7314
257.9170, 163.3135
258.3991, 149.6638
258.8812, 135.5850
259.3633, 122.2538
259.8455, 110.1738
260.3276, 98.68115
260.8097, 85.19543
261.2918, 67.62769
261.7739, 51.67957
262.2560, 40.96399
262.7382, 37.46985
263.2203, 32.94214
263.7024, 25.96643
264.1845, 17.78589
264.6666, 12.46899
265.1487, 10.37793
265.6309, 10.49878
266.1130, 13.19006
266.5951, 20.18591
267.0772, 23.20813
267.5593, 20.26465
268.0414, 13.46558
268.5236, 10.04846
269.0057, 10.67554
269.4878, 13.02161
269.9699, 16.66748
270.4520, 22.68420
270.9341, 24.37280
271.4163, 19.27100
271.8984, 10.42188
272.3805, 7.100952
272.8626, 9.901611
273.3447, 16.42944
273.8268, 26.57166
274.3090, 41.23596
274.7911, 53.07336
275.2732, 61.30286
275.7553, 66.19824
276.2374, 67.76270
276.7195, 65.39124
277.2017, 62.09277
277.6838, 59.12036
278.1659, 56.32837
278.6480, 56.11621
279.1301, 59.78333
279.6122, 65.10437
280.0944, 65.68848
280.5765, 60.46045
281.0586, 56.57349
281.5407, 60.62024
282.0228, 72.70776
282.5049, 78.02490
282.9871, 73.26062
283.4692, 63.65283
283.9513, 60.66455
284.4334, 64.75073
284.9155, 70.12524
285.3976, 75.66150
285.8798, 80.84680
286.3619, 77.00037
286.8440, 60.26233
287.3261, 39.43213
287.8082, 32.26270
288.2903, 38.87341
288.7725, 46.24109
289.2546, 45.03882
289.7367, 37.18762
290.2188, 34.70129
290.7009, 40.07263
291.1830, 47.70471
291.6652, 48.75476
292.1473, 43.46313
292.6294, 35.08459
293.1115, 22.12341
293.5936, 7.026855
294.0757, 0.8015140
294.5579, 0.5792240
295.0400, 5.638550
295.5221, 7.020630
296.0042, 5.228149
296.4863, 3.172241
296.9684, 2.900879
297.4506, 3.455933
297.9327, 2.167236
298.4148, 1.549438
298.8969, 5.383301
299.3790, 5.163696
299.8611, 2.270630
300.3433, 1.500610
300.8254, 8.489502
301.3075, 18.32971
301.7896, 22.62073
302.2717, 20.55713
302.7538, 15.41064
303.2360, 7.275391
303.7181, 1.681030
304.2002, 6.287354
304.6823, 0.3234860
305.1644, 10.68164
305.6465, 15.25793
306.1287, 13.27209
306.6108, 10.30273
307.0929, 11.13538
307.5750, 14.19934
308.0571, 16.65222
308.5392, 18.35510
309.0214, 18.21118
309.5035, 13.56177
309.9856, 4.194214
310.4677, 3.001221
310.9498, 0.1529540
311.4319, 6.898438
311.9141, 10.07581
312.3962, 2.117554
312.8783, 7.473999
313.3604, 11.85559
313.8426, 11.13220
314.3247, 11.29675
314.8068, 15.18188
315.2889, 21.72522
315.7710, 29.81555
316.2531, 41.70032
316.7353, 52.83337
317.2174, 58.02734
317.6995, 58.44958
318.1816, 65.89185
318.6637, 90.12634
319.1458, 120.6755
319.6280, 149.1299
320.1101, 178.4950
320.5922, 200.2621
321.0743, 204.9840
321.5564, 196.8074
322.0385, 198.8861
322.5207, 228.7002
323.0028, 263.4790
323.4849, 288.7241
323.9670, 289.2473
324.4491, 295.8618
324.9312, 315.8358
325.4134, 346.1194
325.8955, 375.2452
326.3776, 403.0049
326.8597, 428.4495
327.3418, 450.9664
327.8239, 464.6970
328.3061, 483.3998
328.7882, 506.2806
329.2703, 534.3536
329.7524, 570.6689
330.2345, 627.2002
330.7166, 680.2317
331.1988, 720.2584
331.6809, 737.6350
332.1630, 762.8035
332.6451, 802.3013
333.1272, 847.3804
333.6093, 880.0728
334.0915, 890.3752
334.5736, 904.4873
335.0557, 934.3813
335.5378, 986.8810
336.0199, 1020.716
336.5020, 1028.665
336.9842, 1025.237
337.4663, 1033.339
337.9484, 1061.772
338.4305, 1077.397
338.9126, 1067.562
339.3947, 1032.094
339.8769, 1002.358
340.3590, 980.2310
340.8411, 959.5452
341.3232, 933.9630
341.8053, 903.8450
342.2874, 867.4169
342.7696, 821.1460
343.2517, 768.0397
343.7338, 730.5986
344.2159, 711.2748
344.6980, 691.3662
345.1801, 649.0701
345.6623, 586.4938
346.1444, 531.0131
346.6265, 489.2354
347.1086, 457.2717
347.5907, 426.3732
348.0728, 397.2975
348.5550, 372.7627
349.0371, 356.8413
349.5192, 347.8462
350.0013, 339.8575
350.4834, 332.7247
350.9655, 325.6735
351.4477, 318.0046
351.9298, 309.1652
352.4119, 299.6533
352.8940, 287.2410
353.3761, 274.7205
353.8582, 265.9379
354.3404, 260.7438
354.8225, 264.4933
355.3046, 285.0912
355.7867, 317.0105
356.2688, 349.0496
356.7509, 377.7911
357.2331, 405.2335
357.7152, 431.0811
358.1973, 454.5909
358.6794, 481.2115
359.1615, 519.1200
359.6436, 561.7622
360.1258, 599.8214
360.6079, 623.0068
361.0900, 646.3942
361.5721, 675.4026
362.0542, 710.0618
362.5363, 755.1187
363.0185, 827.2184
363.5006, 904.1018
363.9827, 965.0782
364.4648, 977.5303
364.9469, 1002.277
365.4290, 1061.716
365.9112, 1151.018
366.3933, 1238.162
366.8754, 1320.267
367.3575, 1397.108
367.8396, 1467.804
368.3217, 1530.061
368.8039, 1588.851
369.2860, 1642.528
369.7681, 1692.460
370.2502, 1744.358
370.7323, 1804.665
371.2144, 1860.263
371.6966, 1905.183
372.1787, 1934.688
372.6608, 1965.660
373.1429, 2003.129
373.6250, 2039.201
374.1071, 2062.501
374.5893, 2074.912
375.0714, 2070.482
375.5535, 2045.360
376.0356, 1998.791
376.5177, 1945.887
376.9998, 1887.403
377.4820, 1822.012
377.9641, 1746.843
378.4462, 1659.585
378.9283, 1575.611
379.4104, 1501.212
379.8925, 1433.362
380.3747, 1359.686
380.8568, 1279.858
381.3389, 1192.408
381.8210, 1086.239
382.3031, 966.1064
382.7852, 863.5747
383.2674, 786.7721
383.7495, 728.3979
384.2316, 682.7319
384.7137, 648.0031
385.1958, 612.9104
385.6779, 570.0490
386.1601, 521.3497
386.6422, 469.5594
387.1243, 411.8625
387.6064, 360.2637
388.0885, 329.1648
388.5706, 313.5951
389.0528, 301.5135
389.5349, 290.9071
390.0170, 278.6088
390.4991, 259.1162
390.9812, 231.5900
391.4633, 207.0687
391.9455, 196.5974
392.4276, 192.2373
392.9097, 183.9021
393.3918, 164.8220
393.8739, 143.8588
394.3561, 124.4454
394.8382, 106.6293
395.3203, 89.37305
395.8024, 67.68884
396.2845, 49.38538
396.7667, 40.19348
397.2488, 52.81641
397.7309, 59.97009
398.2130, 54.13879
398.6951, 38.84717
399.1772, 25.17480
399.6594, 14.24695
400.1415, 5.311035
400.6236, 1.859497
401.1057, 7.029541
401.5878, 11.01465
402.0699, 14.26917
402.5521, 16.12305
403.0342, 15.74048
403.5163, 13.74683
403.9984, 8.002930
404.4805, 5.092041
404.9626, 25.74609
405.4448, 32.57202
405.9269, 20.50427
406.4090, 3.911133
406.8911, 2.303711
407.3732, 3.868286
407.8553, 6.347778
408.3375, 0.8791500
408.8196, 9.433472
409.3017, 14.81848
409.7838, 14.98694
410.2659, 13.51208
410.7480, 10.98413
411.2302, 8.334229
411.7123, 12.56555
412.1944, 27.20056
412.6765, 40.85645
413.1586, 34.14087
413.6407, 11.28271
414.1229, 8.851807
414.6050, 14.38599
415.0871, 12.54138
415.5692, 14.54822
416.0513, 21.10962
416.5334, 26.28406
417.0156, 23.02234
417.4977, 15.89233
417.9798, 11.75977
418.4619, 14.89282
418.9440, 20.21265
419.4261, 24.76233
419.9083, 28.68604
420.3904, 33.41431
420.8725, 41.29993
421.3546, 49.12659
421.8367, 54.33777
422.3188, 54.91760
422.8010, 55.66675
423.2831, 55.28259
423.7652, 56.00195
424.2473, 62.52026
424.7294, 76.36633
425.2115, 95.31409
425.6937, 121.6132
426.1758, 159.8590
426.6579, 186.4152
427.1400, 192.6183
427.6221, 193.1232
428.1042, 203.3212
428.5864, 228.0151
429.0685, 252.8467
429.5506, 276.0006
430.0327, 297.2032
430.5148, 314.2271
430.9969, 324.9286
431.4791, 336.4078
431.9612, 353.4825
432.4433, 376.3391
432.9254, 401.4143
433.4075, 428.7120
433.8896, 457.2543
434.3718, 484.9442
434.8539, 511.8357
435.3360, 539.9387
435.8181, 570.8573
436.3002, 603.4182
436.7823, 634.5300
437.2645, 663.9011
437.7466, 692.7505
438.2287, 720.4336
438.7108, 748.5223
439.1929, 780.9734
439.6750, 822.9358
440.1572, 865.5980
440.6393, 896.1055
441.1214, 917.7495
441.6035, 946.7751
442.0856, 1003.188
442.5677, 1064.934
443.0499, 1112.540
443.5320, 1135.109
444.0141, 1160.208
444.4962, 1204.883
444.9783, 1258.190
445.4604, 1301.797
445.9426, 1319.519
446.4247, 1337.528
446.9068, 1364.406
447.3889, 1400.954
447.8710, 1441.806
448.3531, 1492.351
448.8353, 1543.381
449.3174, 1588.570
449.7995, 1625.367
450.2816, 1660.458
450.7637, 1692.423
451.2458, 1723.171
451.7280, 1759.204
452.2101, 1801.638
452.6922, 1846.248
453.1743, 1891.713
453.6564, 1937.887
454.1385, 1982.494
454.6207, 2026.577
455.1028, 2069.407
455.5849, 2111.028
456.0670, 2151.173
456.5491, 2187.400
457.0313, 2212.513
457.5134, 2235.970
457.9955, 2286.196
458.4776, 2362.196
458.9597, 2433.329
459.4418, 2468.941
459.9240, 2484.720
460.4061, 2506.613
460.8882, 2538.150
461.3703, 2580.812
461.8524, 2643.131
462.3345, 2718.706
462.8167, 2790.621
463.2988, 2846.333
463.7809, 2897.041
464.2630, 2949.041
464.7451, 3003.667
465.2272, 3053.722
465.7094, 3094.473
466.1915, 3129.050
466.6736, 3160.206
467.1557, 3175.772
467.6378, 3204.552
468.1199, 3265.816
468.6021, 3348.091
469.0842, 3399.247
469.5663, 3397.329
470.0484, 3389.458
470.5305, 3397.073
471.0126, 3428.624
471.4948, 3450.189
471.9769, 3460.811
472.4590, 3462.967
472.9411, 3458.978
473.4232, 3447.485
473.9053, 3439.800
474.3875, 3442.275
474.8696, 3450.214
475.3517, 3446.163
475.8338, 3430.125
476.3159, 3403.123
476.7981, 3358.723
477.2802, 3303.335
477.7623, 3255.198
478.2444, 3215.585
478.7265, 3187.962
479.2086, 3184.608
479.6908, 3197.240
480.1729, 3205.183
480.6550, 3200.337
481.1371, 3185.281
481.6192, 3158.902
482.1013, 3121.593
482.5835, 3084.849
483.0656, 3056.799
483.5477, 3030.939
484.0298, 3002.102
484.5119, 2970.673
484.9940, 2934.029
485.4762, 2887.123
485.9583, 2834.233
486.4404, 2786.371
486.9225, 2759.819
487.4046, 2723.008
487.8867, 2660.240
488.3689, 2562.494
488.8510, 2493.558
489.3331, 2465.783
489.8152, 2451.232
490.2973, 2422.667
490.7794, 2377.069
491.2616, 2330.498
491.7437, 2284.745
492.2258, 2240.275
492.7079, 2199.020
493.1900, 2161.391
493.6721, 2125.308
494.1543, 2089.051
494.6364, 2053.565
495.1185, 2023.921
495.6006, 2001.549
496.0827, 1978.859
496.5648, 1950.063
497.0470, 1915.435
497.5291, 1876.492
498.0112, 1836.523
498.4933, 1788.720
498.9754, 1722.142
499.4576, 1641.074
499.9397, 1565.331
500.4218, 1516.708
500.9039, 1466.892
501.3860, 1395.685
501.8681, 1295.134
502.3503, 1191.701
502.8324, 1085.832
503.3145, 982.2770
503.7966, 887.1376
504.2787, 798.3643
504.7608, 719.9153
505.2430, 658.9666
505.7251, 611.5654
506.2072, 545.5414
506.6893, 448.6415
507.1714, 355.5032
507.6535, 285.9377
508.1357, 243.0773
508.6178, 198.4658
509.0999, 149.5479
509.5820, 103.8270
510.0641, 74.20081
510.5462, 59.38293
511.0284, 44.16406
511.5105, 19.98193
511.9926, 5.209473
512.4747, 13.08972
512.9568, 5.592529
513.4389, 1.110107
513.9210, 4.700806
514.4031, 17.53003
514.8853, 31.76599
515.3674, 47.76282
515.8495, 60.40820
516.3316, 65.58362
516.8137, 65.76782
517.2958, 64.38623
517.7780, 62.39819
518.2601, 59.10535
518.7422, 51.62305
519.2244, 40.95251
519.7065, 37.24524
520.1886, 51.33154
520.6707, 64.27722
521.1528, 66.96362
521.6349, 53.36243
522.1171, 45.43970
522.5992, 46.09082
523.0813, 49.52393
523.5634, 46.35815
524.0455, 34.42285
524.5276, 28.19946
525.0098, 34.66980
525.4919, 48.06763
525.9740, 46.39795
526.4561, 29.16418
526.9382, 12.92993
527.4203, 13.95801
527.9025, 23.57178
528.3846, 19.58887
528.8667, 1.667847
529.3488, 26.28259
529.8309, 42.28711
530.3130, 52.37927
530.7952, 61.16772
531.2773, 68.91504
531.7594, 77.05261
532.2415, 85.54810
532.7236, 94.83508
533.2057, 106.2968
533.6879, 124.5551
534.1700, 141.9287
534.6521, 153.0787
535.1342, 151.8433
535.6163, 160.9210
536.0984, 186.4594
536.5806, 218.3893
537.0627, 246.5380
537.5448, 272.2435
538.0269, 290.8101
538.5090, 297.8975
538.9911, 298.8339
539.4733, 312.2544
539.9554, 340.0548
540.4375, 367.5204
540.9196, 383.9072
541.4017, 392.6451
541.8839, 409.7466
542.3660, 436.2000
542.8481, 465.0020
543.3302, 492.7123
543.8123, 518.0479
544.2944, 538.4756
544.7766, 551.7659
545.2587, 562.3859
545.7408, 568.4792
546.2229, 574.1479
546.7050, 589.6924
547.1871, 632.9128
547.6693, 675.3203
548.1514, 701.8672
548.6335, 710.2389
549.1156, 717.0297
549.5977, 723.1703
550.0798, 729.5731
550.5620, 736.2302
551.0441, 739.2896
551.5262, 751.3518
552.0083, 778.7502
552.4904, 811.1938
552.9725, 826.0525
553.4547, 819.3433
553.9368, 816.1816
554.4189, 827.2423
554.9010, 848.2898
555.3831, 862.8916
555.8652, 870.9851
556.3474, 875.7529
556.8295, 878.4880
557.3116, 879.9038
557.7937, 882.5713
558.2758, 888.1067
558.7579, 889.4203
559.2401, 873.4956
559.7222, 850.8088
560.2043, 837.6746
560.6864, 856.8350
561.1685, 870.7471
561.6506, 853.8333
562.1328, 813.6936
562.6149, 791.4305
563.0970, 822.9807
563.5791, 848.8317
564.0612, 840.0004
564.5433, 780.6921
565.0255, 748.4810
565.5076, 755.3511
565.9897, 775.4563
566.4718, 784.7734
566.9539, 783.0402
567.4360, 769.6670
567.9182, 739.9829
568.4003, 704.7576
568.8824, 689.5186
569.3645, 692.6379
569.8466, 694.4084
570.3287, 685.5658
570.8109, 670.8418
571.2930, 654.4744
571.7751, 635.9733
572.2572, 620.6511
572.7393, 617.3840
573.2214, 616.5341
573.7036, 607.0017
574.1857, 580.7388
574.6678, 560.8091
575.1499, 564.7708
575.6320, 577.9624
576.1141, 579.0369
576.5963, 550.1432
577.0784, 525.8923
577.5605, 512.4803
578.0426, 507.6731
578.5247, 503.9005
579.0068, 502.8577
579.4890, 502.1552
579.9711, 499.6351
580.4532, 494.6633
580.9353, 488.3126
581.4174, 480.0292
581.8995, 475.2000
582.3817, 481.7816
582.8638, 495.8999
583.3459, 504.8669
583.8280, 504.7407
584.3101, 503.7183
584.7922, 510.3010
585.2744, 521.5352
585.7565, 531.9218
586.2386, 545.1536
586.7207, 553.6108
587.2028, 544.0503
587.6849, 517.3929
588.1671, 507.5513
588.6492, 542.4014
589.1313, 583.3351
589.6134, 605.4907
590.0955, 594.5320
590.5776, 597.1088
591.0598, 624.4028
591.5419, 655.1956
592.0240, 655.6790
592.5061, 616.1841
592.9882, 596.9934
593.4703, 618.2610
593.9525, 661.0874
594.4346, 679.1350
594.9167, 673.6727
595.3988, 662.5503
595.8809, 652.4673
596.3630, 644.5924
596.8452, 641.9288
597.3273, 644.5449
597.8094, 647.4609
598.2915, 650.4432
598.7736, 650.5103
599.2557, 643.9479
599.7379, 625.9446
600.2200, 609.7203
600.7021, 595.9086
601.1842, 586.9778
601.6663, 587.4094
602.1484, 611.3079
602.6306, 625.0542
603.1127, 622.9072
603.5948, 606.2573
604.0769, 577.2898
604.5590, 529.2090
605.0411, 492.0498
605.5233, 490.7809
606.0054, 519.6399
606.4875, 525.8125
606.9696, 507.6431
607.4517, 482.9022
607.9338, 469.5275
608.4160, 461.8767
608.8981, 447.0703
609.3802, 417.4884
609.8623, 392.9443
610.3444, 390.2300
610.8265, 402.1627
611.3087, 416.6172
611.7908, 429.8032
612.2729, 444.3977
612.7550, 462.3229
613.2371, 482.8677
613.7192, 501.4309
614.2014, 523.1619
614.6835, 536.0686
615.1656, 531.9153
615.6477, 507.7484
616.1298, 495.5310
616.6119, 497.4508
617.0941, 505.9565
617.5762, 512.2555
618.0583, 517.6860
618.5404, 534.4204
619.0225, 566.2454
619.5046, 603.7344
619.9868, 637.0498
620.4689, 666.8818
620.9510, 696.0035
621.4331, 721.3057
621.9152, 749.8521
622.3973, 787.0118
622.8795, 831.6895
623.3616, 879.7488
623.8437, 933.2129
624.3258, 987.0110
624.8079, 1038.256
625.2900, 1086.835
625.7722, 1134.011
626.2543, 1173.048
626.7364, 1219.051
627.2185, 1285.257
627.7006, 1374.728
628.1827, 1466.630
628.6649, 1560.672
629.1470, 1651.847
629.6291, 1725.114
630.1112, 1785.660
630.5933, 1861.276
631.0754, 1963.702
631.5576, 2083.021
632.0397, 2216.948
632.5218, 2358.420
633.0039, 2484.510
633.4860, 2561.296
633.9681, 2637.457
634.4503, 2745.077
634.9324, 2885.856
635.4145, 3017.643
635.8966, 3121.650
636.3787, 3223.151
636.8608, 3338.057
637.3430, 3478.090
637.8251, 3594.374
638.3072, 3681.660
638.7893, 3753.596
639.2714, 3818.570
639.7535, 3875.355
640.2357, 3954.657
640.7178, 4075.350
641.1999, 4202.334
641.6820, 4270.476
642.1641, 4291.531
642.6462, 4312.660
643.1284, 4363.449
643.6105, 4423.178
644.0926, 4482.262
644.5747, 4536.288
645.0568, 4566.346
645.5389, 4551.617
646.0211, 4522.836
646.5032, 4496.826
646.9853, 4479.405
647.4674, 4444.058
647.9495, 4383.670
648.4316, 4314.913
648.9138, 4254.526
649.3959, 4209.005
649.8780, 4129.221
650.3601, 4006.430
650.8422, 3861.160
651.3243, 3715.721
651.8065, 3571.647
652.2886, 3434.681
652.7707, 3315.316
653.2528, 3192.743
653.7349, 3038.396
654.2170, 2860.369
654.6992, 2685.799
655.1813, 2530.489
655.6634, 2377.148
656.1455, 2212.036
656.6276, 2035.511
657.1097, 1880.008
657.5919, 1763.952
658.0740, 1653.873
658.5561, 1534.424
659.0382, 1400.877
659.5203, 1277.241
660.0024, 1161.305
660.4846, 1058.435
660.9667, 977.2635
661.4488, 915.5732
661.9309, 862.1975
662.4130, 818.2723
662.8951, 773.1279
663.3773, 708.2622
663.8594, 632.5371
664.3415, 565.3987
664.8236, 514.9644
665.3057, 475.4999
665.7878, 448.7306
666.2700, 431.4055
666.7521, 411.8607
667.2342, 379.7209
667.7163, 352.0800
668.1984, 337.3705
668.6805, 335.7227
669.1627, 323.4412
669.6448, 297.4900
670.1269, 267.9108
670.6090, 238.8435
671.0911, 210.7001
671.5732, 192.1982
672.0554, 184.4471
672.5375, 178.1129
673.0196, 163.6522
673.5017, 144.2167
673.9838, 124.9011
674.4659, 106.0989
674.9481, 89.92407
675.4302, 76.44226
675.9123, 66.96899
676.3944, 62.72424
676.8765, 71.99670
677.3586, 76.83960
677.8408, 71.36133
678.3229, 59.02136
678.8050, 49.71179
679.2871, 45.25500
679.7692, 39.14453
680.2513, 27.63245
680.7335, 13.08521
681.2156, 8.219116
681.6977, 12.88367
682.1799, 18.23926
682.6620, 15.93311
683.1441, 11.61230
683.6262, 16.48962
684.1083, 31.29980
684.5905, 41.80054
685.0726, 36.17676
685.5547, 23.67529
686.0368, 11.68250
686.5189, 0.5181880
687.0010, 7.676270
687.4832, 4.372559
687.9653, 1.547119
688.4474, 1.719604
688.9295, 6.858154
689.4116, 11.63892
689.8937, 9.139526
690.3759, 4.684692
690.8580, 11.39282
691.3401, 27.91553
691.8222, 37.70544
692.3043, 30.09277
692.7864, 17.18030
693.2686, 18.69482
693.7507, 30.45081
694.2328, 37.12268
694.7149, 23.37463
695.1970, 9.160400
695.6791, 7.988770
696.1613, 20.23975
696.6434, 27.95825
697.1255, 20.86243
697.6076, 16.75427
698.0897, 27.14819
698.5718, 56.80811
699.0540, 63.64917
699.5361, 41.25391
700.0182, 15.54736
700.5003, 13.95557
700.9824, 31.01807
701.4645, 39.61829
701.9467, 35.24963
702.4288, 27.77466
702.9109, 26.94031
703.3930, 29.21814
703.8751, 29.15149
704.3572, 22.29248
704.8394, 17.03809
705.3215, 19.50757
705.8036, 25.21118
706.2857, 25.27502
706.7678, 14.29541
707.2499, 5.700195
707.7321, 2.004761
708.2142, 2.187988
708.6963, 3.209961
709.1784, 5.202759
709.6605, 6.797852
710.1426, 6.446411
710.6248, 5.661865
711.1069, 10.24316
711.5890, 18.96692
712.0711, 23.13843
712.5532, 10.51184
713.0353, 4.500122
713.5175, 7.948853
713.9996, 1.884644
714.4817, 7.667725
714.9638, 0.8078610
715.4459, 8.574341
715.9280, 14.39209
716.4102, 15.35828
716.8923, 17.02808
717.3744, 19.57678
717.8565, 22.48108
718.3386, 26.02319
718.8207, 29.90808
719.3029, 30.28357
719.7850, 25.85669
720.2671, 20.94824
720.7492, 18.27637
721.2313, 19.16455
721.7134, 26.91589
722.1956, 52.76636
722.6777, 70.84424
723.1598, 61.32056
723.6419, 37.02039
724.1240, 23.12439
724.6061, 28.43018
725.0883, 37.16650
725.5704, 49.21240
726.0525, 62.40051
726.5346, 69.86255
727.0167, 71.54651
727.4988, 67.50562
727.9810, 53.00134
728.4631, 35.25293
728.9452, 35.21765
729.4273, 50.12427
729.9094, 62.16394
730.3915, 54.25671
730.8737, 43.38708
731.3558, 46.35327
731.8379, 64.10559
732.3200, 73.49536
732.8021, 56.43420
733.2842, 39.29370
733.7664, 36.35571
734.2485, 51.16943
734.7306, 61.76294
735.2127, 67.26831
735.6948, 70.61169
736.1769, 76.72559
736.6591, 84.00977
737.1412, 77.97791
737.6233, 55.31689
738.1054, 33.66064
738.5875, 34.78174
739.0696, 46.40088
739.5518, 49.88049
740.0339, 34.32385
740.5160, 23.49805
740.9981, 30.67517
741.4802, 46.25537
741.9623, 57.08569
742.4445, 62.68347
742.9266, 62.70239
743.4087, 52.96753
743.8908, 41.39893
744.3729, 47.10901
744.8550, 70.10925
745.3372, 86.26624
745.8193, 86.44263
746.3014, 78.61816
746.7835, 72.77893
747.2656, 68.88458
747.7477, 66.83911
748.2299, 65.10583
748.7120, 66.33032
749.1941, 74.32141
749.6762, 87.38043
750.1583, 96.09143
750.6404, 97.38342
751.1226, 96.26965
751.6047, 92.60004
752.0868, 87.14465
752.5689, 88.48779
753.0510, 97.64752
753.5331, 104.4102
754.0153, 100.3405
754.4974, 89.38464
754.9795, 80.09180
755.4616, 72.60889
755.9437, 67.42346
756.4258, 65.89380
756.9080, 65.92932
757.3901, 66.47644
757.8722, 67.05652
758.3543, 69.03345
758.8364, 75.85510
759.3185, 79.91431
759.8007, 76.25000
760.2828, 62.37683
760.7649, 52.63159
761.2470, 47.12244
761.7291, 44.47034
762.2112, 44.65881
762.6934, 46.75208
763.1755, 47.29150
763.6576, 45.26917
764.1397, 43.54724
764.6218, 45.37158
765.1039, 48.94153
765.5861, 52.13757
766.0682, 55.13330
766.5503, 56.04907
767.0324, 52.58936
767.5145, 47.75732
767.9966, 45.10828
768.4788, 45.05701
768.9609, 45.40564
769.4430, 45.72925
769.9251, 46.18347
770.4072, 47.30603
770.8893, 49.49548
771.3715, 53.17896
771.8536, 58.98816
772.3357, 64.63342
772.8178, 68.76965
773.2999, 71.55945
773.7820, 73.35010
774.2642, 75.77026
774.7463, 74.90930
775.2284, 64.95300
775.7105, 51.90845
776.1926, 54.03503
776.6747, 76.85730
777.1569, 94.51599
777.6390, 98.60876
778.1211, 92.20081
778.6032, 78.83630
779.0853, 60.75952
779.5674, 49.71240
780.0496, 56.82239
780.5317, 69.60193
781.0138, 80.98572
781.4959, 89.67493
781.9780, 91.24072
782.4601, 77.58435
782.9423, 64.63696
783.4244, 58.06885
783.9065, 57.23120
784.3886, 55.68079
784.8707, 53.14160
785.3528, 51.01611
785.8350, 48.85425
786.3171, 47.54321
786.7992, 52.08533
787.2813, 62.26965
787.7634, 72.46716
788.2455, 82.66321
788.7277, 88.32947
789.2098, 82.94971
789.6919, 66.02686
790.1740, 53.63855
790.6561, 49.96924
791.1382, 51.28918
791.6204, 58.09351
792.1025, 71.64172
792.5846, 77.75171
793.0667, 75.09375
793.5488, 70.24011
794.0309, 65.89038
794.5131, 63.75916
794.9952, 71.26770
795.4773, 88.79797
795.9594, 101.3602
796.4415, 94.13696
796.9236, 81.05688
797.4058, 73.81689
797.8879, 75.27771
798.3700, 75.80029
798.8521, 73.99646
799.3342, 72.63782
799.8163, 73.95715
800.2985, 78.60620
800.7806, 80.01965
801.2627, 77.87769
801.7448, 72.68298
802.2269, 61.26794
802.7090, 48.69604
803.1912, 46.39807
803.6733, 57.81506
804.1554, 68.17749
804.6375, 67.06274
805.1196, 61.53809
805.6017, 57.78503
806.0839, 57.05054
806.5660, 57.95801
807.0481, 62.45056
807.5302, 66.27759
808.0123, 64.38391
808.4944, 56.71606
808.9766, 49.02002
809.4587, 41.22095
809.9408, 36.59338
810.4229, 40.40881
810.9050, 49.26587
811.3871, 58.68530
811.8693, 70.01868
812.3514, 75.18457
812.8335, 64.98145
813.3156, 49.86951
813.7977, 41.67834
814.2798, 43.85303
814.7620, 46.38281
815.2441, 50.10413
815.7262, 51.89417
816.2083, 44.49792
816.6904, 30.19568
817.1725, 24.90247
817.6547, 34.02356
818.1368, 43.81128
818.6189, 38.04663
819.1010, 26.10095
819.5831, 20.82935
820.0652, 32.25232
820.5474, 40.24719
821.0295, 39.45605
821.5116, 33.98523
821.9937, 27.50159
822.4758, 19.66895
822.9579, 11.61011
823.4401, 2.030884
823.9222, 3.868286
824.4043, 5.481567
824.8864, 24.48633
825.3685, 38.24597
825.8506, 41.95178
826.3328, 41.71936
826.8149, 40.38281
827.2970, 37.94226
827.7791, 34.41602
828.2612, 32.15198
828.7433, 24.38208
829.2255, 5.213379
829.7076, 13.66980
830.1897, 13.51770
830.6718, 5.599365
831.1539, 20.09045
831.6360, 25.35083
832.1182, 25.59753
832.6003, 25.23047
833.0824, 23.61670
833.5645, 19.16284
834.0466, 7.937012
834.5287, 2.3682000E-02
835.0109, 1.412842
835.4930, 2.659668
835.9751, 11.20068
836.4572, 28.17346
836.9393, 36.97400
837.4214, 33.02087
837.9036, 26.48975
838.3857, 37.04675
838.8678, 58.64783
839.3499, 64.85535
839.8320, 44.83618
840.3141, 22.45593
840.7963, 17.45032
841.2784, 21.24048
841.7605, 23.23474
842.2426, 15.00195
842.7247, 14.14893
843.2068, 27.91016
843.6890, 43.52954
844.1711, 43.31104
844.6532, 26.16724
845.1353, 15.68091
845.6174, 15.29150
846.0995, 21.01270
846.5817, 32.60742
847.0638, 45.91956
847.5460, 52.87256
848.0281, 48.93457
848.5102, 45.10583
848.9923, 44.86646
849.4744, 47.60730
849.9565, 53.83179
850.4387, 70.56848
850.9208, 70.11816
851.4029, 44.85583
851.8850, 16.93542
852.3671, 15.98596
852.8492, 35.10120
853.3314, 47.99365
853.8135, 49.87500
854.2956, 48.45532
854.7777, 49.94934
855.2598, 51.18823
855.7419, 48.57446
856.2241, 38.62512
856.7062, 31.70288
857.1883, 30.03564
857.6704, 29.42310
858.1525, 24.67407
858.6346, 15.47620
859.1168, 16.49475
859.5989, 29.96057
860.0810, 42.41016
860.5631, 33.09656
861.0452, 17.81885
861.5273, 22.31055
862.0095, 55.04395
862.4916, 78.99072
862.9737, 72.35046
863.4558, 57.10986
863.9379, 49.01587
864.4200, 50.68469
864.9022, 45.25427
865.3843, 29.87158
865.8664, 17.70105
866.3485, 23.70044
866.8306, 40.65979
867.3127, 49.95178
867.7949, 50.57800
868.2770, 50.93799
868.7591, 60.11389
869.2412, 68.02490
869.7233, 65.49463
870.2054, 48.90759
870.6876, 41.22644
871.1697, 47.72424
871.6518, 53.16101
872.1339, 46.01514
872.6160, 29.22717
873.0981, 25.03760
873.5803, 32.94714
874.0624, 42.37292
874.5445, 44.42957
875.0266, 45.93103
875.5087, 54.97937
875.9908, 71.15625
876.4730, 82.31323
876.9551, 82.91589
877.4372, 80.40454
877.9193, 75.39868
878.4014, 69.33240
878.8835, 71.49780
879.3657, 81.82019
879.8478, 90.23572
880.3299, 90.42346
880.8120, 86.50696
881.2941, 80.90674
881.7762, 75.80310
882.2584, 77.92749
882.7405, 99.41858
883.2226, 117.3776
883.7047, 121.4360
884.1868, 116.7583
884.6689, 119.7268
885.1511, 134.0233
885.6332, 136.1740
886.1153, 113.7356
886.5974, 81.83282
887.0795, 66.52216
887.5616, 64.73682
888.0438, 68.11670
888.5259, 75.91565
889.0080, 84.40643
889.4901, 94.06024
889.9722, 103.3793
890.4543, 108.1484
890.9365, 104.6844
891.4186, 105.0700
891.9007, 112.5114
892.3828, 122.1852
892.8649, 126.7056
893.3470, 126.4186
893.8292, 122.8285
894.3113, 115.8128
894.7934, 110.3754
895.2755, 111.1362
895.7576, 113.8156
896.2397, 113.5602
896.7219, 105.9936
897.2040, 102.6213
897.6861, 106.7144
898.1682, 112.7321
898.6503, 112.5984
899.1324, 106.2823
899.6146, 98.52283
900.0967, 89.33154
900.5788, 83.74939
901.0609, 90.07025
901.5430, 100.6143
902.0251, 106.3181
902.5073, 103.5727
902.9894, 102.8209
903.4715, 108.4724
903.9536, 113.9462
904.4357, 113.0049
904.9178, 105.8881
905.4000, 108.7756
905.8821, 121.4614
906.3642, 131.8807
906.8463, 130.1140
907.3284, 123.3140
907.8105, 116.3237
908.2927, 110.4703
908.7748, 112.0205
909.2569, 134.0940
909.7390, 150.4509
910.2211, 151.5106
910.7032, 140.8790
911.1854, 134.5073
911.6675, 132.4874
912.1496, 134.6255
912.6317, 144.0105
913.1138, 152.7080
913.5959, 147.5604
914.0781, 133.8804
914.5602, 124.1409
915.0423, 125.6336
915.5244, 129.0653
916.0065, 133.3880
916.4886, 137.9350
916.9708, 140.5529
917.4529, 141.4313
917.9350, 143.4771
918.4171, 149.7003
918.8992, 153.0378
919.3813, 136.6397
919.8635, 112.8055
920.3456, 103.5866
920.8277, 124.0541
921.3098, 139.8249
921.7919, 136.2144
922.2740, 126.2847
922.7562, 120.6323
923.2383, 120.3878
923.7204, 121.0355
924.2025, 122.8837
924.6846, 123.4716
925.1667, 118.9375
925.6489, 112.0253
926.1310, 106.3942
926.6131, 102.4556
927.0952, 102.1418
927.5773, 110.4412
928.0594, 118.6179
928.5416, 121.8215
929.0237, 120.1492
929.5058, 120.1499
929.9879, 122.0968
930.4700, 123.4441
930.9521, 122.2820
931.4343, 119.9005
931.9164, 119.3390
932.3985, 119.6392
932.8806, 117.3314
933.3627, 105.8789
933.8448, 97.12231
934.3270, 99.43823
934.8091, 106.7283
935.2912, 101.8860
935.7733, 81.81335
936.2554, 70.50562
936.7375, 76.44324
937.2197, 88.69336
937.7018, 93.46899
938.1839, 91.95935
938.6660, 85.88391
939.1481, 69.53003
939.6302, 59.86072
940.1124, 71.00098
940.5945, 85.96997
941.0766, 87.19604
941.5587, 71.94385
942.0408, 56.35803
942.5229, 40.48035
943.0051, 29.30774
943.4872, 31.57056
943.9693, 40.23279
944.4514, 43.18433
944.9335, 38.62439
945.4156, 36.89722
945.8978, 49.38269
946.3799, 58.48877
946.8620, 53.23010
947.3441, 34.38940
947.8262, 25.98511
948.3083, 28.84583
948.7905, 32.42529
949.2726, 28.03833
949.7547, 22.46814
950.2368, 30.38538
950.7189, 46.23267
951.2010, 51.83618
951.6832, 27.40637
952.1653, 7.216187
952.6474, 0.9539790
953.1295, 1.147705
953.6116, 15.12646
954.0938, 42.07581
954.5759, 49.86108
955.0580, 25.90869
955.5401, 3.687012
956.0222, 9.273071
956.5043, 7.0312999E-02
956.9865, 12.50684
957.4686, 31.22705
957.9507, 37.53467
958.4328, 18.82983
958.9149, 2.410400
959.3970, 6.048950
959.8792, 8.443726
960.3613, 9.119385
960.8434, 5.306396
961.3255, 20.20227
961.8076, 25.32605
962.2897, 24.17590
962.7719, 17.88916
963.2540, 7.021362
963.7361, 3.3569001E-02
964.2182, 0.8824460
964.7003, 1.560669
965.1824, 8.241455
965.6646, 16.90442
966.1467, 17.98511
966.6288, 12.48633
967.1109, 8.381836
967.5930, 9.014526
968.0751, 12.71997
968.5573, 22.55164
969.0394, 33.40198
969.5215, 35.86780
970.0036, 22.23621
970.4857, 11.10901
970.9678, 4.128784
971.4500, 0.5214840
971.9321, 5.885376
972.4142, 10.84509
972.8963, 8.738281
973.3784, 2.161499
973.8605, 9.182617
974.3427, 4.968262
974.8248, 20.31592
975.3069, 16.73523
975.7890, 10.31921
976.2711, 17.94666
976.7532, 8.6792000E-02
977.2354, 17.77942
977.7175, 20.30859
978.1996, 12.96411
978.6817, 6.745117
979.1638, 2.390259
979.6459, 3.066528
980.1281, 16.50525
980.6102, 28.60010
981.0923, 30.00354
981.5744, 27.19995
982.0565, 33.87219
982.5386, 51.33167
983.0208, 66.93030
983.5029, 79.44604
983.9850, 87.78076
984.4671, 85.06445
984.9492, 78.44543
985.4313, 79.50806
985.9135, 90.61475
986.3956, 110.0764
986.8777, 148.2761
987.3598, 185.3204
987.8419, 207.9642
988.3240, 215.7190
988.8062, 232.2941
989.2883, 257.7189
989.7704, 285.3971
990.2525, 309.0374
990.7346, 334.5920
991.2167, 369.6343
991.6989, 412.0079
992.1810, 451.3110
992.6631, 479.6357
993.1452, 513.6257
993.6273, 556.2241
994.1094, 605.4067
994.5916, 659.7664
995.0737, 717.4617
995.5558, 771.7919
996.0379, 820.7352
996.5200, 864.4236
997.0021, 888.2654
997.4843, 915.0455
997.9664, 972.4707
998.4485, 1073.337
998.9306, 1161.333
999.4127, 1231.400
999.8948, 1300.627
1000.377, 1377.523
1000.859, 1463.887
1001.341, 1571.460
1001.823, 1697.324
1002.305, 1822.151
1002.788, 1923.058
1003.270, 2036.631
1003.752, 2177.721
1004.234, 2343.435
1004.716, 2535.935
1005.198, 2754.500
1005.680, 2984.610
1006.162, 3214.121
1006.644, 3464.815
1007.127, 3754.595
1007.609, 4081.789
1008.091, 4440.417
1008.573, 4828.813
1009.055, 5248.952
1009.537, 5692.493
1010.019, 6169.299
1010.501, 6692.543
1010.984, 7257.452
1011.466, 7841.082
1011.948, 8440.428
1012.430, 9041.818
1012.912, 9625.200
1013.394, 10215.57
1013.876, 10848.21
1014.358, 11508.44
1014.841, 12126.28
1015.323, 12704.47
1015.805, 13244.35
1016.287, 13746.33
1016.769, 14210.33
1017.251, 14660.42
1017.733, 15064.65
1018.215, 15348.51
1018.697, 15478.02
1019.180, 15521.82
1019.662, 15515.24
1020.144, 15422.38
1020.626, 15226.65
1021.108, 14931.29
1021.590, 14500.47
1022.072, 13931.31
1022.554, 13285.59
1023.036, 12588.12
1023.519, 11848.27
1024.001, 11070.24
1024.483, 10261.80
1024.965, 9423.153
1025.447, 8525.908
1025.929, 7636.599
1026.411, 6747.230
1026.893, 5891.312
1027.375, 5139.693
1027.858, 4478.983
1028.340, 3883.089
1028.822, 3343.798
1029.304, 2860.732
1029.786, 2438.881
1030.268, 2071.146
1030.750, 1747.675
1031.232, 1465.305
1031.715, 1229.866
1032.197, 1049.294
1032.679, 896.3630
1033.161, 761.2219
1033.643, 639.5427
1034.125, 523.3721
1034.607, 416.4983
1035.089, 327.2288
1035.572, 266.0618
1036.054, 210.1492
1036.536, 153.7859
1037.018, 102.4360
1037.500, 67.99634
1037.982, 48.21704
1038.464, 21.93066
1038.946, 14.96948
1039.428, 43.74609
1039.911, 42.79248
1040.393, 33.63672
1040.875, 34.70288
1041.357, 47.24756
1041.839, 49.58887
1042.321, 39.06470
1042.803, 28.53711
1043.285, 22.37280
1043.767, 21.21533
1044.250, 31.56201
1044.732, 47.57056
1045.214, 56.31128
1045.696, 50.07056
1046.178, 40.17529
1046.660, 28.14697
1047.142, 13.85327
1047.624, 5.166260
1048.107, 28.17432
1048.589, 43.08398
1049.071, 49.12915
1049.553, 54.92188
1050.035, 69.41309
1050.517, 84.01367
1050.999, 90.45630
1051.481, 89.81836
1051.964, 95.30908
1052.446, 109.5891
1052.928, 121.7437
1053.410, 129.2673
1053.892, 132.3945
1054.374, 128.6201
1054.856, 121.1221
1055.338, 117.0054
1055.820, 122.1472
1056.302, 118.7400
1056.785, 87.92358
1057.267, 62.07568
1057.749, 65.82300
1058.231, 96.29053
1058.713, 110.3430
1059.195, 108.9109
1059.677, 104.0901
1060.159, 102.6975
1060.642, 101.0962
1061.124, 93.50000
1061.606, 84.29224
1062.088, 85.05078
1062.570, 98.84985
1063.052, 112.4612
1063.534, 123.7712
1064.016, 136.1074
1064.499, 155.9314
1064.981, 178.7695
1065.463, 195.4146
1065.945, 204.1838
1066.427, 218.4890
1066.909, 245.4692
1067.391, 274.9204
1067.873, 301.9641
1068.355, 329.0144
1068.838, 371.1841
1069.320, 423.1602
1069.802, 458.6587
1070.284, 455.9180
1070.766, 453.7095
1071.248, 481.7810
1071.730, 520.1833
1072.212, 544.3706
1072.694, 548.8325
1073.177, 559.9490
1073.659, 578.8723
1074.141, 598.2583
1074.623, 616.1416
1075.105, 628.8540
1075.587, 626.9912
1076.069, 614.3276
1076.551, 611.5840
1077.034, 642.4016
1077.516, 651.6143
1077.998, 624.8086
1078.480, 580.1543
1078.962, 545.6560
1079.444, 518.6941
1079.926, 489.8721
1080.408, 455.9709
1080.891, 433.3323
1081.373, 452.5190
1081.855, 464.4934
1082.337, 433.8047
1082.819, 366.4370
1083.301, 336.6516
1083.783, 343.8945
1084.265, 336.6663
1084.747, 274.3025
1085.229, 212.0710
1085.712, 214.2017
1086.194, 245.9009
1086.676, 250.1970
1087.158, 201.7708
1087.640, 170.0549
1088.122, 158.5315
1088.604, 155.6829
1089.086, 156.5757
1089.569, 157.0229
1090.051, 145.6235
1090.533, 124.7385
1091.015, 111.0266
1091.497, 115.9233
1091.979, 122.5376
1092.461, 126.7185
1092.943, 130.7039
1093.426, 140.1716
1093.908, 153.6077
1094.390, 163.5271
1094.872, 168.3906
1095.354, 169.9053
1095.836, 160.7327
1096.318, 155.9829
1096.800, 168.5078
1097.282, 196.3298
1097.765, 218.2380
1098.247, 234.2400
1098.729, 247.5146
1099.211, 257.2705
1099.693, 267.4546
1100.175, 282.6580
1100.657, 301.0989
1101.139, 319.3306
1101.622, 331.9011
1102.104, 356.0725
1102.586, 395.1113
1103.068, 434.1887
1103.550, 461.1606
1104.032, 479.8469
1104.514, 495.2048
1104.996, 509.0305
1105.479, 528.2231
1105.961, 558.6409
1106.443, 591.2151
1106.925, 626.9023
1107.407, 660.9395
1107.889, 680.4875
1108.371, 690.1824
1108.853, 716.2349
1109.335, 764.0359
1109.818, 807.8093
1110.300, 826.1687
1110.782, 840.5498
1111.264, 864.3936
1111.746, 896.0364
1112.228, 925.1145
1112.710, 951.8901
1113.192, 973.1919
1113.674, 985.2063
1114.157, 997.4365
1114.639, 1023.223
1115.121, 1052.283
1115.603, 1072.031
1116.085, 1078.973
1116.567, 1083.171
1117.049, 1083.794
1117.531, 1084.993
1118.014, 1089.966
1118.496, 1096.858
1118.978, 1103.027
1119.460, 1108.559
1119.942, 1113.721
1120.424, 1123.827
1120.906, 1125.470
1121.388, 1117.328
1121.870, 1101.138
1122.353, 1073.320
1122.835, 1039.612
1123.317, 1016.511
1123.799, 1004.938
1124.281, 1003.523
1124.763, 1030.115
1125.245, 1044.284
1125.727, 1026.834
1126.209, 991.6077
1126.692, 969.1377
1127.174, 958.1804
1127.656, 946.3711
1128.138, 930.6401
1128.620, 919.1731
1129.102, 925.4468
1129.584, 932.1628
1130.066, 922.9539
1130.549, 899.5183
1131.031, 887.3975
1131.513, 887.4707
1131.995, 883.7878
1132.477, 865.6023
1132.959, 848.9087
1133.441, 854.7073
1133.923, 870.6152
1134.406, 878.4497
1134.888, 870.1643
1135.370, 873.3796
1135.852, 890.7527
1136.334, 909.0999
1136.816, 924.1707
1137.298, 931.8186
1137.780, 918.2517
1138.262, 891.4592
1138.745, 874.5889
1139.227, 881.5215
1139.709, 888.6543
1140.191, 894.3484
1140.673, 899.4895
1141.155, 906.7917
1141.637, 913.8811
1142.119, 914.7178
1142.601, 909.1267
1143.084, 900.1350
1143.566, 885.8394
1144.048, 871.3420
1144.530, 857.7356
1145.012, 845.2219
1145.494, 833.2649
1145.976, 822.0801
1146.458, 816.8613
1146.941, 821.2578
1147.423, 809.2683
1147.905, 746.3950
1148.387, 680.3645
1148.869, 637.9888
1149.351, 616.2585
1149.833, 597.6157
1150.315, 581.2644
1150.797, 550.9290
1151.280, 492.8821
1151.762, 438.7996
1152.244, 419.1033
1152.726, 410.9978
1153.208, 390.7102
1153.690, 356.1028
1154.172, 328.9292
1154.654, 309.4248
1155.136, 286.3091
1155.619, 248.9294
1156.101, 210.5703
1156.583, 180.4973
1157.065, 159.3689
1157.547, 150.5398
1158.029, 160.8594
1158.511, 163.3616
1158.993, 156.4065
1159.476, 145.7117
1159.958, 132.5388
1160.440, 122.8247
1160.922, 125.0972
1161.404, 136.2747
1161.886, 146.0459
1162.368, 152.0068
1162.850, 164.7771
1163.333, 188.9160
1163.815, 212.1938
1164.297, 216.5027
1164.779, 211.8274
1165.261, 212.0835
1165.743, 219.3789
1166.225, 241.3413
1166.707, 290.2683
1167.189, 335.6501
1167.672, 369.2288
1168.154, 397.4961
1168.636, 437.6299
1169.118, 479.2952
1169.600, 494.8032
1170.082, 474.6067
1170.564, 468.9121
1171.046, 509.4065
1171.528, 547.8174
1172.011, 561.9705
1172.493, 563.5999
1172.975, 590.1062
1173.457, 634.6936
1173.939, 676.1987
1174.421, 709.5264
1174.903, 733.5574
1175.385, 737.1343
1175.868, 740.8315
1176.350, 758.9175
1176.832, 788.4700
1177.314, 808.9397
1177.796, 820.8196
1178.278, 827.2874
1178.760, 829.3940
1179.242, 827.7112
1179.724, 818.6328
1180.207, 808.8315
1180.689, 808.1741
1181.171, 816.2432
1181.653, 797.2634
1182.135, 753.2351
1182.617, 718.2288
1183.099, 722.2546
1183.581, 731.0024
1184.063, 729.7622
1184.546, 719.4746
1185.028, 699.4736
1185.510, 669.1187
1185.992, 648.5215
1186.474, 639.0657
1186.956, 626.2153
1187.438, 602.7532
1187.920, 569.8440
1188.403, 517.7234
1188.885, 457.8630
1189.367, 425.2915
1189.849, 423.0410
1190.331, 397.8877
1190.813, 339.2358
1191.295, 287.2031
1191.777, 286.5698
1192.260, 297.8435
1192.742, 292.2441
1193.224, 269.4622
1193.706, 233.9121
1194.188, 182.4132
1194.670, 149.1611
1195.152, 145.5022
1195.634, 146.6757
1196.116, 127.0465
1196.599, 100.9689
1197.081, 82.40356
1197.563, 71.85913
1198.045, 60.89270
1198.527, 49.92603
1199.009, 36.06067
1199.491, 15.81555
1199.973, 3.103760
1200.455, 10.22974
1200.938, 11.45142
1201.420, 13.76892
1201.902, 18.16895
1202.384, 24.36255
1202.866, 32.97778
1203.348, 36.55237
1203.830, 27.59839
1204.312, 17.68115
1204.795, 25.95349
1205.277, 39.14978
1205.759, 34.23755
1206.241, 2.124390
1206.723, 8.382813
1207.205, 20.56140
1207.687, 45.89551
1208.169, 37.84778
1208.651, 18.43152
1209.134, 10.32666
1209.616, 10.07898
1210.098, 11.00098
1210.580, 12.64502
1211.062, 14.44910
1211.544, 16.80103
1212.026, 17.27673
1212.508, 10.52917
1212.990, 3.831665
1213.473, 8.061035
1213.955, 18.48523
1214.437, 20.81616
1214.919, 9.694946
1215.401, 7.288574
1215.883, 16.98853
1216.365, 25.15210
1216.847, 13.89709
1217.330, 0.4991460
1217.812, 5.417114
1218.294, 24.94409
1218.776, 24.74524
1219.258, 6.347778
1219.740, 20.92957
1220.222, 10.77966
1220.704, 5.156738
1221.187, 10.59253
1221.669, 9.670898
1222.151, 4.247925
1222.633, 4.185425
1223.115, 7.158691
1223.597, 2.966187
1224.079, 0.2132570
1224.561, 0.9134520
1225.043, 0.1119380
1225.526, 0.6376950
1226.008, 0.8897710
1226.490, 11.07861
1226.972, 29.24622
1227.454, 36.30908
1227.936, 30.36523
1228.418, 22.44788
1228.900, 14.41309
1229.382, 8.654419
1229.865, 10.15930
1230.347, 13.76147
1230.829, 13.50732
1231.311, 8.913818
1231.793, 6.443237
1232.275, 5.933838
1232.757, 9.203979
1233.239, 18.36951
1233.722, 26.74243
1234.204, 24.27112
1234.686, 19.08215
1235.168, 20.78992
1235.650, 29.99207
1236.132, 35.36646
1236.614, 36.74976
1237.096, 36.32678
1237.578, 34.57031
1238.061, 32.06543
1238.543, 28.03906
1239.025, 24.21838
1239.507, 22.88208
1239.989, 24.02686
1240.471, 24.88940
1240.953, 25.42310
1241.435, 27.50293
1241.917, 32.89746
1242.400, 38.62817
1242.882, 41.51099
1243.364, 44.08484
1243.846, 50.65942
1244.328, 61.90588
1244.810, 57.77271
1245.292, 39.15796
1245.774, 28.85571
1246.257, 44.65015
1246.739, 62.72131
1247.221, 69.92712
1247.703, 69.23352
1248.185, 66.99976
1248.667, 59.37744
1249.149, 54.97681
1249.631, 53.85547
1250.114, 56.93018
1250.596, 65.83057
1251.078, 77.73926
1251.560, 97.68958
1252.042, 114.9487
1252.524, 116.8809
1253.006, 104.1075
1253.488, 97.06042
1253.970, 95.20508
1254.453, 95.47986
1254.935, 106.0243
1255.417, 109.8960
1255.899, 95.07361
1256.381, 82.69458
1256.863, 96.09729
1257.345, 134.6140
1257.827, 140.2565
1258.310, 116.9401
1258.792, 98.76855
1259.274, 113.4941
1259.756, 122.3556
1260.238, 115.1490
1260.720, 103.5547
1261.202, 96.10095
1261.684, 95.67224
1262.167, 96.31042
1262.649, 105.2770
1263.131, 109.1326
1263.613, 99.77124
1264.095, 94.53662
1264.577, 95.57593
1265.059, 96.78943
1265.541, 89.97144
1266.023, 83.37048
1266.505, 100.2039
1266.988, 132.2667
1267.470, 150.6477
1267.952, 141.9869
1268.434, 131.5953
1268.916, 119.5234
1269.398, 112.5577
1269.880, 122.4706
1270.362, 135.2379
1270.845, 130.0005
1271.327, 110.9185
1271.809, 109.4171
1272.291, 138.2765
1272.773, 151.2977
1273.255, 141.4116
1273.737, 126.8076
1274.219, 122.5441
1274.702, 125.5077
1275.184, 137.4553
1275.666, 151.0360
1276.148, 158.9388
1276.630, 160.5220
1277.112, 150.2273
1277.594, 126.0273
1278.076, 102.3922
1278.558, 90.72290
1279.041, 86.82996
1279.523, 85.52246
1280.005, 87.92322
1280.487, 99.99512
1280.969, 119.6283
1281.451, 123.8911
1281.933, 107.7593
1282.415, 92.73706
1282.897, 101.8237
1283.380, 112.2234
1283.862, 112.5884
1284.344, 108.4268
1284.826, 106.5249
1285.308, 107.3724
1285.790, 112.8076
1286.272, 124.9839
1286.754, 130.8179
1287.237, 112.4081
1287.719, 97.40540
1288.201, 98.51221
1288.683, 103.2660
1289.165, 90.41687
1289.647, 67.53052
1290.129, 60.86279
1290.611, 72.90320
1291.094, 82.52954
1291.576, 81.44006
1292.058, 77.89893
1292.540, 73.73950
1293.022, 69.45007
1293.504, 64.21228
1293.986, 58.26514
1294.468, 54.38513
1294.950, 52.41907
1295.432, 49.12683
1295.915, 44.48755
1296.397, 37.21448
1296.879, 26.10449
1297.361, 16.56995
1297.843, 14.20007
1298.325, 16.91785
1298.807, 26.42651
1299.289, 39.97913
1299.772, 37.95532
1300.254, 17.20825
1300.736, 10.90601
1301.218, 25.85999
1301.700, 37.05884
1302.182, 16.47107
1302.664, 2.688354
1303.146, 7.338135
1303.629, 36.41724
1304.111, 37.96472
1304.593, 28.01331
1305.075, 0.0000000E+00
##END=



