##NAMES=Andalusite
##RRUFFID=R050626
##IDEAL CHEMISTRY=Al_2_SiO_5_
##LOCALITY=Minas Gerais, Brazil
##OWNER=RRUFF
##SOURCE=Gemological Center
##DESCRIPTION=Grayish brown fragment
##STATUS=The identification of this mineral has been confirmed by X-ray diffraction and chemical analysis
##URL=rruff.info/R050626
##MEASURED CHEMISTRY=(Al_1.99_Fe^3+^_0.01_)_Σ=1_Si_1.00_O_5_
98.85901, 0.0000000E+00
99.34113, 0.1978750
99.82324, 0.2368910
100.3054, 8.8138998E-02
100.7875, 1.4352000E-02
101.2696, 4.5430999E-02
101.7517, 0.1865240
102.2338, 0.2780950
102.7159, 0.3293170
103.1981, 0.3674200
103.6802, 0.3496580
104.1623, 0.2754010
104.6444, 0.2183340
105.1265, 0.2123270
105.6086, 0.3181270
106.0908, 0.3536040
106.5729, 0.2544700
107.0550, 0.1359220
107.5371, 4.7006998E-02
108.0192, 1.3910000E-02
108.5013, 1.2107000E-02
108.9835, 4.9345002E-02
109.4656, 9.5801003E-02
109.9477, 8.2470998E-02
110.4298, 8.9161001E-02
110.9119, 0.2660640
111.3940, 0.3483450
111.8762, 0.2085190
112.3583, 9.8352998E-02
112.8404, 7.2725996E-02
113.3225, 0.1425810
113.8046, 0.1970100
114.2867, 0.1834350
114.7689, 0.1598220
115.2510, 0.1886220
115.7331, 0.2796960
116.2152, 0.4292030
116.6973, 0.6773260
117.1794, 1.074219
117.6616, 1.361246
118.1437, 1.393658
118.6258, 1.260124
119.1079, 1.105374
119.5900, 0.8828950
120.0721, 0.7235830
120.5543, 0.7484690
121.0364, 1.057625
121.5185, 1.348217
122.0006, 1.357294
122.4827, 1.182157
122.9648, 1.102320
123.4470, 1.392220
123.9291, 1.822119
124.4112, 2.123466
124.8933, 2.184067
125.3754, 2.175663
125.8575, 2.280584
126.3397, 2.480962
126.8218, 2.668200
127.3039, 2.705361
127.7860, 2.672617
128.2681, 2.736079
128.7502, 2.977284
129.2324, 3.315301
129.7145, 3.633041
130.1966, 3.932230
130.6787, 4.182467
131.1608, 4.371836
131.6429, 4.493126
132.1251, 4.512294
132.6072, 4.336360
133.0893, 4.052999
133.5714, 3.988253
134.0535, 4.173121
134.5356, 4.431993
135.0178, 4.538676
135.4999, 4.488904
135.9820, 4.448453
136.4641, 4.461858
136.9462, 4.529723
137.4283, 4.697713
137.9105, 4.990343
138.3926, 5.341902
138.8747, 5.659001
139.3568, 5.956235
139.8389, 6.171867
140.3210, 6.265443
140.8032, 6.217338
141.2853, 6.156225
141.7674, 6.087302
142.2495, 6.003245
142.7316, 5.860782
143.2137, 5.561470
143.6959, 5.278594
144.1780, 5.171186
144.6601, 5.315606
145.1422, 5.423010
145.6243, 5.440638
146.1064, 5.415251
146.5886, 5.551557
147.0707, 6.034487
147.5528, 6.469479
148.0349, 6.634373
148.5170, 6.392458
148.9991, 6.108348
149.4813, 5.731771
149.9634, 5.287421
150.4455, 5.047276
150.9276, 5.236423
151.4097, 5.471708
151.8918, 5.514750
152.3740, 5.088097
152.8561, 4.789459
153.3382, 4.734875
153.8203, 4.916354
154.3024, 5.018912
154.7845, 5.015744
155.2667, 4.943011
155.7488, 4.802853
156.2309, 4.512192
156.7130, 4.315549
157.1951, 4.291771
157.6772, 4.449089
158.1594, 4.570057
158.6415, 4.595453
159.1236, 4.573145
159.6057, 4.553129
160.0878, 4.516290
160.5699, 4.502747
161.0521, 4.529171
161.5342, 4.606584
162.0163, 4.663928
162.4984, 4.684390
162.9805, 4.676298
163.4626, 4.650927
163.9448, 4.510400
164.4269, 4.417518
164.9090, 4.483452
165.3911, 4.762743
165.8732, 5.018505
166.3553, 5.142160
166.8375, 5.160289
167.3196, 5.120964
167.8017, 4.926620
168.2838, 4.770236
168.7659, 4.827628
169.2480, 5.179327
169.7302, 5.515989
170.2123, 5.661096
170.6944, 5.640054
171.1765, 5.507615
171.6586, 5.162700
172.1407, 4.788692
172.6229, 4.590830
173.1050, 4.626537
173.5871, 4.695188
174.0692, 4.596962
174.5513, 4.384804
175.0334, 4.205552
175.5156, 4.161669
175.9977, 4.196583
176.4798, 4.238455
176.9619, 4.290407
177.4440, 4.328171
177.9261, 4.296104
178.4083, 4.212227
178.8904, 4.154318
179.3725, 4.216398
179.8546, 4.335716
180.3367, 4.385033
180.8188, 4.324171
181.3010, 4.214920
181.7831, 4.125158
182.2652, 4.055871
182.7473, 4.013945
183.2294, 3.984446
183.7115, 3.984105
184.1937, 4.071631
184.6758, 4.299298
185.1579, 4.571445
185.6400, 4.714971
186.1221, 4.733119
186.6042, 4.747485
187.0864, 4.824705
187.5685, 4.970493
188.0506, 5.223542
188.5327, 5.659727
189.0148, 6.150914
189.4969, 6.432415
189.9791, 6.498210
190.4612, 6.451290
190.9433, 6.404797
191.4254, 6.342733
191.9075, 6.104251
192.3896, 5.587500
192.8718, 4.908137
193.3539, 4.383486
193.8360, 4.019338
194.3181, 3.759160
194.8002, 3.525779
195.2823, 3.313927
195.7645, 3.252301
196.2466, 3.436945
196.7287, 3.782638
197.2108, 3.929869
197.6929, 3.853207
198.1750, 3.691696
198.6572, 3.555933
199.1393, 3.446576
199.6214, 3.380675
200.1035, 3.374487
200.5856, 3.417467
201.0677, 3.421988
201.5499, 3.361036
202.0320, 3.349245
202.5141, 3.530491
202.9962, 3.931456
203.4783, 4.316485
203.9604, 4.650307
204.4426, 4.927989
204.9247, 5.117825
205.4068, 5.235578
205.8889, 5.224120
206.3710, 5.001484
206.8531, 4.537814
207.3353, 4.011626
207.8174, 3.426584
208.2995, 2.795275
208.7816, 2.298642
209.2637, 1.965732
209.7458, 1.717809
210.2280, 1.459957
210.7101, 1.156528
211.1922, 0.9851980
211.6743, 1.059522
212.1564, 1.362406
212.6385, 1.374242
213.1207, 0.9810470
213.6028, 0.4800640
214.0849, 0.1843230
214.5670, 0.1539820
215.0491, 0.1525380
215.5313, 0.1457950
216.0134, 0.1334710
216.4955, 4.8512001E-02
216.9776, 0.1597480
217.4597, 0.3713680
217.9418, 0.4478950
218.4240, 0.3269970
218.9061, 0.2339260
219.3882, 0.2199390
219.8703, 0.2862510
220.3524, 0.3680700
220.8345, 0.4989240
221.3167, 0.6042770
221.7988, 0.5797840
222.2809, 0.3189650
222.7630, 0.1872070
223.2451, 0.3257510
223.7272, 0.7414280
224.2094, 0.9191070
224.6915, 0.7569550
225.1736, 0.4718110
225.6557, 0.2798750
226.1378, 0.1946350
226.6199, 0.1640900
227.1021, 0.1904020
227.5842, 0.2732650
228.0663, 0.3453790
228.5484, 0.3807230
229.0305, 0.4333910
229.5126, 0.5811830
229.9948, 0.9558370
230.4769, 1.151709
230.9590, 1.039128
231.4411, 0.6194370
231.9232, 0.3234830
232.4053, 0.2007750
232.8875, 0.1435690
233.3696, 6.1815999E-02
233.8517, 3.8876999E-02
234.3338, 0.1707650
234.8159, 0.3014300
235.2980, 0.4367320
235.7802, 0.7738450
236.2623, 1.399824
236.7444, 2.133156
237.2265, 2.830144
237.7086, 3.482954
238.1907, 4.119670
238.6729, 4.776249
239.1550, 5.443115
239.6371, 5.962454
240.1192, 6.383059
240.6013, 6.602547
241.0834, 6.506012
241.5656, 5.927229
242.0477, 5.363245
242.5298, 4.887634
243.0119, 4.488134
243.4940, 4.031355
243.9761, 3.459305
244.4583, 2.898058
244.9404, 2.450451
245.4225, 2.205709
245.9046, 1.887348
246.3867, 1.419682
246.8688, 0.8375450
247.3510, 0.3800740
247.8331, 6.1388001E-02
248.3152, 0.1508410
248.7973, 0.2643280
249.2794, 0.2224030
249.7615, 0.1955680
250.2437, 0.1698840
250.7258, 0.1659980
251.2079, 0.3091550
251.6900, 0.7192730
252.1721, 1.106094
252.6542, 1.293585
253.1364, 1.204266
253.6185, 1.095629
254.1006, 0.9856220
254.5827, 0.8673930
255.0648, 0.7153470
255.5469, 0.5172060
256.0291, 0.3092120
256.5112, 0.1159000
256.9933, 4.0403001E-02
257.4754, 0.2493880
257.9575, 0.5462320
258.4396, 0.8889370
258.9218, 1.129980
259.4039, 1.201414
259.8860, 1.301228
260.3681, 1.529703
260.8502, 1.929604
261.3323, 2.337408
261.8145, 2.737650
262.2966, 3.150667
262.7787, 3.627869
263.2608, 4.177647
263.7429, 4.776993
264.2250, 5.455772
264.7072, 6.262852
265.1893, 6.884226
265.6714, 7.179573
266.1535, 7.402658
266.6356, 8.018290
267.1177, 9.118483
267.5999, 10.38661
268.0820, 11.69029
268.5641, 13.01830
269.0462, 14.53803
269.5283, 16.30586
270.0104, 18.23888
270.4926, 20.10599
270.9747, 21.70156
271.4568, 23.99310
271.9389, 27.39359
272.4210, 31.97360
272.9031, 36.68052
273.3853, 41.46865
273.8674, 46.47248
274.3495, 51.69551
274.8316, 57.14470
275.3137, 62.90393
275.7958, 69.45486
276.2780, 76.61383
276.7601, 82.06741
277.2422, 85.64662
277.7243, 87.93194
278.2064, 88.95327
278.6885, 88.42214
279.1707, 89.14362
279.6528, 91.94966
280.1349, 96.55511
280.6170, 101.2999
281.0991, 106.0109
281.5812, 111.4906
282.0634, 118.5358
282.5455, 127.2855
283.0276, 136.3991
283.5097, 145.4228
283.9918, 154.7542
284.4739, 165.6181
284.9561, 178.0395
285.4382, 191.7870
285.9203, 206.5205
286.4024, 222.1781
286.8845, 240.1100
287.3666, 260.6213
287.8488, 283.0056
288.3309, 306.0162
288.8130, 329.6857
289.2951, 353.2337
289.7772, 378.0248
290.2593, 402.8434
290.7415, 422.5684
291.2236, 437.1348
291.7057, 444.9567
292.1878, 443.3191
292.6699, 432.3376
293.1520, 413.2634
293.6342, 383.9447
294.1163, 346.7245
294.5984, 309.7289
295.0805, 272.7018
295.5626, 237.4884
296.0447, 205.3817
296.5269, 176.4397
297.0090, 150.8627
297.4911, 129.3281
297.9732, 111.2339
298.4553, 96.06143
298.9374, 83.91621
299.4196, 73.82702
299.9017, 65.31454
300.3838, 58.23713
300.8659, 52.31317
301.3480, 47.64449
301.8301, 44.01723
302.3123, 41.29545
302.7944, 39.44016
303.2765, 38.03062
303.7586, 36.88870
304.2407, 35.91835
304.7228, 34.90618
305.2050, 33.68319
305.6871, 32.50374
306.1692, 31.62373
306.6513, 31.03156
307.1334, 30.74190
307.6155, 30.87647
308.0977, 31.27469
308.5798, 31.69541
309.0619, 31.95556
309.5440, 32.44724
310.0261, 33.48294
310.5082, 35.01784
310.9904, 36.90039
311.4725, 39.11355
311.9546, 41.61765
312.4367, 44.35666
312.9188, 47.26181
313.4009, 50.56219
313.8831, 53.96926
314.3652, 57.85191
314.8473, 62.95040
315.3294, 69.69749
315.8115, 77.72624
316.2936, 86.90309
316.7758, 97.25370
317.2579, 108.4218
317.7400, 120.9476
318.2221, 134.0629
318.7042, 147.0394
319.1863, 160.5455
319.6685, 173.0525
320.1506, 185.0719
320.6327, 196.6439
321.1148, 203.4532
321.5969, 203.8738
322.0790, 199.1689
322.5612, 190.3907
323.0433, 174.4471
323.5254, 157.9250
324.0075, 141.6527
324.4896, 125.7202
324.9717, 111.2298
325.4539, 98.20766
325.9360, 86.59052
326.4181, 76.47389
326.9002, 67.83315
327.3823, 60.59894
327.8644, 55.08184
328.3466, 51.01342
328.8287, 47.57941
329.3108, 45.03102
329.7929, 42.85296
330.2750, 40.90455
330.7571, 39.09987
331.2393, 37.66580
331.7214, 36.76554
332.2035, 36.17192
332.6856, 35.53399
333.1677, 34.80537
333.6498, 34.09399
334.1320, 33.44372
334.6141, 32.88733
335.0962, 32.20879
335.5783, 31.29472
336.0604, 30.37674
336.5425, 29.70506
337.0247, 29.37858
337.5068, 29.06432
337.9889, 28.69481
338.4710, 28.27481
338.9531, 27.88987
339.4352, 27.51210
339.9174, 27.20370
340.3995, 27.06039
340.8816, 27.12072
341.3637, 27.09324
341.8458, 26.87887
342.3279, 26.62356
342.8101, 26.72216
343.2922, 27.21768
343.7743, 27.70960
344.2564, 27.88141
344.7385, 27.74433
345.2206, 27.82834
345.7028, 28.20048
346.1849, 28.75775
346.6670, 29.26899
347.1491, 29.73993
347.6312, 30.39822
348.1133, 31.33824
348.5955, 32.56999
349.0776, 34.11983
349.5597, 36.00491
350.0418, 38.17161
350.5239, 40.42757
351.0060, 42.89713
351.4882, 45.90467
351.9703, 49.71757
352.4524, 53.98909
352.9345, 58.01139
353.4166, 61.85168
353.8987, 66.13340
354.3809, 71.49818
354.8630, 77.52457
355.3451, 83.54617
355.8272, 89.58556
356.3093, 95.24835
356.7914, 100.3789
357.2736, 104.9058
357.7557, 108.5032
358.2378, 111.4066
358.7199, 113.0344
359.2020, 112.8356
359.6841, 110.6857
360.1663, 107.0766
360.6484, 101.8214
361.1305, 95.38564
361.6126, 88.42215
362.0947, 80.30478
362.5768, 72.47473
363.0590, 65.54453
363.5411, 59.53191
364.0232, 53.95565
364.5053, 48.62803
364.9874, 43.68863
365.4695, 39.24572
365.9517, 35.51219
366.4338, 32.06511
366.9159, 28.75880
367.3980, 25.63978
367.8801, 22.88424
368.3622, 20.60043
368.8444, 18.65566
369.3265, 17.02396
369.8086, 15.88358
370.2907, 14.72962
370.7728, 13.49322
371.2549, 12.23933
371.7371, 11.11696
372.2192, 10.16322
372.7013, 9.332497
373.1834, 8.623140
373.6655, 8.020662
374.1476, 7.411560
374.6298, 6.800154
375.1119, 6.234291
375.5940, 5.759024
376.0761, 5.406870
376.5582, 4.996464
377.0403, 4.448139
377.5225, 3.838913
378.0046, 3.472166
378.4867, 3.383518
378.9688, 3.410339
379.4509, 3.468330
379.9330, 3.564989
380.4152, 3.734938
380.8973, 3.985085
381.3794, 4.254234
381.8615, 4.488724
382.3436, 4.689966
382.8257, 4.746496
383.3079, 4.583532
383.7900, 4.235512
384.2721, 3.776419
384.7542, 3.199759
385.2363, 2.611128
385.7184, 2.059401
386.2006, 1.575314
386.6827, 1.214666
387.1648, 1.047991
387.6469, 0.9662190
388.1290, 0.8375590
388.6111, 0.6692120
389.0933, 0.4976880
389.5754, 0.3136940
390.0575, 0.1518250
390.5396, 5.3521998E-02
391.0217, 3.5246000E-02
391.5038, 4.6719000E-02
391.9860, 5.9751999E-02
392.4681, 7.6948002E-02
392.9502, 0.1018600
393.4323, 0.2853110
393.9144, 0.3597450
394.3965, 9.0147004E-02
394.8787, 0.5554030
395.3608, 1.109528
395.8429, 1.406864
396.3250, 1.542439
396.8071, 1.603477
397.2892, 1.515398
397.7714, 1.456362
398.2535, 1.452982
398.7356, 1.506199
399.2177, 1.618925
399.6998, 1.922268
400.1819, 2.178288
400.6641, 2.290641
401.1462, 2.252006
401.6283, 2.073229
402.1104, 1.636229
402.5925, 1.111544
403.0746, 0.7724530
403.5568, 0.7526800
404.0389, 0.6840000
404.5210, 0.4416310
405.0031, 2.3481000E-02
405.4852, 0.2565770
405.9673, 0.3505990
406.4495, 0.4025780
406.9316, 0.5360850
407.4137, 0.7592120
407.8958, 0.9646550
408.3779, 1.077969
408.8600, 1.222107
409.3422, 1.878697
409.8243, 3.098261
410.3064, 4.012916
410.7885, 3.795063
411.2706, 2.766826
411.7527, 2.527329
412.2349, 3.197537
412.7170, 4.289999
413.1991, 5.396967
413.6812, 6.484978
414.1633, 7.410673
414.6454, 8.113573
415.1276, 8.633970
415.6097, 8.900928
416.0918, 8.958957
416.5739, 9.146737
417.0560, 9.859669
417.5381, 10.76468
418.0203, 11.52303
418.5024, 12.15043
418.9845, 12.40331
419.4666, 12.01083
419.9487, 11.13889
420.4308, 10.11081
420.9130, 8.885371
421.3951, 7.668888
421.8772, 6.519339
422.3593, 5.460232
422.8414, 4.521377
423.3235, 3.763453
423.8057, 3.110017
424.2878, 2.509472
424.7699, 1.918367
425.2520, 1.420945
425.7341, 1.051871
426.2162, 0.7949460
426.6984, 0.5696020
427.1805, 0.3217270
427.6626, 0.1727200
428.1447, 0.2090210
428.6268, 0.5388120
429.1089, 0.6360670
429.5911, 0.3730070
430.0732, 1.1379000E-02
430.5553, 9.6069999E-02
431.0374, 0.1335210
431.5195, 0.2803730
432.0016, 0.2083150
432.4838, 1.7062001E-02
432.9659, 6.9029003E-02
433.4480, 7.4692003E-02
433.9301, 0.2512930
434.4122, 0.3260650
434.8943, 0.3202870
435.3765, 0.4090400
435.8586, 0.6398530
436.3407, 0.8737870
436.8228, 0.8395700
437.3049, 0.6224370
437.7870, 0.5426240
438.2692, 0.8055100
438.7513, 1.243529
439.2334, 1.669215
439.7155, 2.079090
440.1976, 2.410477
440.6797, 2.509378
441.1619, 2.552005
441.6440, 2.768289
442.1261, 3.294437
442.6082, 3.832662
443.0903, 4.197947
443.5724, 4.450215
444.0546, 4.722063
444.5367, 4.947497
445.0188, 5.290586
445.5009, 5.820031
445.9830, 6.538414
446.4651, 7.441078
446.9473, 8.730261
447.4294, 10.10360
447.9115, 11.29278
448.3936, 11.91207
448.8757, 12.80962
449.3578, 14.15876
449.8400, 15.82440
450.3221, 17.44364
450.8042, 19.04778
451.2863, 20.58135
451.7684, 22.32093
452.2505, 24.60275
452.7327, 24.78041
453.2148, 22.37024
453.6969, 18.70765
454.1790, 15.19619
454.6611, 11.77950
455.1432, 8.958258
455.6254, 6.913728
456.1075, 5.501469
456.5896, 4.525626
457.0717, 3.967254
457.5538, 3.494629
458.0359, 2.884915
458.5181, 2.216852
459.0002, 1.638951
459.4823, 1.171122
459.9644, 0.8496200
460.4465, 0.7409180
460.9286, 0.7878820
461.4108, 0.8883130
461.8929, 1.105608
462.3750, 1.295690
462.8571, 1.316498
463.3392, 1.190021
463.8214, 1.076715
464.3035, 0.9949680
464.7856, 0.9937400
465.2677, 1.148319
465.7498, 1.583726
466.2319, 1.852378
466.7141, 1.630829
467.1962, 1.251460
467.6783, 1.138169
468.1604, 1.593457
468.6425, 2.043631
469.1246, 2.398948
469.6068, 2.664310
470.0889, 2.892923
470.5710, 3.048511
471.0531, 3.216573
471.5352, 3.462212
472.0173, 3.840466
472.4995, 4.093349
472.9816, 4.184168
473.4637, 4.195587
473.9458, 4.286246
474.4279, 4.469733
474.9100, 4.515393
475.3922, 4.274515
475.8743, 3.875993
476.3564, 3.761714
476.8385, 3.928472
477.3206, 4.074364
477.8027, 3.880225
478.2849, 3.511907
478.7670, 3.326849
479.2491, 3.392000
479.7312, 3.557046
480.2133, 3.774237
480.6954, 3.979902
481.1776, 4.055585
481.6597, 3.752647
482.1418, 3.468517
482.6239, 3.522430
483.1060, 3.862346
483.5881, 4.105549
484.0703, 4.118438
484.5524, 3.970613
485.0345, 3.663450
485.5166, 3.051036
485.9987, 2.635647
486.4808, 2.697060
486.9630, 2.931845
487.4451, 2.921140
487.9272, 2.423393
488.4093, 2.015568
488.8914, 1.852375
489.3735, 1.895432
489.8557, 1.853004
490.3378, 1.709527
490.8199, 1.497429
491.3020, 1.199447
491.7841, 0.7963110
492.2662, 0.5845810
492.7484, 0.6219040
493.2305, 0.7155270
493.7126, 0.5632630
494.1947, 0.1989260
494.6768, 0.1173920
495.1589, 0.3148040
495.6411, 0.4079690
496.1232, 0.3664050
496.6053, 0.2053110
497.0874, 5.9602998E-02
497.5695, 3.7890000E-03
498.0516, 2.0912001E-02
498.5338, 0.1114450
499.0159, 0.2909670
499.4980, 0.4360620
499.9801, 0.4375510
500.4622, 0.3753380
500.9443, 0.3438290
501.4265, 0.4301610
501.9086, 0.4909230
502.3907, 0.4730180
502.8728, 0.3916180
503.3549, 0.3119710
503.8370, 0.2291370
504.3192, 0.1611180
504.8013, 0.1269370
505.2834, 0.1500580
505.7655, 8.9020997E-02
506.2476, 0.1402520
506.7297, 0.3589130
507.2119, 0.3580060
507.6940, 5.6387998E-02
508.1761, 0.1358860
508.6582, 0.1636890
509.1403, 4.4976000E-02
509.6224, 0.2697820
510.1046, 0.7898580
510.5867, 1.143284
511.0688, 0.9904580
511.5509, 0.5304770
512.0330, 0.3913810
512.5151, 0.5804760
512.9973, 0.8319090
513.4794, 0.9412920
513.9615, 0.9588050
514.4436, 0.9553680
514.9257, 0.9299790
515.4078, 0.9276300
515.8900, 1.028783
516.3721, 1.172484
516.8542, 1.238776
517.3363, 1.083057
517.8184, 0.9331140
518.3005, 0.9092130
518.7827, 1.014882
519.2648, 1.092233
519.7469, 1.173715
520.2290, 1.174208
520.7111, 1.011301
521.1932, 0.4095080
521.6754, 0.2475490
522.1575, 0.7875830
522.6396, 1.552752
523.1217, 1.817451
523.6038, 1.431681
524.0859, 1.106385
524.5681, 1.013682
525.0502, 1.101114
525.5323, 1.228137
526.0144, 1.405489
526.4965, 1.546499
526.9786, 1.525071
527.4608, 1.426293
527.9429, 1.538201
528.4250, 1.893798
528.9071, 2.273963
529.3892, 2.389953
529.8713, 2.411786
530.3535, 2.629080
530.8356, 3.261542
531.3177, 3.918750
531.7998, 4.264593
532.2819, 4.437464
532.7640, 4.751959
533.2462, 5.455549
533.7283, 6.204273
534.2104, 6.854386
534.6925, 7.379733
535.1746, 7.947307
535.6567, 8.492115
536.1389, 9.146025
536.6210, 9.985268
537.1031, 11.12482
537.5852, 12.21536
538.0673, 13.24311
538.5494, 14.23808
539.0316, 15.22386
539.5137, 16.19005
539.9958, 17.27764
540.4779, 18.51725
540.9600, 19.91513
541.4421, 21.51595
541.9243, 23.30815
542.4064, 25.20850
542.8885, 27.08558
543.3706, 29.03340
543.8527, 31.24186
544.3348, 33.73516
544.8170, 36.37891
545.2991, 39.07348
545.7812, 41.84222
546.2633, 44.77191
546.7454, 48.13033
547.2275, 51.28674
547.7097, 53.99985
548.1918, 56.32935
548.6739, 58.37082
549.1560, 60.24914
549.6381, 61.76095
550.1202, 62.91681
550.6024, 63.73999
551.0845, 63.79990
551.5666, 62.97606
552.0487, 61.53783
552.5308, 59.66739
553.0129, 57.38378
553.4951, 54.50130
553.9772, 50.93036
554.4593, 46.97065
554.9414, 42.86123
555.4235, 38.63342
555.9056, 34.70579
556.3878, 31.24829
556.8699, 28.13627
557.3520, 25.22819
557.8341, 22.54715
558.3162, 20.21808
558.7983, 18.48086
559.2805, 17.01307
559.7626, 15.48877
560.2447, 13.89373
560.7268, 12.48693
561.2089, 11.38649
561.6910, 10.51237
562.1732, 9.801156
562.6553, 9.283543
563.1374, 8.866243
563.6195, 8.694318
564.1016, 8.573571
564.5837, 8.187455
565.0659, 7.299742
565.5480, 6.571936
566.0301, 6.156895
566.5122, 6.013957
566.9943, 5.955626
567.4764, 5.986183
567.9586, 6.067442
568.4407, 6.230692
568.9228, 6.442446
569.4049, 6.483606
569.8870, 6.336938
570.3691, 6.165850
570.8513, 6.165439
571.3334, 6.249454
571.8155, 6.239456
572.2976, 6.058658
572.7797, 5.863323
573.2618, 5.823335
573.7440, 5.843011
574.2261, 5.748949
574.7082, 5.361379
575.1903, 4.961357
575.6724, 4.716632
576.1545, 4.597311
576.6367, 4.311832
577.1188, 3.635506
577.6009, 2.994010
578.0830, 2.564392
578.5651, 2.399379
579.0472, 2.168466
579.5294, 1.809135
580.0115, 1.491121
580.4936, 1.443121
580.9757, 1.673772
581.4578, 1.687801
581.9399, 1.354834
582.4221, 0.9211570
582.9042, 0.7948850
583.3863, 0.9105350
583.8684, 0.9926280
584.3505, 0.8756880
584.8326, 0.7042330
585.3148, 0.6404260
585.7969, 0.6626670
586.2790, 0.6751060
586.7611, 0.5310950
587.2432, 0.4324020
587.7253, 0.5677390
588.2075, 1.014445
588.6896, 1.307443
589.1717, 1.239460
589.6538, 1.058490
590.1359, 0.9521610
590.6180, 0.9573350
591.1002, 0.9666110
591.5823, 0.9742720
592.0644, 0.9861150
592.5465, 1.016961
593.0286, 1.071064
593.5107, 1.110438
593.9929, 1.113977
594.4750, 1.104334
594.9571, 1.120162
595.4392, 1.166128
595.9213, 1.285798
596.4034, 1.591394
596.8856, 1.946546
597.3677, 2.143512
597.8498, 2.175507
598.3319, 2.209225
598.8140, 2.300870
599.2961, 2.468445
599.7783, 2.740212
600.2604, 3.175305
600.7425, 3.594529
601.2246, 3.976494
601.7067, 4.317196
602.1888, 4.607382
602.6710, 4.820530
603.1531, 5.031961
603.6352, 5.253574
604.1173, 5.478470
604.5994, 5.705249
605.0815, 5.949889
605.5637, 6.095207
606.0458, 6.055708
606.5279, 5.879627
607.0100, 5.779535
607.4921, 5.754344
607.9742, 5.658936
608.4564, 5.332624
608.9385, 4.886767
609.4206, 4.491538
609.9027, 4.169319
610.3848, 3.855389
610.8669, 3.476152
611.3491, 3.105124
611.8312, 2.815479
612.3133, 2.586702
612.7954, 2.472941
613.2775, 2.591865
613.7596, 2.811389
614.2418, 2.884731
614.7239, 2.742004
615.2060, 2.564799
615.6881, 2.355643
616.1702, 2.133439
616.6523, 2.005609
617.1345, 1.980251
617.6166, 2.036390
618.0987, 2.224942
618.5808, 2.485108
619.0629, 2.560822
619.5450, 2.454363
620.0272, 2.372085
620.5093, 2.529499
620.9914, 2.798711
621.4735, 2.990073
621.9556, 3.046555
622.4377, 3.033993
622.9199, 2.913340
623.4020, 2.821795
623.8841, 2.886232
624.3662, 3.322388
624.8483, 3.634678
625.3304, 3.719254
625.8126, 3.662810
626.2947, 3.634133
626.7768, 3.628364
627.2589, 3.661641
627.7410, 3.738507
628.2231, 3.858462
628.7053, 4.069990
629.1874, 4.388680
629.6695, 4.595976
630.1516, 4.458157
630.6337, 4.097408
631.1158, 3.833379
631.5980, 3.680447
632.0801, 3.482041
632.5622, 2.988173
633.0443, 2.449571
633.5264, 2.171886
634.0085, 2.328719
634.4907, 2.432075
634.9728, 2.159739
635.4549, 1.794870
635.9370, 1.677473
636.4191, 2.173621
636.9012, 2.450735
637.3834, 2.355515
637.8655, 2.033245
638.3476, 1.815279
638.8297, 1.709688
639.3118, 1.673608
639.7939, 1.702487
640.2761, 1.787014
640.7582, 1.923879
641.2403, 2.108623
641.7224, 2.247266
642.2045, 2.224929
642.6866, 2.150807
643.1688, 2.188169
643.6509, 2.343499
644.1330, 2.498669
644.6151, 2.594229
645.0972, 2.657223
645.5793, 2.714841
646.0615, 2.796745
646.5436, 2.808789
647.0257, 2.701450
647.5078, 2.538231
647.9899, 2.370983
648.4720, 2.186303
648.9542, 2.024687
649.4363, 1.879680
649.9184, 1.769631
650.4005, 1.750237
650.8826, 1.819156
651.3647, 1.833880
651.8469, 1.701224
652.3290, 1.534305
652.8111, 1.592098
653.2932, 1.808605
653.7753, 1.909530
654.2574, 1.561253
654.7396, 1.181556
655.2217, 1.121049
655.7038, 1.374603
656.1859, 1.601174
656.6680, 1.673291
657.1501, 1.710958
657.6323, 1.771350
658.1144, 1.850262
658.5965, 1.973742
659.0786, 2.140985
659.5607, 2.356187
660.0428, 2.653792
660.5250, 3.043416
661.0071, 3.353658
661.4892, 3.577955
661.9713, 3.680492
662.4534, 3.553704
662.9355, 3.263253
663.4177, 3.005630
663.8998, 2.897004
664.3819, 2.735096
664.8640, 2.238425
665.3461, 1.577018
665.8282, 1.075213
666.3104, 1.000358
666.7925, 0.9417890
667.2746, 0.7660900
667.7567, 0.4872230
668.2388, 0.2088850
668.7209, 0.1082230
669.2031, 0.3615740
669.6852, 0.5097120
670.1673, 0.5586530
670.6494, 0.5839450
671.1315, 0.5848440
671.6136, 0.5701180
672.0958, 0.5557370
672.5779, 0.5298680
673.0600, 0.4426830
673.5421, 0.2897140
674.0242, 0.1508230
674.5063, 0.1049250
674.9885, 9.9559002E-02
675.4706, 7.0448004E-02
675.9527, 1.9778000E-02
676.4348, 6.4195998E-02
676.9169, 2.2189999E-03
677.3990, 0.1121540
677.8812, 0.2271980
678.3633, 0.4185490
678.8454, 0.4529930
679.3275, 0.2209440
679.8096, 9.5458001E-02
680.2917, 9.8591998E-02
680.7739, 0.2401900
681.2560, 0.4318540
681.7381, 0.2872790
682.2202, 2.1452000E-02
682.7023, 0.1800960
683.1844, 0.2165090
683.6666, 0.2356740
684.1487, 0.2938660
684.6308, 0.3561080
685.1129, 0.4186810
685.5950, 0.4699120
686.0771, 0.4512880
686.5593, 0.1826670
687.0414, 1.8316001E-02
687.5235, 4.2412002E-02
688.0056, 0.3858010
688.4877, 0.6492400
688.9698, 0.8482430
689.4520, 0.9412570
689.9341, 0.8612940
690.4162, 0.6057310
690.8983, 0.4214190
691.3804, 0.3115430
691.8625, 0.2730930
692.3447, 0.2837760
692.8268, 0.3663800
693.3089, 0.6133990
693.7910, 1.094544
694.2731, 1.503300
694.7552, 1.597113
695.2374, 1.510373
695.7195, 1.397580
696.2016, 1.142863
696.6837, 1.063174
697.1658, 1.337255
697.6479, 1.756013
698.1301, 2.001441
698.6122, 1.997718
699.0943, 2.044090
699.5764, 2.224437
700.0585, 2.461031
700.5406, 2.521719
701.0228, 2.433387
701.5049, 2.479634
701.9870, 2.889195
702.4691, 3.419496
702.9512, 3.743250
703.4333, 3.903333
703.9155, 4.059338
704.3976, 4.266221
704.8797, 4.518166
705.3618, 4.832343
705.8439, 5.189163
706.3260, 5.543604
706.8082, 5.908174
707.2903, 6.281357
707.7724, 6.652872
708.2545, 7.024417
708.7366, 7.380758
709.2188, 7.687040
709.7009, 8.136475
710.1830, 9.025403
710.6651, 10.18484
711.1472, 11.05307
711.6293, 11.56659
712.1115, 11.97114
712.5936, 12.38913
713.0757, 12.85462
713.5578, 13.41354
714.0399, 14.12134
714.5220, 14.78433
715.0042, 15.31271
715.4863, 15.78694
715.9684, 16.31560
716.4505, 17.04880
716.9326, 17.46652
717.4147, 17.51578
717.8969, 17.27804
718.3790, 16.82487
718.8611, 16.15109
719.3432, 15.45289
719.8253, 14.77259
720.3074, 14.12760
720.7896, 13.64584
721.2717, 13.21119
721.7538, 12.54289
722.2359, 11.31483
722.7180, 10.03345
723.2001, 8.929677
723.6823, 7.961530
724.1644, 7.100742
724.6465, 6.337166
725.1286, 5.694392
725.6107, 5.211302
726.0928, 4.860576
726.5750, 4.488818
727.0571, 4.084073
727.5392, 3.704515
728.0213, 3.374925
728.5034, 3.096183
728.9855, 2.889537
729.4677, 2.745820
729.9498, 2.582544
730.4319, 2.311911
730.9140, 2.029482
731.3961, 1.818277
731.8782, 1.682811
732.3604, 1.551871
732.8425, 1.375051
733.3246, 1.225085
733.8067, 1.148177
734.2888, 1.155257
734.7709, 1.119098
735.2531, 0.9989900
735.7352, 0.9247950
736.2173, 1.070222
736.6994, 1.386631
737.1815, 1.483108
737.6636, 1.324917
738.1458, 1.107490
738.6279, 0.9957490
739.1100, 0.9371860
739.5921, 0.8795660
740.0742, 0.8189720
740.5563, 0.7574170
741.0385, 0.6153380
741.5206, 0.5124240
742.0027, 0.5872250
742.4848, 1.066646
742.9669, 1.272843
743.4490, 1.110469
743.9312, 0.7816300
744.4133, 0.4915750
744.8954, 0.2344010
745.3775, 0.1648920
745.8596, 0.3514150
746.3417, 0.6145850
746.8239, 0.7755940
747.3060, 0.8458450
747.7881, 0.8353680
748.2702, 0.6531190
748.7523, 0.5323200
749.2344, 0.6611180
749.7166, 0.9116740
750.1987, 1.046928
750.6808, 0.9854820
751.1629, 0.8930060
751.6450, 0.7765140
752.1271, 0.6499270
752.6093, 0.5396870
753.0914, 0.4429890
753.5735, 0.4034910
754.0556, 0.4641390
754.5377, 0.5536710
755.0198, 0.5411840
755.5020, 0.4514280
755.9841, 0.3627540
756.4662, 0.2620370
756.9483, 0.2205700
757.4304, 0.3488350
757.9125, 0.5848900
758.3947, 0.6947230
758.8768, 0.5363460
759.3589, 0.3683440
759.8410, 0.2389640
760.3231, 0.1507910
760.8052, 0.1425180
761.2874, 0.2327930
761.7695, 0.2628050
762.2516, 7.0729002E-02
762.7337, 0.1961360
763.2158, 0.1357060
763.6979, 0.1923200
764.1801, 0.4488950
764.6622, 0.3560740
765.1443, 0.1819940
765.6264, 0.1022270
766.1085, 0.1227530
766.5906, 0.1581130
767.0728, 0.2347710
767.5549, 0.2772800
768.0370, 0.2442460
768.5191, 0.1377010
769.0012, 7.4432001E-02
769.4833, 6.2922001E-02
769.9655, 4.6782002E-02
770.4476, 3.5563000E-02
770.9297, 0.1463020
771.4118, 0.1762200
771.8939, 0.1276540
772.3760, 8.0448002E-02
772.8582, 0.1354400
773.3403, 0.1790700
773.8224, 8.2907997E-02
774.3045, 0.1929890
774.7866, 0.3269410
775.2687, 0.1126320
775.7509, 8.5530996E-02
776.2330, 5.0487000E-02
776.7151, 0.2570480
777.1972, 0.3851300
777.6793, 0.3105570
778.1614, 0.1872330
778.6436, 0.1511710
779.1257, 0.1620730
779.6078, 9.8812997E-02
780.0899, 5.0926998E-02
780.5720, 0.1313100
781.0541, 4.3455999E-02
781.5363, 0.2789020
782.0184, 0.4049600
782.5005, 0.3656440
782.9826, 0.3504000
783.4647, 0.3746420
783.9468, 0.4280090
784.4290, 0.5148560
784.9111, 0.6445880
785.3932, 0.7208230
785.8753, 0.7312200
786.3574, 0.7421930
786.8395, 0.8422320
787.3217, 0.9845840
787.8038, 1.073528
788.2859, 1.091090
788.7680, 1.084248
789.2501, 1.075603
789.7322, 1.058433
790.2144, 1.020092
790.6965, 0.9227950
791.1786, 0.8968060
791.6607, 0.9801980
792.1428, 1.093786
792.6249, 1.161657
793.1071, 1.182391
793.5892, 1.216933
794.0713, 1.269978
794.5534, 1.353816
795.0355, 1.500740
795.5176, 1.680433
795.9998, 1.840545
796.4819, 1.963070
796.9640, 2.087756
797.4461, 2.241129
797.9282, 2.421309
798.4103, 2.635730
798.8925, 2.975034
799.3746, 3.169738
799.8567, 3.121812
800.3388, 3.070084
800.8209, 3.300282
801.3030, 3.784561
801.7852, 4.159275
802.2673, 4.377304
802.7494, 4.544256
803.2315, 4.772640
803.7136, 5.021236
804.1957, 5.246699
804.6779, 5.463620
805.1600, 5.589609
805.6421, 5.410277
806.1242, 5.253126
806.6063, 5.432167
807.0884, 6.157938
807.5706, 6.584257
808.0527, 6.650905
808.5348, 6.581736
809.0169, 6.622375
809.4990, 6.726380
809.9811, 6.726236
810.4633, 6.611793
810.9454, 6.498931
811.4275, 6.457372
811.9096, 6.482156
812.3917, 6.576929
812.8738, 6.759674
813.3560, 6.953648
813.8381, 7.192410
814.3202, 7.426241
814.8023, 7.599142
815.2844, 7.683846
815.7665, 7.904925
816.2487, 8.307986
816.7308, 8.682585
817.2129, 8.732781
817.6950, 8.610922
818.1771, 8.661176
818.6592, 8.952550
819.1414, 9.275516
819.6235, 9.562797
820.1056, 9.787072
820.5877, 9.910999
821.0698, 9.923595
821.5519, 9.916716
822.0341, 9.853950
822.5162, 9.794642
822.9983, 9.801986
823.4804, 9.871856
823.9625, 9.876763
824.4446, 9.804428
824.9268, 9.742727
825.4089, 9.773521
825.8910, 9.861902
826.3731, 9.962801
826.8552, 10.07065
827.3373, 10.19712
827.8195, 10.35505
828.3016, 10.52270
828.7837, 10.68430
829.2658, 10.87395
829.7479, 11.03590
830.2300, 11.29055
830.7122, 11.54123
831.1943, 11.77118
831.6764, 11.96987
832.1585, 12.03110
832.6406, 11.94568
833.1227, 11.88806
833.6049, 12.16806
834.0870, 12.39276
834.5691, 12.19499
835.0512, 11.47000
835.5333, 10.85491
836.0154, 10.50713
836.4976, 10.12664
836.9797, 9.534173
837.4618, 8.729332
837.9439, 8.049345
838.4260, 7.495525
838.9081, 6.975647
839.3903, 6.378589
839.8724, 5.773938
840.3545, 5.272542
840.8366, 4.873249
841.3187, 4.509949
841.8008, 4.208457
842.2830, 3.889276
842.7651, 3.480065
843.2472, 2.990995
843.7293, 2.651734
844.2114, 2.513581
844.6935, 2.354289
845.1757, 2.039566
845.6578, 1.634700
846.1399, 1.294593
846.6220, 1.024795
847.1041, 0.8576250
847.5862, 0.9645220
848.0684, 1.045679
848.5505, 0.8175850
849.0326, 0.3526610
849.5147, 5.3645000E-02
849.9968, 7.5026996E-02
850.4789, 0.1085570
850.9611, 7.5411998E-02
851.4432, 8.1300002E-04
851.9253, 3.6169000E-02
852.4074, 3.1879999E-02
852.8895, 3.2765999E-02
853.3716, 8.5924998E-02
853.8538, 0.1208230
854.3359, 2.3432000E-02
854.8180, 0.2513450
855.3001, 0.3349570
855.7822, 3.5565000E-02
856.2643, 0.2370620
856.7465, 0.3566900
857.2286, 0.3790860
857.7107, 0.3989970
858.1928, 0.4164640
858.6749, 0.4387330
859.1570, 0.4823250
859.6392, 0.4997310
860.1213, 0.3722070
860.6034, 0.1576790
861.0855, 9.6899999E-04
861.5676, 4.9387999E-02
862.0497, 4.1600000E-02
862.5319, 2.8646000E-02
863.0140, 0.1307170
863.4961, 0.2276910
863.9782, 0.3798270
864.4603, 0.3810900
864.9424, 0.1452930
865.4246, 0.1103920
865.9067, 2.1996999E-02
866.3888, 0.3188620
866.8709, 0.3753280
867.3530, 2.1188000E-02
867.8351, 0.3567940
868.3173, 0.4761880
868.7994, 0.4291550
869.2815, 0.2770200
869.7636, 7.6205000E-02
870.2457, 0.2066080
870.7278, 2.6033999E-02
871.2100, 0.3566010
871.6921, 0.6133380
872.1742, 0.7932200
872.6563, 0.9049710
873.1384, 0.9462920
873.6205, 0.9390310
874.1027, 0.8615740
874.5848, 0.7678110
875.0669, 0.7268430
875.5490, 0.7445980
876.0311, 0.7919720
876.5132, 0.8577220
876.9954, 0.9524150
877.4775, 1.076164
877.9596, 1.229159
878.4417, 1.455117
878.9238, 1.777373
879.4059, 2.035447
879.8881, 2.122995
880.3702, 2.092519
880.8523, 1.975324
881.3344, 1.812262
881.8165, 1.777797
882.2986, 2.069454
882.7808, 2.400883
883.2629, 2.640231
883.7450, 2.805370
884.2271, 2.963926
884.7092, 3.087272
885.1913, 3.294889
885.6735, 3.647852
886.1556, 4.063143
886.6377, 4.351337
887.1198, 4.543016
887.6019, 4.763255
888.0840, 5.048022
888.5662, 5.388783
889.0483, 5.827620
889.5304, 6.306606
890.0125, 6.723780
890.4946, 7.004137
890.9767, 7.356556
891.4589, 7.833246
891.9410, 8.328229
892.4231, 8.677050
892.9052, 8.914573
893.3873, 9.213233
893.8694, 9.586843
894.3516, 10.13175
894.8337, 11.07990
895.3158, 12.15306
895.7979, 13.04821
896.2800, 13.60785
896.7621, 14.32406
897.2443, 15.23642
897.7264, 16.28603
898.2085, 17.41252
898.6906, 18.61358
899.1727, 20.05771
899.6548, 21.73470
900.1370, 23.42667
900.6191, 24.73307
901.1012, 26.11264
901.5833, 28.10359
902.0654, 30.65956
902.5475, 33.26327
903.0297, 35.49306
903.5118, 38.05938
903.9939, 41.15282
904.4760, 44.72440
904.9581, 48.60025
905.4402, 52.78167
905.9224, 57.51273
906.4045, 63.22676
906.8866, 69.28959
907.3687, 74.76982
907.8508, 80.03405
908.3329, 85.77287
908.8151, 92.15780
909.2972, 99.14777
909.7793, 106.6293
910.2614, 114.7514
910.7435, 123.8092
911.2256, 133.8334
911.7078, 144.2976
912.1899, 155.1601
912.6720, 166.7826
913.1541, 179.1104
913.6362, 192.5796
914.1183, 207.9627
914.6005, 225.8393
915.0826, 244.1671
915.5647, 262.4515
916.0468, 280.8683
916.5289, 300.0424
917.0110, 320.6025
917.4932, 337.9193
917.9753, 352.2744
918.4574, 361.9243
918.9395, 366.3492
919.4216, 364.7783
919.9037, 354.9989
920.3859, 337.3828
920.8680, 316.3936
921.3501, 291.3461
921.8322, 265.7268
922.3143, 240.0020
922.7964, 214.9451
923.2786, 193.1025
923.7607, 174.5648
924.2428, 158.4706
924.7249, 144.8970
925.2070, 133.3707
925.6891, 123.6157
926.1713, 115.4086
926.6534, 108.3690
927.1355, 103.2051
927.6176, 98.16019
928.0997, 92.37699
928.5818, 86.59932
929.0640, 81.82346
929.5461, 78.23545
930.0282, 74.26836
930.5103, 69.73278
930.9924, 65.08757
931.4745, 60.83227
931.9567, 56.90882
932.4388, 53.09109
932.9209, 49.32780
933.4030, 46.10781
933.8851, 43.78338
934.3672, 41.99859
934.8494, 40.60594
935.3315, 39.60522
935.8136, 38.62375
936.2957, 37.64028
936.7778, 36.86716
937.2599, 36.49276
937.7421, 36.37094
938.2242, 36.27240
938.7063, 36.21830
939.1884, 36.29449
939.6705, 36.41124
940.1526, 36.82084
940.6348, 37.66275
941.1169, 38.80926
941.5990, 39.96864
942.0811, 41.12644
942.5632, 42.38877
943.0453, 43.73238
943.5275, 45.30717
944.0096, 47.54371
944.4917, 50.10270
944.9738, 52.41230
945.4559, 54.11431
945.9380, 56.08762
946.4202, 59.05315
946.9023, 61.96910
947.3844, 63.97199
947.8665, 64.97613
948.3486, 66.43800
948.8307, 68.42074
949.3129, 70.04836
949.7950, 70.70899
950.2771, 70.57880
950.7592, 69.91774
951.2413, 68.69918
951.7234, 66.57768
952.2056, 62.85315
952.6877, 58.87021
953.1698, 54.95868
953.6519, 51.08335
954.1340, 47.03405
954.6161, 42.81475
955.0983, 38.88951
955.5804, 35.47812
956.0625, 32.32721
956.5446, 29.18527
957.0267, 26.14695
957.5089, 23.35305
957.9910, 20.68289
958.4731, 18.54638
958.9552, 17.10030
959.4373, 15.94600
959.9194, 14.67635
960.4016, 13.31577
960.8837, 12.06533
961.3658, 10.94850
961.8479, 9.943500
962.3300, 9.093151
962.8121, 8.317173
963.2943, 7.557183
963.7764, 6.807213
964.2585, 6.140026
964.7406, 5.593010
965.2227, 5.057434
965.7048, 4.441239
966.1870, 3.851952
966.6691, 3.662645
967.1512, 3.767906
967.6333, 3.719882
968.1154, 3.216673
968.5975, 2.661965
969.0797, 2.242618
969.5618, 1.935150
970.0439, 1.686013
970.5260, 1.496367
971.0081, 1.346052
971.4902, 1.224978
971.9724, 1.172885
972.4545, 1.363884
972.9366, 1.630504
973.4187, 1.508698
973.9008, 0.9529930
974.3829, 0.4501650
974.8651, 0.2479340
975.3472, 0.1822660
975.8293, 0.2011740
976.3114, 0.2871840
976.7935, 0.2667960
977.2756, 0.1200670
977.7578, 3.4678999E-02
978.2399, 0.1628450
978.7220, 0.3125800
979.2041, 9.3667001E-02
979.6862, 0.3234340
980.1683, 0.5697660
980.6505, 0.3165280
981.1326, 0.1439050
981.6147, 0.1656480
982.0968, 0.3003530
982.5789, 0.4940340
983.0610, 0.7476430
983.5432, 0.8821560
984.0253, 0.8739110
984.5074, 0.8645520
984.9895, 1.034493
985.4716, 1.231054
985.9537, 1.309671
986.4359, 1.255190
986.9180, 1.107112
987.4001, 0.7985830
987.8822, 0.5293250
988.3643, 0.3792280
988.8464, 0.3193100
989.3286, 0.2821720
989.8107, 0.2604050
990.2928, 0.2172640
990.7749, 0.1248970
991.2570, 2.4723001E-02
991.7391, 5.8780000E-02
992.2213, 0.1325860
992.7034, 0.2061350
993.1855, 0.2590370
993.6676, 0.3679040
994.1497, 0.5403660
994.6318, 0.7539050
995.1140, 1.015122
995.5961, 1.288418
996.0782, 1.465063
996.5603, 1.546539
997.0424, 1.724208
997.5245, 2.158151
998.0067, 2.641067
998.4888, 3.089388
998.9709, 3.504386
999.4530, 3.897441
999.9351, 4.262175
1000.417, 4.697624
1000.899, 5.263977
1001.381, 5.872278
1001.864, 6.429611
1002.346, 6.961778
1002.828, 7.499096
1003.310, 7.994537
1003.792, 8.611157
1004.274, 9.438402
1004.756, 10.27633
1005.238, 10.92365
1005.721, 11.41585
1006.203, 12.07891
1006.685, 12.90665
1007.167, 13.79923
1007.649, 14.58094
1008.131, 15.48926
1008.613, 16.77292
1009.095, 17.87070
1009.577, 19.70167
1010.060, 20.64977
1010.542, 21.90623
1011.024, 23.66305
1011.506, 25.74635
1011.988, 27.96504
1012.470, 30.28711
1012.952, 32.55894
1013.434, 34.63619
1013.917, 37.01563
1014.399, 40.11123
1014.881, 43.33045
1015.363, 46.28887
1015.845, 48.97242
1016.327, 51.72054
1016.809, 54.52892
1017.291, 57.01606
1017.773, 58.91349
1018.256, 60.39295
1018.738, 61.93912
1019.220, 63.23584
1019.702, 63.32978
1020.184, 61.74292
1020.666, 59.40200
1021.148, 56.20264
1021.630, 52.61467
1022.112, 49.36266
1022.595, 46.33247
1023.077, 43.14869
1023.559, 39.73248
1024.041, 36.41989
1024.523, 33.43500
1025.005, 30.58582
1025.487, 27.69292
1025.969, 24.76442
1026.452, 22.58519
1026.934, 21.24022
1027.416, 19.93160
1027.898, 18.19806
1028.380, 16.44832
1028.862, 15.41366
1029.344, 14.78562
1029.826, 13.96927
1030.308, 12.53845
1030.791, 11.25448
1031.273, 10.16521
1031.755, 9.267565
1032.237, 8.603177
1032.719, 8.143284
1033.201, 7.728433
1033.683, 7.345026
1034.165, 6.974169
1034.647, 6.543291
1035.130, 6.180643
1035.612, 6.026482
1036.094, 6.035627
1036.576, 5.887804
1037.058, 5.513485
1037.540, 5.302771
1038.022, 5.428608
1038.504, 5.631512
1038.987, 5.458502
1039.469, 5.073505
1039.951, 4.737262
1040.433, 4.485203
1040.915, 4.379473
1041.397, 4.555111
1041.879, 4.758649
1042.361, 4.872116
1042.844, 4.881739
1043.326, 4.657923
1043.808, 4.254722
1044.290, 4.101427
1044.772, 4.745502
1045.254, 5.403200
1045.736, 5.411311
1046.218, 5.122597
1046.700, 5.285786
1047.183, 6.115811
1047.665, 6.661087
1048.147, 6.745199
1048.629, 6.906963
1049.111, 7.919458
1049.593, 9.289734
1050.075, 10.14188
1050.557, 10.42484
1051.040, 10.95224
1051.522, 12.09516
1052.004, 13.40546
1052.486, 14.77100
1052.968, 16.19473
1053.450, 17.63607
1053.932, 19.12547
1054.414, 20.86053
1054.896, 22.95110
1055.379, 25.17235
1055.861, 27.35031
1056.343, 29.62003
1056.825, 32.11007
1057.307, 34.80234
1057.789, 37.77220
1058.271, 41.02525
1058.753, 44.54012
1059.235, 48.24207
1059.718, 52.19368
1060.200, 56.52518
1060.682, 61.16790
1061.164, 65.92973
1061.646, 70.94745
1062.128, 75.87154
1062.610, 80.88503
1063.092, 85.40253
1063.574, 89.00344
1064.057, 91.53650
1064.539, 92.34127
1065.021, 91.34655
1065.503, 88.71154
1065.985, 83.66746
1066.467, 77.81775
1066.949, 71.87534
1067.431, 65.92573
1067.914, 59.83539
1068.396, 53.52226
1068.878, 47.75591
1069.360, 42.73499
1069.842, 38.23098
1070.324, 34.00781
1070.806, 30.08366
1071.288, 26.55458
1071.771, 23.39637
1072.253, 20.69806
1072.735, 18.53463
1073.217, 16.70600
1073.699, 15.21959
1074.181, 13.95483
1074.663, 12.52908
1075.145, 10.99708
1075.627, 9.633897
1076.110, 8.511332
1076.592, 7.653601
1077.074, 7.240465
1077.556, 6.925720
1078.038, 6.304554
1078.520, 5.381281
1079.002, 4.738405
1079.484, 4.422613
1079.967, 4.136327
1080.449, 3.571129
1080.931, 3.006842
1081.413, 2.737255
1081.895, 2.263280
1082.377, 2.404807
1082.859, 1.702603
1083.341, 1.257100
1083.823, 1.265841
1084.306, 1.474689
1084.788, 1.617733
1085.270, 1.686980
1085.752, 1.657494
1086.234, 1.507169
1086.716, 1.336893
1087.198, 1.129889
1087.680, 0.9848860
1088.162, 0.9262440
1088.645, 0.9464830
1089.127, 1.089769
1089.609, 1.326789
1090.091, 1.539198
1090.573, 1.761438
1091.055, 1.824829
1091.537, 1.428850
1092.019, 0.9941020
1092.501, 0.9369860
1092.984, 1.281075
1093.466, 1.688875
1093.948, 2.163108
1094.430, 2.586212
1094.912, 2.873243
1095.394, 3.079062
1095.876, 3.165334
1096.358, 3.210952
1096.841, 3.445243
1097.323, 3.928211
1097.805, 4.447323
1098.287, 4.987818
1098.769, 5.500927
1099.251, 5.826765
1099.733, 6.135801
1100.215, 6.724890
1100.698, 7.627962
1101.180, 8.536040
1101.662, 9.472075
1102.144, 10.22254
1102.626, 10.62681
1103.108, 10.92352
1103.590, 11.69054
1104.072, 12.81462
1104.554, 13.96422
1105.037, 15.08592
1105.519, 16.06540
1106.001, 16.70157
1106.483, 17.29865
1106.965, 18.10427
1107.447, 19.08152
1107.929, 19.68444
1108.411, 19.92562
1108.894, 20.14449
1109.376, 20.66634
1109.858, 21.01810
1110.340, 20.77504
1110.822, 20.15671
1111.304, 19.47416
1111.786, 18.76962
1112.268, 17.96405
1112.750, 17.04709
1113.233, 16.02657
1113.715, 14.86822
1114.197, 13.62969
1114.679, 12.21592
1115.161, 10.73955
1115.643, 9.600646
1116.125, 9.143789
1116.607, 8.471804
1117.089, 7.392456
1117.572, 6.278614
1118.054, 5.675209
1118.536, 5.363906
1119.018, 4.870375
1119.500, 4.153619
1119.982, 3.462616
1120.464, 2.791263
1120.946, 2.308607
1121.428, 2.148355
1121.911, 2.141956
1122.393, 1.839739
1122.875, 1.318501
1123.357, 0.9179980
1123.839, 0.7297890
1124.321, 0.6173470
1124.803, 0.5317820
1125.285, 0.4644710
1125.768, 0.4081570
1126.250, 0.3632610
1126.732, 0.3552790
1127.214, 0.3799920
1127.696, 0.3037490
1128.178, 2.4967000E-02
1128.660, 0.3015840
1129.142, 0.1482480
1129.625, 0.1408850
1130.107, 0.1806860
1130.589, 0.1149970
1131.071, 0.3173000
1131.553, 0.4261090
1132.035, 0.4537120
1132.517, 0.3293920
1132.999, 0.1880570
1133.481, 0.2521730
1133.964, 0.4174750
1134.446, 0.4333430
1134.928, 0.1158630
1135.410, 5.4916002E-02
1135.892, 3.0360000E-02
1136.374, 6.4231001E-02
1136.856, 0.1353550
1137.338, 0.1761290
1137.821, 0.1510010
1138.303, 7.3036999E-02
1138.785, 2.5549000E-02
1139.267, 5.5369001E-02
1139.749, 9.3815997E-02
1140.231, 0.1330040
1140.713, 0.1695590
1141.195, 0.2058210
1141.677, 0.2346860
1142.160, 0.2364350
1142.642, 0.2092410
1143.124, 0.1726060
1143.606, 7.5930998E-02
1144.088, 4.4426002E-02
1144.570, 0.1622680
1145.052, 0.3482170
1145.534, 0.3591180
1146.016, 0.2261410
1146.499, 0.1130500
1146.981, 5.7303999E-02
1147.463, 3.8415998E-02
1147.945, 7.0151001E-02
1148.427, 0.1119230
1148.909, 0.1477270
1149.391, 0.1718380
1149.873, 0.1095890
1150.355, 3.3177000E-02
1150.838, 0.1263400
1151.320, 9.9172004E-02
1151.802, 5.1741999E-02
1152.284, 2.6766000E-02
1152.766, 4.6365999E-02
1153.248, 0.1595160
1153.730, 0.3914160
1154.212, 0.4560260
1154.695, 0.3399590
1155.177, 0.2276640
1155.659, 0.2383810
1156.141, 0.2860760
1156.623, 0.3193540
1157.105, 0.3243310
1157.587, 0.2559210
1158.069, 2.2337001E-02
1158.552, 5.5109998E-03
1159.034, 0.2530320
1159.516, 0.4924460
1159.998, 0.4446900
1160.480, 0.3115930
1160.962, 0.3836080
1161.444, 0.5886600
1161.926, 0.6631020
1162.408, 0.5046620
1162.891, 0.3658940
1163.373, 0.2704210
1163.855, 0.1959940
1164.337, 0.1074590
1164.819, 3.0182000E-02
1165.301, 1.6182000E-02
1165.783, 6.0534000E-02
1166.265, 9.7643003E-02
1166.748, 0.1065780
1167.230, 0.1234370
1167.712, 0.1697300
1168.194, 0.1964450
1168.676, 6.1790001E-02
1169.158, 0.1256910
1169.640, 0.1009490
1170.122, 0.1680010
1170.604, 0.3763590
1171.087, 0.3902860
1171.569, 0.3751680
1172.051, 0.3675870
1172.533, 0.3590750
1173.015, 0.3393800
1173.497, 0.3102210
1173.979, 0.2625740
1174.461, 0.1830700
1174.943, 0.1587250
1175.426, 0.2883850
1175.908, 0.4054860
1176.390, 0.4317020
1176.872, 0.4030160
1177.354, 0.4500230
1177.836, 0.5488210
1178.318, 0.6164690
1178.800, 0.6265180
1179.282, 0.6071320
1179.765, 0.5683310
1180.247, 0.4983020
1180.729, 0.3642580
1181.211, 0.1953950
1181.693, 0.1702930
1182.175, 0.2665880
1182.657, 0.3665280
1183.139, 0.4274490
1183.622, 0.4737010
1184.104, 0.5141220
1184.586, 0.5464690
1185.068, 0.5595790
1185.550, 0.5564620
1186.032, 0.6224540
1186.514, 0.7369540
1186.996, 0.8049120
1187.479, 0.6864960
1187.961, 0.5908710
1188.443, 0.6812130
1188.925, 0.7954330
1189.407, 0.7473030
1189.889, 0.5335930
1190.371, 0.4619820
1190.853, 0.5323360
1191.335, 0.6210580
1191.818, 0.6411610
1192.300, 0.6711190
1192.782, 0.7995110
1193.264, 0.9509160
1193.746, 1.032806
1194.228, 1.041851
1194.710, 1.011983
1195.192, 0.9463590
1195.675, 0.8683820
1196.157, 0.7885120
1196.639, 0.7082220
1197.121, 0.6078930
1197.603, 0.5133390
1198.085, 0.4856270
1198.567, 0.5244050
1199.049, 0.5177270
1199.531, 0.4509780
1200.014, 0.4593650
1200.496, 0.7829360
1200.978, 1.078861
1201.460, 1.043227
1201.942, 0.7953020
1202.424, 0.7005960
1202.906, 0.7626920
1203.388, 0.7742600
1203.870, 0.7057380
1204.353, 0.6278360
1204.835, 0.5950680
1205.317, 0.5738660
1205.799, 0.5304060
1206.281, 0.4743040
1206.763, 0.4498000
1207.245, 0.4589330
1207.727, 0.4947750
1208.209, 0.5614100
1208.692, 0.6387930
1209.174, 0.6826240
1209.656, 0.8541490
1210.138, 0.7545900
1210.620, 0.7876210
1211.102, 0.7687590
1211.584, 0.6298760
1212.066, 0.6704400
1212.549, 0.4874960
1213.031, 0.3045810
1213.513, 0.3530130
1213.995, 0.4534510
1214.477, 0.4041260
1214.959, 0.2366530
1215.441, 0.3202410
1215.923, 0.6516930
1216.406, 0.8381280
1216.888, 0.7187390
1217.370, 0.5404960
1217.852, 0.4747050
1218.334, 0.4838580
1218.816, 0.5657180
1219.298, 0.7095050
1219.780, 0.6975040
1220.262, 0.5318080
1220.745, 0.4059310
1221.227, 0.3955730
1221.709, 0.4311330
1222.191, 0.4715030
1222.673, 0.5191510
1223.155, 0.5875000
1223.637, 0.6789500
1224.119, 0.7454240
1224.602, 0.7837710
1225.084, 0.7406870
1225.566, 0.5175950
1226.048, 0.3467390
1226.530, 0.4605920
1227.012, 0.6424020
1227.494, 0.6989560
1227.976, 0.6423450
1228.458, 0.4958050
1228.941, 0.2684680
1229.423, 0.1705880
1229.905, 0.3933300
1230.387, 0.6329300
1230.869, 0.7408970
1231.351, 0.7473250
1231.833, 0.6718450
1232.315, 0.5140240
1232.797, 0.3699870
1233.280, 0.2505130
1233.762, 0.1933790
1234.244, 0.2450490
1234.726, 0.3261780
1235.208, 0.4588870
1235.690, 0.5548970
1236.172, 0.4969940
1236.654, 0.2950830
1237.136, 0.2798340
1237.619, 0.4224250
1238.101, 0.5124680
1238.583, 0.3665990
1239.065, 0.2257940
1239.547, 0.1777440
1240.029, 0.1942020
1240.511, 0.2655480
1240.993, 0.3842880
1241.476, 0.4913680
1241.958, 0.5809030
1242.440, 0.6127510
1242.922, 0.5250540
1243.404, 0.4273130
1243.886, 0.3099020
1244.368, 0.2456700
1244.850, 0.3402440
1245.333, 0.5520720
1245.815, 0.7156000
1246.297, 0.8247960
1246.779, 0.8694990
1247.261, 0.7835570
1247.743, 0.7146120
1248.225, 0.6985720
1248.707, 0.7084580
1249.189, 0.7476370
1249.672, 0.7833260
1250.154, 0.6965250
1250.636, 0.5117100
1251.118, 0.3583440
1251.600, 0.2930520
1252.082, 0.2645840
1252.564, 0.2748280
1253.046, 0.3062370
1253.529, 0.3749690
1254.011, 0.4319500
1254.493, 0.3255400
1254.975, 0.1021520
1255.457, 1.5051000E-02
1255.939, 0.1560160
1256.421, 0.2081240
1256.903, 6.8302996E-02
1257.385, 7.4727997E-02
1257.868, 2.5002999E-02
1258.350, 0.1325630
1258.832, 0.3350600
1259.314, 0.5417600
1259.796, 0.5654560
1260.278, 0.2745180
1260.760, 0.1661670
1261.242, 0.3125500
1261.724, 0.4829990
1262.207, 0.4520400
1262.689, 0.3306200
1263.171, 0.2274340
1263.653, 0.1495600
1264.135, 7.7675000E-02
1264.617, 1.3012000E-02
1265.099, 2.0417999E-02
1265.581, 0.2011890
1266.063, 0.3932210
1266.546, 0.4733790
1267.028, 0.5019140
1267.510, 0.5583810
1267.992, 0.6079600
1268.474, 0.5550990
1268.956, 0.3827050
1269.438, 0.2848100
1269.920, 0.2833660
1270.403, 0.3510120
1270.885, 0.5527020
1271.367, 0.7256290
1271.849, 0.7622470
1272.331, 0.6953930
1272.813, 0.5210780
1273.295, 0.2562230
1273.777, 0.2055720
1274.260, 0.3827380
1274.742, 0.5564950
1275.224, 0.5857590
1275.706, 0.5911270
1276.188, 0.6422460
1276.670, 0.6728450
1277.152, 0.5408310
1277.634, 0.3023180
1278.116, 0.2024300
1278.599, 0.2465860
1279.081, 0.3281680
1279.563, 0.4678800
1280.045, 0.5231060
1280.527, 0.4632180
1281.009, 0.3484850
1281.491, 0.3163960
1281.973, 0.3342110
1282.456, 0.3023660
1282.938, 0.2290220
1283.420, 0.2026570
1283.902, 0.2446310
1284.384, 0.3549440
1284.866, 0.5758180
1285.348, 0.7339280
1285.830, 0.4877620
1286.313, 0.1237060
1286.795, 7.0689999E-02
1287.277, 0.2624990
1287.759, 0.3038230
1288.241, 9.4682999E-02
1288.723, 1.4290001E-03
1289.205, 5.9067000E-02
1289.687, 0.1856010
1290.169, 0.3741760
1290.651, 0.5253990
1291.134, 0.5308900
1291.616, 0.4266070
1292.098, 0.3208610
1292.580, 0.2089030
1293.062, 0.1700670
1293.544, 0.2097140
1294.026, 0.2393110
1294.508, 0.1695590
1294.990, 9.9740997E-02
1295.473, 8.6640000E-02
1295.955, 0.1067020
1296.437, 0.1548250
1296.919, 0.2138030
1297.401, 0.1745200
1297.883, 3.8665000E-02
1298.365, 3.0045999E-02
1298.847, 0.1435120
1299.330, 0.2719000
1299.812, 0.2457520
1300.294, 0.1964510
1300.776, 0.3400340
1301.258, 0.2596140
1301.740, 0.4677080
1302.222, 0.1970600
1302.704, 5.5000000E-05
1303.187, 3.4616999E-02
1303.669, 3.3590999E-02
1304.151, 0.0000000E+00
##END=



