##NAMES=Aragonite
##RRUFFID=R060195
##IDEAL CHEMISTRY=CaCO_3_
##LOCALITY=Cicov Hill, Horenec, Czech Republic
##OWNER=RRUFF
##SOURCE=Marcus Origlieri
##DESCRIPTION=Colorless transparent elongated prismatic crystal
##STATUS=The identification of this mineral has been confirmed by X-ray diffraction and chemical analysis
##URL=rruff.info/R060195
##MEASURED CHEMISTRY=Ca_1.00_CO_3_
121.2363, 0.0000000E+00
121.7184, 0.5228580
122.2005, 0.9615170
122.6826, 2.297516
123.1647, 3.378387
123.6468, 5.181366
124.1290, 7.178802
124.6111, 6.280609
125.0932, 3.362549
125.5753, 1.086914
126.0574, 0.8900450
126.5395, 2.103180
127.0217, 2.804932
127.5038, 2.808807
127.9859, 1.222961
128.4680, 2.740204
128.9501, 9.100067
129.4323, 16.51413
129.9144, 24.94257
130.3965, 34.44919
130.8786, 44.93738
131.3607, 56.24680
131.8428, 69.24582
132.3250, 85.84830
132.8071, 104.6531
133.2892, 122.9771
133.7713, 138.9864
134.2534, 153.4933
134.7355, 169.7455
135.2177, 188.9569
135.6998, 208.3352
136.1819, 225.6932
136.6640, 241.9247
137.1461, 259.0609
137.6282, 278.3744
138.1104, 299.7683
138.5925, 324.3953
139.0746, 351.6644
139.5567, 382.8570
140.0388, 418.8097
140.5209, 459.4167
141.0031, 504.5044
141.4852, 554.3391
141.9673, 611.6219
142.4494, 667.0128
142.9315, 720.0294
143.4136, 771.6774
143.8958, 820.1082
144.3779, 865.5898
144.8600, 914.3201
145.3421, 975.8631
145.8242, 1049.281
146.3063, 1141.021
146.7885, 1251.232
147.2706, 1380.299
147.7527, 1528.172
148.2348, 1694.801
148.7169, 1881.591
149.1990, 2097.689
149.6812, 2342.870
150.1633, 2604.500
150.6454, 2894.410
151.1275, 3200.864
151.6096, 3489.352
152.0917, 3772.484
152.5739, 3998.480
153.0560, 4124.426
153.5381, 4149.403
154.0202, 4076.180
154.5023, 3885.070
154.9844, 3573.523
155.4665, 3226.824
155.9487, 2836.212
156.4308, 2445.923
156.9129, 2088.465
157.3950, 1770.382
157.8771, 1492.096
158.3592, 1254.609
158.8414, 1064.035
159.3235, 905.2465
159.8056, 778.7590
160.2877, 674.8926
160.7698, 587.3788
161.2519, 514.3969
161.7341, 453.4354
162.2162, 397.9265
162.6983, 348.9316
163.1804, 304.7997
163.6625, 265.3188
164.1446, 230.0444
164.6268, 198.7668
165.1089, 171.1782
165.5910, 147.3411
166.0731, 127.1791
166.5552, 111.0507
167.0373, 98.10620
167.5195, 89.12131
168.0016, 83.21014
168.4837, 78.81848
168.9658, 75.01788
169.4479, 71.81412
169.9300, 69.55811
170.4122, 66.84381
170.8943, 66.11230
171.3764, 69.00842
171.8585, 75.09915
172.3406, 82.47134
172.8227, 89.99268
173.3049, 97.65134
173.7870, 105.4065
174.2691, 111.8315
174.7512, 119.3610
175.2333, 129.7713
175.7154, 143.2783
176.1976, 160.1073
176.6797, 179.4724
177.1618, 201.7659
177.6439, 227.1191
178.1260, 257.7422
178.6081, 290.4561
179.0903, 320.8032
179.5724, 352.1639
180.0545, 376.7232
180.5366, 389.8689
181.0187, 393.4851
181.5008, 388.5145
181.9830, 372.3982
182.4651, 348.5020
182.9472, 326.1128
183.4293, 302.6564
183.9114, 285.6263
184.3935, 276.5285
184.8757, 275.0348
185.3578, 280.5330
185.8399, 293.0186
186.3220, 312.3339
186.8041, 336.7303
187.2862, 369.9893
187.7684, 405.0498
188.2505, 441.8914
188.7326, 478.9627
189.2147, 514.5231
189.6968, 548.1437
190.1789, 580.3410
190.6611, 598.9160
191.1432, 599.5411
191.6253, 591.0810
192.1074, 572.9317
192.5895, 547.3804
193.0716, 518.0117
193.5538, 487.4943
194.0359, 454.9311
194.5180, 428.2192
195.0001, 407.2012
195.4822, 390.4831
195.9643, 377.6155
196.4465, 368.5038
196.9286, 363.1205
197.4107, 361.6198
197.8928, 364.4830
198.3749, 370.0661
198.8570, 377.3751
199.3392, 387.7835
199.8213, 401.6729
200.3034, 419.2718
200.7855, 441.3236
201.2676, 468.3991
201.7497, 501.2580
202.2319, 540.4543
202.7140, 584.9744
203.1961, 636.5430
203.6782, 698.7042
204.1603, 772.4247
204.6424, 850.0338
205.1246, 931.4245
205.6067, 1013.488
206.0888, 1078.060
206.5709, 1126.661
207.0530, 1153.829
207.5351, 1148.313
208.0173, 1104.895
208.4994, 1045.066
208.9815, 974.5818
209.4636, 899.6852
209.9457, 834.9738
210.4278, 785.0583
210.9100, 748.8467
211.3921, 724.9901
211.8742, 716.7688
212.3563, 714.8726
212.8384, 717.1976
213.3205, 721.1311
213.8027, 721.9796
214.2848, 719.2853
214.7669, 711.5956
215.2490, 693.4413
215.7311, 662.2666
216.2132, 623.1074
216.6954, 576.5797
217.1775, 525.1801
217.6596, 472.5525
218.1417, 419.8502
218.6238, 367.7484
219.1059, 320.8316
219.5881, 280.1463
220.0702, 244.5654
220.5523, 213.9723
221.0344, 187.8362
221.5165, 165.3992
221.9986, 146.5796
222.4808, 131.1234
222.9629, 116.6105
223.4450, 102.7564
223.9271, 90.48807
224.4092, 80.39651
224.8913, 71.93977
225.3735, 64.32614
225.8556, 57.01662
226.3377, 50.04669
226.8198, 43.23834
227.3019, 36.60727
227.7840, 30.18422
228.2662, 24.07063
228.7483, 18.17354
229.2304, 12.26875
229.7125, 6.090881
230.1946, 0.2106480
230.6767, 4.760498
231.1589, 6.293457
231.6410, 7.628250
232.1231, 9.593292
232.6052, 11.86256
233.0873, 13.72246
233.5694, 14.72235
234.0516, 14.97145
234.5337, 15.19244
235.0158, 15.57021
235.4979, 15.74672
235.9800, 15.65337
236.4621, 15.27847
236.9443, 14.63789
237.4264, 13.77493
237.9085, 12.61281
238.3906, 10.77698
238.8727, 7.748627
239.3548, 4.778809
239.8370, 2.581894
240.3191, 0.7920990
240.8012, 1.451996
241.2833, 4.550064
241.7654, 8.445099
242.2475, 12.97690
242.7297, 18.60384
243.2118, 24.01826
243.6939, 28.42061
244.1760, 32.09622
244.6581, 35.93823
245.1402, 40.39783
245.6224, 45.15578
246.1045, 49.64137
246.5866, 53.93394
247.0687, 57.50793
247.5508, 60.09062
248.0329, 61.72626
248.5151, 62.46661
248.9972, 61.96066
249.4793, 60.98175
249.9614, 60.74394
250.4435, 61.34000
250.9256, 61.80148
251.4078, 61.56956
251.8899, 60.74763
252.3720, 59.60194
252.8541, 57.66176
253.3362, 56.16396
253.8183, 56.45134
254.3005, 58.52734
254.7826, 61.07095
255.2647, 63.13014
255.7468, 64.87984
256.2289, 67.28879
256.7110, 70.75427
257.1931, 74.67029
257.6753, 78.34363
258.1574, 81.88385
258.6395, 85.87056
259.1216, 90.76221
259.6037, 96.41803
260.0858, 102.2356
260.5680, 108.7454
261.0501, 114.5511
261.5322, 118.8324
262.0143, 121.8332
262.4964, 124.2966
262.9785, 126.1988
263.4607, 127.7781
263.9428, 130.5369
264.4249, 134.9812
264.9070, 140.0309
265.3891, 144.4720
265.8712, 149.0059
266.3534, 155.0808
266.8355, 163.8605
267.3176, 174.8128
267.7997, 185.4310
268.2818, 194.6971
268.7639, 205.3665
269.2461, 219.5101
269.7282, 235.2464
270.2103, 249.9952
270.6924, 262.5758
271.1745, 273.0522
271.6566, 281.5372
272.1388, 288.4240
272.6209, 292.1837
273.1030, 292.6932
273.5851, 290.3959
274.0672, 285.5313
274.5493, 278.0822
275.0315, 268.6844
275.5136, 258.8013
275.9957, 247.8400
276.4778, 237.4822
276.9599, 227.5896
277.4420, 218.5066
277.9242, 210.4723
278.4063, 203.5371
278.8884, 197.8117
279.3705, 193.5081
279.8526, 191.0227
280.3347, 189.2660
280.8169, 188.4051
281.2990, 187.9195
281.7811, 187.5685
282.2632, 187.2475
282.7453, 186.8116
283.2274, 186.2106
283.7096, 186.0075
284.1917, 184.1376
284.6738, 180.3796
285.1559, 175.3776
285.6380, 169.3671
286.1201, 162.4676
286.6023, 154.6376
287.0844, 145.4955
287.5665, 134.4827
288.0486, 124.5518
288.5307, 116.2889
289.0128, 108.3623
289.4950, 100.1243
289.9771, 91.54728
290.4592, 82.98367
290.9413, 74.69751
291.4234, 66.70284
291.9055, 59.79202
292.3877, 54.72283
292.8698, 49.94612
293.3519, 44.89724
293.8340, 39.77980
294.3161, 35.15221
294.7982, 31.47786
295.2804, 28.67036
295.7625, 25.56562
296.2446, 21.06610
296.7267, 17.60495
297.2088, 16.23412
297.6909, 16.02518
298.1731, 15.67926
298.6552, 14.52222
299.1373, 12.75793
299.6194, 11.16621
300.1015, 9.544624
300.5836, 8.275528
301.0658, 7.926292
301.5479, 7.733246
302.0300, 6.500031
302.5121, 3.818336
302.9942, 0.8658520
303.4763, 0.1911770
303.9585, 4.577171
304.4406, 7.082443
304.9227, 6.709984
305.4048, 5.156158
305.8869, 3.453751
306.3690, 1.984039
306.8512, 0.9358670
307.3333, 0.6357800
307.8154, 1.526939
308.2975, 1.998985
308.7796, 1.792786
309.2617, 1.444603
309.7439, 1.332100
310.2260, 1.435509
310.7081, 1.438950
311.1902, 0.9965210
311.6723, 1.0910000E-03
312.1544, 0.6355440
312.6366, 0.7443920
313.1187, 0.7289660
313.6008, 0.6434780
314.0829, 0.5513990
314.5650, 0.6036760
315.0471, 0.9569240
315.5293, 1.557869
316.0114, 1.627831
316.4935, 0.5770570
316.9756, 0.3559800
317.4577, 0.9121090
317.9398, 1.188820
318.4220, 1.357338
318.9041, 1.503929
319.3862, 1.595284
319.8683, 1.528046
320.3504, 1.300079
320.8326, 0.8923490
321.3147, 8.3221003E-02
321.7968, 0.7904130
322.2789, 1.475716
322.7610, 1.865578
323.2431, 1.916008
323.7253, 1.495132
324.2074, 0.1407700
324.6895, 0.9165650
325.1716, 1.545181
325.6537, 1.757179
326.1358, 1.579346
326.6180, 1.104912
327.1001, 0.6578370
327.5822, 0.5949940
328.0643, 1.001678
328.5464, 1.270653
329.0285, 1.445152
329.5107, 1.474960
329.9928, 1.083633
330.4749, 0.5042190
330.9570, 0.3731770
331.4391, 1.275185
331.9212, 3.071281
332.4034, 3.759499
332.8855, 1.896378
333.3676, 0.4494550
333.8497, 0.1715850
334.3318, 0.6064220
334.8139, 1.136513
335.2961, 1.460701
335.7782, 1.587601
336.2603, 1.503456
336.7424, 0.7016680
337.2245, 0.4823380
337.7066, 1.602776
338.1888, 2.919281
338.6709, 3.311478
339.1530, 2.521698
339.6351, 1.260910
340.1172, 0.6492610
340.5993, 1.144157
341.0815, 1.118942
341.5636, 0.1409680
342.0457, 1.257889
342.5278, 1.383209
343.0099, 0.5774080
343.4920, 0.5420680
343.9742, 1.490463
344.4563, 2.284752
344.9384, 2.558594
345.4205, 1.448936
345.9026, 0.6471630
346.3847, 0.8799360
346.8669, 1.719841
347.3490, 2.332382
347.8311, 2.162079
348.3132, 1.463554
348.7953, 1.318253
349.2774, 2.407776
349.7596, 2.968353
350.2417, 2.199966
350.7238, 1.045563
351.2059, 0.5189670
351.6880, 0.9548030
352.1701, 1.772606
352.6523, 1.914505
353.1344, 0.9758990
353.6165, 0.6160050
354.0986, 1.658302
354.5807, 2.804260
355.0628, 3.253639
355.5450, 2.989708
356.0271, 2.573677
356.5092, 2.537903
356.9913, 2.896484
357.4734, 3.243378
357.9555, 3.476662
358.4377, 3.804100
358.9198, 4.576828
359.4019, 5.499527
359.8840, 5.928467
360.3661, 5.355324
360.8482, 4.084541
361.3304, 3.049797
361.8125, 2.202225
362.2946, 2.016525
362.7767, 3.445435
363.2588, 5.210991
363.7409, 5.899948
364.2231, 5.007790
364.7052, 3.465973
365.1873, 2.321655
365.6694, 1.583435
366.1515, 1.404518
366.6336, 2.169662
367.1158, 3.239326
367.5979, 4.369446
368.0800, 5.493263
368.5621, 6.147514
369.0442, 5.575668
369.5263, 4.088387
370.0085, 3.456955
370.4906, 4.341454
370.9727, 5.235039
371.4548, 4.894554
371.9369, 3.798279
372.4190, 3.010429
372.9012, 3.218193
373.3833, 3.727333
373.8654, 3.473457
374.3475, 2.433548
374.8296, 1.488548
375.3117, 0.9234700
375.7939, 0.7314830
376.2760, 0.9354320
376.7581, 1.657433
377.2402, 2.465233
377.7223, 3.147194
378.2044, 3.675972
378.6866, 3.917633
379.1687, 3.776558
379.6508, 3.351395
380.1329, 2.897545
380.6150, 2.451286
381.0971, 1.583641
381.5793, 0.8206020
382.0614, 3.238609
382.5435, 3.129784
383.0256, 0.1087040
383.5077, 2.818687
383.9898, 2.991905
384.4720, 0.8163910
384.9541, 0.1820600
385.4362, 1.180725
385.9183, 2.782173
386.4004, 3.378174
386.8825, 3.133377
387.3647, 2.584091
387.8468, 1.864616
388.3289, 1.190834
388.8110, 1.275513
389.2931, 2.650871
389.7752, 3.568100
390.2574, 3.307426
390.7395, 2.530846
391.2216, 1.994705
391.7037, 1.884674
392.1858, 2.028992
392.6679, 2.231522
393.1501, 2.490059
393.6322, 2.838188
394.1143, 3.577675
394.5964, 4.121048
395.0785, 3.963028
395.5606, 3.315598
396.0428, 2.825027
396.5249, 2.960632
397.0070, 3.550537
397.4891, 3.747055
397.9712, 3.192467
398.4533, 2.715271
398.9355, 2.429619
399.4176, 2.229958
399.8997, 1.930984
400.3818, 1.548531
400.8639, 1.288406
401.3460, 1.415962
401.8282, 2.182281
402.3103, 2.549454
402.7924, 2.388054
403.2745, 1.996880
403.7566, 1.203033
404.2387, 0.2745360
404.7209, 9.1209002E-02
405.2030, 0.7877040
405.6851, 2.652092
406.1672, 3.476410
406.6493, 2.502518
407.1314, 1.529442
407.6136, 0.7729870
408.0957, 0.3119430
408.5778, 0.3384780
409.0599, 0.9318620
409.5420, 1.674942
410.0241, 1.883278
410.5063, 1.414703
410.9884, 1.156448
411.4705, 1.520187
411.9526, 1.903198
412.4347, 1.993317
412.9168, 1.788666
413.3990, 1.420486
413.8811, 0.8498990
414.3632, 0.1441420
414.8453, 0.3243480
415.3274, 0.6053240
415.8095, 0.5188370
416.2917, 0.3567580
416.7738, 1.563927
417.2559, 2.524773
417.7380, 3.112549
418.2201, 3.383736
418.7022, 3.311226
419.1844, 2.925598
419.6665, 2.503967
420.1486, 2.128151
420.6307, 1.771675
421.1128, 1.349220
421.5949, 0.8280180
422.0771, 0.4152760
422.5592, 0.1144870
423.0413, 6.9430000E-03
423.5234, 0.2982640
424.0055, 1.013817
424.4876, 1.764336
424.9698, 2.317093
425.4519, 2.643295
425.9340, 2.764046
426.4161, 2.332443
426.8982, 1.943886
427.3803, 2.078758
427.8625, 2.548889
428.3446, 2.939926
428.8267, 3.086014
429.3088, 3.163162
429.7909, 3.519730
430.2730, 4.515106
430.7552, 4.929398
431.2373, 4.178986
431.7194, 3.277092
432.2015, 3.115913
432.6836, 3.593781
433.1657, 3.849678
433.6479, 3.123390
434.1300, 1.535843
434.6121, 0.6975170
435.0942, 0.9422530
435.5763, 1.523354
436.0584, 2.959259
436.5406, 4.434433
437.0227, 4.923889
437.5048, 4.104492
437.9869, 2.667221
438.4690, 1.587463
438.9511, 0.7985690
439.4333, 0.5698320
439.9154, 1.627617
440.3975, 2.559822
440.8796, 2.615540
441.3617, 1.955582
441.8438, 1.402344
442.3260, 1.583237
442.8081, 2.204514
443.2902, 2.243149
443.7723, 1.464325
444.2544, 0.6785350
444.7365, 3.1440999E-02
445.2187, 0.5169600
445.7008, 0.5595170
446.1829, 0.1018370
446.6650, 0.5527730
447.1471, 1.351036
447.6292, 2.187210
448.1114, 2.345566
448.5935, 1.290833
449.0756, 0.3892590
449.5577, 1.252701
450.0398, 3.278458
450.5219, 4.664078
451.0041, 4.684631
451.4862, 4.036339
451.9683, 3.251991
452.4504, 2.349014
452.9325, 1.378029
453.4146, 0.2427520
453.8968, 0.7990490
454.3789, 1.086250
454.8610, 0.4342880
455.3431, 0.1803130
455.8252, 0.5822140
456.3073, 0.8138500
456.7895, 0.8279500
457.2716, 0.6564560
457.7537, 0.5888060
458.2358, 0.9291230
458.7179, 1.675636
459.2000, 2.008858
459.6822, 1.657501
460.1643, 1.281319
460.6464, 1.052444
461.1285, 0.9127350
461.6106, 0.7231750
462.0927, 0.4400250
462.5748, 0.2234800
463.0569, 0.4113620
463.5391, 1.331406
464.0212, 1.743835
464.5033, 1.065018
464.9854, 0.4544980
465.4675, 0.5737230
465.9496, 1.224960
466.4318, 1.818420
466.9139, 1.991096
467.3960, 1.821831
467.8781, 1.502396
468.3602, 0.9082110
468.8423, 0.5173870
469.3245, 0.6447220
469.8066, 0.8333740
470.2887, 0.6062850
470.7708, 7.9346001E-02
471.2529, 0.4437100
471.7350, 0.4938510
472.2172, 2.301811
472.6993, 3.286858
473.1814, 3.208542
473.6635, 2.761124
474.1456, 2.039696
474.6277, 1.256836
475.1099, 0.7703480
475.5920, 0.8136140
476.0741, 0.9394680
476.5562, 0.8395770
477.0383, 0.5768130
477.5204, 0.2643890
478.0026, 0.1050110
478.4847, 0.3305970
478.9668, 4.2746998E-02
479.4489, 0.9293140
479.9310, 1.553291
480.4131, 1.432076
480.8953, 1.236603
481.3774, 1.672829
481.8595, 2.477684
482.3416, 2.608963
482.8237, 1.343224
483.3058, 0.6932370
483.7880, 1.327736
484.2701, 0.9737010
484.7522, 2.518700
485.2343, 2.900009
485.7164, 2.726768
486.1985, 2.269821
486.6807, 1.684212
487.1628, 1.242569
487.6449, 1.216393
488.1270, 1.574455
488.6091, 1.822792
489.0912, 1.810646
489.5734, 2.082924
490.0555, 3.406479
490.5376, 4.740891
491.0197, 4.515694
491.5018, 2.205490
491.9839, 0.1619260
492.4661, 0.1468510
492.9482, 1.940430
493.4303, 3.261635
493.9124, 3.149727
494.3945, 2.748634
494.8766, 3.219101
495.3588, 4.163704
495.8409, 4.451111
496.3230, 3.224823
496.8051, 1.793007
497.2872, 1.173492
497.7693, 1.256203
498.2515, 1.757195
498.7336, 2.705223
499.2157, 3.635025
499.6978, 3.702492
500.1799, 2.558006
500.6620, 1.830032
501.1442, 1.921829
501.6263, 2.217155
502.1084, 2.296188
502.5905, 2.187714
503.0726, 2.157074
503.5547, 2.411720
504.0369, 2.801308
504.5190, 2.704834
505.0011, 1.529045
505.4832, 0.7957690
505.9653, 0.5678860
506.4474, 0.7776490
506.9296, 1.767654
507.4117, 3.280533
507.8938, 4.284317
508.3759, 3.661789
508.8580, 1.809578
509.3401, 1.196091
509.8223, 2.454803
510.3044, 3.541336
510.7865, 3.645668
511.2686, 3.263123
511.7507, 2.653931
512.2328, 1.846573
512.7150, 1.433052
513.1971, 2.327271
513.6792, 3.906601
514.1613, 4.184464
514.6434, 2.672844
515.1255, 1.105690
515.6077, 0.8271100
516.0898, 1.583015
516.5719, 2.128052
517.0540, 2.375885
517.5361, 2.470039
518.0182, 2.484253
518.5004, 2.385735
518.9825, 1.992348
519.4646, 1.265503
519.9467, 0.6703950
520.4288, 0.8227310
520.9109, 1.893097
521.3931, 2.578690
521.8752, 2.716507
522.3573, 2.720268
522.8394, 2.464027
523.3215, 2.247261
523.8036, 2.754570
524.2858, 4.225624
524.7679, 5.656372
525.2500, 5.073402
525.7321, 1.844452
526.2142, 0.1947330
526.6964, 0.2020340
527.1785, 0.4093550
527.6606, 1.314705
528.1427, 2.294518
528.6248, 2.972328
529.1069, 3.248604
529.5891, 3.071365
530.0712, 1.847382
530.5533, 0.3003850
531.0354, 1.141747
531.5175, 0.4749910
531.9996, 2.776283
532.4818, 3.628220
532.9639, 3.155365
533.4460, 2.495842
533.9281, 1.503586
534.4102, 0.7183990
534.8923, 0.7278370
535.3745, 1.329521
535.8566, 1.791222
536.3387, 1.757637
536.8208, 1.515495
537.3029, 1.628502
537.7850, 2.434189
538.2672, 2.953934
538.7493, 2.682800
539.2314, 2.356842
539.7135, 2.817474
540.1956, 3.778381
540.6777, 4.346176
541.1599, 3.882904
541.6420, 2.907051
542.1241, 3.020966
542.6062, 4.758186
543.0883, 5.546806
543.5704, 3.893768
544.0526, 1.977867
544.5347, 1.302475
545.0168, 1.667870
545.4989, 1.809784
545.9810, 0.4993440
546.4631, 1.203468
546.9453, 1.325996
547.4274, 0.1266860
547.9095, 1.653267
548.3916, 2.735901
548.8737, 3.357002
549.3558, 3.325188
549.8380, 2.539612
550.3201, 1.862587
550.8022, 1.169655
551.2843, 0.8806000
551.7664, 1.840363
552.2485, 3.619675
552.7307, 4.659569
553.2128, 4.012650
553.6949, 2.314377
554.1770, 1.366188
554.6591, 1.764076
555.1412, 1.879463
555.6234, 1.399651
556.1055, 0.8726960
556.5876, 0.4848020
557.0697, 0.3495030
557.5518, 0.7335820
558.0339, 2.000504
558.5161, 3.564713
558.9982, 3.957993
559.4803, 2.983719
559.9624, 2.003220
560.4445, 1.252815
560.9266, 0.8134160
561.4088, 0.7093660
561.8909, 0.9022520
562.3730, 1.258690
562.8551, 2.060806
563.3372, 2.765579
563.8193, 2.573586
564.3015, 1.670364
564.7836, 1.082466
565.2657, 1.311676
565.7478, 1.916161
566.2299, 2.015045
566.7120, 1.022942
567.1942, 1.041550
567.6763, 3.443504
568.1584, 5.574890
568.6405, 5.711494
569.1226, 4.355827
569.6047, 2.787399
570.0869, 1.651283
570.5690, 0.9656370
571.0511, 0.9156340
571.5332, 1.769447
572.0153, 2.202530
572.4974, 1.456535
572.9796, 0.9033130
573.4617, 1.563011
573.9438, 2.990593
574.4259, 3.978367
574.9080, 3.949844
575.3901, 3.467789
575.8723, 2.812340
576.3544, 2.071594
576.8365, 1.868153
577.3186, 2.516312
577.8007, 3.284256
578.2828, 3.242764
578.7650, 2.371498
579.2471, 2.017052
579.7292, 2.813313
580.2113, 3.537666
580.6934, 3.453609
581.1755, 2.946590
581.6577, 2.687473
582.1398, 2.897213
582.6219, 3.290882
583.1040, 3.491722
583.5861, 3.475929
584.0682, 3.432323
584.5504, 3.681084
585.0325, 3.590382
585.5146, 2.457172
585.9967, 1.062664
586.4788, 0.4723700
586.9609, 1.005081
587.4431, 1.897789
587.9252, 2.577572
588.4073, 2.995747
588.8894, 3.039238
589.3715, 2.770412
589.8536, 2.481743
590.3358, 2.374393
590.8179, 2.444313
591.3000, 2.667770
591.7821, 3.343102
592.2642, 3.638783
592.7463, 2.884285
593.2285, 1.859379
593.7106, 1.638313
594.1927, 2.182224
594.6748, 2.367008
595.1569, 1.169586
595.6390, 0.9555020
596.1212, 1.483940
596.6033, 0.9139440
597.0854, 2.602669
597.5675, 2.902935
598.0496, 2.627434
598.5317, 2.124378
599.0139, 1.548077
599.4960, 1.187637
599.9781, 1.305569
600.4602, 1.696060
600.9423, 2.109669
601.4244, 2.552048
601.9066, 2.436310
602.3887, 1.278057
602.8708, 0.1154670
603.3529, 0.5261880
603.8350, 3.1551000E-02
604.3171, 0.2732280
604.7993, 0.2804760
605.2814, 0.6317180
605.7635, 7.1064003E-02
606.2456, 1.013695
606.7277, 1.825817
607.2098, 2.059498
607.6920, 1.927895
608.1741, 1.673676
608.6562, 1.133499
609.1383, 1.187145
609.6204, 2.758564
610.1025, 3.874573
610.5847, 3.738689
611.0668, 2.868759
611.5489, 1.841648
612.0310, 0.7898290
612.5131, 4.3365002E-02
612.9952, 2.8605999E-02
613.4774, 0.5616150
613.9595, 1.089321
614.4416, 1.565918
614.9237, 2.005844
615.4058, 2.556667
615.8879, 3.036556
616.3701, 2.852100
616.8522, 1.641319
617.3343, 0.5864030
617.8164, 0.2290190
618.2985, 0.6898270
618.7806, 0.4937520
619.2628, 0.1992150
619.7449, 0.7561380
620.2270, 0.7148700
620.7091, 0.4732250
621.1912, 1.411961
621.6733, 4.426678
622.1555, 5.914829
622.6376, 3.754150
623.1197, 1.522266
623.6018, 1.397182
624.0839, 2.796593
624.5660, 3.967339
625.0482, 4.279175
625.5303, 4.068329
626.0124, 3.411854
626.4945, 2.474613
626.9766, 1.780079
627.4587, 1.428165
627.9409, 1.541832
628.4230, 2.492592
628.9051, 4.243248
629.3872, 4.626904
629.8693, 2.247463
630.3514, 0.4835550
630.8336, 0.6130180
631.3157, 1.354374
631.7978, 1.218758
632.2799, 0.1294670
632.7620, 0.7545390
633.2441, 0.3354110
633.7263, 0.9988100
634.2084, 1.736492
634.6905, 1.809048
635.1726, 1.506775
635.6547, 0.3870430
636.1368, 0.5887680
636.6190, 0.2064130
637.1011, 1.413094
637.5832, 2.527905
638.0653, 2.263584
638.5474, 1.579029
639.0295, 1.149654
639.5117, 0.9414600
639.9938, 0.7704700
640.4759, 0.5746990
640.9580, 0.5634920
641.4401, 1.077877
641.9222, 2.222275
642.4044, 2.914722
642.8865, 2.834743
643.3686, 2.654396
643.8507, 2.477024
644.3328, 2.273407
644.8149, 1.936119
645.2971, 1.473015
645.7792, 1.232487
646.2613, 1.669014
646.7434, 2.505638
647.2255, 3.075043
647.7076, 3.360531
648.1898, 3.508324
648.6719, 3.632607
649.1540, 3.575768
649.6361, 2.916199
650.1182, 1.411972
650.6003, 0.5690380
651.0825, 1.024227
651.5646, 1.649498
652.0467, 1.892994
652.5288, 1.824619
653.0109, 1.530357
653.4930, 0.9893650
653.9752, 0.5913770
654.4573, 1.162560
654.9394, 2.628963
655.4215, 3.113567
655.9036, 2.122360
656.3857, 1.124275
656.8679, 0.7038310
657.3500, 0.6753040
657.8321, 0.9383770
658.3142, 1.521431
658.7963, 2.048882
659.2784, 2.393723
659.7606, 2.570484
660.2427, 2.412796
660.7248, 2.029457
661.2069, 2.080547
661.6890, 2.988770
662.1711, 4.106583
662.6533, 4.221127
663.1354, 2.983471
663.6175, 2.051723
664.0996, 1.664204
664.5817, 1.271149
665.0638, 0.3256490
665.5460, 0.5705680
666.0281, 0.3472180
666.5102, 1.296391
666.9923, 2.801659
667.4744, 2.449356
667.9565, 1.046814
668.4387, 0.5619240
668.9208, 1.113155
669.4029, 2.097675
669.8850, 3.378853
670.3671, 4.639946
670.8492, 5.216290
671.3314, 4.827297
671.8135, 4.509209
672.2956, 4.011066
672.7777, 3.853565
673.2598, 4.757420
673.7419, 6.064217
674.2241, 6.609489
674.7062, 5.972279
675.1883, 4.920319
675.6704, 4.222076
676.1525, 3.881817
676.6346, 4.129528
677.1168, 5.206001
677.5989, 6.133789
678.0810, 6.359421
678.5631, 6.202263
679.0452, 6.208195
679.5273, 6.363689
680.0095, 6.715946
680.4916, 7.187054
680.9737, 7.982265
681.4558, 9.251225
681.9379, 10.87304
682.4200, 12.44145
682.9022, 13.79306
683.3843, 15.29095
683.8664, 17.27528
684.3485, 19.66377
684.8306, 23.69260
685.3127, 29.82758
685.7949, 36.84752
686.2770, 44.74223
686.7591, 52.90682
687.2412, 60.60797
687.7233, 67.72263
688.2054, 74.99581
688.6876, 82.43021
689.1697, 90.50951
689.6518, 99.17723
690.1339, 108.6921
690.6160, 120.3079
691.0981, 134.6947
691.5803, 149.7002
692.0624, 162.4584
692.5445, 172.6867
693.0266, 182.2899
693.5087, 189.5747
693.9908, 198.6045
694.4730, 209.4479
694.9551, 223.0906
695.4372, 240.2521
695.9193, 261.1033
696.4014, 286.3546
696.8835, 313.6407
697.3657, 347.3759
697.8478, 392.3156
698.3299, 448.9108
698.8120, 520.0292
699.2941, 606.6066
699.7762, 705.6141
700.2584, 816.9069
700.7405, 943.9573
701.2226, 1039.359
701.7047, 1116.352
702.1868, 1142.717
702.6689, 1085.745
703.1511, 992.6321
703.6332, 894.5853
704.1153, 802.3382
704.5974, 730.8813
705.0795, 702.4093
705.5616, 690.9839
706.0438, 661.6017
706.5259, 614.2974
707.0080, 543.5740
707.4901, 444.0586
707.9722, 339.1406
708.4543, 250.0979
708.9365, 176.9707
709.4186, 122.4110
709.9007, 93.38168
710.3828, 72.19653
710.8649, 59.65586
711.3470, 51.37740
711.8292, 44.49738
712.3113, 38.51229
712.7934, 33.87392
713.2755, 30.99505
713.7576, 29.28120
714.2397, 27.86708
714.7219, 26.78708
715.2040, 26.35024
715.6861, 26.73257
716.1682, 27.25430
716.6503, 27.59078
717.1324, 27.60587
717.6146, 26.44920
718.0967, 23.19541
718.5788, 20.19260
719.0609, 17.85254
719.5430, 15.64005
720.0251, 12.91426
720.5073, 10.00544
720.9894, 7.795929
721.4715, 6.736465
721.9536, 6.290592
722.4357, 5.873367
722.9178, 5.472042
723.4000, 4.913948
723.8821, 4.133217
724.3642, 3.797359
724.8463, 4.593147
725.3284, 5.872128
725.8105, 5.879486
726.2927, 3.887627
726.7748, 2.494404
727.2569, 2.057716
727.7390, 2.021553
728.2211, 2.363834
728.7032, 2.805542
729.1854, 2.877441
729.6675, 2.445351
730.1496, 1.967693
730.6317, 1.935349
731.1138, 2.254913
731.5959, 2.652824
732.0781, 3.143330
732.5602, 3.384674
733.0423, 3.130878
733.5244, 2.755184
734.0065, 2.976921
734.4886, 3.871704
734.9708, 4.017227
735.4529, 2.633583
735.9350, 1.528507
736.4171, 1.772392
736.8992, 2.355179
737.3813, 1.864742
737.8635, 0.3022800
738.3456, 0.8210140
738.8277, 0.1736790
739.3098, 1.416737
739.7919, 2.369335
740.2740, 2.704552
740.7562, 2.713955
741.2383, 2.335991
741.7204, 1.656548
742.2025, 0.6438450
742.6846, 0.6006240
743.1667, 0.9368130
743.6489, 0.4819760
744.1310, 1.549389
744.6131, 2.157562
745.0952, 2.236099
745.5773, 1.304195
746.0594, 0.1837200
746.5416, 1.104004
747.0237, 0.8755150
747.5058, 0.1586190
747.9879, 0.4601330
748.4700, 0.9117700
748.9521, 0.6834410
749.4343, 0.3309780
749.9164, 0.7238010
750.3985, 0.5401000
750.8806, 2.598083
751.3627, 3.486061
751.8448, 2.730968
752.3270, 1.980869
752.8091, 0.9646490
753.2912, 0.2503660
753.7733, 0.2206800
754.2554, 0.5517200
754.7375, 0.8889270
755.2197, 1.132046
755.7018, 1.176434
756.1839, 0.8123360
756.6660, 0.2689130
757.1481, 0.1200030
757.6302, 0.3474690
758.1124, 0.3995590
758.5945, 0.2696880
759.0766, 3.5808999E-02
759.5587, 0.5480120
760.0408, 1.257915
760.5229, 1.827084
761.0051, 2.702751
761.4872, 2.726612
761.9693, 0.5573880
762.4514, 1.447273
762.9335, 1.283630
763.4156, 0.5568080
763.8978, 2.071301
764.3799, 2.433468
764.8620, 2.371807
765.3441, 2.306114
765.8262, 2.291195
766.3083, 2.592812
766.7905, 3.147156
767.2726, 3.260639
767.7547, 2.463951
768.2368, 1.190964
768.7189, 0.4503170
769.2010, 0.3369670
769.6832, 0.4137990
770.1653, 0.8988990
770.6474, 1.259525
771.1295, 1.136292
771.6116, 0.8332140
772.0938, 0.7346190
772.5759, 0.8921970
773.0580, 1.077728
773.5401, 1.324318
774.0222, 1.455486
774.5043, 1.105457
774.9865, 0.5915370
775.4686, 0.6766780
775.9507, 1.490883
776.4328, 2.230042
776.9149, 2.039516
777.3970, 1.171757
777.8792, 0.8010060
778.3613, 1.010475
778.8434, 1.274582
779.3255, 1.575356
779.8076, 1.747364
780.2897, 1.410736
780.7719, 0.7899020
781.2540, 0.8847580
781.7361, 2.559681
782.2182, 3.624184
782.7003, 2.912884
783.1824, 1.924896
783.6646, 1.926323
784.1467, 2.682423
784.6288, 3.358578
785.1109, 3.599556
785.5930, 3.599792
786.0751, 3.647476
786.5573, 3.659542
787.0394, 3.076683
787.5215, 1.836357
788.0036, 1.243908
788.4857, 2.015320
788.9678, 3.350685
789.4500, 4.230354
789.9321, 4.730217
790.4142, 4.166542
790.8963, 0.9020580
791.3784, 1.265388
791.8605, 0.6984290
792.3427, 0.6386410
792.8248, 0.9796260
793.3069, 0.3638230
793.7890, 6.3106999E-02
794.2711, 0.3001520
794.7532, 0.9515380
795.2354, 1.560619
795.7175, 2.059158
796.1996, 2.309414
796.6817, 2.358501
797.1638, 1.853809
797.6459, 0.4692650
798.1281, 1.049892
798.6102, 0.8234410
799.0923, 1.731003
799.5744, 3.623390
800.0565, 4.934475
800.5386, 5.417984
801.0208, 4.265690
801.5029, 2.722725
801.9850, 2.176025
802.4671, 2.743431
802.9492, 3.053436
803.4313, 2.091396
803.9135, 1.418892
804.3956, 2.470112
804.8777, 4.200928
805.3598, 5.051434
805.8419, 4.737816
806.3240, 3.894215
806.8062, 2.893177
807.2883, 1.893818
807.7704, 1.261135
808.2525, 1.058994
808.7346, 1.310223
809.2167, 2.166618
809.6989, 2.782997
810.1810, 2.413170
810.6631, 1.551167
811.1452, 1.598309
811.6273, 3.123714
812.1094, 4.269299
812.5916, 5.135948
813.0737, 5.514462
813.5558, 4.957191
814.0379, 4.040413
814.5200, 3.562458
815.0021, 3.613964
815.4843, 3.516243
815.9664, 2.515461
816.4485, 1.452255
816.9306, 1.398548
817.4127, 2.034782
817.8948, 2.645264
818.3770, 3.076321
818.8591, 3.324280
819.3412, 3.465706
819.8233, 3.540104
820.3054, 3.692509
820.7875, 4.016647
821.2697, 4.074245
821.7518, 3.575661
822.2339, 3.191936
822.7160, 3.614319
823.1981, 4.271320
823.6802, 3.956047
824.1624, 2.271900
824.6445, 1.408264
825.1266, 2.556095
825.6087, 3.819717
826.0908, 4.168327
826.5729, 3.977520
827.0551, 3.740356
827.5372, 3.607212
828.0193, 3.634621
828.5014, 3.953453
828.9835, 4.335930
829.4656, 4.353104
829.9478, 4.078861
830.4299, 3.878910
830.9120, 3.820034
831.3941, 3.730942
831.8762, 3.476799
832.3583, 3.140987
832.8404, 2.960407
833.3225, 3.029690
833.8046, 2.972431
834.2867, 2.530895
834.7689, 2.304413
835.2510, 2.631332
835.7331, 3.200840
836.2152, 3.588455
836.6973, 3.768448
837.1794, 4.265736
837.6616, 5.956993
838.1437, 7.245476
838.6258, 6.783680
839.1079, 5.527710
839.5900, 4.680813
840.0721, 4.422115
840.5543, 4.468136
841.0364, 4.689816
841.5185, 4.892460
842.0006, 4.605289
842.4827, 3.950054
842.9648, 3.758572
843.4470, 4.127316
843.9291, 4.754723
844.4112, 5.608547
844.8933, 6.359520
845.3754, 6.375343
845.8575, 5.466545
846.3397, 5.022438
846.8218, 5.387383
847.3039, 5.757397
847.7860, 5.922962
848.2681, 6.078636
848.7502, 6.376759
849.2324, 6.736221
849.7145, 7.139919
850.1966, 7.136837
850.6787, 7.913727
851.1608, 10.56716
851.6429, 14.08818
852.1251, 17.76385
852.6072, 21.26585
853.0893, 24.46931
853.5714, 27.26609
854.0535, 28.24062
854.5356, 24.62840
855.0178, 17.60903
855.4999, 12.44221
855.9820, 9.077034
856.4641, 7.238468
856.9462, 7.143730
857.4283, 7.398689
857.9105, 6.597298
858.3926, 4.936115
858.8747, 3.993435
859.3568, 4.159298
859.8389, 4.367905
860.3210, 4.811062
860.8032, 5.072628
861.2853, 4.718452
861.7674, 3.986916
862.2495, 3.348228
862.7316, 2.828640
863.2137, 2.782848
863.6959, 3.908939
864.1780, 5.025463
864.6601, 5.180145
865.1422, 4.705875
865.6243, 4.154640
866.1064, 3.650028
866.5886, 3.026558
867.0707, 2.086273
867.5528, 1.152596
868.0349, 0.7481270
868.5170, 0.8741570
868.9991, 1.760868
869.4813, 3.481354
869.9634, 4.780293
870.4455, 4.942055
870.9276, 4.392590
871.4097, 3.856327
871.8918, 3.322598
872.3740, 2.877548
872.8561, 2.526466
873.3382, 2.253757
873.8203, 2.357330
874.3024, 2.295795
874.7845, 1.209984
875.2667, 0.4510120
875.7488, 0.9230610
876.2309, 1.446789
876.7130, 2.917187
877.1951, 0.9161380
877.6772, 1.446106
878.1594, 1.281414
878.6415, 0.5833970
879.1236, 2.007622
879.6057, 2.289192
880.0878, 2.235069
880.5699, 2.627594
881.0521, 3.134468
881.5342, 3.160213
882.0163, 2.757690
882.4984, 2.020905
882.9805, 0.9946750
883.4626, 0.1644020
883.9448, 8.7733999E-02
884.4269, 0.1364560
884.9090, 0.5824240
885.3911, 1.297611
885.8732, 2.074596
886.3553, 3.021275
886.8375, 3.624836
887.3196, 3.647015
887.8017, 3.303806
888.2838, 2.753277
888.7659, 1.976051
889.2480, 1.697132
889.7302, 2.290554
890.2123, 2.894306
890.6944, 3.582668
891.1765, 3.963428
891.6586, 3.312420
892.1407, 2.125210
892.6229, 1.818626
893.1050, 3.064064
893.5871, 4.290447
894.0692, 4.590984
894.5513, 4.255600
895.0334, 3.192444
895.5156, 1.787037
895.9977, 0.8603060
896.4798, 0.6435550
896.9619, 0.9214820
897.4440, 1.661842
897.9261, 2.539745
898.4083, 2.659676
898.8904, 2.090611
899.3725, 1.577927
899.8546, 1.211597
900.3367, 1.093731
900.8188, 1.318657
901.3010, 1.750534
901.7831, 2.155273
902.2652, 2.567574
902.7473, 2.720840
903.2294, 2.386944
903.7115, 2.199215
904.1937, 2.473057
904.6758, 2.827766
905.1579, 3.020493
905.6400, 3.032490
906.1221, 2.762150
906.6042, 1.821674
907.0864, 1.320698
907.5685, 1.832024
908.0506, 2.559639
908.5327, 3.252689
909.0148, 3.683720
909.4969, 3.406380
909.9791, 2.385319
910.4612, 1.473919
910.9433, 1.272728
911.4254, 1.459835
911.9075, 1.911728
912.3896, 2.417141
912.8718, 2.467434
913.3539, 2.083569
913.8360, 1.755688
914.3181, 1.756794
914.8002, 1.975002
915.2823, 2.266060
915.7645, 2.635975
916.2466, 3.349155
916.7287, 4.389370
917.2108, 4.126724
917.6929, 1.750301
918.1750, 0.6068990
918.6572, 0.7152710
919.1393, 0.9734570
919.6214, 1.804203
920.1035, 1.392212
920.5856, 1.028038
921.0677, 0.6207310
921.5499, 0.4918020
922.0320, 0.9857860
922.5141, 1.748768
922.9962, 2.430328
923.4783, 3.039196
923.9604, 3.201706
924.4426, 2.442188
924.9247, 1.779289
925.4068, 1.567101
925.8889, 1.577145
926.3710, 1.789238
926.8531, 2.021587
927.3353, 1.804634
927.8174, 0.8990100
928.2995, 0.1791380
928.7816, 0.3677670
929.2637, 0.9467050
929.7458, 1.535679
930.2280, 2.003670
930.7101, 2.151711
931.1922, 1.934708
931.6743, 1.293438
932.1564, 2.1774000E-02
932.6385, 1.168041
933.1207, 0.2311480
933.6028, 2.169685
934.0849, 3.412991
934.5670, 3.270626
935.0491, 2.853668
935.5313, 2.529633
936.0134, 2.474182
936.4955, 2.885628
936.9776, 3.578350
937.4597, 3.403969
937.9418, 1.967999
938.4240, 1.423542
938.9061, 2.550262
939.3882, 3.665249
939.8703, 3.638832
940.3524, 2.934036
940.8345, 2.634205
941.3167, 2.955284
941.7988, 2.738663
942.2809, 1.429974
942.7630, 0.3366170
943.2451, 0.4032290
943.7272, 0.6808360
944.2094, 4.5550000E-03
944.6915, 1.218765
945.1736, 1.611046
945.6557, 0.4691390
946.1378, 0.3943560
946.6199, 0.2379070
947.1021, 0.3627620
947.5842, 1.394123
948.0663, 2.319141
948.5484, 2.211765
949.0305, 1.137756
949.5126, 0.3882330
949.9948, 0.9542470
950.4769, 1.654552
950.9590, 1.118954
951.4411, 5.8848999E-02
951.9232, 0.3730280
952.4053, 0.2035560
952.8875, 1.1879000E-02
953.3696, 7.8700997E-02
953.8517, 0.3249400
954.3338, 1.144276
954.8159, 2.162979
955.2980, 2.418056
955.7802, 2.013599
956.2623, 1.602741
956.7444, 1.297131
957.2265, 1.295815
957.7086, 1.775700
958.1907, 2.341297
958.6729, 2.194305
959.1550, 1.348507
959.6371, 1.005539
960.1192, 1.213558
960.6013, 1.528698
961.0834, 1.918671
961.5656, 2.209133
962.0477, 2.276642
962.5298, 2.121426
963.0119, 1.717819
963.4940, 0.8507310
963.9761, 0.2761420
964.4583, 0.1344950
964.9404, 0.1368980
965.4225, 0.2720490
965.9046, 0.4085960
966.3867, 0.3250960
966.8688, 7.9906002E-02
967.3510, 4.8050001E-02
967.8331, 0.4591290
968.3152, 0.7715380
968.7973, 0.8060150
969.2794, 0.7850190
969.7615, 0.8116040
970.2437, 0.8513030
970.7258, 0.7947960
971.2079, 0.6464040
971.6900, 0.5990940
972.1721, 0.9692270
972.6542, 1.151619
973.1364, 0.3130490
973.6185, 0.5743220
974.1006, 0.1887860
974.5827, 1.039604
975.0648, 1.899071
975.5469, 1.994038
976.0291, 1.666279
976.5112, 0.9411160
976.9933, 0.3944470
977.4754, 1.084835
977.9575, 2.316616
978.4396, 2.185791
978.9218, 0.8095780
979.4039, 0.3131450
979.8860, 1.776825
980.3681, 3.647659
980.8502, 3.771847
981.3323, 2.639496
981.8145, 1.902763
982.2966, 1.543335
982.7787, 1.449635
983.2608, 1.600327
983.7429, 1.799843
984.2250, 1.938755
984.7072, 1.944569
985.1893, 1.610519
985.6714, 0.9213870
986.1535, 0.3890150
986.6356, 2.1888999E-02
987.1177, 0.2002600
987.5999, 0.3449520
988.0820, 0.1218990
988.5641, 0.8980060
989.0462, 2.327614
989.5283, 2.737888
990.0104, 1.545944
990.4926, 1.122776
990.9747, 2.215954
991.4568, 3.005020
991.9389, 2.788898
992.4210, 2.066605
992.9031, 0.9347040
993.3853, 0.3832440
993.8674, 0.3194580
994.3495, 2.934128
994.8316, 4.496040
995.3137, 2.806713
995.7958, 1.158897
996.2780, 1.144123
996.7601, 1.652412
997.2422, 1.345783
997.7243, 0.2798120
998.2064, 0.4407200
998.6885, 0.5933270
999.1707, 0.4048730
999.6528, 0.3248370
1000.135, 1.114372
1000.617, 1.822685
1001.099, 2.263962
1001.581, 2.172371
1002.063, 1.628864
1002.545, 1.137997
1003.028, 0.9999120
1003.510, 0.8022380
1003.992, 6.3125998E-02
1004.474, 0.6332860
1004.956, 0.8241350
1005.438, 0.5512050
1005.920, 0.2520680
1006.402, 1.495609
1006.885, 2.322357
1007.367, 1.771172
1007.849, 1.101715
1008.331, 1.824162
1008.813, 2.946693
1009.295, 3.047134
1009.777, 2.203869
1010.259, 0.9694940
1010.741, 0.3874130
1011.224, 1.212467
1011.706, 0.9483180
1012.188, 0.2301330
1012.670, 3.120438
1013.152, 6.393269
1013.634, 6.315460
1014.116, 3.235153
1014.598, 0.8205260
1015.081, 0.6755140
1015.563, 1.173717
1016.045, 0.3706780
1016.527, 1.015358
1017.009, 1.116928
1017.491, 0.1630290
1017.973, 0.9292370
1018.455, 1.967373
1018.937, 2.566597
1019.420, 2.518188
1019.902, 2.184151
1020.384, 2.120934
1020.866, 2.174393
1021.348, 1.252724
1021.830, 0.5774120
1022.312, 0.8506470
1022.794, 0.9315830
1023.276, 2.575413
1023.759, 2.802059
1024.241, 2.444092
1024.723, 2.993076
1025.205, 4.302181
1025.687, 3.774906
1026.169, 1.043304
1026.651, 0.4859810
1027.133, 2.1599000E-02
1027.616, 0.8316150
1028.098, 1.058472
1028.580, 1.219547
1029.062, 2.459885
1029.544, 4.841412
1030.026, 6.080402
1030.508, 5.873341
1030.990, 5.570747
1031.473, 5.293190
1031.955, 5.231297
1032.437, 5.718555
1032.919, 6.132431
1033.401, 5.153599
1033.883, 2.513035
1034.365, 1.282970
1034.847, 2.188709
1035.329, 2.874153
1035.812, 2.757984
1036.294, 2.605202
1036.776, 2.937294
1037.258, 3.520443
1037.740, 3.931259
1038.222, 4.166000
1038.704, 4.217831
1039.186, 3.680355
1039.668, 3.628437
1040.151, 4.600952
1040.633, 5.686829
1041.115, 6.606335
1041.597, 7.151909
1042.079, 6.765564
1042.561, 5.239918
1043.043, 4.171219
1043.525, 3.441391
1044.008, 3.392315
1044.490, 4.872368
1044.972, 6.214302
1045.454, 6.177456
1045.936, 5.427387
1046.418, 5.065544
1046.900, 5.126698
1047.382, 5.690651
1047.865, 7.494793
1048.347, 8.780941
1048.829, 8.618855
1049.311, 8.360924
1049.793, 8.943398
1050.275, 10.00916
1050.757, 11.04819
1051.239, 11.99852
1051.721, 12.23890
1052.203, 10.65749
1052.686, 9.743942
1053.168, 10.87514
1053.650, 12.22999
1054.132, 12.18972
1054.614, 11.68599
1055.096, 12.46108
1055.578, 14.72143
1056.060, 16.89195
1056.543, 18.00671
1057.025, 19.81715
1057.507, 22.82729
1057.989, 26.77898
1058.471, 32.28725
1058.953, 38.24103
1059.435, 43.63440
1059.917, 48.15214
1060.400, 49.73196
1060.882, 46.50689
1061.364, 41.93784
1061.846, 36.12404
1062.328, 30.49112
1062.810, 25.76126
1063.292, 22.16056
1063.774, 19.94968
1064.256, 19.09189
1064.739, 19.23763
1065.221, 20.78854
1065.703, 22.44405
1066.185, 23.37634
1066.667, 24.52588
1067.149, 26.37393
1067.631, 28.99107
1068.113, 32.74112
1068.595, 37.38358
1069.078, 41.37209
1069.560, 42.80307
1070.042, 46.80592
1070.524, 54.15952
1071.006, 66.37585
1071.488, 82.75288
1071.970, 105.8373
1072.452, 140.9776
1072.935, 186.5826
1073.417, 235.0131
1073.899, 287.8989
1074.381, 330.8908
1074.863, 353.8768
1075.345, 368.3235
1075.827, 373.5564
1076.309, 380.4081
1076.792, 398.5802
1077.274, 430.3343
1077.756, 475.9082
1078.238, 535.0837
1078.720, 609.2483
1079.202, 696.1305
1079.684, 801.4374
1080.166, 919.9751
1080.648, 1065.730
1081.130, 1233.329
1081.613, 1445.188
1082.095, 1727.218
1082.577, 2068.084
1083.059, 2646.945
1083.541, 3487.724
1084.023, 4664.055
1084.505, 6645.017
1084.987, 8626.000
1085.469, 10161.21
1085.952, 10959.35
1086.434, 10405.41
1086.916, 8340.092
1087.398, 6121.131
1087.880, 3941.075
1088.362, 2214.681
1088.844, 1264.977
1089.326, 737.7746
1089.809, 455.0023
1090.291, 318.9854
1090.773, 235.8009
1091.255, 184.9637
1091.737, 148.3043
1092.219, 124.2972
1092.701, 105.7139
1093.183, 91.40017
1093.666, 79.68443
1094.148, 69.84660
1094.630, 61.62305
1095.112, 55.10780
1095.594, 50.14443
1096.076, 45.82434
1096.558, 41.89573
1097.040, 38.35146
1097.522, 35.43153
1098.005, 32.67458
1098.487, 29.35855
1098.969, 26.38064
1099.451, 25.28049
1099.933, 25.56794
1100.415, 24.72845
1100.897, 21.69867
1101.379, 19.14076
1101.861, 18.05418
1102.344, 17.18591
1102.826, 16.08651
1103.308, 14.87994
1103.790, 13.55950
1104.272, 12.27639
1104.754, 11.35182
1105.236, 10.78508
1105.718, 10.53357
1106.201, 11.26261
1106.683, 11.39084
1107.165, 9.829414
1107.647, 8.201248
1108.129, 7.560555
1108.611, 7.521572
1109.093, 7.569790
1109.575, 7.681038
1110.057, 7.789371
1110.540, 8.346016
1111.022, 8.215702
1111.504, 6.628468
1111.986, 5.013424
1112.468, 3.816952
1112.950, 3.143616
1113.432, 3.426353
1113.914, 4.561611
1114.396, 4.843586
1114.879, 3.118019
1115.361, 2.538574
1115.843, 3.990444
1116.325, 5.380264
1116.807, 6.253330
1117.289, 6.491375
1117.771, 5.668396
1118.253, 4.163754
1118.736, 3.503654
1119.218, 4.084122
1119.700, 4.209568
1120.182, 3.715122
1120.664, 3.032017
1121.146, 1.737122
1121.628, 1.304729
1122.110, 3.375256
1122.593, 6.395168
1123.075, 6.958153
1123.557, 4.870167
1124.039, 3.489601
1124.521, 2.899986
1125.003, 2.859875
1125.485, 3.658794
1125.967, 3.891487
1126.449, 2.474285
1126.932, 0.8647460
1127.414, 1.217556
1127.896, 3.109322
1128.378, 3.521210
1128.860, 2.229752
1129.342, 1.759155
1129.824, 2.419518
1130.306, 2.927574
1130.788, 2.828621
1131.271, 2.298988
1131.753, 1.385723
1132.235, 0.4710500
1132.717, 0.9512860
1133.199, 0.1156010
1133.681, 0.6761510
1134.163, 0.3634110
1134.645, 2.000607
1135.128, 2.046860
1135.610, 1.282715
1136.092, 0.1528590
1136.574, 0.9668770
1137.056, 1.575352
1137.538, 1.690105
1138.020, 1.151302
1138.502, 0.1572530
1138.984, 0.4619220
1139.467, 0.5991480
1139.949, 0.3032840
1140.431, 0.3699910
1140.913, 0.8810840
1141.395, 0.6091120
1141.877, 0.9897880
1142.359, 0.2879180
1142.841, 0.8078880
1143.323, 0.7050480
1143.806, 0.1255870
1144.288, 0.3715440
1144.770, 0.6266210
1145.252, 0.7130620
1145.734, 0.6971050
1146.216, 0.4033890
1146.698, 0.8231850
1147.180, 1.982773
1147.663, 1.476379
1148.145, 0.3477480
1148.627, 0.4034960
1149.109, 1.505131
1149.591, 2.544201
1150.073, 3.159615
1150.555, 3.036911
1151.037, 1.169884
1151.520, 0.4826700
1152.002, 0.3141480
1152.484, 0.3420560
1152.966, 7.7904001E-02
1153.448, 0.5557520
1153.930, 0.2415660
1154.412, 1.053398
1154.894, 1.790115
1155.376, 1.155457
1155.859, 0.5828210
1156.341, 0.2981410
1156.823, 0.4260480
1157.305, 1.660164
1157.787, 2.851021
1158.269, 2.529888
1158.751, 1.172684
1159.233, 0.5048070
1159.715, 0.8929480
1160.198, 1.057240
1160.680, 0.7779540
1161.162, 0.4705050
1161.644, 2.1480001E-03
1162.126, 0.2199480
1162.608, 0.2186780
1163.090, 0.8925630
1163.572, 1.208237
1164.055, 1.172890
1164.537, 0.7218820
1165.019, 0.5497320
1165.501, 0.8715170
1165.983, 0.1931650
1166.465, 1.123928
1166.947, 1.306435
1167.429, 1.481617
1167.911, 2.436512
1168.394, 3.614197
1168.876, 3.376381
1169.358, 1.716839
1169.840, 1.375744
1170.322, 2.382275
1170.804, 2.637295
1171.286, 1.739967
1171.768, 1.164516
1172.250, 1.704250
1172.733, 2.537075
1173.215, 2.700760
1173.697, 2.373466
1174.179, 1.851311
1174.661, 1.250942
1175.143, 0.9211200
1175.625, 0.9013140
1176.107, 1.390423
1176.590, 2.332020
1177.072, 2.819271
1177.554, 2.227108
1178.036, 1.398327
1178.518, 1.337730
1179.000, 0.9394260
1179.482, 1.298698
1179.964, 0.9012600
1180.447, 1.041767
1180.929, 1.577438
1181.411, 1.882099
1181.893, 1.758545
1182.375, 1.389381
1182.857, 0.5044670
1183.339, 9.9751003E-02
1183.821, 0.1918720
1184.303, 0.7758560
1184.786, 1.372326
1185.268, 1.819447
1185.750, 1.776211
1186.232, 1.386665
1186.714, 1.498211
1187.196, 2.589985
1187.678, 3.231945
1188.160, 2.667747
1188.642, 2.319393
1189.125, 2.951763
1189.607, 3.582195
1190.089, 3.446381
1190.571, 2.936947
1191.053, 2.797291
1191.535, 2.988735
1192.017, 2.591820
1192.499, 0.9690670
1192.982, 0.5668640
1193.464, 1.735855
1193.946, 2.816547
1194.428, 3.424118
1194.910, 3.616421
1195.392, 3.405602
1195.874, 2.885605
1196.356, 2.129047
1196.839, 1.174229
1197.321, 1.125835
1197.803, 1.937943
1198.285, 2.541542
1198.767, 2.738144
1199.249, 2.588535
1199.731, 2.130821
1200.213, 1.833366
1200.695, 2.218204
1201.177, 2.923546
1201.660, 3.404766
1202.142, 3.712353
1202.624, 4.032558
1203.106, 4.313343
1203.588, 4.410084
1204.070, 4.304493
1204.552, 3.935818
1205.034, 3.204788
1205.517, 2.681393
1205.999, 3.039177
1206.481, 3.421535
1206.963, 3.186237
1207.445, 2.703796
1207.927, 1.970917
1208.409, 1.441738
1208.891, 2.193604
1209.374, 4.062996
1209.856, 4.899265
1210.338, 3.485775
1210.820, 2.559196
1211.302, 3.003952
1211.784, 3.380299
1212.266, 3.043209
1212.748, 2.597179
1213.230, 2.605801
1213.713, 2.703579
1214.195, 2.030518
1214.677, 0.5805780
1215.159, 0.2426340
1215.641, 1.346828
1216.123, 2.152885
1216.605, 2.485580
1217.087, 2.640789
1217.569, 2.640461
1218.052, 2.755951
1218.534, 3.297573
1219.016, 3.782120
1219.498, 2.860016
1219.980, 1.041828
1220.462, 0.7111090
1220.944, 1.568268
1221.426, 2.547710
1221.909, 3.394314
1222.391, 3.817886
1222.873, 3.680588
1223.355, 3.346127
1223.837, 3.072739
1224.319, 2.919060
1224.801, 3.064507
1225.283, 3.317253
1225.766, 3.676407
1226.248, 3.859707
1226.730, 3.151241
1227.212, 1.921001
1227.694, 1.510677
1228.176, 2.364670
1228.658, 3.052551
1229.140, 2.676140
1229.622, 2.703228
1230.104, 4.259155
1230.587, 5.533325
1231.069, 5.275215
1231.551, 4.408588
1232.033, 4.074257
1232.515, 4.011692
1232.997, 3.059513
1233.479, 3.541088
1233.961, 0.5166170
1234.444, 3.419491
1234.926, 4.718994
1235.408, 3.277630
1235.890, 1.674442
1236.372, 1.111160
1236.854, 1.492840
1237.336, 2.948460
1237.818, 4.721260
1238.301, 4.533520
1238.783, 5.089363
1239.265, 5.166801
1239.747, 4.262424
1240.229, 4.344440
1240.711, 3.159302
1241.193, 1.982819
1241.675, 1.393940
1242.157, 1.332893
1242.640, 1.999027
1243.122, 2.804989
1243.604, 3.491768
1244.086, 3.842529
1244.568, 3.405941
1245.050, 2.641552
1245.532, 2.216125
1246.014, 2.119915
1246.496, 1.904240
1246.979, 1.324837
1247.461, 1.369072
1247.943, 2.763298
1248.425, 3.954090
1248.907, 5.487190
1249.389, 5.469646
1249.871, 1.728390
1250.353, 2.199024
1250.836, 2.010952
1251.318, 1.061749
1251.800, 2.773899
1252.282, 3.055931
1252.764, 2.900276
1253.246, 2.292717
1253.728, 2.086388
1254.210, 2.386009
1254.693, 2.437939
1255.175, 1.904327
1255.657, 1.527317
1256.139, 2.085354
1256.621, 3.008606
1257.103, 3.690514
1257.585, 3.996437
1258.067, 3.213837
1258.549, 2.154171
1259.031, 2.647343
1259.514, 4.276798
1259.996, 4.883522
1260.478, 3.910408
1260.960, 3.102150
1261.442, 3.558365
1261.924, 3.891502
1262.406, 3.496277
1262.888, 3.008804
1263.371, 2.544289
1263.853, 2.332458
1264.335, 2.804459
1264.817, 3.651745
1265.299, 4.218094
1265.781, 4.520222
1266.263, 4.114140
1266.745, 2.761055
1267.228, 2.100220
1267.710, 2.335445
1268.192, 1.622631
1268.674, 1.947731
1269.156, 2.373100
1269.638, 3.011196
1270.120, 3.525017
1270.602, 3.274532
1271.084, 2.540237
1271.567, 1.429672
1272.049, 0.4194030
1272.531, 1.071701
1273.013, 2.653049
1273.495, 2.723530
1273.977, 1.022491
1274.459, 9.7972997E-02
1274.941, 0.4966130
1275.423, 1.453609
1275.906, 2.687988
1276.388, 3.364544
1276.870, 2.587276
1277.352, 1.746025
1277.834, 2.021030
1278.316, 2.751938
1278.798, 2.809544
1279.280, 2.414871
1279.763, 1.824574
1280.245, 0.4933470
1280.727, 0.1521000
1281.209, 0.5734940
1281.691, 1.069469
1282.173, 1.534889
1282.655, 1.518017
1283.137, 0.7077710
1283.620, 1.7998001E-02
1284.102, 0.1204530
1284.584, 0.3641010
1285.066, 0.0000000E+00
##END=



