##NAMES=Arseniopleite
##RRUFFID=R070144
##IDEAL CHEMISTRY=CaNaMn^2+^Mn^2+^_2_(As^5+^O_4_)_3_
##LOCALITY=Sjögruvan mine, Grythyttan, Västmanland, Sweden
##OWNER=RRUFF
##SOURCE=Michael Scott
##DESCRIPTION=Vitreous brownish red massive
##STATUS=The identification of this mineral is confirmed by single-crystal X-ray diffraction and chemical analysis.
##URL=rruff.info/R070144
##MEASURED CHEMISTRY=(Ca_0.81_Na_0.19_)_Σ=1_(Na_0.99_Pb^2+^_0.01_)_Σ=1_Mn^2+^_1.00_(Mn^2+^_1.10_Mg_0.65_Fe^3+^_0.18_Fe^2+^_0.07_)_Σ=2_(As_1.00_O_4_)_3_; trace amounts of P; Fe^2+^ and Fe^3+^ splitted by charge balance
114.5050, 0.0000000E+00
114.9871, 11.94930
115.4692, 23.53908
115.9513, 30.77789
116.4335, 46.83723
116.9156, 25.86833
117.3977, 4.290421
117.8798, 9.547623
118.3619, 7.326752
118.8440, 0.9976350
119.3262, 8.585144
119.8083, 14.33667
120.2904, 19.15109
120.7725, 21.78696
121.2546, 23.25235
121.7367, 27.79688
122.2189, 41.31845
122.7010, 58.65967
123.1831, 73.18500
123.6652, 80.60959
124.1473, 85.66913
124.6294, 93.76370
125.1115, 104.8821
125.5937, 116.7019
126.0758, 127.1011
126.5579, 136.5740
127.0400, 146.1786
127.5221, 154.1652
128.0043, 162.9929
128.4864, 178.8209
128.9685, 203.0289
129.4506, 230.6960
129.9327, 257.3701
130.4148, 282.7827
130.8969, 303.2330
131.3791, 314.5905
131.8612, 317.8784
132.3433, 319.8059
132.8254, 320.4144
133.3075, 320.8653
133.7896, 325.3161
134.2718, 334.4457
134.7539, 343.1005
135.2360, 344.5666
135.7181, 337.6992
136.2002, 336.9471
136.6823, 347.9150
137.1645, 369.4067
137.6466, 384.2426
138.1287, 390.9850
138.6108, 393.8688
139.0929, 398.4834
139.5750, 405.9334
140.0572, 411.7365
140.5393, 414.4375
141.0214, 413.6537
141.5035, 410.7996
141.9856, 402.7048
142.4677, 394.0427
142.9499, 395.9472
143.4320, 412.1755
143.9141, 433.0849
144.3962, 454.7172
144.8783, 481.1451
145.3604, 501.0282
145.8425, 510.2659
146.3247, 510.9451
146.8068, 519.4517
147.2889, 546.3696
147.7710, 572.9063
148.2531, 587.1140
148.7352, 575.0551
149.2174, 566.4990
149.6995, 566.9503
150.1816, 577.7307
150.6637, 583.9730
151.1458, 585.1880
151.6279, 581.7857
152.1101, 574.3511
152.5922, 553.7144
153.0743, 537.4252
153.5564, 532.2161
154.0385, 544.0387
154.5206, 548.9988
155.0028, 540.3407
155.4849, 523.1219
155.9670, 505.8855
156.4491, 489.5170
156.9312, 474.1502
157.4133, 458.9448
157.8955, 438.5184
158.3776, 427.1158
158.8597, 437.4897
159.3418, 462.1675
159.8239, 475.9873
160.3060, 456.5934
160.7882, 430.9629
161.2703, 417.9169
161.7524, 436.8596
162.2345, 455.4905
162.7166, 458.0563
163.1987, 446.2928
163.6808, 436.8763
164.1630, 442.0562
164.6451, 452.2439
165.1272, 457.1444
165.6093, 448.1137
166.0914, 436.2035
166.5735, 426.7741
167.0557, 419.8889
167.5378, 417.8252
168.0199, 428.4144
168.5020, 444.3723
168.9841, 453.3739
169.4662, 443.8873
169.9484, 427.8230
170.4305, 415.3711
170.9126, 407.5505
171.3947, 403.5192
171.8768, 406.5768
172.3589, 411.9020
172.8411, 412.7426
173.3232, 398.2457
173.8053, 378.2761
174.2874, 367.1180
174.7695, 371.0210
175.2516, 377.7904
175.7338, 370.5118
176.2159, 352.7111
176.6980, 340.1440
177.1801, 349.0625
177.6622, 370.6573
178.1443, 386.6542
178.6264, 391.4471
179.1086, 389.4762
179.5907, 386.1045
180.0728, 381.3717
180.5549, 376.9731
181.0370, 375.5859
181.5191, 375.9963
182.0013, 374.3258
182.4834, 367.3848
182.9655, 357.8722
183.4476, 349.9543
183.9297, 343.0251
184.4118, 342.5865
184.8940, 361.3484
185.3761, 395.8901
185.8582, 423.0054
186.3403, 428.7124
186.8224, 418.0983
187.3046, 411.2292
187.7867, 408.5035
188.2688, 409.4895
188.7509, 416.9844
189.2330, 430.6086
189.7151, 438.9058
190.1973, 429.1652
190.6794, 405.0112
191.1615, 398.0533
191.6436, 415.3125
192.1257, 443.3954
192.6078, 453.8584
193.0900, 445.7466
193.5721, 435.3217
194.0542, 434.0621
194.5363, 441.6415
195.0184, 446.7043
195.5005, 446.6233
195.9826, 443.7930
196.4648, 446.5231
196.9469, 456.0081
197.4290, 464.7346
197.9111, 464.2604
198.3932, 453.4098
198.8753, 450.2476
199.3575, 462.8357
199.8396, 485.9213
200.3217, 488.5559
200.8038, 465.4465
201.2859, 437.2705
201.7680, 424.0930
202.2502, 427.7000
202.7323, 435.5612
203.2144, 447.8528
203.6965, 463.7858
204.1786, 465.3075
204.6607, 446.9595
205.1429, 424.2581
205.6250, 418.0114
206.1071, 432.8260
206.5892, 445.5341
207.0713, 447.9152
207.5534, 438.9991
208.0356, 434.0089
208.5177, 434.2721
208.9998, 436.8784
209.4819, 438.2782
209.9640, 439.6174
210.4461, 436.4196
210.9282, 424.1234
211.4104, 398.3977
211.8925, 386.2087
212.3746, 393.0171
212.8567, 409.3407
213.3388, 415.0593
213.8209, 406.9048
214.3031, 396.3308
214.7852, 387.8668
215.2673, 381.1025
215.7494, 378.8042
216.2315, 382.5229
216.7136, 390.3749
217.1958, 397.2261
217.6779, 403.7936
218.1600, 406.7355
218.6421, 402.8646
219.1242, 387.4246
219.6063, 378.1490
220.0885, 379.8656
220.5706, 389.7513
221.0527, 391.6841
221.5348, 378.3201
222.0169, 365.4642
222.4990, 364.9562
222.9812, 386.2561
223.4633, 398.6165
223.9454, 395.3671
224.4275, 378.8340
224.9096, 370.1379
225.3917, 373.9813
225.8739, 380.0714
226.3560, 379.6798
226.8381, 366.9584
227.3202, 359.5374
227.8023, 362.1876
228.2844, 374.7028
228.7665, 383.6366
229.2487, 390.4618
229.7308, 390.8236
230.2129, 378.2614
230.6950, 338.8365
231.1771, 312.8225
231.6592, 313.4702
232.1414, 343.0438
232.6235, 355.5916
233.1056, 341.6802
233.5877, 318.3741
234.0698, 304.0371
234.5519, 301.4841
235.0341, 303.8397
235.5162, 311.0863
235.9983, 324.0304
236.4804, 334.4584
236.9625, 343.3730
237.4446, 349.0140
237.9268, 348.8956
238.4089, 339.6469
238.8910, 330.3433
239.3731, 323.2334
239.8552, 318.6808
240.3373, 314.1852
240.8195, 309.4231
241.3016, 304.9843
241.7837, 302.2316
242.2658, 304.3916
242.7479, 302.7633
243.2300, 293.3793
243.7122, 272.9504
244.1943, 258.0815
244.6764, 248.6256
245.1585, 244.8430
245.6406, 248.6591
246.1227, 268.1921
246.6048, 281.8931
247.0870, 280.6809
247.5691, 257.6105
248.0512, 243.1084
248.5333, 241.4755
249.0154, 246.2778
249.4975, 245.5339
249.9797, 237.7319
250.4618, 226.9424
250.9439, 213.8743
251.4260, 196.4945
251.9081, 182.9187
252.3902, 174.5779
252.8724, 169.3040
253.3545, 162.1816
253.8366, 151.7557
254.3187, 142.0800
254.8008, 135.0874
255.2829, 132.1090
255.7651, 128.0654
256.2472, 122.2616
256.7293, 115.6552
257.2114, 110.7974
257.6935, 108.6259
258.1756, 106.4805
258.6577, 103.0892
259.1399, 97.91284
259.6220, 93.26514
260.1041, 90.30627
260.5862, 87.41760
261.0683, 79.41553
261.5504, 63.14172
262.0326, 48.10596
262.5147, 39.04626
262.9968, 37.45837
263.4789, 37.42932
263.9610, 40.04492
264.4431, 43.54993
264.9253, 42.46033
265.4074, 35.13599
265.8895, 26.93396
266.3716, 20.77063
266.8537, 17.42847
267.3358, 12.98303
267.8180, 6.657471
268.3001, 0.5966800
268.7822, 6.655762
269.2643, 11.99463
269.7464, 14.82581
270.2285, 12.60364
270.7107, 3.357178
271.1928, 0.2653810
271.6749, 3.898682
272.1570, 13.33276
272.6391, 21.03650
273.1212, 26.66724
273.6034, 31.69922
274.0855, 38.13135
274.5676, 46.78979
275.0497, 49.27930
275.5318, 43.83997
276.0139, 33.28076
276.4961, 22.61902
276.9782, 10.01514
277.4603, 2.393311
277.9424, 8.866821
278.4245, 31.42578
278.9066, 43.37769
279.3888, 39.49390
279.8709, 25.29431
280.3530, 15.42017
280.8351, 11.05029
281.3172, 8.095581
281.7993, 3.647095
282.2815, 2.015625
282.7636, 5.352783
283.2457, 6.137817
283.7278, 6.391724
284.2099, 10.47620
284.6920, 17.94592
285.1741, 21.72681
285.6563, 14.35461
286.1384, 2.339478
286.6205, 12.04822
287.1026, 12.49451
287.5847, 6.284912
288.0668, 5.312012
288.5490, 22.30151
289.0311, 34.55640
289.5132, 30.62720
289.9953, 14.79590
290.4774, 8.801147
290.9595, 16.88806
291.4417, 31.44775
291.9238, 40.06812
292.4059, 43.11523
292.8880, 46.23889
293.3701, 55.32227
293.8522, 67.47009
294.3344, 72.95898
294.8165, 69.62073
295.2986, 62.57764
295.7807, 57.58215
296.2628, 54.73706
296.7449, 54.82629
297.2271, 57.49634
297.7092, 63.47888
298.1913, 76.03491
298.6734, 97.13171
299.1555, 119.0602
299.6376, 130.1055
300.1198, 133.1313
300.6019, 138.5508
301.0840, 156.0811
301.5661, 178.5859
302.0482, 194.3555
302.5303, 201.2786
303.0125, 205.9033
303.4946, 213.5757
303.9767, 223.9756
304.4588, 236.5582
304.9409, 255.8042
305.4230, 274.6411
305.9052, 283.3616
306.3873, 278.7677
306.8694, 275.4404
307.3515, 286.0516
307.8336, 306.4066
308.3157, 328.4395
308.7979, 351.8376
309.2800, 372.9089
309.7621, 388.2207
310.2442, 397.1473
310.7263, 402.6588
311.2084, 402.4949
311.6906, 400.7667
312.1727, 404.0815
312.6548, 420.9612
313.1369, 439.6896
313.6190, 453.4980
314.1011, 462.0774
314.5833, 465.0166
315.0654, 458.6311
315.5475, 447.4364
316.0296, 437.1528
316.5117, 428.7483
316.9938, 422.5430
317.4760, 421.6307
317.9580, 426.8500
318.4402, 424.5881
318.9223, 402.1079
319.4044, 373.1858
319.8865, 351.9042
320.3686, 352.7422
320.8507, 351.2401
321.3329, 336.9086
321.8150, 309.1289
322.2971, 287.1946
322.7792, 280.6749
323.2613, 278.5883
323.7434, 271.9535
324.2256, 256.0493
324.7077, 239.1722
325.1898, 221.1116
325.6719, 202.1344
326.1540, 187.2554
326.6361, 181.7979
327.1183, 177.2457
327.6004, 168.1066
328.0825, 147.4058
328.5646, 131.1000
329.0467, 122.3883
329.5288, 119.9557
330.0110, 114.1614
330.4931, 104.2172
330.9752, 91.41809
331.4573, 75.84802
331.9394, 52.26575
332.4215, 35.37500
332.9037, 30.21130
333.3858, 33.30103
333.8679, 28.95129
334.3500, 11.89307
334.8321, 4.087524
335.3142, 11.06006
335.7964, 5.192749
336.2785, 6.963013
336.7606, 19.52417
337.2427, 36.84082
337.7248, 44.96387
338.2069, 42.51221
338.6891, 36.52771
339.1712, 27.82202
339.6533, 15.20911
340.1354, 12.70227
340.6175, 24.69165
341.0996, 41.09741
341.5818, 42.75391
342.0639, 28.19543
342.5460, 12.13770
343.0281, 1.112915
343.5102, 4.890381
343.9923, 9.563965
344.4745, 12.08411
344.9566, 17.55847
345.4387, 35.49268
345.9208, 64.46619
346.4029, 91.05225
346.8850, 104.0745
347.3672, 110.1860
347.8493, 132.1285
348.3314, 171.2434
348.8135, 212.0420
349.2956, 231.8083
349.7777, 238.1343
350.2599, 256.1023
350.7419, 304.2839
351.2241, 362.9070
351.7062, 398.9041
352.1883, 413.5701
352.6704, 430.3198
353.1525, 470.8276
353.6346, 524.6758
354.1168, 575.3628
354.5989, 613.1970
355.0810, 652.0068
355.5631, 709.8892
356.0452, 781.9839
356.5273, 844.8552
357.0095, 872.7449
357.4916, 890.2454
357.9737, 922.4309
358.4558, 983.6553
358.9379, 1044.906
359.4200, 1088.782
359.9022, 1120.395
360.3843, 1153.206
360.8664, 1200.879
361.3485, 1245.972
361.8306, 1276.812
362.3127, 1288.244
362.7949, 1295.309
363.2770, 1297.611
363.7591, 1298.986
364.2412, 1305.881
364.7233, 1332.133
365.2054, 1353.326
365.6876, 1360.332
366.1697, 1350.899
366.6518, 1334.314
367.1339, 1305.647
367.6160, 1272.428
368.0981, 1243.506
368.5803, 1230.812
369.0624, 1208.909
369.5445, 1167.071
370.0266, 1103.073
370.5087, 1059.003
370.9908, 1049.631
371.4730, 1047.044
371.9551, 1027.047
372.4372, 980.0347
372.9193, 935.3904
373.4014, 898.3293
373.8835, 867.5354
374.3657, 833.2046
374.8478, 793.4849
375.3299, 754.7122
375.8120, 720.5352
376.2941, 690.2180
376.7762, 669.5227
377.2584, 663.3154
377.7405, 663.2302
378.2226, 645.4219
378.7047, 607.1453
379.1868, 572.6851
379.6689, 559.5779
380.1511, 564.9397
380.6332, 561.8923
381.1153, 548.4456
381.5974, 528.0164
382.0795, 498.8877
382.5616, 463.7014
383.0438, 442.0029
383.5259, 446.7500
384.0080, 470.3298
384.4901, 501.2717
384.9722, 540.9988
385.4543, 573.4460
385.9364, 579.7410
386.4185, 568.0820
386.9007, 556.4871
387.3828, 547.6162
387.8649, 544.4729
388.3470, 552.6304
388.8291, 570.9355
389.3112, 590.1860
389.7934, 604.7070
390.2755, 616.3027
390.7576, 627.2900
391.2397, 640.4438
391.7218, 650.5427
392.2039, 646.0872
392.6861, 634.0764
393.1682, 637.5603
393.6503, 684.9141
394.1324, 737.2795
394.6145, 770.5291
395.0966, 771.0649
395.5788, 775.4165
396.0609, 794.1282
396.5430, 822.0657
397.0251, 850.4019
397.5072, 881.1172
397.9893, 908.8691
398.4715, 932.7827
398.9536, 953.9214
399.4357, 965.0801
399.9178, 953.5308
400.3999, 941.7124
400.8820, 952.7322
401.3642, 1003.155
401.8463, 1047.129
402.3284, 1075.884
402.8105, 1090.714
403.2926, 1106.495
403.7747, 1124.526
404.2569, 1141.046
404.7390, 1151.271
405.2211, 1152.704
405.7032, 1163.410
406.1853, 1189.259
406.6674, 1221.605
407.1496, 1237.448
407.6317, 1235.194
408.1138, 1232.177
408.5959, 1242.392
409.0780, 1262.277
409.5602, 1267.372
410.0423, 1254.813
410.5244, 1233.515
411.0065, 1213.461
411.4886, 1194.067
411.9707, 1173.216
412.4529, 1151.543
412.9350, 1126.918
413.4171, 1095.881
413.8992, 1058.146
414.3813, 1017.608
414.8634, 972.0735
415.3456, 926.3743
415.8277, 888.5801
416.3098, 864.8567
416.7919, 844.8774
417.2740, 823.7673
417.7561, 800.9775
418.2382, 772.6902
418.7203, 733.8645
419.2025, 691.1516
419.6846, 649.5759
420.1667, 609.9805
420.6488, 570.6772
421.1309, 527.0979
421.6130, 484.0513
422.0952, 448.2834
422.5773, 429.4807
423.0594, 410.8569
423.5415, 384.6860
424.0236, 347.1060
424.5057, 320.9172
424.9879, 319.7336
425.4700, 321.9177
425.9521, 306.4246
426.4342, 257.9875
426.9163, 218.6255
427.3984, 196.7002
427.8806, 189.5242
428.3627, 180.4033
428.8448, 169.8335
429.3269, 156.2634
429.8090, 136.9309
430.2911, 110.4868
430.7733, 89.37573
431.2554, 74.93994
431.7375, 65.52734
432.2196, 59.83350
432.7017, 58.01929
433.1838, 53.66504
433.6660, 41.36377
434.1481, 23.82422
434.6302, 9.885254
435.1123, 0.5969240
435.5944, 5.489502
436.0765, 3.032715
436.5587, 19.16211
437.0408, 27.88550
437.5229, 20.32104
438.0050, 6.684814
438.4871, 3.071533
438.9692, 9.374512
439.4514, 14.57080
439.9335, 20.94458
440.4156, 26.47070
440.8977, 29.02808
441.3798, 27.26782
441.8619, 24.52954
442.3441, 25.91382
442.8262, 27.07080
443.3083, 19.87012
443.7904, 6.455566
444.2725, 34.21533
444.7546, 56.87671
445.2368, 73.25415
445.7189, 87.71069
446.2010, 97.54517
446.6831, 107.1863
447.1652, 120.4536
447.6473, 139.4976
448.1295, 159.3389
448.6116, 180.6536
449.0937, 202.6501
449.5758, 218.2312
450.0579, 220.7646
450.5400, 229.1514
451.0221, 257.4802
451.5042, 310.5771
451.9864, 352.4431
452.4685, 379.3113
452.9506, 398.9565
453.4327, 423.6238
453.9148, 453.2295
454.3969, 485.1633
454.8791, 521.4353
455.3612, 558.7485
455.8433, 582.8662
456.3254, 593.0347
456.8075, 603.6343
457.2896, 629.6179
457.7718, 665.5378
458.2539, 698.7493
458.7360, 725.8259
459.2181, 750.1343
459.7002, 773.0647
460.1823, 795.8120
460.6645, 821.5708
461.1466, 861.2510
461.6287, 898.6914
462.1108, 919.8066
462.5929, 920.3645
463.0750, 918.5042
463.5572, 921.7695
464.0393, 926.6555
464.5214, 929.0266
465.0035, 922.5176
465.4856, 919.0046
465.9677, 923.9980
466.4499, 937.4504
466.9320, 945.9080
467.4141, 948.4109
467.8962, 946.7778
468.3783, 941.4165
468.8604, 928.8154
469.3426, 921.0215
469.8247, 922.3293
470.3068, 925.5896
470.7889, 914.1936
471.2710, 883.3691
471.7531, 854.3650
472.2353, 835.4492
472.7174, 825.7812
473.1995, 817.5537
473.6816, 811.3833
474.1637, 803.6750
474.6458, 788.8230
475.1280, 768.7439
475.6101, 752.7217
476.0922, 742.1089
476.5743, 735.1326
477.0564, 732.7664
477.5385, 734.8589
478.0207, 735.7134
478.5028, 730.0493
478.9849, 722.4629
479.4670, 717.4128
479.9491, 715.5093
480.4312, 716.7478
480.9134, 724.2307
481.3955, 732.9277
481.8776, 738.0559
482.3597, 736.6831
482.8418, 732.7234
483.3239, 726.2061
483.8060, 717.5925
484.2881, 709.9634
484.7703, 705.6331
485.2524, 701.1697
485.7345, 694.9436
486.2166, 685.8979
486.6987, 677.4849
487.1808, 671.7253
487.6630, 665.2341
488.1451, 651.5242
488.6272, 627.1953
489.1093, 605.8555
489.5914, 593.1594
490.0735, 587.2161
490.5557, 570.2366
491.0378, 540.1907
491.5199, 511.1028
492.0020, 496.1252
492.4841, 493.1089
492.9662, 489.4148
493.4484, 484.3472
493.9305, 475.2566
494.4126, 455.0322
494.8947, 426.7007
495.3768, 401.4351
495.8589, 384.9846
496.3411, 373.9285
496.8232, 367.0723
497.3053, 364.1692
497.7874, 357.3772
498.2695, 333.0923
498.7516, 307.3020
499.2338, 295.2295
499.7159, 310.6689
500.1980, 327.0464
500.6801, 340.5232
501.1622, 349.6301
501.6443, 350.1873
502.1265, 327.2290
502.6086, 308.8147
503.0907, 304.5706
503.5728, 317.0515
504.0549, 328.6260
504.5370, 339.9963
505.0192, 349.6709
505.5013, 355.8906
505.9834, 357.8643
506.4655, 359.5400
506.9476, 361.3403
507.4297, 363.3076
507.9119, 366.8889
508.3940, 372.3550
508.8761, 374.1040
509.3582, 367.0828
509.8403, 353.8577
510.3224, 341.3010
510.8046, 329.3752
511.2867, 321.1611
511.7688, 322.5708
512.2509, 329.3320
512.7330, 333.4492
513.2151, 332.6033
513.6973, 328.0464
514.1794, 321.4951
514.6615, 312.1633
515.1436, 297.5103
515.6257, 267.7400
516.1078, 238.7747
516.5900, 222.4126
517.0721, 223.9521
517.5542, 219.1973
518.0363, 195.3560
518.5184, 167.8894
519.0005, 152.6504
519.4827, 161.5677
519.9648, 165.0266
520.4469, 160.2266
520.9290, 147.9597
521.4111, 128.6023
521.8932, 100.9576
522.3754, 70.70093
522.8575, 35.38562
523.3396, 4.655396
523.8217, 21.75098
524.3038, 12.05249
524.7859, 4.858887
525.2681, 6.500000
525.7502, 4.120972
526.2323, 14.89282
526.7144, 22.55945
527.1965, 28.76685
527.6786, 37.24841
528.1608, 46.63647
528.6429, 51.63696
529.1250, 45.51721
529.6071, 35.88806
530.0892, 28.56921
530.5714, 24.34387
531.0535, 22.06433
531.5356, 21.68530
532.0176, 22.72192
532.4998, 24.68665
532.9819, 36.40601
533.4640, 38.58826
533.9461, 21.37463
534.4282, 7.931763
534.9103, 25.26965
535.3925, 26.94788
535.8746, 23.27478
536.3567, 15.53796
536.8388, 2.865479
537.3209, 5.522461
537.8030, 10.48694
538.2852, 7.981689
538.7673, 12.24255
539.2494, 48.38953
539.7315, 71.55737
540.2136, 71.61719
540.6957, 63.11377
541.1779, 72.38049
541.6600, 95.13977
542.1421, 112.9657
542.6242, 108.6927
543.1063, 97.71680
543.5884, 97.34265
544.0706, 108.5907
544.5527, 120.5626
545.0348, 128.3425
545.5169, 133.3861
545.9990, 136.5895
546.4811, 130.6799
546.9633, 133.3097
547.4454, 158.1316
547.9275, 193.8673
548.4096, 213.7134
548.8917, 204.9883
549.3738, 195.6947
549.8560, 192.5020
550.3381, 195.5132
550.8202, 202.2007
551.3023, 214.1700
551.7844, 225.7090
552.2665, 231.6405
552.7487, 232.0204
553.2308, 235.2329
553.7129, 243.4536
554.1950, 250.9537
554.6771, 246.9048
555.1592, 233.9047
555.6414, 223.0934
556.1235, 219.3270
556.6056, 220.1055
557.0877, 226.9879
557.5698, 238.0945
558.0519, 241.3518
558.5341, 218.7812
559.0162, 192.2808
559.4983, 181.8105
559.9804, 197.6385
560.4625, 205.6277
560.9446, 188.7487
561.4268, 162.4525
561.9089, 145.4177
562.3910, 141.0416
562.8731, 143.1196
563.3552, 155.7201
563.8373, 174.4519
564.3195, 180.2257
564.8016, 171.5879
565.2837, 153.9176
565.7658, 124.4211
566.2479, 74.30542
566.7300, 85.45874
567.2122, 90.90759
567.6943, 90.96326
568.1764, 69.50940
568.6585, 75.79724
569.1406, 70.92957
569.6227, 65.57043
570.1049, 75.68970
570.5870, 57.29431
571.0691, 67.23083
571.5512, 65.89771
572.0333, 69.74536
572.5154, 62.39209
572.9976, 58.46375
573.4797, 65.69324
573.9618, 66.66382
574.4439, 57.85522
574.9260, 61.84570
575.4081, 42.94800
575.8903, 44.17212
576.3724, 54.10449
576.8545, 45.96277
577.3366, 50.25708
577.8187, 49.70374
578.3008, 27.52893
578.7830, 42.81848
579.2651, 41.88770
579.7472, 24.30139
580.2293, 38.26917
580.7114, 22.99622
581.1935, 17.76721
581.6757, 19.62976
582.1578, 13.70459
582.6399, 20.23279
583.1220, 19.92188
583.6041, 17.35107
584.0862, 13.30774
584.5684, 9.038574
585.0505, 6.032471
585.5326, 5.380249
586.0147, 4.576050
586.4968, 2.323853
586.9789, 0.2161870
587.4611, 0.4531250
587.9432, 5.606812
588.4253, 10.25867
588.9074, 13.15100
589.3895, 14.18909
589.8716, 13.64124
590.3538, 10.38232
590.8359, 7.322754
591.3180, 9.134033
591.8001, 16.84119
592.2822, 16.73315
592.7643, 4.146240
593.2465, 8.218872
593.7286, 0.6027830
594.2107, 21.62585
594.6928, 39.50549
595.1749, 46.31140
595.6570, 46.87024
596.1392, 43.35754
596.6213, 37.85059
597.1034, 34.99963
597.5854, 41.29822
598.0676, 47.52551
598.5497, 46.43738
599.0318, 36.12402
599.5139, 32.35852
599.9960, 44.13342
600.4781, 58.75305
600.9603, 67.84094
601.4424, 68.07373
601.9245, 70.32776
602.4066, 75.70312
602.8887, 82.33630
603.3708, 89.18823
603.8530, 96.81628
604.3351, 95.54358
604.8172, 77.17981
605.2993, 52.10876
605.7814, 48.35425
606.2635, 63.25696
606.7457, 76.77649
607.2278, 70.71704
607.7099, 58.88745
608.1920, 59.10132
608.6741, 73.48010
609.1563, 86.54333
609.6384, 87.39014
610.1205, 84.46997
610.6026, 85.20142
611.0847, 92.65295
611.5668, 101.5023
612.0490, 113.8120
612.5311, 126.3434
613.0132, 133.6218
613.4953, 134.5795
613.9774, 132.3618
614.4595, 126.8214
614.9417, 118.7656
615.4238, 110.7708
615.9059, 102.1603
616.3880, 100.0641
616.8701, 113.3444
617.3522, 136.5774
617.8344, 154.8024
618.3165, 167.5640
618.7986, 173.2004
619.2807, 160.3884
619.7628, 143.0093
620.2449, 140.5830
620.7271, 166.3802
621.2092, 191.0726
621.6913, 202.1039
622.1734, 203.5820
622.6555, 202.3623
623.1376, 195.1887
623.6198, 190.5555
624.1019, 190.5972
624.5840, 194.5481
625.0661, 198.2452
625.5482, 201.3516
626.0303, 205.3524
626.5125, 212.7396
626.9946, 223.0844
627.4767, 225.2628
627.9588, 218.4022
628.4409, 209.4573
628.9230, 203.4156
629.4052, 200.7716
629.8873, 202.7678
630.3694, 210.2800
630.8515, 219.9556
631.3336, 233.4973
631.8157, 246.7356
632.2979, 252.9580
632.7800, 243.9049
633.2621, 233.5377
633.7442, 222.9093
634.2263, 214.0778
634.7084, 216.9485
635.1906, 241.3998
635.6727, 264.4752
636.1548, 278.9949
636.6369, 285.8784
637.1190, 283.2266
637.6011, 266.7577
638.0833, 253.6295
638.5654, 265.5524
639.0475, 295.5143
639.5296, 303.4333
640.0117, 281.2424
640.4938, 253.2103
640.9760, 244.4888
641.4581, 247.6495
641.9402, 248.6143
642.4223, 234.9806
642.9044, 226.7543
643.3865, 241.8712
643.8687, 270.6077
644.3508, 288.6008
644.8329, 280.1814
645.3150, 270.6930
645.7971, 266.7338
646.2792, 268.1548
646.7614, 271.8636
647.2435, 278.0139
647.7256, 284.8094
648.2077, 293.1343
648.6898, 303.2275
649.1719, 304.6479
649.6541, 296.0341
650.1362, 287.2565
650.6183, 291.7412
651.1004, 302.6718
651.5825, 305.1572
652.0646, 291.8704
652.5468, 279.4983
653.0289, 286.6802
653.5110, 302.2745
653.9931, 307.6635
654.4752, 280.9232
654.9573, 259.8098
655.4395, 257.3823
655.9216, 271.2327
656.4037, 287.3519
656.8858, 312.8263
657.3679, 329.2565
657.8500, 325.8772
658.3322, 303.4662
658.8143, 293.1294
659.2964, 296.0256
659.7785, 304.7611
660.2606, 317.3567
660.7427, 330.5546
661.2249, 333.1073
661.7070, 322.6740
662.1891, 312.3879
662.6712, 315.2906
663.1533, 324.9684
663.6354, 332.9255
664.1175, 335.1277
664.5996, 337.4946
665.0817, 342.9587
665.5638, 349.4031
666.0460, 352.9507
666.5281, 352.7953
667.0102, 351.3789
667.4923, 348.9495
667.9744, 346.6227
668.4565, 346.7610
668.9387, 347.7502
669.4208, 349.5444
669.9029, 355.0942
670.3850, 364.5026
670.8671, 373.5582
671.3492, 380.9705
671.8314, 386.6710
672.3135, 390.1379
672.7956, 393.2321
673.2777, 397.5634
673.7598, 403.0416
674.2419, 408.9503
674.7241, 418.5409
675.2062, 427.8687
675.6883, 433.1519
676.1704, 430.4453
676.6525, 429.0869
677.1346, 425.8596
677.6168, 423.5365
678.0989, 430.2532
678.5810, 448.7876
679.0631, 462.7990
679.5452, 467.9261
680.0273, 466.9087
680.5095, 462.1393
680.9916, 454.5145
681.4737, 453.6943
681.9558, 474.3733
682.4379, 498.3508
682.9200, 506.6311
683.4022, 499.5142
683.8843, 489.4697
684.3664, 474.6460
684.8485, 463.2587
685.3306, 462.4755
685.8127, 478.9771
686.2949, 486.5044
686.7770, 476.8441
687.2591, 465.5802
687.7412, 468.6506
688.2233, 489.1378
688.7054, 502.6702
689.1876, 507.3171
689.6697, 504.4275
690.1518, 492.8154
690.6339, 474.7192
691.1160, 457.1934
691.5981, 439.9301
692.0803, 428.1498
692.5624, 434.9966
693.0445, 450.7627
693.5266, 453.1395
694.0087, 411.0043
694.4908, 377.0551
694.9730, 376.7748
695.4551, 406.5413
695.9372, 426.8792
696.4193, 437.6187
696.9014, 439.2849
697.3835, 430.5012
697.8657, 411.6123
698.3478, 390.1305
698.8299, 365.1021
699.3120, 345.6299
699.7941, 342.4817
700.2762, 349.6704
700.7584, 356.2335
701.2405, 361.6693
701.7226, 361.3737
702.2047, 346.9480
702.6868, 327.0737
703.1689, 310.2964
703.6511, 293.7390
704.1332, 288.4722
704.6153, 310.7921
705.0974, 339.2434
705.5795, 346.6288
706.0616, 325.8577
706.5438, 300.6276
707.0259, 271.1154
707.5080, 242.9905
707.9901, 232.1165
708.4722, 237.3472
708.9543, 241.3348
709.4365, 236.6892
709.9186, 227.0339
710.4007, 215.3438
710.8828, 202.5975
711.3649, 192.2861
711.8470, 187.9430
712.3292, 184.9126
712.8113, 182.0013
713.2934, 179.2488
713.7755, 171.5717
714.2576, 153.2823
714.7397, 136.1947
715.2219, 126.5686
715.7040, 125.5864
716.1861, 120.6899
716.6682, 110.5582
717.1503, 101.6737
717.6324, 102.5259
718.1146, 109.7832
718.5967, 112.7363
719.0788, 109.8528
719.5609, 103.0002
720.0430, 90.79712
720.5251, 76.65247
721.0073, 64.74695
721.4894, 56.68311
721.9715, 50.25085
722.4536, 46.47119
722.9357, 43.44751
723.4178, 38.77173
723.9000, 34.30103
724.3821, 22.41052
724.8642, 3.743286
725.3463, 33.48120
725.8284, 33.14709
726.3105, 4.598267
726.7927, 11.26855
727.2748, 13.22229
727.7569, 51.81274
728.2390, 65.30933
728.7211, 58.60876
729.2032, 51.38965
729.6853, 56.31738
730.1674, 61.36450
730.6495, 57.66602
731.1317, 44.71582
731.6138, 38.60132
732.0959, 38.94849
732.5780, 47.80176
733.0601, 70.48535
733.5422, 108.9264
734.0244, 128.2161
734.5065, 126.4729
734.9886, 116.2651
735.4707, 102.2783
735.9528, 88.72827
736.4349, 89.49951
736.9171, 107.5698
737.3992, 125.7124
737.8813, 132.6206
738.3634, 131.6211
738.8455, 125.2507
739.3276, 107.2141
739.8098, 96.69336
740.2919, 105.5286
740.7740, 118.7561
741.2561, 118.6611
741.7382, 98.09033
742.2203, 90.27856
742.7025, 104.3931
743.1846, 124.4927
743.6667, 121.1013
744.1488, 98.00415
744.6309, 75.33936
745.1130, 60.68872
745.5952, 49.38086
746.0773, 34.71460
746.5594, 19.94800
747.0415, 13.03857
747.5236, 30.42456
748.0057, 41.85693
748.4879, 31.32251
748.9700, 4.267334
749.4521, 10.86279
749.9342, 6.066406
750.4163, 7.228271
750.8984, 25.95337
751.3806, 57.74805
751.8627, 81.53198
752.3448, 97.15039
752.8269, 114.0327
753.3090, 140.2971
753.7911, 169.6479
754.2733, 192.7600
754.7554, 209.8359
755.2375, 225.0603
755.7196, 235.5896
756.2017, 248.9702
756.6838, 273.4524
757.1660, 314.0481
757.6481, 338.4255
758.1302, 334.0203
758.6123, 331.8774
759.0944, 360.7161
759.5765, 420.8794
760.0587, 452.4797
760.5408, 449.4019
761.0229, 441.2483
761.5050, 460.3242
761.9871, 494.2141
762.4692, 521.9497
762.9514, 538.9309
763.4335, 551.7695
763.9156, 559.0305
764.3977, 565.7368
764.8798, 577.3364
765.3619, 605.5178
765.8441, 622.5527
766.3262, 622.8425
766.8083, 617.8870
767.2904, 624.0012
767.7725, 641.5298
768.2546, 658.5530
768.7368, 673.7644
769.2189, 683.8674
769.7010, 677.7305
770.1831, 663.0518
770.6652, 658.1458
771.1473, 681.8584
771.6295, 701.9480
772.1116, 694.3606
772.5937, 671.2917
773.0758, 658.5283
773.5579, 671.4966
774.0400, 678.6970
774.5222, 675.3848
775.0043, 662.7373
775.4864, 642.3567
775.9685, 613.7893
776.4506, 587.5425
776.9327, 572.0083
777.4149, 556.6841
777.8970, 516.4207
778.3791, 458.5449
778.8612, 410.2480
779.3433, 391.1165
779.8254, 380.8994
780.3076, 371.9514
780.7897, 363.1899
781.2718, 348.7463
781.7539, 328.4827
782.2360, 301.6021
782.7181, 262.7292
783.2003, 214.3655
783.6824, 185.8740
784.1645, 179.7634
784.6466, 181.4111
785.1287, 186.0681
785.6108, 186.8152
786.0930, 168.4465
786.5751, 134.5474
787.0572, 113.3291
787.5393, 131.3567
788.0214, 157.1160
788.5035, 170.5266
788.9857, 168.0054
789.4678, 174.2729
789.9499, 191.2729
790.4320, 213.7886
790.9141, 238.1572
791.3962, 262.6494
791.8784, 299.3496
792.3605, 350.6201
792.8426, 400.6528
793.3247, 434.9321
793.8068, 460.2222
794.2889, 483.4727
794.7711, 503.4312
795.2531, 534.0864
795.7352, 593.3818
796.2173, 659.7393
796.6995, 717.5259
797.1816, 762.5200
797.6637, 809.5850
798.1458, 858.1079
798.6279, 908.0752
799.1100, 960.2988
799.5922, 1015.646
800.0743, 1073.408
800.5564, 1132.925
801.0385, 1186.812
801.5206, 1227.616
802.0027, 1261.439
802.4849, 1292.666
802.9670, 1317.401
803.4491, 1353.568
803.9312, 1423.771
804.4133, 1498.110
804.8954, 1547.475
805.3776, 1557.666
805.8597, 1578.639
806.3418, 1615.221
806.8239, 1657.863
807.3060, 1691.209
807.7881, 1719.351
808.2703, 1765.273
808.7524, 1837.385
809.2345, 1909.468
809.7166, 1952.864
810.1987, 1983.954
810.6808, 2025.352
811.1630, 2098.918
811.6451, 2155.110
812.1272, 2165.447
812.6093, 2169.478
813.0914, 2211.207
813.5735, 2296.656
814.0557, 2394.229
814.5378, 2505.019
815.0199, 2611.361
815.5020, 2668.893
815.9841, 2701.235
816.4662, 2771.691
816.9484, 2909.619
817.4305, 3060.893
817.9126, 3185.854
818.3947, 3301.366
818.8768, 3428.502
819.3589, 3567.970
819.8411, 3722.762
820.3232, 3895.451
820.8053, 4082.032
821.2874, 4273.247
821.7695, 4469.067
822.2516, 4677.887
822.7338, 4901.124
823.2159, 5143.172
823.6980, 5410.366
824.1801, 5698.913
824.6622, 5995.854
825.1443, 6301.981
825.6265, 6614.322
826.1086, 6916.316
826.5907, 7231.208
827.0728, 7588.034
827.5549, 8002.619
828.0370, 8427.800
828.5192, 8853.556
829.0013, 9295.647
829.4834, 9771.229
829.9655, 10279.33
830.4476, 10784.51
830.9297, 11280.98
831.4119, 11776.45
831.8940, 12273.28
832.3761, 12778.05
832.8582, 13294.82
833.3403, 13830.87
833.8224, 14363.85
834.3046, 14904.20
834.7867, 15428.28
835.2688, 15891.53
835.7509, 16289.67
836.2330, 16700.68
836.7151, 17154.37
837.1973, 17588.76
837.6794, 17945.39
838.1615, 18222.28
838.6436, 18414.52
839.1257, 18486.90
839.6078, 18531.91
840.0900, 18637.21
840.5721, 18726.29
841.0542, 18683.09
841.5363, 18465.18
842.0184, 18200.43
842.5005, 17899.78
842.9827, 17557.04
843.4648, 17150.98
843.9469, 16688.79
844.4290, 16219.50
844.9111, 15764.64
845.3932, 15290.45
845.8754, 14751.65
846.3575, 14178.93
846.8396, 13614.83
847.3217, 13063.51
847.8038, 12531.12
848.2859, 12023.77
848.7681, 11536.53
849.2502, 11060.21
849.7323, 10594.84
850.2144, 10138.33
850.6965, 9687.940
851.1786, 9254.489
851.6608, 8844.571
852.1429, 8466.223
852.6250, 8118.493
853.1071, 7801.108
853.5892, 7515.777
854.0714, 7267.933
854.5535, 7053.685
855.0356, 6873.165
855.5177, 6746.736
855.9998, 6602.557
856.4819, 6428.662
856.9641, 6252.101
857.4462, 6102.314
857.9283, 5977.970
858.4104, 5883.001
858.8925, 5819.881
859.3746, 5770.900
859.8568, 5711.854
860.3389, 5662.404
860.8210, 5647.490
861.3030, 5688.705
861.7852, 5718.214
862.2673, 5726.377
862.7494, 5728.439
863.2315, 5733.767
863.7136, 5741.689
864.1957, 5752.306
864.6779, 5765.568
865.1600, 5785.566
865.6421, 5826.140
866.1242, 5870.981
866.6063, 5892.761
867.0884, 5884.299
867.5706, 5880.340
868.0527, 5914.011
868.5348, 5940.459
869.0169, 5928.264
869.4990, 5869.418
869.9811, 5820.401
870.4633, 5784.407
870.9454, 5740.651
871.4275, 5669.350
871.9096, 5580.185
872.3917, 5493.126
872.8738, 5410.231
873.3560, 5332.634
873.8381, 5263.141
874.3202, 5195.797
874.8023, 5127.763
875.2844, 5058.280
875.7665, 4995.992
876.2487, 4947.912
876.7308, 4889.396
877.2129, 4804.032
877.6950, 4698.762
878.1771, 4604.306
878.6592, 4521.012
879.1414, 4447.416
879.6235, 4385.162
880.1056, 4331.213
880.5877, 4284.768
881.0698, 4243.766
881.5519, 4202.368
882.0341, 4163.639
882.5162, 4120.654
882.9983, 4070.682
883.4804, 4013.883
883.9625, 3948.608
884.4446, 3875.267
884.9268, 3810.224
885.4089, 3763.980
885.8910, 3727.152
886.3731, 3690.027
886.8552, 3651.641
887.3373, 3609.486
887.8195, 3565.146
888.3016, 3514.062
888.7837, 3449.670
889.2658, 3378.148
889.7479, 3319.149
890.2300, 3278.210
890.7122, 3214.742
891.1943, 3107.350
891.6764, 2992.178
892.1585, 2934.602
892.6406, 2913.866
893.1227, 2883.412
893.6049, 2818.406
894.0870, 2751.766
894.5691, 2698.698
895.0512, 2651.154
895.5333, 2598.396
896.0154, 2542.549
896.4976, 2471.662
896.9797, 2379.388
897.4618, 2287.664
897.9439, 2242.728
898.4260, 2222.601
898.9081, 2169.299
899.3903, 2062.319
899.8724, 1951.780
900.3545, 1856.549
900.8366, 1777.130
901.3187, 1718.779
901.8008, 1693.295
902.2830, 1647.777
902.7651, 1577.185
903.2472, 1495.691
903.7293, 1413.037
904.2114, 1328.510
904.6935, 1243.660
905.1757, 1158.917
905.6578, 1079.198
906.1399, 1014.540
906.6220, 952.2937
907.1041, 881.1238
907.5862, 797.8977
908.0684, 725.8784
908.5505, 672.5015
909.0326, 617.1677
909.5147, 548.2886
909.9968, 468.2322
910.4789, 385.9214
910.9611, 303.4163
911.4432, 238.2969
911.9253, 215.4980
912.4074, 201.9902
912.8895, 171.1316
913.3716, 126.3315
913.8538, 86.23145
914.3359, 50.50342
914.8180, 25.09131
915.3001, 16.84106
915.7822, 15.69897
916.2643, 10.17285
916.7465, 56.99951
917.2286, 97.32983
917.7107, 123.7275
918.1928, 136.0117
918.6749, 122.1169
919.1570, 97.12671
919.6392, 85.94116
920.1213, 111.0715
920.6034, 127.5254
921.0855, 128.9014
921.5676, 124.1855
922.0497, 125.8650
922.5319, 133.2959
923.0140, 137.3054
923.4961, 136.0698
923.9782, 133.4543
924.4603, 133.2156
924.9424, 133.9563
925.4246, 134.1592
925.9067, 133.3857
926.3888, 132.1841
926.8708, 133.1382
927.3530, 130.5750
927.8351, 118.5718
928.3172, 97.52832
928.7993, 83.09473
929.2814, 75.26514
929.7635, 71.63354
930.2457, 74.75293
930.7278, 78.22949
931.2099, 73.04321
931.6920, 60.06592
932.1741, 51.95923
932.6563, 60.50830
933.1384, 62.70898
933.6205, 48.11475
934.1026, 22.80200
934.5847, 13.73218
935.0668, 20.02100
935.5490, 25.64087
936.0311, 23.02808
936.5132, 17.52686
936.9953, 16.30176
937.4774, 15.90063
937.9595, 9.125244
938.4417, 16.16187
938.9238, 33.87744
939.4059, 38.28125
939.8880, 36.88379
940.3701, 41.59912
940.8522, 51.94116
941.3344, 57.89697
941.8165, 56.87036
942.2986, 56.26587
942.7807, 63.56860
943.2628, 74.83838
943.7449, 86.34375
944.2271, 98.68481
944.7092, 107.2251
945.1913, 105.6362
945.6734, 108.8037
946.1555, 132.8369
946.6376, 174.9014
947.1198, 192.2847
947.6019, 185.4614
948.0840, 176.9116
948.5661, 189.2302
949.0482, 202.1025
949.5303, 191.2122
950.0125, 159.5383
950.4946, 147.3005
950.9767, 173.5845
951.4588, 194.4756
951.9409, 194.4329
952.4230, 182.5142
952.9052, 187.8655
953.3873, 207.6414
953.8694, 223.7562
954.3515, 230.7983
954.8336, 229.2714
955.3157, 206.2346
955.7979, 178.8396
956.2800, 176.3760
956.7621, 228.3434
957.2442, 257.9080
957.7263, 256.1039
958.2084, 239.3322
958.6906, 222.0941
959.1727, 206.1484
959.6548, 198.4222
960.1369, 200.0217
960.6190, 208.8617
961.1011, 233.7473
961.5833, 257.9033
962.0654, 264.8444
962.5475, 250.2480
963.0296, 247.3304
963.5117, 259.9496
963.9938, 273.1100
964.4760, 277.8420
964.9581, 277.1659
965.4402, 276.5156
965.9223, 277.3503
966.4044, 286.2775
966.8865, 320.5059
967.3687, 349.1074
967.8508, 352.6150
968.3329, 339.6008
968.8150, 333.3582
969.2971, 334.9189
969.7792, 338.6050
970.2614, 344.0037
970.7435, 349.1105
971.2256, 348.5077
971.7077, 346.1671
972.1898, 351.2397
972.6719, 370.2695
973.1541, 384.2583
973.6362, 384.0483
974.1183, 377.3893
974.6004, 367.8069
975.0825, 353.3534
975.5646, 346.5969
976.0468, 348.5979
976.5289, 355.7432
977.0110, 367.4872
977.4931, 380.3257
977.9752, 390.5715
978.4573, 397.7965
978.9395, 398.4342
979.4216, 390.8373
979.9037, 375.6125
980.3858, 348.1602
980.8679, 315.5627
981.3500, 298.3582
981.8322, 296.3196
982.3143, 303.2220
982.7964, 321.3091
983.2785, 338.8257
983.7606, 348.5983
984.2427, 348.8347
984.7249, 336.2085
985.2070, 286.9316
985.6891, 264.8140
986.1712, 282.8300
986.6533, 308.4617
987.1354, 305.8975
987.6176, 282.4045
988.0997, 276.5969
988.5818, 290.5518
989.0639, 302.0730
989.5460, 292.4675
990.0281, 278.2798
990.5103, 269.0856
990.9924, 265.7743
991.4745, 265.2319
991.9566, 269.6086
992.4387, 271.0063
992.9208, 263.9756
993.4029, 253.9453
993.8850, 253.8539
994.3671, 260.6288
994.8492, 265.3219
995.3314, 266.2094
995.8135, 262.4630
996.2956, 246.0743
996.7777, 230.8105
997.2598, 236.5879
997.7419, 269.1317
998.2241, 274.4779
998.7062, 246.6180
999.1883, 212.4989
999.6704, 188.6805
1000.153, 178.1865
1000.635, 193.9038
1001.117, 236.9880
1001.599, 259.6292
1002.081, 235.6975
1002.563, 206.8376
1003.045, 182.7964
1003.527, 165.4004
1004.009, 167.2340
1004.492, 186.1031
1004.974, 202.6526
1005.456, 211.0394
1005.938, 210.8182
1006.420, 193.4087
1006.902, 170.2726
1007.384, 160.4141
1007.866, 171.7762
1008.349, 180.7778
1008.831, 188.2303
1009.313, 192.3452
1009.795, 188.8939
1010.277, 180.4080
1010.759, 173.9542
1011.241, 170.4568
1011.723, 168.7854
1012.205, 171.0028
1012.688, 171.8536
1013.170, 166.0554
1013.652, 155.2585
1014.134, 152.7449
1014.616, 160.3676
1015.098, 169.6018
1015.580, 177.1597
1016.062, 183.7230
1016.544, 192.6447
1017.027, 200.5922
1017.509, 202.2385
1017.991, 187.4818
1018.473, 180.3525
1018.955, 189.9578
1019.437, 197.7524
1019.919, 176.0580
1020.401, 131.9215
1020.884, 120.1198
1021.366, 144.0160
1021.848, 168.7006
1022.330, 172.3958
1022.812, 165.7644
1023.294, 149.9055
1023.776, 127.6628
1024.258, 124.1315
1024.740, 146.6132
1025.223, 160.6086
1025.705, 152.2668
1026.187, 133.9268
1026.669, 123.2755
1027.151, 119.6272
1027.633, 122.4104
1028.115, 139.2950
1028.597, 147.0835
1029.079, 130.4299
1029.562, 111.0389
1030.044, 107.0468
1030.526, 118.7825
1031.008, 128.3386
1031.490, 135.1802
1031.972, 139.1046
1032.454, 141.3312
1032.936, 139.5148
1033.419, 129.1578
1033.901, 112.2596
1034.383, 100.8995
1034.865, 98.15063
1035.347, 94.71790
1035.829, 87.62781
1036.311, 80.50146
1036.793, 82.11377
1037.276, 88.42981
1037.758, 88.78870
1038.240, 78.30383
1038.722, 69.12695
1039.204, 64.74902
1039.686, 65.84460
1040.168, 75.88708
1040.650, 95.49243
1041.132, 94.93640
1041.615, 73.67493
1042.097, 56.09241
1042.579, 61.14355
1043.061, 72.91150
1043.543, 79.79956
1044.025, 82.94360
1044.507, 83.05029
1044.989, 77.69580
1045.471, 74.00757
1045.954, 74.14746
1046.436, 74.24146
1046.918, 63.60364
1047.400, 48.79614
1047.882, 51.52026
1048.364, 76.74695
1048.846, 97.97449
1049.328, 101.8890
1049.811, 97.06299
1050.293, 87.16345
1050.775, 72.91797
1051.257, 58.37170
1051.739, 43.42969
1052.221, 36.61023
1052.703, 45.99683
1053.185, 59.20703
1053.667, 64.07654
1054.150, 63.43665
1054.632, 62.33276
1055.114, 63.55261
1055.596, 60.99707
1056.078, 52.54004
1056.560, 44.42859
1057.042, 45.69641
1057.524, 52.47607
1058.006, 53.68140
1058.489, 49.13562
1058.971, 42.99976
1059.453, 31.77698
1059.935, 25.90186
1060.417, 30.70142
1060.899, 43.41943
1061.381, 61.79028
1061.863, 85.60767
1062.346, 88.42188
1062.828, 57.73462
1063.310, 23.36377
1063.792, 11.83862
1064.274, 16.18823
1064.756, 32.24268
1065.238, 68.95483
1065.720, 80.08789
1066.203, 56.95776
1066.685, 33.34595
1067.167, 30.80249
1067.649, 41.87524
1068.131, 55.52319
1068.613, 68.48560
1069.095, 69.94507
1069.577, 38.51440
1070.059, 16.95532
1070.542, 19.87158
1071.024, 33.48047
1071.506, 43.43750
1071.988, 49.42798
1072.470, 44.12744
1072.952, 26.34985
1073.434, 9.137695
1073.916, 0.8229980
1074.398, 1.042725
1074.881, 4.415771
1075.363, 16.33740
1075.845, 22.03882
1076.327, 18.73901
1076.809, 22.23730
1077.291, 41.04932
1077.773, 61.79663
1078.255, 63.37451
1078.738, 52.60718
1079.220, 39.34424
1079.702, 19.69751
1080.184, 15.91846
1080.666, 41.02417
1081.148, 63.79004
1081.630, 58.59106
1082.112, 32.62158
1082.594, 26.97241
1083.077, 38.23560
1083.559, 45.45654
1084.041, 30.19165
1084.523, 15.69116
1085.005, 13.96094
1085.487, 19.42383
1085.969, 24.70337
1086.451, 30.37573
1086.933, 27.43530
1087.416, 13.51807
1087.898, 1.163330
1088.380, 0.3544920
1088.862, 8.035645
1089.344, 28.29858
1089.826, 59.97949
1090.308, 65.13452
1090.790, 28.40039
1091.272, 3.428467
1091.755, 10.50293
1092.237, 31.40430
1092.719, 34.71655
1093.201, 26.39331
1093.683, 18.81323
1094.165, 15.70630
1094.647, 12.43506
1095.129, 4.061035
1095.612, 0.7248540
1096.094, 5.236084
1096.576, 20.21289
1097.058, 31.38013
1097.540, 38.35962
1098.022, 37.84106
1098.504, 23.25024
1098.986, 5.767334
1099.469, 19.56787
1099.951, 38.36279
1100.433, 24.12866
1100.915, 29.42993
1101.397, 55.67847
1101.879, 48.02832
1102.361, 30.57373
1102.843, 16.90259
1103.325, 8.029785
1103.807, 5.926025
1104.290, 9.756592
1104.772, 8.680176
1105.254, 1.226074
1105.736, 7.324463
1106.218, 5.487061
1106.700, 0.3044430
1107.182, 0.3811040
1107.664, 0.6569820
1108.147, 2.171875
1108.629, 10.81030
1109.111, 19.89648
1109.593, 30.60889
1110.075, 37.81177
1110.557, 38.51514
1111.039, 33.92212
1111.521, 28.86963
1112.004, 22.71411
1112.486, 14.23047
1112.968, 4.385498
1113.450, 15.51465
1113.932, 1.344727
1114.414, 17.86646
1114.896, 17.34448
1115.378, 6.003906
1115.860, 8.239502
1116.343, 12.55200
1116.825, 33.23999
1117.307, 34.83740
1117.789, 29.52759
1118.271, 29.64551
1118.753, 32.01416
1119.235, 21.22900
1119.717, 10.96948
1120.199, 26.01636
1120.682, 17.49707
1121.164, 0.8469240
1121.646, 20.98730
1122.128, 38.23560
1122.610, 43.81445
1123.092, 36.24634
1123.574, 32.79858
1124.056, 36.34448
1124.539, 43.50757
1125.021, 56.52222
1125.503, 68.31812
1125.985, 60.04077
1126.467, 39.02563
1126.949, 21.75000
1127.431, 10.82983
1127.913, 9.696045
1128.396, 33.04468
1128.878, 51.45532
1129.360, 43.01367
1129.842, 14.05151
1130.324, 8.334229
1130.806, 22.09912
1131.288, 33.36572
1131.770, 23.56885
1132.252, 17.29736
1132.734, 35.99023
1133.217, 58.01587
1133.699, 55.06128
1134.181, 24.38647
1134.663, 7.068359
1135.145, 4.796631
1135.627, 7.728027
1136.109, 13.83521
1136.591, 17.44873
1137.074, 9.328613
1137.556, 4.973877
1138.038, 4.473633
1138.520, 16.78931
1139.002, 25.16211
1139.484, 13.42090
1139.966, 2.168213
1140.448, 8.363525
1140.931, 5.575684
1141.413, 11.43848
1141.895, 43.01587
1142.377, 55.07593
1142.859, 36.24951
1143.341, 25.20923
1143.823, 37.55371
1144.305, 55.71948
1144.787, 43.88208
1145.270, 18.36133
1145.752, 11.60840
1146.234, 38.92261
1146.716, 52.01270
1147.198, 35.40479
1147.680, 19.03320
1148.162, 19.97266
1148.644, 31.29663
1149.126, 32.57007
1149.609, 25.95850
1150.091, 17.82227
1150.573, 8.481201
1151.055, 1.308594
1151.537, 5.425537
1152.019, 6.917480
1152.501, 5.105469
1152.983, 27.89453
1153.466, 33.98901
1153.948, 25.33447
1154.430, 18.74048
1154.912, 27.03857
1155.394, 35.46411
1155.876, 41.97998
1156.358, 42.09521
1156.840, 23.48315
1157.322, 14.04175
1157.805, 26.49414
1158.287, 9.052979
1158.769, 9.227295
1159.251, 9.741943
1159.733, 20.96069
1160.215, 29.03320
1160.697, 111.3088
1161.179, 127.1702
1161.661, 70.72437
1162.144, 37.48828
1162.626, 48.25024
1163.108, 65.74658
1163.590, 50.02734
1164.072, 27.60889
1164.554, 27.70801
1165.036, 49.95166
1165.518, 57.28149
1166.000, 47.66553
1166.483, 40.00317
1166.965, 43.10205
1167.447, 44.87842
1167.929, 27.81934
1168.411, 6.222168
1168.893, 0.6076660
1169.375, 15.79639
1169.857, 21.63721
1170.340, 13.91235
1170.822, 7.292969
1171.304, 10.48877
1171.786, 17.70435
1172.268, 22.21313
1172.750, 23.10962
1173.232, 18.17798
1173.714, 0.5236820
1174.197, 10.28223
1174.679, 11.35059
1175.161, 2.692627
1175.643, 29.78467
1176.125, 66.04785
1176.607, 56.92798
1177.089, 16.71460
1177.571, 11.50952
1178.053, 7.910889
1178.536, 2.238037
1179.018, 19.39941
1179.500, 36.85718
1179.982, 51.23706
1180.464, 60.19141
1180.946, 53.80957
1181.428, 34.80420
1181.910, 21.62378
1182.392, 29.96216
1182.875, 32.35205
1183.357, 20.82251
1183.839, 6.294922
1184.321, 6.816650
1184.803, 18.17065
1185.285, 30.71704
1185.767, 43.10034
1186.249, 47.94189
1186.732, 34.04907
1187.214, 21.47974
1187.696, 14.91968
1188.178, 14.82227
1188.660, 27.58960
1189.142, 47.71631
1189.624, 54.63403
1190.106, 43.28125
1190.589, 33.06641
1191.071, 34.38257
1191.553, 37.20190
1192.035, 37.06958
1192.517, 35.46460
1192.999, 36.84644
1193.481, 40.95459
1193.963, 48.00439
1194.445, 60.83276
1194.927, 65.82593
1195.410, 45.17188
1195.892, 26.18140
1196.374, 26.94946
1196.856, 41.80957
1197.338, 39.26196
1197.820, 23.43652
1198.302, 16.61938
1198.784, 33.62744
1199.267, 48.74634
1199.749, 44.05640
1200.231, 36.18262
1200.713, 38.19556
1201.195, 48.65552
1201.677, 50.61792
1202.159, 45.32178
1202.641, 40.70337
1203.124, 41.13208
1203.606, 42.56616
1204.088, 45.47876
1204.570, 46.39478
1205.052, 38.50586
1205.534, 21.93530
1206.016, 29.80957
1206.498, 59.29541
1206.980, 79.47754
1207.463, 64.35767
1207.945, 48.07861
1208.427, 42.92944
1208.909, 44.49487
1209.391, 44.91479
1209.873, 44.16357
1210.355, 40.47632
1210.837, 34.12817
1211.319, 30.61328
1211.802, 35.28906
1212.284, 41.73438
1212.766, 49.37744
1213.248, 55.47510
1213.730, 51.51904
1214.212, 38.73389
1214.694, 39.96265
1215.176, 56.53638
1215.659, 62.13184
1216.141, 26.20239
1216.623, 2.282227
1217.105, 7.673340
1217.587, 37.99951
1218.069, 54.12280
1218.551, 55.57568
1219.033, 45.89722
1219.516, 24.84106
1219.998, 12.25439
1220.480, 38.16260
1220.962, 57.32788
1221.444, 36.11597
1221.926, 4.471191
1222.408, 4.652588
1222.890, 29.47119
1223.372, 39.32373
1223.854, 10.84351
1224.337, 11.75439
1224.819, 4.610352
1225.301, 30.08032
1225.783, 51.99365
1226.265, 68.16528
1226.747, 69.63916
1227.229, 58.15356
1227.711, 40.88794
1228.193, 16.70898
1228.676, 2.332520
1229.158, 12.96167
1229.640, 30.88208
1230.122, 50.17114
1230.604, 67.00439
1231.086, 61.29297
1231.568, 38.73999
1232.050, 28.94702
1232.533, 46.07275
1233.015, 56.07373
1233.497, 27.31201
1233.979, 3.203857
1234.461, 10.88965
1234.943, 40.60864
1235.425, 54.09326
1235.907, 53.67114
1236.390, 48.01074
1236.872, 35.40356
1237.354, 26.96094
1237.836, 22.43286
1238.318, 24.17065
1238.800, 39.14331
1239.282, 57.95776
1239.764, 46.00464
1240.246, 15.49512
1240.729, 5.250244
1241.211, 12.26123
1241.693, 29.89453
1242.175, 44.42651
1242.657, 48.67261
1243.139, 34.27393
1243.621, 9.032959
1244.103, 0.6416020
1244.585, 6.666504
1245.068, 20.48169
1245.550, 50.42285
1246.032, 66.80786
1246.514, 58.65088
1246.996, 48.55420
1247.478, 57.54736
1247.960, 74.96460
1248.442, 67.38086
1248.925, 40.51880
1249.407, 27.18799
1249.889, 47.40479
1250.371, 52.26611
1250.853, 36.50537
1251.335, 18.50244
1251.817, 14.08301
1252.299, 17.35815
1252.781, 18.37549
1253.264, 17.95117
1253.746, 18.54248
1254.228, 24.86914
1254.710, 23.31812
1255.192, 11.43384
1255.674, 0.1506350
1256.156, 0.0000000E+00
##END=



