##NAMES=Axinite-(Fe)
##RRUFFID=R060183
##IDEAL CHEMISTRY=Ca_4_Fe^2+^_2_Al_4_[B_2_Si_8_O_30_](OH)_2_
##LOCALITY=Skagit Bluffs, near Manning Park, British Columbia, Canada
##OWNER=RRUFF
##SOURCE=Lloyd Twaites
##DESCRIPTION=Light-pink transparent axe-head-shaped single crystal
##STATUS=The identification of this mineral has been confirmed by X-ray diffraction and chemical analysis
##URL=rruff.info/R060183
##MEASURED CHEMISTRY=Ca_2.00_(Fe^2+^_0.58_Mn_0.23_Mg_0.19_)Al_2.00_B_1.00_Si_4.00_O_15_(OH)
142.6476, 0.0000000E+00
143.1297, 0.4514010
143.6118, 8.2641996E-02
144.0939, 7.9079002E-02
144.5761, 0.7546840
145.0582, 2.325668
145.5403, 4.528481
146.0224, 7.343567
146.5045, 10.78953
146.9866, 14.71838
147.4688, 19.05651
147.9509, 23.88168
148.4330, 29.68816
148.9151, 36.72149
149.3972, 43.16656
149.8793, 47.74554
150.3615, 51.11668
150.8436, 53.96049
151.3257, 56.80031
151.8078, 59.10583
152.2899, 59.62248
152.7720, 58.05070
153.2542, 55.11123
153.7363, 50.57870
154.2184, 45.17774
154.7005, 39.96204
155.1826, 35.60056
155.6647, 32.05329
156.1469, 28.99529
156.6290, 27.22164
157.1111, 25.21162
157.5932, 22.36441
158.0753, 18.94532
158.5574, 15.55963
159.0396, 12.67970
159.5217, 10.31527
160.0038, 8.455307
160.4859, 7.090630
160.9680, 6.144341
161.4501, 5.675476
161.9323, 5.640648
162.4144, 5.949760
162.8965, 6.861305
163.3786, 8.687073
163.8607, 11.73402
164.3428, 15.76797
164.8250, 19.98858
165.3071, 23.88824
165.7892, 27.36663
166.2713, 30.71914
166.7534, 33.93520
167.2355, 37.14260
167.7177, 41.31714
168.1998, 47.00797
168.6819, 53.59267
169.1640, 60.51488
169.6461, 67.84250
170.1282, 74.79754
170.6104, 80.49152
171.0925, 85.08942
171.5746, 88.46265
172.0567, 90.73811
172.5388, 91.75968
173.0209, 90.93515
173.5031, 87.65372
173.9852, 83.01475
174.4673, 78.01112
174.9494, 72.67097
175.4315, 67.11381
175.9136, 61.32323
176.3958, 55.30255
176.8779, 49.49640
177.3600, 43.81808
177.8421, 38.53828
178.3242, 33.99138
178.8063, 30.10592
179.2885, 26.41089
179.7706, 22.29517
180.2527, 17.54002
180.7348, 13.30478
181.2169, 9.708168
181.6990, 6.594215
182.1812, 3.983429
182.6633, 1.841286
183.1454, 8.1123002E-02
183.6275, 1.411415
184.1096, 2.601082
184.5917, 3.552467
185.0738, 4.411865
185.5560, 5.001785
186.0381, 5.162125
186.5202, 4.843391
187.0023, 4.013336
187.4844, 2.991104
187.9665, 1.449905
188.4487, 0.3162690
188.9308, 1.326706
189.4129, 2.465843
189.8950, 4.703484
190.3771, 8.425858
190.8592, 13.05103
191.3414, 17.24113
191.8235, 20.74315
192.3056, 24.25536
192.7877, 28.29948
193.2698, 32.24731
193.7519, 35.36236
194.2341, 37.42333
194.7162, 38.42410
195.1983, 37.97990
195.6804, 35.82775
196.1625, 33.69704
196.6446, 32.00475
197.1268, 30.70610
197.6089, 29.61449
198.0910, 28.51856
198.5731, 27.89254
199.0552, 28.38207
199.5373, 29.98134
200.0195, 32.30117
200.5016, 35.24888
200.9837, 38.75446
201.4658, 42.98206
201.9479, 48.26006
202.4300, 54.11107
202.9122, 59.81958
203.3943, 65.36100
203.8764, 71.09483
204.3585, 77.49358
204.8406, 84.56383
205.3227, 91.31549
205.8048, 97.59772
206.2870, 103.3292
206.7691, 108.4636
207.2512, 112.9823
207.7333, 116.8537
208.2154, 119.9357
208.6975, 122.1525
209.1797, 124.0178
209.6618, 125.5563
210.1439, 126.7907
210.6260, 127.5867
211.1081, 127.9610
211.5902, 128.2040
212.0724, 128.7784
212.5545, 129.9543
213.0366, 130.6076
213.5187, 130.3496
214.0008, 129.8194
214.4829, 129.3695
214.9651, 129.0813
215.4472, 128.8306
215.9293, 128.4019
216.4114, 127.5608
216.8935, 127.0482
217.3756, 127.7781
217.8578, 128.1732
218.3399, 127.1894
218.8220, 124.5917
219.3041, 120.7967
219.7862, 116.5131
220.2683, 112.3388
220.7505, 106.2157
221.2326, 97.06475
221.7147, 86.84440
222.1968, 76.70255
222.6789, 67.02674
223.1610, 58.00095
223.6432, 49.91401
224.1253, 43.13233
224.6074, 36.76244
225.0895, 30.63435
225.5716, 24.98798
226.0537, 20.10228
226.5358, 16.02041
227.0180, 12.56022
227.5001, 9.490532
227.9822, 6.832596
228.4643, 4.644852
228.9464, 3.139999
229.4285, 2.017288
229.9107, 0.9871220
230.3928, 1.5830999E-02
230.8749, 0.8862990
231.3570, 1.372566
231.8391, 1.410385
232.3212, 1.752060
232.8034, 2.987007
233.2855, 4.406479
233.7676, 5.056961
234.2497, 4.711716
234.7318, 3.936020
235.2139, 3.285378
235.6961, 2.741714
236.1782, 2.141541
236.6603, 1.524422
237.1424, 0.8026200
237.6245, 0.2515950
238.1066, 1.778000
238.5888, 3.278679
239.0709, 4.188644
239.5530, 4.670578
240.0351, 5.201782
240.5172, 6.111732
240.9993, 7.082886
241.4815, 7.463547
241.9636, 7.039925
242.4457, 6.577271
242.9278, 6.832184
243.4099, 7.485817
243.8920, 7.858780
244.3742, 7.542053
244.8563, 6.819214
245.3384, 6.227859
245.8205, 5.703247
246.3026, 5.557343
246.7847, 5.850777
247.2668, 6.552757
247.7490, 7.681595
248.2311, 9.270180
248.7132, 11.20714
249.1953, 13.27405
249.6774, 15.34100
250.1595, 17.83605
250.6417, 20.95786
251.1238, 24.53144
251.6059, 28.40772
252.0880, 32.63065
252.5701, 36.97775
253.0522, 40.95509
253.5344, 44.49554
254.0165, 47.71568
254.4986, 50.79343
254.9807, 53.58154
255.4628, 56.03696
255.9449, 58.19104
256.4271, 59.76884
256.9092, 60.00629
257.3913, 58.17801
257.8734, 56.31552
258.3555, 54.90363
258.8376, 53.63419
259.3198, 52.14471
259.8019, 50.29463
260.2840, 48.35695
260.7661, 46.77136
261.2482, 44.97184
261.7303, 44.78121
262.2125, 46.99452
262.6946, 50.23273
263.1767, 53.54280
263.6588, 56.58984
264.1409, 59.30639
264.6230, 61.56917
265.1052, 63.17195
265.5873, 64.68405
266.0694, 66.04999
266.5515, 67.40227
267.0336, 68.93194
267.5157, 70.63553
267.9979, 72.24107
268.4800, 73.31468
268.9621, 73.58517
269.4442, 73.87120
269.9263, 74.67318
270.4084, 75.13432
270.8906, 74.41375
271.3727, 72.56066
271.8548, 70.53267
272.3369, 69.59171
272.8190, 70.38395
273.3011, 70.09264
273.7833, 68.01763
274.2654, 65.67397
274.7475, 63.98425
275.2296, 62.92290
275.7117, 61.87131
276.1938, 60.23047
276.6760, 57.94521
277.1581, 55.32950
277.6402, 51.89968
278.1223, 48.65325
278.6044, 46.12490
279.0865, 44.20829
279.5686, 42.44135
280.0508, 40.43662
280.5329, 38.18686
281.0150, 36.23498
281.4971, 34.32050
281.9792, 32.88281
282.4613, 32.29272
282.9435, 32.32433
283.4256, 32.43824
283.9077, 32.26917
284.3898, 31.88430
284.8719, 31.91332
285.3540, 32.88656
285.8362, 33.61250
286.3183, 33.59155
286.8004, 33.12489
287.2825, 32.80824
287.7646, 32.97136
288.2467, 33.40065
288.7289, 33.31499
289.2110, 32.28654
289.6931, 31.38703
290.1752, 30.76131
290.6573, 30.28410
291.1394, 29.96608
291.6216, 29.89011
292.1037, 29.82294
292.5858, 29.11171
293.0679, 27.17422
293.5500, 25.69733
294.0321, 25.14124
294.5143, 25.00510
294.9964, 24.73544
295.4785, 24.16051
295.9606, 23.47150
296.4427, 22.97942
296.9248, 22.78110
297.4070, 22.49160
297.8891, 22.06257
298.3712, 21.55842
298.8533, 20.94819
299.3354, 20.25446
299.8175, 19.69593
300.2997, 19.50204
300.7818, 19.73751
301.2639, 20.08327
301.7460, 20.31835
302.2281, 20.82610
302.7102, 22.01511
303.1924, 23.85098
303.6745, 25.88419
304.1566, 27.78136
304.6387, 29.55972
305.1208, 31.56004
305.6029, 33.77631
306.0851, 36.05578
306.5672, 38.33594
307.0493, 40.61853
307.5314, 42.99998
308.0135, 45.63010
308.4956, 48.32935
308.9778, 50.24281
309.4599, 50.59589
309.9420, 51.29203
310.4241, 52.92660
310.9062, 55.27025
311.3883, 57.91621
311.8705, 60.69367
312.3526, 63.73904
312.8347, 67.29344
313.3168, 71.18446
313.7989, 75.87478
314.2810, 81.59562
314.7632, 88.10945
315.2453, 95.18389
315.7274, 102.7413
316.2095, 110.8018
316.6916, 119.6906
317.1737, 129.8783
317.6559, 138.7925
318.1380, 146.2617
318.6201, 152.3518
319.1022, 157.2253
319.5843, 160.8948
320.0664, 162.9977
320.5485, 163.2070
321.0306, 161.2927
321.5128, 157.7314
321.9949, 152.0386
322.4770, 145.1632
322.9591, 137.1507
323.4412, 128.3207
323.9233, 119.5934
324.4055, 111.4941
324.8876, 104.0792
325.3697, 97.95604
325.8518, 93.60986
326.3339, 89.77087
326.8160, 85.72873
327.2982, 81.83890
327.7803, 78.93197
328.2624, 77.47671
328.7445, 77.02967
329.2266, 76.39972
329.7087, 75.10742
330.1909, 74.49273
330.6730, 75.03750
331.1551, 76.31921
331.6372, 77.85465
332.1193, 79.50624
332.6014, 81.26085
333.0836, 83.08201
333.5657, 84.87540
334.0478, 87.10240
334.5299, 89.64791
335.0120, 92.70068
335.4941, 96.57025
335.9763, 101.2128
336.4584, 106.1862
336.9405, 110.9953
337.4226, 115.6131
337.9047, 120.9853
338.3868, 127.3950
338.8690, 134.2416
339.3511, 141.6652
339.8332, 149.3603
340.3153, 156.4585
340.7974, 162.3915
341.2795, 167.2946
341.7617, 171.8958
342.2438, 177.3300
342.7259, 181.2000
343.2080, 183.4278
343.6901, 183.6525
344.1722, 181.2030
344.6544, 175.8024
345.1365, 167.9671
345.6186, 158.7215
346.1007, 146.9111
346.5828, 135.2944
347.0649, 123.6833
347.5471, 112.4696
348.0292, 101.8415
348.5113, 91.96227
348.9934, 83.01357
349.4755, 75.42267
349.9576, 69.46249
350.4398, 63.75637
350.9219, 58.06567
351.4040, 52.78841
351.8861, 48.39643
352.3682, 44.69674
352.8503, 41.06096
353.3325, 37.03031
353.8146, 32.64426
354.2967, 28.38695
354.7788, 24.06107
355.2609, 20.09762
355.7430, 16.59265
356.2252, 13.51376
356.7073, 10.81577
357.1894, 8.487778
357.6715, 6.478642
358.1536, 4.623787
358.6357, 2.793667
359.1179, 1.365791
359.5999, 0.6482700
360.0821, 0.1139140
360.5642, 0.6286660
361.0463, 1.674076
361.5284, 2.904011
362.0105, 4.267544
362.4926, 5.975533
362.9748, 6.973557
363.4569, 6.883320
363.9390, 6.490940
364.4211, 5.996609
364.9032, 5.472649
365.3853, 4.982872
365.8675, 4.572578
366.3496, 4.238716
366.8317, 3.968269
367.3138, 4.000023
367.7959, 3.772961
368.2780, 3.025742
368.7602, 2.015919
369.2423, 1.110172
369.7244, 0.4812010
370.2065, 0.1311110
370.6886, 1.348927
371.1707, 3.583271
371.6529, 5.370281
372.1350, 6.371788
372.6171, 6.994041
373.0992, 7.377861
373.5813, 7.593605
374.0634, 7.834232
374.5456, 8.355301
375.0277, 9.176971
375.5098, 9.813679
375.9919, 10.10815
376.4740, 10.36674
376.9561, 10.70875
377.4383, 11.12671
377.9204, 11.58393
378.4025, 12.05007
378.8846, 12.54879
379.3667, 13.08226
379.8488, 13.50386
380.3310, 14.35472
380.8131, 16.06477
381.2952, 18.20942
381.7773, 20.34692
382.2594, 22.31900
382.7415, 24.49138
383.2237, 27.28493
383.7058, 30.70124
384.1879, 34.36671
384.6700, 38.47707
385.1521, 42.51101
385.6342, 46.02753
386.1164, 49.02827
386.5985, 51.88360
387.0806, 54.96479
387.5627, 58.00289
388.0448, 60.36147
388.5269, 61.93734
389.0091, 62.98767
389.4912, 63.79480
389.9733, 64.20959
390.4554, 63.75527
390.9375, 62.00232
391.4196, 59.64984
391.9018, 57.31073
392.3839, 54.94790
392.8660, 52.25642
393.3481, 48.92582
393.8302, 45.35369
394.3123, 42.29696
394.7945, 39.80721
395.2766, 37.57071
395.7587, 35.52650
396.2408, 33.64561
396.7229, 31.83211
397.2050, 30.02224
397.6872, 28.53748
398.1693, 27.84001
398.6514, 28.02070
399.1335, 27.94194
399.6156, 27.41872
400.0977, 26.70725
400.5798, 25.79716
401.0620, 24.81728
401.5441, 24.23567
402.0262, 24.41146
402.5083, 25.13542
402.9904, 25.44901
403.4725, 25.08752
403.9547, 24.74917
404.4368, 24.52499
404.9189, 24.40869
405.4010, 24.33619
405.8831, 24.29893
406.3652, 24.46450
406.8474, 25.10728
407.3295, 26.41702
407.8116, 27.67349
408.2937, 28.72038
408.7758, 29.85109
409.2579, 31.07668
409.7401, 32.51574
410.2222, 34.43790
410.7043, 37.09377
411.1864, 40.40919
411.6685, 43.80083
412.1506, 47.15015
412.6328, 50.73660
413.1149, 54.59187
413.5970, 58.70285
414.0791, 63.01111
414.5612, 67.50642
415.0433, 72.33043
415.5255, 77.80077
416.0076, 84.19993
416.4897, 90.35896
416.9718, 95.89651
417.4539, 101.4190
417.9360, 107.3319
418.4182, 113.4968
418.9003, 119.3054
419.3824, 124.3152
419.8645, 128.6355
420.3466, 132.8771
420.8287, 137.1088
421.3109, 141.2707
421.7930, 145.4216
422.2751, 149.4430
422.7572, 153.2814
423.2393, 157.0165
423.7214, 160.0863
424.2036, 161.8226
424.6857, 162.2401
425.1678, 161.9512
425.6499, 161.1075
426.1320, 159.5854
426.6141, 157.4642
427.0963, 154.7258
427.5784, 151.0621
428.0605, 145.9766
428.5426, 140.0332
429.0247, 134.1143
429.5068, 128.2493
429.9890, 122.0526
430.4711, 115.2237
430.9532, 107.8816
431.4353, 100.5980
431.9174, 93.49593
432.3995, 86.25649
432.8817, 78.25398
433.3638, 70.07597
433.8459, 62.92305
434.3280, 57.21856
434.8101, 52.52888
435.2922, 48.33099
435.7744, 44.68329
436.2565, 41.45823
436.7386, 38.55834
437.2207, 36.15272
437.7028, 34.46582
438.1849, 33.42324
438.6671, 32.70668
439.1492, 32.08376
439.6313, 31.62769
440.1134, 31.79758
440.5955, 32.86392
441.0776, 34.24488
441.5598, 36.03832
442.0418, 38.03618
442.5240, 40.08932
443.0061, 42.12497
443.4882, 44.09063
443.9703, 46.06768
444.4524, 48.39156
444.9345, 49.15918
445.4167, 47.32675
445.8988, 44.93987
446.3809, 42.77445
446.8630, 40.58637
447.3451, 37.69327
447.8272, 33.64547
448.3094, 28.87727
448.7915, 24.42202
449.2736, 20.26152
449.7557, 16.48017
450.2378, 12.99117
450.7199, 9.945755
451.2021, 7.574188
451.6842, 5.870907
452.1663, 4.438808
452.6484, 2.904362
453.1305, 1.363060
453.6126, 0.3356780
454.0948, 4.4590002E-03
454.5769, 0.1577530
455.0590, 0.4258730
455.5411, 0.7443350
456.0232, 1.007336
456.5053, 1.236740
456.9875, 1.339382
457.4696, 1.093281
457.9517, 0.6056330
458.4338, 0.4345280
458.9159, 0.8939210
459.3980, 1.499916
459.8802, 1.440536
460.3623, 0.6650920
460.8444, 3.0642999E-02
461.3265, 0.4304810
461.8086, 0.7225990
462.2907, 0.9982530
462.7729, 1.305744
463.2550, 1.783260
463.7371, 2.527996
464.2192, 3.622856
464.7013, 5.122112
465.1834, 7.452690
465.6656, 9.438671
466.1477, 10.57838
466.6298, 11.53518
467.1119, 13.10450
467.5940, 15.42607
468.0761, 17.91012
468.5583, 19.82863
469.0404, 21.08363
469.5225, 22.48795
470.0046, 24.34584
470.4867, 26.06652
470.9688, 27.51936
471.4510, 28.66102
471.9331, 29.38972
472.4152, 29.63316
472.8973, 29.70588
473.3794, 30.20972
473.8615, 31.22088
474.3437, 32.19769
474.8258, 32.81176
475.3079, 33.52572
475.7900, 34.57492
476.2721, 36.01733
476.7542, 37.88833
477.2364, 40.21812
477.7185, 42.94495
478.2006, 45.99301
478.6827, 49.37920
479.1648, 52.93671
479.6469, 56.38902
480.1291, 60.08813
480.6112, 64.59231
481.0933, 70.05454
481.5754, 75.93191
482.0575, 82.48488
482.5396, 89.14843
483.0217, 95.00823
483.5038, 99.89815
483.9860, 103.7593
484.4681, 106.6172
484.9502, 108.3792
485.4323, 108.6054
485.9144, 107.7622
486.3965, 105.0190
486.8787, 99.29413
487.3608, 91.53003
487.8429, 83.21625
488.3250, 74.92813
488.8071, 66.79990
489.2892, 59.09365
489.7714, 51.53683
490.2535, 45.00358
490.7356, 39.58077
491.2177, 34.92492
491.6998, 30.97112
492.1819, 27.65673
492.6641, 24.94720
493.1462, 22.87202
493.6283, 21.30649
494.1104, 19.87188
494.5925, 18.49250
495.0746, 17.46183
495.5568, 17.03503
496.0389, 16.86530
496.5210, 16.75453
497.0031, 16.67804
497.4852, 16.66791
497.9673, 16.83576
498.4495, 17.08230
498.9316, 17.10194
499.4137, 16.84142
499.8958, 16.56088
500.3779, 16.47256
500.8600, 16.43404
501.3422, 16.12656
501.8243, 15.35877
502.3064, 14.70319
502.7885, 14.55645
503.2706, 14.68280
503.7527, 14.51388
504.2349, 13.91903
504.7170, 13.34943
505.1991, 13.46688
505.6812, 13.42876
506.1633, 13.24346
506.6454, 12.47008
507.1276, 12.45602
507.6097, 12.13768
508.0918, 11.80688
508.5739, 11.89974
509.0560, 11.21190
509.5381, 11.29805
510.0203, 11.07519
510.5024, 10.99377
510.9845, 10.16794
511.4666, 10.39438
511.9487, 10.41975
512.4308, 9.662544
512.9130, 8.416603
513.3951, 7.300800
513.8772, 6.642864
514.3593, 6.224731
514.8414, 5.599751
515.3235, 4.717529
515.8057, 4.143562
516.2878, 4.335030
516.7699, 4.496864
517.2520, 3.794327
517.7341, 2.390488
518.2162, 1.329681
518.6984, 1.214836
519.1805, 1.538452
519.6626, 1.841110
520.1447, 2.079910
520.6268, 1.799072
521.1089, 0.5617520
521.5911, 1.069490
522.0732, 1.690521
522.5553, 0.9763240
523.0374, 0.4349520
523.5195, 0.4132230
524.0016, 0.5974770
524.4838, 0.7611060
524.9659, 0.8681070
525.4480, 0.9304700
525.9301, 0.9452900
526.4122, 0.9358500
526.8943, 1.036221
527.3765, 1.460798
527.8586, 1.678177
528.3407, 1.403103
528.8228, 1.082750
529.3049, 1.159426
529.7870, 1.624676
530.2692, 2.070719
530.7513, 2.194330
531.2334, 1.998169
531.7155, 1.370430
532.1976, 4.6133000E-02
532.6797, 1.054899
533.1619, 0.6494850
533.6440, 0.1785530
534.1261, 0.4073810
534.6082, 0.1654050
535.0903, 0.9050770
535.5724, 1.465525
536.0546, 1.886440
536.5367, 2.202877
537.0188, 2.403986
537.5009, 2.732048
537.9830, 3.485432
538.4651, 4.514090
538.9473, 4.993687
539.4294, 4.270754
539.9115, 3.873734
540.3936, 4.478592
540.8757, 5.523941
541.3578, 6.388035
541.8400, 6.919189
542.3221, 7.206299
542.8042, 7.298208
543.2863, 7.188904
543.7684, 7.269764
544.2505, 7.811996
544.7326, 8.219467
545.2147, 8.334579
545.6968, 8.281643
546.1790, 8.127241
546.6611, 7.909697
547.1432, 7.809921
547.6253, 8.097197
548.1074, 8.732250
548.5895, 9.262882
549.0717, 9.693371
549.5538, 9.970852
550.0359, 9.932180
550.5180, 9.751404
551.0001, 9.678225
551.4822, 9.751818
551.9644, 9.939098
552.4465, 10.17209
552.9286, 10.51365
553.4107, 11.19849
553.8928, 12.28178
554.3749, 13.26932
554.8571, 13.61569
555.3392, 13.35655
555.8213, 13.76846
556.3034, 15.17916
556.7855, 16.75027
557.2676, 18.41045
557.7498, 20.05350
558.2319, 21.54261
558.7140, 22.85677
559.1961, 24.06747
559.6782, 25.29522
560.1603, 26.53795
560.6425, 27.43284
561.1246, 27.63921
561.6067, 27.98601
562.0888, 29.08814
562.5709, 30.27741
563.0530, 30.70560
563.5352, 30.14885
564.0173, 29.40275
564.4994, 29.08013
564.9815, 29.11050
565.4636, 29.24285
565.9457, 29.43116
566.4279, 29.86071
566.9100, 30.78618
567.3921, 32.03785
567.8742, 32.99215
568.3563, 33.48989
568.8384, 33.95863
569.3206, 34.37613
569.8027, 34.92668
570.2848, 35.96286
570.7669, 37.46168
571.2490, 38.98776
571.7311, 40.18053
572.2133, 41.04016
572.6954, 41.52002
573.1775, 41.52837
573.6596, 41.24610
574.1417, 40.58808
574.6238, 39.74072
575.1060, 38.89235
575.5881, 38.03938
576.0702, 37.00300
576.5523, 35.64700
577.0344, 34.00440
577.5165, 32.09946
577.9987, 29.84721
578.4808, 27.69637
578.9629, 25.77440
579.4450, 24.02887
579.9271, 22.56643
580.4092, 21.51815
580.8914, 20.49260
581.3735, 19.19511
581.8556, 17.87730
582.3377, 16.83396
582.8198, 16.06788
583.3019, 15.42111
583.7841, 14.80950
584.2662, 14.24757
584.7483, 13.75892
585.2304, 13.27176
585.7125, 12.94938
586.1946, 12.96931
586.6768, 13.04590
587.1589, 12.97110
587.6410, 12.74915
588.1231, 12.53576
588.6052, 12.47504
589.0873, 12.40830
589.5695, 11.92580
590.0516, 11.00364
590.5337, 10.21016
591.0158, 9.766903
591.4979, 9.211529
591.9800, 8.060375
592.4622, 6.543251
592.9443, 5.404804
593.4264, 5.203392
593.9085, 5.147148
594.3906, 4.513493
594.8727, 3.484211
595.3549, 2.527443
595.8370, 1.784618
596.3191, 1.315483
596.8012, 1.209797
597.2833, 1.502872
597.7654, 1.803802
598.2476, 2.121250
598.7297, 2.409412
599.2118, 2.504059
599.6939, 2.628860
600.1760, 3.153484
600.6581, 4.144775
601.1403, 5.225956
601.6224, 5.931103
602.1045, 6.282993
602.5866, 6.869713
603.0687, 7.839882
603.5508, 8.765133
604.0330, 9.274864
604.5151, 9.679138
604.9972, 10.34019
605.4793, 11.30214
605.9614, 12.50542
606.4435, 14.11765
606.9257, 15.86452
607.4078, 17.29713
607.8899, 18.41267
608.3720, 19.57909
608.8541, 21.02181
609.3362, 22.67604
609.8184, 24.35189
610.3005, 26.01828
610.7826, 27.75032
611.2647, 29.57804
611.7468, 31.44167
612.2289, 33.38674
612.7111, 35.33551
613.1932, 37.12012
613.6753, 38.64969
614.1574, 39.95652
614.6395, 41.05319
615.1216, 41.92402
615.6038, 42.89024
616.0859, 44.08644
616.5680, 45.28922
617.0501, 46.45081
617.5322, 47.49981
618.0143, 48.12325
618.4965, 48.12885
618.9786, 47.83870
619.4607, 47.57759
619.9428, 47.12074
620.4249, 45.99474
620.9070, 44.10114
621.3892, 41.78763
621.8713, 39.39037
622.3534, 36.89993
622.8355, 34.26313
623.3176, 31.41290
623.7997, 28.48804
624.2819, 25.64032
624.7640, 22.65678
625.2461, 19.00009
625.7282, 14.83419
626.2103, 11.36292
626.6924, 9.867008
627.1745, 9.611801
627.6566, 8.762138
628.1387, 7.265602
628.6208, 5.886631
629.1030, 4.919033
629.5851, 4.187199
630.0672, 3.434193
630.5493, 2.652538
631.0314, 1.958546
631.5135, 1.318260
631.9957, 0.8157920
632.4778, 0.4400790
632.9599, 0.2513080
633.4420, 0.4655150
633.9241, 1.143856
634.4063, 1.879307
634.8884, 2.019371
635.3705, 1.441719
635.8526, 1.307419
636.3347, 1.862591
636.8168, 2.533104
637.2990, 3.253662
637.7811, 3.903046
638.2632, 4.267654
638.7453, 4.284279
639.2274, 4.370155
639.7095, 4.912842
640.1917, 5.675892
640.6738, 6.192528
641.1559, 6.445366
641.6380, 6.825672
642.1201, 7.592171
642.6022, 8.533009
643.0844, 9.168594
643.5665, 9.342411
644.0486, 9.509125
644.5307, 9.974442
645.0128, 10.13907
645.4949, 9.364361
645.9771, 8.092571
646.4592, 7.272957
646.9413, 7.340874
647.4234, 7.642498
647.9055, 7.176174
648.3876, 5.960129
648.8698, 4.972931
649.3519, 4.448761
649.8340, 3.794281
650.3161, 2.374950
650.7982, 0.6477010
651.2803, 0.4182820
651.7625, 0.5505520
652.2446, 0.5591160
652.7267, 0.6614570
653.2088, 0.8579670
653.6909, 1.249870
654.1730, 1.766071
654.6552, 2.108868
655.1373, 2.091095
655.6194, 1.810513
656.1015, 1.468620
656.5836, 0.9012790
657.0657, 0.7001570
657.5479, 1.409203
658.0300, 2.000599
658.5121, 1.992065
658.9942, 1.548721
659.4763, 0.9982760
659.9584, 0.3926320
660.4406, 0.1094890
660.9227, 0.2254980
661.4048, 0.1418040
661.8869, 0.3401640
662.3690, 0.8917660
662.8511, 1.674423
663.3333, 2.659103
663.8154, 3.778248
664.2975, 4.738873
664.7796, 5.416649
665.2617, 6.107170
665.7438, 6.802288
666.2260, 7.528030
666.7081, 8.186329
667.1902, 8.894932
667.6723, 9.961700
668.1544, 11.59600
668.6365, 13.46636
669.1187, 15.04391
669.6008, 16.34608
670.0829, 17.74324
670.5650, 19.22453
671.0471, 20.95265
671.5292, 23.09283
672.0114, 25.57747
672.4935, 28.08726
672.9756, 30.66014
673.4577, 33.17643
673.9398, 35.57663
674.4219, 37.89420
674.9041, 40.31488
675.3862, 42.71971
675.8683, 44.73903
676.3504, 46.16842
676.8325, 46.99348
677.3146, 47.13613
677.7968, 46.51345
678.2789, 45.61378
678.7610, 44.52423
679.2431, 43.08636
679.7252, 41.07019
680.2073, 38.69561
680.6895, 36.44093
681.1716, 34.53109
681.6537, 32.43230
682.1358, 29.67789
682.6179, 26.62646
683.1000, 23.63842
683.5822, 20.82717
684.0643, 18.37720
684.5464, 16.40508
685.0285, 14.89103
685.5106, 13.81020
685.9927, 13.41410
686.4749, 12.86897
686.9570, 11.96192
687.4391, 11.08812
687.9212, 10.39883
688.4033, 9.871555
688.8854, 9.446388
689.3676, 9.108841
689.8497, 8.859768
690.3318, 8.713524
690.8139, 8.654282
691.2960, 8.553471
691.7781, 8.416561
692.2603, 8.682003
692.7424, 9.681648
693.2245, 11.14630
693.7066, 12.38089
694.1887, 13.25488
694.6708, 14.15499
695.1530, 14.99469
695.6351, 15.94057
696.1172, 17.00061
696.5993, 18.24826
697.0814, 19.78511
697.5635, 21.64953
698.0457, 23.77913
698.5278, 26.33270
699.0099, 29.09894
699.4920, 31.27581
699.9741, 32.74497
700.4562, 34.50178
700.9384, 37.06123
701.4205, 40.23000
701.9026, 43.61824
702.3847, 47.30223
702.8668, 50.98139
703.3489, 54.60045
703.8311, 58.26860
704.3132, 61.76717
704.7953, 65.44292
705.2774, 69.88065
705.7595, 75.22042
706.2416, 81.11172
706.7238, 87.15548
707.2059, 93.37403
707.6880, 99.89912
708.1701, 106.6978
708.6522, 114.0320
709.1343, 122.3008
709.6164, 130.8486
710.0985, 138.5548
710.5806, 145.2531
711.0627, 152.3645
711.5449, 160.9772
712.0270, 168.9688
712.5091, 175.6435
712.9912, 180.9490
713.4733, 184.8085
713.9554, 187.2508
714.4376, 188.4944
714.9197, 188.9876
715.4018, 188.3270
715.8839, 184.9384
716.3660, 178.7081
716.8481, 170.9493
717.3303, 161.6055
717.8124, 151.5932
718.2945, 141.7598
718.7766, 132.1128
719.2587, 122.5546
719.7408, 112.9977
720.2230, 103.6641
720.7051, 94.45090
721.1872, 85.62954
721.6693, 77.41957
722.1514, 69.89575
722.6335, 63.04232
723.1157, 56.86497
723.5978, 51.30729
724.0799, 46.29958
724.5620, 41.82433
725.0441, 37.73618
725.5262, 33.91892
726.0084, 30.67884
726.4905, 28.66838
726.9726, 27.50590
727.4547, 25.73621
727.9368, 22.58601
728.4189, 19.86224
728.9011, 18.36986
729.3832, 17.36393
729.8653, 16.29116
730.3474, 15.05730
730.8295, 13.64601
731.3116, 12.04372
731.7938, 10.46555
732.2759, 9.255505
732.7580, 8.409588
733.2401, 7.812393
733.7222, 7.595455
734.2043, 7.307278
734.6865, 6.573946
735.1686, 5.579624
735.6507, 4.798367
736.1328, 4.287243
736.6149, 3.841114
737.0970, 3.368811
737.5792, 3.072748
738.0613, 3.203827
738.5434, 3.478077
739.0255, 3.394749
739.5076, 2.821646
739.9897, 2.126677
740.4719, 1.763731
740.9540, 1.674816
741.4361, 1.287157
741.9182, 0.4352440
742.4003, 0.1312470
742.8824, 1.144192
743.3646, 2.502178
743.8467, 2.685358
744.3288, 1.615475
744.8109, 0.9548700
745.2930, 1.185074
745.7751, 1.503685
746.2573, 1.617897
746.7394, 1.578436
747.2215, 1.395540
747.7036, 1.177177
748.1857, 1.253868
748.6678, 1.897224
749.1500, 2.781620
749.6321, 2.959003
750.1142, 2.430382
750.5963, 2.216818
751.0784, 2.630524
751.5605, 3.069157
752.0427, 3.056833
752.5248, 2.653866
753.0069, 2.199066
753.4890, 1.288694
753.9711, 0.9532260
754.4532, 1.857880
754.9354, 2.905445
755.4175, 3.250706
755.8996, 3.099289
756.3817, 3.113834
756.8638, 3.586880
757.3459, 4.098904
757.8281, 4.045971
758.3102, 3.454847
758.7923, 4.041380
759.2744, 4.508102
759.7565, 4.861382
760.2386, 4.762705
760.7208, 5.246944
761.2029, 5.496990
761.6850, 5.740608
762.1671, 6.320684
762.6492, 6.329790
763.1313, 6.909370
763.6135, 7.241735
764.0956, 8.598995
764.5777, 9.759205
765.0598, 10.35139
765.5419, 10.75372
766.0240, 11.15599
766.5062, 11.50896
766.9883, 11.89642
767.4704, 12.24181
767.9525, 12.28195
768.4346, 11.96283
768.9167, 11.58966
769.3989, 11.49358
769.8810, 11.54322
770.3631, 11.25765
770.8452, 10.32132
771.3273, 9.594166
771.8094, 9.413931
772.2916, 9.228683
772.7737, 8.793255
773.2558, 8.171146
773.7379, 7.532835
774.2200, 6.882961
774.7021, 6.354633
775.1843, 6.023558
775.6664, 5.832027
776.1485, 5.781155
776.6306, 5.814777
777.1127, 5.678371
777.5948, 5.280569
778.0770, 4.686508
778.5591, 3.885832
779.0412, 2.832409
779.5233, 2.610477
780.0054, 3.757782
780.4875, 4.604063
780.9697, 4.390224
781.4518, 3.796011
781.9339, 3.514854
782.4160, 3.514132
782.8981, 3.302071
783.3802, 2.624020
783.8624, 1.864931
784.3445, 1.015963
784.8266, 0.3085230
785.3087, 0.1875950
785.7908, 0.5701710
786.2729, 0.8371030
786.7551, 0.5544010
787.2372, 1.4107000E-02
787.7193, 0.1728310
788.2014, 1.0538000E-02
788.6835, 7.9549998E-02
789.1656, 2.6966000E-02
789.6478, 1.7870000E-03
790.1299, 0.1460510
790.6120, 0.3530960
791.0941, 0.2966440
791.5762, 0.1951640
792.0583, 0.4222740
792.5404, 0.1349930
793.0225, 0.1924040
793.5046, 0.5316330
793.9868, 0.6839100
794.4689, 0.2232610
794.9510, 0.8393400
795.4331, 1.684116
795.9152, 1.539133
796.3973, 0.9062610
796.8795, 0.5691380
797.3616, 0.4860780
797.8437, 0.4959640
798.3258, 0.5644610
798.8079, 0.5802990
799.2900, 0.4171100
799.7722, 0.1345560
800.2543, 0.1055910
800.7364, 0.6574130
801.2185, 0.7894150
801.7006, 0.1534840
802.1827, 0.9513030
802.6649, 0.8146150
803.1470, 0.1938900
803.6291, 1.8370001E-02
804.1112, 0.4467540
804.5933, 0.8198380
805.0754, 0.1893620
805.5576, 0.2975480
806.0397, 1.195873
806.5218, 1.778702
807.0039, 2.191879
807.4860, 2.444489
807.9681, 2.057108
808.4503, 2.495062
808.9324, 2.601524
809.4145, 2.693954
809.8966, 3.246664
810.3787, 2.949959
810.8608, 2.959801
811.3430, 3.172609
811.8251, 3.254055
812.3072, 3.247730
812.7893, 3.440128
813.2714, 4.179359
813.7535, 4.594263
814.2357, 4.442383
814.7178, 4.037804
815.1999, 3.421200
815.6820, 2.760530
816.1641, 2.365698
816.6462, 2.349825
817.1284, 2.391426
817.6105, 2.252073
818.0926, 1.947680
818.5747, 1.363447
819.0568, 0.5879270
819.5389, 0.1872220
820.0211, 0.3106770
820.5032, 5.8483001E-02
820.9853, 0.2578450
821.4674, 0.2965980
821.9495, 0.3046510
822.4316, 8.0960996E-02
822.9138, 0.1888690
823.3959, 0.3111000
823.8780, 2.6608000E-02
824.3601, 0.4852600
824.8422, 0.4848460
825.3243, 0.1087510
825.8065, 9.7569004E-02
826.2886, 0.1432500
826.7707, 0.4510380
827.2528, 0.2203850
827.7349, 0.3213460
828.2170, 0.4366070
828.6992, 9.1913000E-02
829.1813, 0.5968000
829.6634, 0.2608760
830.1455, 0.2615910
830.6276, 0.1091900
831.1097, 0.2903390
831.5919, 0.3692720
832.0740, 0.5113620
832.5561, 2.9987000E-02
833.0382, 0.2817270
833.5203, 0.4330080
834.0024, 5.5562999E-02
834.4846, 0.2811950
834.9667, 0.2866020
835.4488, 0.2781220
835.9309, 0.7300190
836.4130, 0.3326150
836.8951, 0.7765120
837.3773, 0.8841860
837.8594, 1.145243
838.3415, 1.073036
838.8236, 1.103363
839.3057, 1.466463
839.7878, 1.315809
840.2700, 1.650696
840.7521, 2.173512
841.2342, 2.670788
841.7163, 3.059715
842.1984, 3.244358
842.6805, 3.060192
843.1627, 2.710003
843.6448, 2.830002
844.1269, 3.426781
844.6090, 4.008686
845.0911, 4.492077
845.5732, 4.893291
846.0554, 5.220299
846.5375, 5.496605
847.0196, 5.800987
847.5017, 6.207123
847.9838, 6.477196
848.4659, 6.586731
848.9481, 6.585510
849.4302, 6.338608
849.9123, 6.057499
850.3944, 6.013199
850.8765, 6.229607
851.3586, 6.545803
851.8408, 7.030098
852.3229, 7.411686
852.8050, 7.314663
853.2871, 6.973736
853.7692, 6.838871
854.2513, 6.976418
854.7335, 7.211002
855.2156, 7.441364
855.6977, 7.578362
856.1798, 7.356956
856.6619, 6.801525
857.1440, 6.661427
857.6262, 7.073620
858.1083, 7.406437
858.5904, 7.383343
859.0725, 7.086494
859.5546, 6.559612
860.0367, 5.701645
860.5189, 5.334133
861.0010, 5.859024
861.4831, 6.280689
861.9652, 6.554493
862.4473, 6.623436
862.9294, 6.256649
863.4116, 5.632126
863.8937, 5.371609
864.3758, 5.707775
864.8579, 5.976376
865.3400, 5.701385
865.8221, 5.188362
866.3043, 4.666168
866.7864, 4.219570
867.2685, 4.003609
867.7506, 3.666687
868.2327, 4.007172
868.7148, 4.187572
869.1970, 4.220295
869.6791, 3.618294
870.1612, 3.841610
870.6433, 3.729858
871.1254, 3.599148
871.6075, 3.930988
872.0897, 3.432838
872.5718, 3.792252
873.0539, 3.794319
873.5360, 3.924221
874.0181, 3.720375
874.5002, 3.635788
874.9823, 3.897602
875.4644, 3.971107
875.9465, 3.743507
876.4286, 3.887569
876.9108, 3.340317
877.3929, 3.378647
877.8750, 3.646000
878.3571, 3.398544
878.8392, 3.531406
879.3214, 3.525352
879.8035, 2.845684
880.2856, 2.925186
880.7677, 3.356384
881.2498, 3.671867
881.7319, 3.909538
882.2141, 3.536854
882.6962, 4.051037
883.1783, 4.319008
883.6604, 4.647350
884.1425, 5.499866
884.6246, 5.528152
885.1068, 6.474091
885.5889, 7.138821
886.0710, 8.011265
886.5531, 8.633698
887.0352, 9.388725
887.5173, 10.55916
887.9995, 11.60684
888.4816, 12.32481
888.9637, 12.60694
889.4458, 12.66685
889.9279, 13.61767
890.4100, 15.77011
890.8922, 17.77987
891.3743, 19.19477
891.8564, 20.70851
892.3385, 22.79530
892.8206, 25.07944
893.3027, 26.98679
893.7849, 28.60872
894.2670, 30.68176
894.7491, 33.84783
895.2312, 36.99971
895.7133, 38.79750
896.1954, 40.05710
896.6776, 42.06728
897.1597, 44.83175
897.6418, 47.87410
898.1239, 50.96816
898.6060, 54.02805
899.0881, 56.95735
899.5703, 59.74702
900.0524, 62.44189
900.5345, 65.04534
901.0166, 67.30669
901.4987, 69.07593
901.9808, 70.95648
902.4630, 73.66063
902.9451, 76.69143
903.4272, 78.25137
903.9093, 77.69888
904.3914, 77.17332
904.8735, 76.77028
905.3557, 76.27172
905.8378, 75.86433
906.3199, 75.16206
906.8020, 73.73246
907.2841, 71.57222
907.7662, 68.97301
908.2484, 65.73094
908.7305, 62.42244
909.2126, 59.24121
909.6947, 56.15958
910.1768, 53.09098
910.6589, 50.10001
911.1411, 47.36765
911.6232, 44.97814
912.1053, 42.55744
912.5874, 39.62219
913.0695, 36.53908
913.5516, 33.94479
914.0338, 31.70860
914.5159, 29.31643
914.9980, 26.67108
915.4801, 24.11995
915.9622, 21.92064
916.4443, 19.99336
916.9265, 18.12492
917.4086, 16.31234
917.8907, 14.62830
918.3728, 13.08680
918.8549, 11.52888
919.3370, 9.824409
919.8192, 8.174908
920.3013, 6.882637
920.7834, 5.949169
921.2655, 4.934723
921.7476, 3.607357
922.2297, 2.601315
922.7119, 2.355988
923.1940, 2.106796
923.6761, 1.213871
924.1582, 5.9067000E-02
924.6403, 0.5005150
925.1224, 0.2193260
925.6046, 8.5987002E-02
926.0867, 0.5248570
926.5688, 0.9654270
927.0509, 1.119389
927.5330, 1.098274
928.0151, 0.9492300
928.4973, 0.7577900
928.9794, 0.8127590
929.4615, 1.408344
929.9436, 1.856247
930.4257, 1.231491
930.9078, 0.2786220
931.3900, 0.2306400
931.8721, 0.8749240
932.3542, 1.293461
932.8363, 1.169849
933.3184, 0.7879410
933.8005, 0.4189070
934.2827, 9.4910003E-03
934.7648, 0.6481440
935.2469, 1.515194
935.7290, 2.208416
936.2111, 2.656631
936.6932, 3.046482
937.1754, 3.445873
937.6575, 3.992146
938.1396, 4.991676
938.6217, 6.502407
939.1038, 7.723061
939.5859, 8.486229
940.0681, 9.425968
940.5502, 10.81061
941.0323, 12.28751
941.5144, 13.60004
941.9965, 14.76015
942.4786, 15.76922
942.9608, 16.04378
943.4429, 17.37907
943.9250, 20.83995
944.4071, 24.20452
944.8892, 26.47377
945.3713, 28.24314
945.8535, 30.06339
946.3356, 32.04178
946.8177, 34.32804
947.2998, 37.17101
947.7819, 40.03887
948.2640, 42.57208
948.7462, 45.07358
949.2283, 47.74337
949.7104, 50.62524
950.1925, 53.88411
950.6746, 57.53024
951.1567, 61.01300
951.6389, 63.86248
952.1210, 66.37710
952.6031, 68.82436
953.0852, 71.28863
953.5673, 74.11554
954.0494, 77.22588
954.5316, 79.92254
955.0137, 81.82523
955.4958, 83.51425
955.9779, 85.84338
956.4600, 88.69904
956.9421, 91.39570
957.4242, 93.97411
957.9063, 97.21386
958.3884, 101.3491
958.8705, 105.9204
959.3527, 110.5589
959.8348, 115.2988
960.3169, 120.2333
960.7990, 125.5637
961.2811, 130.0470
961.7632, 133.4457
962.2454, 136.6259
962.7275, 140.1283
963.2096, 143.1866
963.6917, 144.9842
964.1738, 145.5622
964.6559, 145.3783
965.1381, 144.7196
965.6202, 142.8152
966.1023, 139.0526
966.5844, 134.7689
967.0665, 130.2187
967.5486, 125.6373
968.0308, 121.3442
968.5129, 117.3494
968.9950, 113.4043
969.4771, 109.3996
969.9592, 105.5050
970.4413, 101.4333
970.9235, 97.81678
971.4056, 95.22378
971.8877, 93.48497
972.3698, 92.20592
972.8519, 91.28655
973.3340, 90.82710
973.8162, 90.91956
974.2983, 91.45662
974.7804, 92.52918
975.2625, 93.90389
975.7446, 95.14911
976.2267, 96.32124
976.7089, 97.95009
977.1910, 100.3390
977.6731, 102.6036
978.1552, 103.7139
978.6373, 104.1462
979.1194, 104.8190
979.6016, 105.5445
980.0837, 105.7123
980.5658, 105.1695
981.0479, 103.9333
981.5300, 101.9798
982.0121, 99.65073
982.4943, 97.59692
982.9764, 95.72720
983.4585, 93.42281
983.9406, 90.69838
984.4227, 88.25938
984.9048, 86.35799
985.3870, 84.73180
985.8691, 83.15989
986.3512, 81.64659
986.8333, 80.15284
987.3154, 78.62527
987.7975, 77.33518
988.2797, 76.33630
988.7618, 75.46011
989.2439, 74.62560
989.7260, 73.95240
990.2081, 73.68027
990.6902, 73.75447
991.1724, 73.48314
991.6545, 72.82527
992.1366, 71.88290
992.6187, 70.35245
993.1008, 68.98509
993.5829, 68.26287
994.0651, 67.79632
994.5472, 66.80348
995.0293, 65.25640
995.5114, 65.54225
995.9935, 65.44075
996.4756, 65.22015
996.9578, 64.88667
997.4399, 64.10204
997.9220, 63.90085
998.4041, 63.46623
998.8862, 63.02234
999.3683, 62.90420
999.8505, 62.18658
1000.333, 61.69997
1000.815, 61.58694
1001.297, 60.99954
1001.779, 59.98145
1002.261, 58.31683
1002.743, 56.33778
1003.225, 54.67936
1003.707, 53.50415
1004.190, 52.38535
1004.672, 51.33722
1005.154, 50.02367
1005.636, 48.16347
1006.118, 45.93329
1006.600, 43.14206
1007.082, 40.20615
1007.564, 38.30127
1008.046, 37.86349
1008.529, 37.34866
1009.011, 35.46170
1009.493, 32.96313
1009.975, 30.66002
1010.457, 28.37323
1010.939, 25.52143
1011.421, 22.29218
1011.903, 19.59196
1012.385, 17.87716
1012.868, 16.76610
1013.350, 15.98994
1013.832, 15.45705
1014.314, 15.37556
1014.796, 15.34452
1015.278, 13.84711
1015.760, 10.87068
1016.242, 8.295803
1016.725, 7.240475
1017.207, 6.899887
1017.689, 6.199148
1018.171, 5.230242
1018.653, 4.235218
1019.135, 3.265600
1019.617, 2.664461
1020.099, 2.497564
1020.581, 2.455400
1021.064, 2.338823
1021.546, 2.149323
1022.028, 1.814125
1022.510, 1.369005
1022.992, 1.254456
1023.474, 1.477537
1023.956, 1.772343
1024.438, 2.078171
1024.921, 2.383715
1025.403, 2.685505
1025.885, 2.969906
1026.367, 3.218357
1026.849, 3.436407
1027.331, 3.541752
1027.813, 3.557447
1028.295, 3.272980
1028.777, 2.528660
1029.260, 1.824152
1029.742, 1.571289
1030.224, 1.652573
1030.706, 1.799770
1031.188, 2.105780
1031.670, 1.907011
1032.152, 0.9254610
1032.634, 0.2855070
1033.116, 0.4931090
1033.599, 0.7532580
1034.081, 0.3307880
1034.563, 0.5032790
1035.045, 0.8664210
1035.527, 0.5201090
1036.009, 0.5554370
1036.491, 1.232122
1036.973, 1.799507
1037.456, 2.092417
1037.938, 2.143463
1038.420, 1.838327
1038.902, 1.337139
1039.384, 1.231382
1039.866, 1.855947
1040.348, 1.925556
1040.830, 0.9604800
1041.313, 0.1255740
1041.795, 0.2864840
1042.277, 0.4542480
1042.759, 0.4574260
1043.241, 0.3336600
1043.723, 0.1831460
1044.205, 6.4897999E-02
1044.687, 0.1386870
1045.169, 0.1839540
1045.651, 0.1515710
1046.134, 1.539541
1046.616, 2.845272
1047.098, 2.945995
1047.580, 2.224146
1048.062, 1.855711
1048.544, 1.993013
1049.026, 2.292082
1049.508, 2.891605
1049.991, 3.411058
1050.473, 3.726618
1050.955, 3.910677
1051.437, 3.902330
1051.919, 3.834963
1052.401, 4.111475
1052.883, 4.945345
1053.365, 5.406513
1053.848, 4.826626
1054.330, 4.446781
1054.812, 4.881395
1055.294, 5.592134
1055.776, 6.230717
1056.258, 6.735018
1056.740, 7.014704
1057.222, 7.009996
1057.704, 7.078157
1058.187, 7.522022
1058.669, 7.804487
1059.151, 7.491261
1059.633, 7.094112
1060.115, 7.190062
1060.597, 7.529589
1061.079, 7.444948
1061.561, 6.765211
1062.043, 6.149654
1062.526, 5.964476
1063.008, 5.715290
1063.490, 5.086086
1063.972, 4.377584
1064.454, 3.760807
1064.936, 3.304873
1065.418, 3.065838
1065.900, 3.058485
1066.383, 3.184196
1066.865, 3.607498
1067.347, 3.894964
1067.829, 3.754118
1068.311, 3.474976
1068.793, 3.257418
1069.275, 3.116316
1069.757, 3.055702
1070.240, 3.067947
1070.722, 3.016018
1071.204, 2.824717
1071.686, 2.578804
1072.168, 2.012432
1072.650, 1.691463
1073.132, 2.225254
1073.614, 3.279551
1074.096, 4.394997
1074.578, 5.424171
1075.061, 5.998627
1075.543, 5.547176
1076.025, 5.271332
1076.507, 6.064253
1076.989, 6.950899
1077.471, 7.041775
1077.953, 6.766838
1078.435, 6.843433
1078.918, 7.348486
1079.400, 7.936125
1079.882, 8.527277
1080.364, 9.083475
1080.846, 9.687748
1081.328, 10.17503
1081.810, 10.27524
1082.292, 10.24239
1082.774, 10.45924
1083.257, 10.89145
1083.739, 11.17645
1084.221, 11.23717
1084.703, 11.01269
1085.185, 10.24855
1085.667, 9.447405
1086.149, 8.942915
1086.631, 8.594877
1087.114, 8.197500
1087.596, 7.782776
1088.078, 7.611372
1088.560, 7.895620
1089.042, 7.743692
1089.524, 6.077726
1090.006, 4.685898
1090.488, 5.072372
1090.970, 5.865957
1091.453, 5.497240
1091.935, 4.312288
1092.417, 3.543814
1092.899, 3.536789
1093.381, 3.643602
1093.863, 3.667009
1094.345, 3.592165
1094.827, 3.454441
1095.309, 3.209711
1095.792, 2.785929
1096.274, 2.305424
1096.756, 1.963284
1097.238, 1.767263
1097.720, 1.567703
1098.202, 1.300684
1098.684, 1.217545
1099.166, 1.457163
1099.649, 1.772547
1100.131, 2.009073
1100.613, 2.186270
1101.095, 2.391239
1101.577, 2.619541
1102.059, 2.696756
1102.541, 2.461239
1103.023, 2.271925
1103.505, 2.082067
1103.988, 2.178322
1104.470, 2.942829
1104.952, 3.854040
1105.434, 4.260935
1105.916, 4.237831
1106.398, 4.380777
1106.880, 5.043125
1107.362, 5.217169
1107.844, 4.319458
1108.327, 3.462547
1108.809, 2.967867
1109.291, 2.766191
1109.773, 3.021486
1110.255, 3.480011
1110.737, 3.352718
1111.219, 2.311827
1111.701, 1.760324
1112.184, 1.171566
1112.666, 1.669630
1113.148, 1.961603
1113.630, 2.054836
1114.112, 1.640919
1114.594, 1.663174
1115.076, 1.378975
1115.558, 0.9930210
1116.041, 0.8075830
1116.523, 1.033855
1117.005, 1.099932
1117.487, 1.277452
1117.969, 1.345848
1118.451, 1.310909
1118.933, 0.8650440
1119.415, 0.9503620
1119.897, 0.8214310
1120.380, 0.6831650
1120.862, 0.8413110
1121.344, 0.4528040
1121.826, 0.6055550
1122.308, 0.1103800
1122.790, 0.3959160
1123.272, 0.7627930
1123.754, 0.8756820
1124.236, 0.7969940
1124.719, 0.7485260
1125.201, 0.7561070
1125.683, 0.6378390
1126.165, 0.3443760
1126.647, 0.1166880
1127.129, 1.7552000E-02
1127.611, 1.9639000E-02
1128.093, 3.2478001E-02
1128.576, 2.7564000E-02
1129.058, 2.4133001E-02
1129.540, 1.6783001E-02
1130.022, 8.1023000E-02
1130.504, 0.2723560
1130.986, 0.5363310
1131.468, 0.8862000
1131.950, 1.014449
1132.432, 0.7363000
1132.915, 0.4276960
1133.397, 0.5801660
1133.879, 1.022284
1134.361, 1.104448
1134.843, 0.8655460
1135.325, 0.7510800
1135.807, 0.7932870
1136.289, 1.018966
1136.771, 1.426373
1137.254, 1.504752
1137.736, 0.7747280
1138.218, 0.2153510
1138.700, 0.4378180
1139.182, 9.3869001E-02
1139.664, 0.1686660
1140.146, 0.3574900
1140.628, 0.6754180
1141.111, 1.106313
1141.593, 1.275185
1142.075, 0.9823050
1142.557, 0.5008610
1143.039, 4.4206999E-02
1143.521, 0.3218800
1144.003, 0.4435120
1144.485, 0.4069810
1144.968, 0.3700230
1145.450, 0.3480170
1145.932, 0.3470810
1146.414, 0.3524160
1146.896, 0.2245560
1147.378, 0.2012140
1147.860, 0.6678820
1148.342, 1.003882
1148.824, 1.176427
1149.307, 1.033773
1149.789, 0.7540630
1150.271, 0.7006950
1150.753, 0.8486660
1151.235, 0.7563730
1151.717, 0.1453660
1152.199, 0.2264900
1152.681, 0.2732780
1153.163, 0.9051440
1153.646, 1.332762
1154.128, 1.516201
1154.610, 1.338408
1155.092, 0.9341810
1155.574, 0.5664910
1156.056, 0.2813090
1156.538, 9.4890997E-02
1157.020, 1.2683000E-02
1157.503, 1.4917000E-02
1157.985, 0.4213460
1158.467, 0.7172730
1158.949, 0.3965690
1159.431, 6.6242002E-02
1159.913, 1.2669000E-02
1160.395, 0.5214260
1160.877, 1.024667
1161.359, 1.725060
1161.842, 1.855968
1162.324, 0.9320210
1162.806, 0.1691940
1163.288, 0.1795430
1163.770, 0.1611140
1164.252, 0.3615610
1164.734, 1.101767
1165.216, 1.412856
1165.698, 1.258053
1166.181, 1.040423
1166.663, 0.6210830
1167.145, 0.7817710
1167.627, 1.902472
1168.109, 2.546003
1168.591, 1.904933
1169.073, 0.9185640
1169.555, 0.6584650
1170.037, 0.9647230
1170.520, 1.352263
1171.002, 1.805676
1171.484, 1.796934
1171.966, 1.315676
1172.448, 0.7987270
1172.930, 0.3681830
1173.412, 0.2720920
1173.894, 0.7035910
1174.377, 1.311034
1174.859, 1.607801
1175.341, 1.647333
1175.823, 1.459489
1176.305, 1.164107
1176.787, 1.134837
1177.269, 1.379236
1177.751, 1.721890
1178.234, 2.082737
1178.716, 2.374324
1179.198, 2.570699
1179.680, 2.555528
1180.162, 1.978918
1180.644, 1.281900
1181.126, 0.9993190
1181.608, 1.000425
1182.090, 1.008616
1182.573, 1.003707
1183.055, 1.171955
1183.537, 1.634450
1184.019, 1.903254
1184.501, 1.562932
1184.983, 1.188988
1185.465, 0.8466560
1185.947, 0.8495660
1186.429, 2.649610
1186.912, 2.691993
1187.394, 2.626248
1187.876, 2.460471
1188.358, 1.886685
1188.840, 1.284600
1189.322, 1.410571
1189.804, 1.464202
1190.286, 1.475432
1190.769, 1.446207
1191.251, 1.391370
1191.733, 1.264723
1192.215, 1.140140
1192.697, 1.265162
1193.179, 1.687536
1193.661, 1.976066
1194.143, 2.125898
1194.625, 2.158267
1195.108, 2.089150
1195.590, 1.783417
1196.072, 1.081450
1196.554, 0.4600260
1197.036, 0.5159730
1197.518, 1.007154
1198.000, 1.206646
1198.482, 1.156175
1198.964, 1.234826
1199.447, 1.445755
1199.929, 1.740332
1200.411, 2.077083
1200.893, 2.210097
1201.375, 1.982974
1201.857, 1.575338
1202.339, 1.117591
1202.821, 0.6781220
1203.304, 0.2614670
1203.786, 1.5570000E-03
1204.268, 0.2475550
1204.750, 0.8390290
1205.232, 1.366735
1205.714, 1.678466
1206.196, 1.618095
1206.678, 0.9134160
1207.161, 0.4305390
1207.643, 1.136997
1208.125, 1.760950
1208.607, 1.185621
1209.089, 0.2620770
1209.571, 0.1304730
1210.053, 9.9950001E-02
1210.535, 6.6184998E-02
1211.017, 9.6827999E-02
1211.500, 2.1309999E-03
1211.982, 0.4848820
1212.464, 0.7237790
1212.946, 0.3779480
1213.428, 0.1163440
1213.910, 0.2407120
1214.392, 0.4887400
1214.874, 0.6326550
1215.356, 0.6954050
1215.839, 0.7449030
1216.321, 0.7822430
1216.803, 0.7382760
1217.285, 0.5706000
1217.767, 0.5737990
1218.249, 0.1298430
1218.731, 0.4187770
1219.213, 0.6002620
1219.696, 0.6786540
1220.178, 0.3429750
1220.660, 0.5332020
1221.142, 0.5019350
1221.624, 0.4713470
1222.106, 0.3398590
1222.588, 8.0977000E-02
1223.070, 7.6214999E-02
1223.552, 0.3144910
1224.035, 0.8814950
1224.517, 1.528258
1224.999, 1.957989
1225.481, 1.763039
1225.963, 1.416610
1226.445, 1.394200
1226.927, 1.402966
1227.409, 0.9180300
1227.891, 0.3573870
1228.374, 0.6323410
1228.856, 1.611433
1229.338, 2.009701
1229.820, 1.261977
1230.302, 0.6627620
1230.784, 0.5131860
1231.266, 0.5591600
1231.748, 0.9203640
1232.231, 1.234990
1232.713, 1.206659
1233.195, 1.062567
1233.677, 1.163153
1234.159, 1.455316
1234.641, 1.458306
1235.123, 1.073531
1235.605, 0.8983020
1236.088, 0.9890790
1236.570, 1.026147
1237.052, 0.9199420
1237.534, 0.8148750
1238.016, 0.7986690
1238.498, 0.8914140
1238.980, 1.234110
1239.462, 1.588788
1239.944, 1.098256
1240.427, 0.1390300
1240.909, 0.1923010
1241.391, 7.1396001E-02
1241.873, 0.5712040
1242.355, 1.159949
1242.837, 1.597898
1243.319, 1.757017
1243.801, 1.778827
1244.283, 1.702637
1244.766, 1.612283
1245.248, 1.640406
1245.730, 1.626045
1246.212, 1.287749
1246.694, 0.8244160
1247.176, 0.6472630
1247.658, 0.7643370
1248.140, 0.6939670
1248.622, 0.1671080
1249.105, 7.7010997E-02
1249.587, 0.2672510
1250.069, 0.4599590
1250.551, 0.1607340
1251.033, 2.9777000E-02
1251.515, 0.5984360
1251.997, 1.346257
1252.479, 1.494443
1252.962, 1.133489
1253.444, 0.5974810
1253.926, 9.9224001E-02
1254.408, 6.0844000E-02
1254.890, 1.033767
1255.372, 1.492241
1255.854, 1.135960
1256.336, 0.7805020
1256.818, 0.8975280
1257.301, 1.115335
1257.783, 1.034745
1258.265, 0.8266490
1258.747, 0.6820190
1259.229, 0.5913280
1259.711, 0.4961020
1260.193, 0.4627970
1260.675, 0.7344850
1261.157, 1.216086
1261.640, 1.356041
1262.122, 0.9106180
1262.604, 0.4998890
1263.086, 0.2019340
1263.568, 0.1275890
1264.050, 0.5646670
1264.532, 0.9565660
1265.014, 0.8392080
1265.497, 0.5315010
1265.979, 0.3858100
1266.461, 0.3647530
1266.943, 0.3172320
1267.425, 0.2439040
1267.907, 8.6864002E-02
1268.389, 0.1442580
1268.871, 0.1591690
1269.354, 0.1191110
1269.836, 0.5873960
1270.318, 1.189427
1270.800, 1.577842
1271.282, 1.302309
1271.764, 0.7964690
1272.246, 0.7791660
1272.728, 1.018568
1273.210, 1.104712
1273.693, 1.132081
1274.175, 1.377871
1274.657, 1.764195
1275.139, 1.976957
1275.621, 1.961649
1276.103, 1.749045
1276.585, 1.099666
1277.067, 0.6711660
1277.549, 0.8788530
1278.032, 0.9909220
1278.514, 0.4286030
1278.996, 6.2151998E-02
1279.478, 0.4715050
1279.960, 1.421523
1280.442, 1.551605
1280.924, 0.8957730
1281.406, 0.5921200
1281.889, 0.7081970
1282.371, 0.6083550
1282.853, 7.6994002E-02
1283.335, 9.6560000E-03
1283.817, 0.4603110
1284.299, 0.8351290
1284.781, 0.7371960
1285.263, 0.4075500
1285.745, 0.1715360
1286.228, 0.0000000E+00
##END=



