##NAMES=Bertossaite
##RRUFFID=R060666
##IDEAL CHEMISTRY=Li_2_CaAl_4_(PO_4_)_4_(OH)_4_
##LOCALITY=Buranga, Rwanda
##OWNER=RRUFF
##SOURCE=Michael Scott
##DESCRIPTION=Pale pink massive
##STATUS=The identification of this mineral is confirmed by single-crystal X-ray diffraction and chemical analysis.
##URL=rruff.info/R060666
##MEASURED CHEMISTRY=(Li_1.86_Na_0.14_)_Σ=2_(Ca_0.90_Mn_0.06_Mg_0.04_)_Σ=1_(Al_3.90_Fe^3+^_0.10_)_Σ=4_(P_1.00_O_4_)_4_((OH)_3.06_F_0.94_)_Σ=4_; H_2_O assumed by stoichiometry; Li estimated by difference; OH estimated by charge balance
125.867, 0.000
126.349, 98.088
126.831, 184.863
127.313, 276.911
127.795, 380.120
128.277, 495.957
128.759, 622.607
129.241, 761.227
129.723, 917.289
130.206, 1069.647
130.688, 1238.050
131.170, 1389.520
131.652, 1512.056
132.134, 1600.048
132.616, 1640.160
133.098, 1604.070
133.580, 1443.286
134.062, 1293.492
134.545, 1157.039
135.027, 1034.420
135.509, 927.093
135.991, 835.216
136.473, 757.771
136.955, 691.243
137.437, 628.018
137.919, 590.082
138.402, 580.154
138.884, 593.216
139.366, 625.135
139.848, 674.311
140.330, 739.422
140.812, 818.627
141.294, 914.925
141.776, 1023.191
142.258, 1142.685
142.741, 1274.407
143.223, 1423.893
143.705, 1595.988
144.187, 1781.618
144.669, 1945.899
145.151, 2076.621
145.633, 2200.365
146.115, 2326.696
146.598, 2449.127
147.080, 2559.711
147.562, 2655.334
148.044, 2733.324
148.526, 2770.633
149.008, 2748.260
149.490, 2715.629
149.972, 2691.762
150.454, 2669.656
150.936, 2630.230
151.419, 2560.128
151.901, 2462.827
152.383, 2373.447
152.865, 2287.135
153.347, 2211.100
153.829, 2152.398
154.311, 2107.592
154.794, 2064.882
155.276, 2015.167
155.758, 1961.199
156.240, 1922.556
156.722, 1905.220
157.204, 1896.152
157.686, 1885.908
158.168, 1876.076
158.650, 1877.084
159.133, 1896.598
159.615, 1935.262
160.097, 1980.105
160.579, 2033.079
161.061, 2090.078
161.543, 2148.838
162.025, 2209.172
162.507, 2270.838
162.990, 2333.609
163.472, 2397.811
163.954, 2463.188
164.436, 2526.538
164.918, 2593.344
165.400, 2675.308
165.882, 2772.286
166.364, 2858.657
166.846, 2916.034
167.329, 2945.459
167.811, 2960.603
168.293, 2973.651
168.775, 2966.262
169.257, 2910.980
169.739, 2804.563
170.221, 2692.349
170.703, 2613.186
171.185, 2556.013
171.668, 2480.014
172.150, 2362.787
172.632, 2232.625
173.114, 2119.979
173.596, 2026.514
174.078, 1942.432
174.560, 1865.394
175.042, 1792.792
175.525, 1717.802
176.007, 1631.119
176.489, 1544.698
176.971, 1476.651
177.453, 1429.869
177.935, 1386.652
178.417, 1326.006
178.899, 1258.068
179.381, 1210.753
179.863, 1206.521
180.346, 1220.486
180.828, 1216.209
181.310, 1188.538
181.792, 1161.471
182.274, 1156.182
182.756, 1164.437
183.238, 1171.259
183.721, 1172.660
184.203, 1169.648
184.685, 1158.608
185.167, 1136.240
185.649, 1118.252
186.131, 1122.210
186.613, 1138.307
187.095, 1149.336
187.577, 1146.653
188.059, 1136.969
188.542, 1107.346
189.024, 1093.409
189.506, 1105.669
189.988, 1111.611
190.470, 1111.575
190.952, 1087.563
191.434, 1094.582
191.917, 1089.207
192.399, 1083.350
192.881, 1094.816
193.363, 1085.968
193.845, 1067.251
194.327, 1055.876
194.809, 1041.047
195.291, 1014.289
195.773, 984.767
196.255, 970.030
196.738, 974.749
197.220, 975.914
197.702, 950.103
198.184, 912.924
198.666, 885.041
199.148, 847.534
199.630, 839.203
200.112, 826.274
200.595, 843.251
201.077, 852.994
201.559, 855.893
202.041, 831.390
202.523, 842.318
203.005, 839.076
203.487, 835.273
203.969, 851.247
204.452, 830.834
204.934, 846.533
205.416, 847.844
205.898, 855.770
206.380, 849.436
206.862, 847.532
207.344, 847.843
207.826, 853.057
208.308, 904.091
208.790, 943.845
209.273, 932.732
209.755, 896.971
210.237, 868.180
210.719, 850.674
211.201, 844.719
211.683, 858.997
212.165, 895.936
212.648, 918.453
213.130, 893.032
213.612, 851.337
214.094, 835.839
214.576, 861.280
215.058, 897.117
215.540, 913.380
216.022, 909.875
216.504, 909.597
216.986, 925.896
217.469, 947.737
217.951, 960.326
218.433, 959.838
218.915, 956.595
219.397, 956.372
219.879, 959.479
220.361, 969.959
220.844, 989.990
221.326, 1018.557
221.808, 1053.340
222.290, 1095.518
222.772, 1140.280
223.254, 1185.752
223.736, 1231.515
224.218, 1273.047
224.700, 1302.544
225.182, 1334.339
225.665, 1387.420
226.147, 1465.124
226.629, 1544.843
227.111, 1610.133
227.593, 1666.451
228.075, 1731.894
228.557, 1809.955
229.040, 1900.523
229.522, 2003.022
230.004, 2116.885
230.486, 2237.356
230.968, 2358.796
231.450, 2485.091
231.932, 2625.842
232.414, 2784.272
232.896, 2954.417
233.378, 3130.577
233.861, 3311.801
234.343, 3503.708
234.825, 3711.751
235.307, 3931.640
235.789, 4158.772
236.271, 4396.814
236.753, 4630.306
237.235, 4843.572
237.718, 5038.967
238.200, 5213.276
238.682, 5380.935
239.164, 5521.415
239.646, 5604.767
240.128, 5626.659
240.610, 5623.282
241.092, 5639.478
241.574, 5667.592
242.057, 5611.966
242.539, 5418.469
243.021, 5170.410
243.503, 4929.197
243.985, 4699.124
244.467, 4467.025
244.949, 4221.288
245.431, 3964.537
245.913, 3724.547
246.396, 3497.960
246.878, 3289.866
247.360, 3104.130
247.842, 2940.372
248.324, 2801.487
248.806, 2691.547
249.288, 2607.335
249.770, 2525.819
250.253, 2441.394
250.735, 2364.643
251.217, 2300.862
251.699, 2247.629
252.181, 2197.572
252.663, 2145.185
253.145, 2097.041
253.627, 2077.939
254.109, 2112.011
254.592, 2141.590
255.074, 2148.513
255.556, 2146.593
256.038, 2157.577
256.520, 2190.396
257.002, 2233.985
257.484, 2265.233
257.966, 2276.224
258.449, 2284.899
258.931, 2290.588
259.413, 2294.792
259.895, 2297.674
260.377, 2299.656
260.859, 2303.508
261.341, 2313.246
261.823, 2329.912
262.306, 2351.506
262.788, 2387.676
263.270, 2421.489
263.752, 2441.549
264.234, 2446.590
264.716, 2441.392
265.198, 2429.265
265.680, 2406.352
266.162, 2395.155
266.645, 2407.165
267.127, 2418.677
267.609, 2423.033
268.091, 2418.156
268.573, 2401.231
269.055, 2367.358
269.537, 2316.761
270.019, 2279.840
270.501, 2262.572
270.984, 2254.651
271.466, 2263.503
271.948, 2279.167
272.430, 2284.921
272.912, 2269.634
273.394, 2238.994
273.876, 2214.629
274.358, 2192.228
274.841, 2184.704
275.323, 2194.767
275.805, 2218.911
276.287, 2254.547
276.769, 2300.828
277.251, 2355.597
277.733, 2414.398
278.215, 2475.432
278.698, 2545.517
279.180, 2631.369
279.662, 2723.377
280.144, 2814.852
280.626, 2904.455
281.108, 2995.076
281.590, 3091.184
282.072, 3193.590
282.554, 3294.376
283.036, 3385.937
283.519, 3481.555
284.001, 3595.636
284.483, 3726.446
284.965, 3851.962
285.447, 3966.596
285.929, 4065.752
286.411, 4125.604
286.893, 4132.724
287.376, 4119.168
287.858, 4110.951
288.340, 4104.063
288.822, 4083.064
289.304, 4042.271
289.786, 3983.903
290.268, 3910.542
290.750, 3822.625
291.233, 3719.092
291.715, 3590.705
292.197, 3446.177
292.679, 3307.295
293.161, 3182.742
293.643, 3061.236
294.125, 2936.462
294.607, 2807.948
295.089, 2670.551
295.572, 2516.078
296.054, 2354.490
296.536, 2213.435
297.018, 2092.978
297.500, 1988.780
297.982, 1906.057
298.464, 1838.544
298.946, 1773.798
299.428, 1707.794
299.911, 1642.910
300.393, 1582.778
300.875, 1528.647
301.357, 1476.597
301.839, 1428.018
302.321, 1380.476
302.803, 1328.941
303.285, 1273.167
303.767, 1221.386
304.250, 1182.005
304.732, 1156.201
305.214, 1140.646
305.696, 1145.981
306.178, 1150.561
306.660, 1140.591
307.142, 1119.177
307.625, 1097.889
308.107, 1084.812
308.589, 1079.891
309.071, 1082.295
309.553, 1094.577
310.035, 1112.057
310.517, 1138.039
310.999, 1167.611
311.481, 1193.475
311.964, 1211.768
312.446, 1226.902
312.928, 1248.949
313.410, 1275.239
313.892, 1314.836
314.374, 1376.688
314.856, 1445.331
315.338, 1506.076
315.820, 1556.503
316.303, 1610.452
316.785, 1684.919
317.267, 1781.491
317.749, 1884.766
318.231, 1989.131
318.713, 2105.598
319.195, 2240.417
319.677, 2392.435
320.159, 2558.515
320.642, 2730.033
321.124, 2913.213
321.606, 3127.303
322.088, 3378.465
322.570, 3651.666
323.052, 3942.283
323.534, 4248.581
324.016, 4571.366
324.499, 4914.172
324.981, 5272.460
325.463, 5643.287
325.945, 6026.142
326.427, 6409.589
326.909, 6783.296
327.391, 7158.256
327.873, 7565.750
328.355, 8058.713
328.838, 8473.453
329.320, 8713.021
329.802, 8825.361
330.284, 8911.746
330.766, 9004.147
331.248, 9062.326
331.730, 9027.479
332.212, 8886.403
332.694, 8691.209
333.177, 8429.936
333.659, 8126.198
334.141, 7783.835
334.623, 7410.837
335.105, 7034.204
335.587, 6672.326
336.069, 6327.147
336.552, 5987.695
337.034, 5651.292
337.516, 5323.391
337.998, 4996.715
338.480, 4679.012
338.962, 4380.298
339.444, 4105.767
339.926, 3853.462
340.408, 3619.950
340.891, 3399.891
341.373, 3207.539
341.855, 3078.622
342.337, 2952.886
342.819, 2767.574
343.301, 2513.533
343.783, 2253.917
344.265, 2063.034
344.747, 1947.181
345.230, 1843.556
345.712, 1757.472
346.194, 1674.350
346.676, 1588.595
347.158, 1499.684
347.640, 1408.357
348.122, 1308.725
348.604, 1207.871
349.086, 1124.138
349.569, 1059.410
350.051, 1004.162
350.533, 956.445
351.015, 914.278
351.497, 875.380
351.979, 839.089
352.461, 806.826
352.944, 780.407
353.426, 759.293
353.908, 741.486
354.390, 727.732
354.872, 715.004
355.354, 696.121
355.836, 668.280
356.318, 648.356
356.800, 641.712
357.283, 644.231
357.765, 652.251
358.247, 665.063
358.729, 683.193
359.211, 709.939
359.693, 747.232
360.175, 763.699
360.657, 738.582
361.139, 717.600
361.622, 722.448
362.104, 744.463
362.586, 764.969
363.068, 773.930
363.550, 775.359
364.032, 781.251
364.514, 794.493
364.996, 807.854
365.478, 827.379
365.961, 842.552
366.443, 842.328
366.925, 825.915
367.407, 804.940
367.889, 792.636
368.371, 789.595
368.853, 784.660
369.335, 781.142
369.818, 770.620
370.300, 748.179
370.782, 716.076
371.264, 679.516
371.746, 636.019
372.228, 593.105
372.710, 566.386
373.192, 558.383
373.674, 546.579
374.157, 520.680
374.639, 484.519
375.121, 444.297
375.603, 396.906
376.085, 354.090
376.567, 326.011
377.049, 306.192
377.531, 281.181
378.013, 247.521
378.496, 209.124
378.978, 168.519
379.460, 123.773
379.942, 90.546
380.424, 79.687
380.906, 71.431
381.388, 51.094
381.871, 21.603
382.353, 4.304
382.835, 17.562
383.317, 21.311
383.799, 31.958
384.281, 62.521
384.763, 83.727
385.245, 84.198
385.727, 78.733
386.210, 84.577
386.692, 105.316
387.174, 126.650
387.656, 127.768
388.138, 104.687
388.620, 87.080
389.102, 73.287
389.584, 68.767
390.066, 85.343
390.549, 113.879
391.031, 129.579
391.513, 113.729
391.995, 80.733
392.477, 56.053
392.959, 39.914
393.441, 32.062
393.923, 40.346
394.405, 52.772
394.888, 49.048
395.370, 23.545
395.852, 3.988
396.334, 23.720
396.816, 38.376
397.298, 51.784
397.780, 64.433
398.263, 80.240
398.745, 105.210
399.227, 141.909
399.709, 169.454
400.191, 175.160
400.673, 184.045
401.155, 216.414
401.637, 262.716
402.119, 298.473
402.602, 309.213
403.084, 303.053
403.566, 305.064
404.048, 319.034
404.530, 335.802
405.012, 355.462
405.494, 376.871
405.976, 402.743
406.458, 431.747
406.941, 454.362
407.423, 456.222
407.905, 438.741
408.387, 435.824
408.869, 458.607
409.351, 477.707
409.833, 470.783
410.315, 451.527
410.797, 444.503
411.280, 463.054
411.762, 487.604
412.244, 492.168
412.726, 481.126
413.208, 489.700
413.690, 537.058
414.172, 596.992
414.654, 622.742
415.137, 608.205
415.619, 608.259
416.101, 642.670
416.583, 689.754
417.065, 732.691
417.547, 769.437
418.029, 800.852
418.511, 825.782
418.993, 846.341
419.476, 882.044
419.958, 944.874
420.440, 1009.503
420.922, 1082.092
421.404, 1150.307
421.886, 1193.763
422.368, 1209.455
422.850, 1225.230
423.332, 1281.151
423.815, 1382.576
424.297, 1478.479
424.779, 1566.675
425.261, 1649.301
425.743, 1722.908
426.225, 1792.295
426.707, 1868.107
427.190, 1956.314
427.672, 2051.775
428.154, 2144.011
428.636, 2233.644
429.118, 2334.423
429.600, 2456.666
430.082, 2587.069
430.564, 2701.959
431.046, 2796.770
431.529, 2899.932
432.011, 3029.036
432.493, 3164.584
432.975, 3282.792
433.457, 3382.615
433.939, 3482.861
434.421, 3600.046
434.903, 3731.535
435.385, 3843.610
435.868, 3927.846
436.350, 4001.547
436.832, 4071.430
437.314, 4130.027
437.796, 4165.842
438.278, 4176.428
438.760, 4177.341
439.242, 4194.573
439.724, 4232.941
440.207, 4238.634
440.689, 4201.379
441.171, 4138.687
441.653, 4052.806
442.135, 3950.921
442.617, 3849.709
443.099, 3754.660
443.581, 3663.379
444.064, 3575.146
444.546, 3489.115
445.028, 3396.522
445.510, 3292.254
445.992, 3184.290
446.474, 3086.207
446.956, 2997.363
447.438, 2915.882
447.921, 2841.402
448.403, 2773.517
448.885, 2713.246
449.367, 2660.188
449.849, 2614.206
450.331, 2575.673
450.813, 2542.870
451.295, 2505.809
451.777, 2456.321
452.259, 2414.283
452.742, 2378.361
453.224, 2352.707
453.706, 2341.601
454.188, 2345.262
454.670, 2358.417
455.152, 2384.491
455.634, 2420.018
456.116, 2427.903
456.599, 2393.145
457.081, 2361.413
457.563, 2362.510
458.045, 2382.088
458.527, 2400.079
459.009, 2413.543
459.491, 2423.399
459.973, 2431.045
460.456, 2435.436
460.938, 2437.876
461.420, 2440.062
461.902, 2427.054
462.384, 2378.361
462.866, 2286.681
463.348, 2205.498
463.830, 2142.051
464.312, 2081.260
464.795, 2024.906
465.277, 1965.208
465.759, 1887.170
466.241, 1783.279
466.723, 1667.155
467.205, 1565.560
467.687, 1484.214
468.169, 1397.179
468.651, 1289.529
469.134, 1187.371
469.616, 1107.711
470.098, 1046.038
470.580, 982.790
471.062, 903.905
471.544, 821.096
472.026, 749.907
472.508, 690.264
472.991, 641.643
473.473, 607.893
473.955, 580.736
474.437, 544.664
474.919, 497.801
475.401, 451.739
475.883, 409.045
476.365, 367.485
476.848, 319.589
477.330, 269.199
477.812, 232.648
478.294, 222.661
478.776, 232.888
479.258, 234.661
479.740, 226.202
480.222, 211.526
480.704, 185.807
481.186, 158.775
481.669, 136.847
482.151, 121.215
482.633, 111.029
483.115, 104.521
483.597, 102.919
484.079, 113.124
484.561, 138.334
485.043, 160.293
485.526, 169.061
486.008, 168.018
486.490, 164.805
486.972, 155.667
487.454, 152.993
487.936, 169.988
488.418, 192.110
488.900, 196.347
489.383, 181.441
489.865, 169.538
490.347, 180.911
490.829, 214.181
491.311, 241.167
491.793, 265.400
492.275, 277.966
492.757, 269.007
493.239, 252.611
493.722, 241.751
494.204, 239.704
494.686, 243.893
495.168, 253.478
495.650, 267.719
496.132, 282.154
496.614, 297.763
497.096, 310.311
497.578, 315.817
498.061, 316.629
498.543, 316.945
499.025, 313.823
499.507, 316.140
499.989, 333.754
500.471, 357.691
500.953, 372.188
501.435, 374.550
501.918, 375.395
502.400, 384.582
502.882, 402.121
503.364, 424.744
503.846, 459.347
504.328, 491.135
504.810, 516.490
505.292, 537.915
505.775, 556.084
506.257, 571.730
506.739, 591.117
507.221, 621.898
507.703, 662.907
508.185, 707.460
508.667, 758.345
509.149, 804.735
509.631, 839.305
510.114, 864.421
510.596, 872.004
511.078, 889.540
511.560, 904.668
512.042, 917.517
512.524, 921.246
513.006, 936.768
513.488, 947.571
513.971, 958.191
514.453, 975.390
514.935, 980.478
515.417, 997.587
515.899, 1009.907
516.381, 1021.119
516.863, 1029.681
517.345, 1039.591
517.827, 1044.098
518.310, 1041.654
518.792, 1035.619
519.274, 1029.315
519.756, 1022.135
520.238, 1011.244
520.720, 996.285
521.202, 978.407
521.684, 956.306
522.166, 932.301
522.649, 910.423
523.131, 871.917
523.613, 845.270
524.095, 829.146
524.577, 810.477
525.059, 789.400
525.541, 758.672
526.023, 740.420
526.505, 717.178
526.988, 693.738
527.470, 677.256
527.952, 652.608
528.434, 649.896
528.916, 643.789
529.398, 632.829
529.880, 613.843
530.362, 587.107
530.844, 560.373
531.327, 538.135
531.809, 519.487
532.291, 501.606
532.773, 484.381
533.255, 472.003
533.737, 467.185
534.219, 468.003
534.701, 470.767
535.184, 480.066
535.666, 481.187
536.148, 462.559
536.630, 443.143
537.112, 438.921
537.594, 447.415
538.076, 455.970
538.558, 456.493
539.041, 452.069
539.523, 451.951
540.005, 458.662
540.487, 459.678
540.969, 449.469
541.451, 435.576
541.933, 425.132
542.415, 416.942
542.898, 403.450
543.380, 371.476
543.862, 341.608
544.344, 328.677
544.826, 325.267
545.308, 333.191
545.790, 338.374
546.272, 340.960
546.754, 333.159
547.237, 338.788
547.719, 339.045
548.201, 339.088
548.683, 346.626
549.165, 345.364
549.647, 352.666
550.129, 362.679
550.611, 368.421
551.093, 374.216
551.576, 388.372
552.058, 408.580
552.540, 415.710
553.022, 401.744
553.504, 393.547
553.986, 415.841
554.468, 460.980
554.950, 490.453
555.432, 493.493
555.915, 494.594
556.397, 499.084
556.879, 506.750
557.361, 520.306
557.843, 538.326
558.325, 552.574
558.807, 555.855
559.289, 549.087
559.771, 536.757
560.254, 512.979
560.736, 496.577
561.218, 500.762
561.700, 509.144
562.182, 510.529
562.664, 503.862
563.146, 489.654
563.628, 458.500
564.111, 426.104
564.593, 415.413
565.075, 422.574
565.557, 425.357
566.039, 413.538
566.521, 393.141
567.003, 375.660
567.485, 364.308
567.968, 347.057
568.450, 316.694
568.932, 288.590
569.414, 269.285
569.896, 257.074
570.378, 249.752
570.860, 247.488
571.342, 243.789
571.825, 225.736
572.307, 197.625
572.789, 185.409
573.271, 195.803
573.753, 210.741
574.235, 216.979
574.717, 215.849
575.199, 216.865
575.681, 222.650
576.164, 227.094
576.646, 226.883
577.128, 225.837
577.610, 229.599
578.092, 237.434
578.574, 241.366
579.056, 232.744
579.538, 216.942
580.020, 216.863
580.503, 237.858
580.985, 253.611
581.467, 253.599
581.949, 248.071
582.431, 244.361
582.913, 242.762
583.395, 252.507
583.877, 290.300
584.360, 327.755
584.842, 339.002
585.324, 333.223
585.806, 333.175
586.288, 347.259
586.770, 368.590
587.252, 386.613
587.734, 399.562
588.216, 422.563
588.699, 465.309
589.181, 505.504
589.663, 532.016
590.145, 553.375
590.627, 579.246
591.109, 611.134
591.591, 651.282
592.073, 708.192
592.555, 771.382
593.038, 820.974
593.520, 857.159
594.002, 898.094
594.484, 954.952
594.966, 1022.623
595.448, 1086.398
595.930, 1147.862
596.412, 1203.048
596.895, 1226.209
597.377, 1268.258
597.859, 1372.509
598.341, 1516.346
598.823, 1642.906
599.305, 1722.764
599.787, 1789.266
600.269, 1887.385
600.752, 2007.550
601.234, 2108.110
601.716, 2180.113
602.198, 2239.975
602.680, 2301.606
603.162, 2363.354
603.644, 2411.406
604.126, 2444.876
604.609, 2467.240
605.091, 2476.093
605.573, 2475.985
606.055, 2473.393
606.537, 2466.548
607.019, 2444.629
607.501, 2395.323
607.983, 2331.618
608.465, 2279.547
608.948, 2239.305
609.430, 2207.925
609.912, 2183.663
610.394, 2170.088
610.876, 2171.593
611.358, 2171.027
611.840, 2188.843
612.322, 2202.202
612.804, 2211.346
613.287, 2203.633
613.769, 2217.698
614.251, 2223.041
614.733, 2232.709
615.215, 2246.918
615.697, 2282.480
616.179, 2333.672
616.661, 2370.439
617.143, 2388.782
617.626, 2411.749
618.108, 2444.992
618.590, 2489.307
619.072, 2536.918
619.554, 2555.161
620.036, 2589.102
620.518, 2619.237
621.000, 2645.772
621.482, 2657.908
621.965, 2688.649
622.447, 2711.934
622.929, 2734.919
623.411, 2764.180
623.893, 2800.172
624.375, 2866.143
624.857, 2900.682
625.339, 2896.039
625.822, 2880.447
626.304, 2859.140
626.786, 2837.908
627.268, 2826.351
627.750, 2826.687
628.232, 2825.803
628.714, 2818.392
629.196, 2810.188
629.679, 2808.744
630.161, 2809.910
630.643, 2801.649
631.125, 2778.936
631.607, 2752.338
632.089, 2737.425
632.571, 2718.953
633.053, 2713.403
633.536, 2704.716
634.018, 2693.164
634.500, 2669.751
634.982, 2661.602
635.464, 2648.722
635.946, 2626.538
636.428, 2600.963
636.910, 2557.255
637.392, 2513.532
637.875, 2495.822
638.357, 2492.584
638.839, 2466.025
639.321, 2397.376
639.803, 2310.444
640.285, 2250.327
640.767, 2221.140
641.249, 2167.919
641.731, 2074.926
642.214, 1981.717
642.696, 1909.999
643.178, 1852.215
643.660, 1796.166
644.142, 1741.608
644.624, 1686.956
645.106, 1624.283
645.588, 1566.972
646.070, 1532.303
646.553, 1514.372
647.035, 1491.217
647.517, 1451.171
647.999, 1410.124
648.481, 1398.948
648.963, 1420.320
649.445, 1436.587
649.927, 1441.664
650.409, 1449.453
650.892, 1472.447
651.374, 1502.136
651.856, 1519.988
652.338, 1517.456
652.820, 1523.348
653.302, 1549.204
653.784, 1584.443
654.266, 1618.500
654.749, 1653.667
655.231, 1700.348
655.713, 1764.195
656.195, 1833.907
656.677, 1893.281
657.159, 1942.026
657.641, 1980.269
658.123, 2002.904
658.606, 2028.747
659.088, 2074.452
659.570, 2129.174
660.052, 2166.819
660.534, 2184.111
661.016, 2193.718
661.498, 2195.418
661.980, 2192.839
662.463, 2188.817
662.945, 2182.717
663.427, 2172.337
663.909, 2156.664
664.391, 2137.813
664.873, 2123.326
665.355, 2110.842
665.837, 2073.192
666.319, 2002.872
666.802, 1936.203
667.284, 1899.326
667.766, 1874.853
668.248, 1819.917
668.730, 1721.000
669.212, 1631.932
669.694, 1558.786
670.176, 1494.781
670.658, 1443.672
671.141, 1396.977
671.623, 1341.133
672.105, 1271.359
672.587, 1195.123
673.069, 1117.665
673.551, 1040.232
674.033, 968.274
674.515, 901.893
674.997, 840.783
675.480, 784.879
675.962, 734.912
676.444, 693.310
676.926, 665.006
677.408, 628.187
677.890, 559.207
678.372, 509.288
678.854, 469.072
679.336, 458.969
679.819, 441.586
680.301, 417.292
680.783, 365.325
681.265, 348.955
681.747, 318.309
682.229, 287.073
682.711, 275.664
683.193, 240.803
683.676, 218.364
684.158, 208.802
684.640, 192.953
685.122, 170.047
685.604, 147.425
686.086, 119.571
686.568, 99.795
687.050, 99.722
687.532, 103.373
688.015, 92.008
688.497, 65.292
688.979, 45.559
689.461, 54.188
689.943, 63.691
690.425, 42.070
690.907, 3.331
691.390, 19.354
691.872, 17.834
692.354, 7.509
692.836, 4.067
693.318, 5.798
693.800, 1.868
694.282, 25.295
694.764, 38.029
695.246, 28.348
695.729, 11.089
696.211, 0.962
696.693, 8.599
697.175, 16.047
697.657, 23.581
698.139, 31.606
698.621, 40.220
699.103, 49.468
699.585, 61.430
700.068, 74.604
700.550, 82.502
701.032, 80.026
701.514, 71.471
701.996, 63.752
702.478, 57.025
702.960, 55.426
703.442, 60.241
703.924, 68.842
704.407, 84.040
704.889, 95.514
705.371, 81.204
705.853, 73.169
706.335, 71.069
706.817, 92.654
707.299, 83.683
707.781, 86.975
708.263, 90.781
708.746, 77.545
709.228, 95.749
709.710, 82.723
710.192, 82.142
710.674, 75.971
711.156, 82.138
711.638, 84.510
712.120, 74.528
712.603, 71.369
713.085, 78.968
713.567, 72.507
714.049, 91.266
714.531, 87.920
715.013, 74.986
715.495, 81.926
715.977, 75.258
716.459, 73.877
716.942, 86.957
717.424, 84.383
717.906, 78.109
718.388, 66.068
718.870, 55.146
719.352, 52.575
719.834, 53.867
720.317, 49.223
720.799, 37.165
721.281, 27.332
721.763, 29.937
722.245, 41.418
722.727, 48.403
723.209, 50.408
723.691, 53.736
724.173, 61.297
724.656, 67.531
725.138, 64.890
725.620, 54.199
726.102, 52.590
726.584, 71.203
727.066, 82.905
727.548, 81.975
728.030, 74.141
728.513, 57.558
728.995, 38.039
729.477, 30.882
729.959, 47.155
730.441, 65.561
730.923, 63.920
731.405, 50.153
731.887, 36.580
732.369, 26.115
732.852, 30.068
733.334, 57.345
733.816, 90.901
734.298, 90.965
734.780, 46.328
735.262, 21.203
735.744, 24.193
736.226, 33.065
736.708, 43.491
737.191, 51.376
737.673, 49.283
738.155, 35.066
738.637, 24.643
739.119, 26.957
739.601, 28.397
740.083, 16.777
740.565, 0.877
741.047, 6.189
741.530, 1.549
742.012, 9.840
742.494, 29.250
742.976, 48.409
743.458, 45.232
743.940, 22.552
744.422, 4.103
744.904, 4.754
745.386, 2.944
745.869, 13.922
746.351, 41.715
746.833, 50.338
747.315, 25.089
747.797, 7.081
748.279, 6.262
748.761, 7.543
749.244, 3.500
749.726, 4.756
750.208, 14.141
750.690, 24.907
751.172, 33.664
751.654, 40.507
752.136, 43.269
752.618, 34.199
753.100, 19.426
753.583, 17.032
754.065, 34.214
754.547, 55.860
755.029, 60.909
755.511, 52.647
755.993, 51.472
756.475, 58.377
756.957, 62.861
757.440, 60.852
757.922, 54.999
758.404, 46.967
758.886, 35.945
759.368, 36.005
759.850, 61.549
760.332, 79.501
760.814, 83.864
761.296, 79.844
761.779, 67.184
762.261, 49.258
762.743, 37.097
763.225, 36.454
763.707, 39.613
764.189, 43.301
764.671, 46.598
765.153, 51.868
765.635, 56.248
766.118, 46.508
766.600, 14.483
767.082, 20.669
767.564, 21.531
768.046, 8.240
768.528, 18.940
769.010, 5.122
769.492, 8.810
769.974, 12.533
770.457, 8.778
770.939, 0.150
771.421, 17.729
771.903, 20.518
772.385, 14.135
772.867, 33.823
773.349, 12.360
773.831, 18.562
774.313, 30.270
774.796, 22.236
775.278, 11.037
775.760, 7.873
776.242, 2.430
776.724, 46.787
777.206, 96.449
777.688, 104.332
778.170, 72.745
778.653, 38.010
779.135, 20.391
779.617, 17.652
780.099, 31.417
780.581, 59.261
781.063, 74.828
781.545, 74.449
782.027, 80.046
782.510, 105.378
782.992, 136.158
783.474, 148.366
783.956, 138.735
784.438, 127.899
784.920, 117.793
785.402, 104.012
785.884, 78.579
786.367, 53.973
786.849, 42.193
787.331, 42.987
787.813, 47.366
788.295, 55.572
788.777, 62.834
789.259, 68.181
789.741, 70.073
790.223, 63.170
790.706, 50.656
791.188, 44.039
791.670, 49.836
792.152, 60.858
792.634, 66.807
793.116, 69.679
793.598, 80.164
794.080, 98.498
794.562, 104.216
795.045, 85.810
795.527, 61.481
796.009, 60.011
796.491, 83.802
796.973, 91.444
797.455, 70.478
797.937, 58.317
798.419, 71.910
798.901, 91.334
799.384, 98.410
799.866, 95.272
800.348, 94.580
800.830, 103.207
801.312, 107.349
801.794, 101.698
802.276, 91.279
802.758, 74.950
803.240, 58.222
803.723, 52.945
804.205, 64.508
804.687, 80.557
805.169, 94.416
805.651, 103.383
806.133, 98.191
806.615, 83.367
807.097, 78.949
807.580, 91.398
808.062, 105.345
808.544, 103.948
809.026, 89.589
809.508, 71.919
809.990, 48.653
810.472, 41.137
810.954, 58.721
811.437, 80.646
811.919, 92.688
812.401, 95.236
812.883, 89.411
813.365, 63.854
813.847, 49.515
814.329, 54.170
814.811, 61.151
815.294, 64.500
815.776, 64.882
816.258, 63.656
816.740, 61.028
817.222, 56.813
817.704, 47.827
818.186, 40.408
818.668, 39.129
819.150, 42.261
819.633, 49.447
820.115, 58.808
820.597, 63.310
821.079, 56.444
821.561, 46.620
822.043, 50.237
822.525, 61.574
823.007, 55.997
823.489, 32.452
823.972, 21.585
824.454, 41.256
824.936, 73.703
825.418, 88.533
825.900, 84.674
826.382, 75.411
826.864, 56.043
827.346, 46.761
827.828, 63.377
828.311, 80.377
828.793, 65.378
829.275, 20.099
829.757, 7.126
830.239, 7.697
830.721, 3.118
831.203, 6.559
831.685, 18.015
832.167, 31.066
832.650, 43.838
833.132, 54.245
833.614, 63.055
834.096, 62.127
834.578, 37.486
835.060, 10.749
835.542, 0.982
836.024, 2.663
836.507, 6.083
836.989, 7.944
837.471, 5.781
837.953, 5.182
838.435, 17.352
838.917, 16.627
839.399, 5.878
839.881, 5.410
840.364, 15.585
840.846, 25.314
841.328, 35.925
841.810, 41.142
842.292, 22.387
842.774, 24.588
843.256, 24.312
843.738, 9.077
844.221, 26.347
844.703, 35.790
845.185, 37.773
845.667, 9.987
846.149, 20.561
846.631, 15.705
847.113, 10.187
847.595, 26.078
848.077, 2.532
848.560, 18.191
849.042, 18.213
849.524, 25.373
850.006, 13.858
850.488, 25.619
850.970, 35.950
851.452, 31.815
851.934, 26.532
852.416, 34.777
852.899, 45.677
853.381, 39.137
853.863, 13.892
854.345, 9.738
854.827, 17.835
855.309, 18.757
855.791, 21.315
856.273, 24.386
856.755, 26.817
857.238, 27.511
857.720, 21.333
858.202, 5.166
858.684, 11.954
859.166, 15.780
859.648, 8.141
860.130, 0.207
860.612, 9.203
861.094, 15.053
861.577, 16.366
862.059, 15.396
862.541, 13.889
863.023, 12.297
863.505, 12.725
863.987, 14.963
864.469, 19.837
864.951, 30.926
865.434, 39.478
865.916, 41.303
866.398, 36.938
866.880, 25.259
867.362, 2.161
867.844, 10.107
868.326, 2.992
868.808, 5.617
869.291, 16.289
869.773, 21.518
870.255, 11.477
870.737, 10.919
871.219, 32.266
871.701, 52.196
872.183, 62.845
872.665, 52.949
873.148, 38.698
873.630, 30.532
874.112, 30.667
874.594, 43.212
875.076, 68.463
875.558, 93.974
876.040, 109.853
876.522, 120.497
877.004, 129.623
877.487, 138.546
877.969, 150.950
878.451, 166.949
878.933, 184.159
879.415, 201.571
879.897, 215.708
880.379, 216.459
880.861, 207.932
881.343, 214.758
881.826, 237.428
882.308, 256.330
882.790, 263.510
883.272, 267.656
883.754, 269.077
884.236, 280.037
884.718, 281.137
885.200, 290.063
885.682, 297.026
886.165, 302.123
886.647, 300.126
887.129, 307.424
887.611, 299.354
888.093, 295.782
888.575, 299.981
889.057, 294.415
889.539, 265.197
890.021, 245.323
890.504, 250.810
890.986, 261.281
891.468, 259.323
891.950, 247.506
892.432, 238.843
892.914, 237.585
893.396, 234.623
893.878, 227.905
894.361, 219.019
894.843, 206.320
895.325, 193.372
895.807, 183.616
896.289, 181.264
896.771, 177.115
897.253, 171.263
897.735, 158.585
898.218, 154.641
898.700, 147.140
899.182, 139.450
899.664, 136.637
900.146, 128.143
900.628, 124.330
901.110, 114.606
901.592, 100.512
902.075, 85.089
902.557, 72.665
903.039, 62.724
903.521, 54.408
904.003, 47.003
904.485, 36.738
904.967, 19.654
905.449, 2.140
905.931, 1.207
906.414, 5.475
906.896, 1.244
907.378, 14.169
907.860, 18.633
908.342, 2.319
908.824, 15.544
909.306, 10.924
909.788, 12.283
910.270, 33.392
910.753, 53.063
911.235, 61.045
911.717, 53.530
912.199, 44.171
912.681, 41.250
913.163, 42.046
913.645, 40.864
914.127, 37.110
914.610, 36.054
915.092, 40.805
915.574, 40.114
916.056, 26.126
916.538, 12.311
917.020, 10.915
917.502, 19.678
917.984, 27.826
918.466, 35.511
918.949, 42.375
919.431, 47.717
919.913, 48.932
920.395, 28.108
920.877, 12.627
921.359, 2.203
921.841, 12.000
922.323, 4.287
922.805, 10.070
923.288, 15.396
923.770, 35.277
924.252, 28.347
924.734, 48.074
925.216, 57.282
925.698, 71.372
926.180, 74.944
926.662, 81.735
927.145, 90.106
927.627, 104.111
928.109, 100.237
928.591, 97.383
929.073, 121.433
929.555, 165.039
930.037, 198.953
930.519, 211.019
931.002, 221.022
931.484, 242.319
931.966, 268.050
932.448, 293.160
932.930, 317.046
933.412, 338.179
933.894, 357.329
934.376, 379.243
934.859, 408.132
935.341, 436.840
935.823, 455.276
936.305, 469.615
936.787, 488.095
937.269, 512.170
937.751, 546.003
938.233, 589.829
938.715, 632.611
939.198, 662.974
939.680, 689.357
940.162, 728.749
940.644, 776.749
941.126, 818.519
941.608, 853.336
942.090, 885.551
942.572, 917.218
943.054, 961.585
943.537, 1043.611
944.019, 1147.929
944.501, 1210.571
944.983, 1237.920
945.465, 1288.072
945.947, 1371.194
946.429, 1466.281
946.911, 1562.681
947.393, 1654.252
947.876, 1727.983
948.358, 1785.031
948.840, 1839.011
949.322, 1888.656
949.804, 1955.225
950.286, 2045.797
950.768, 2143.376
951.250, 2236.036
951.732, 2323.450
952.215, 2406.471
952.697, 2486.138
953.179, 2551.029
953.661, 2597.377
954.143, 2645.418
954.625, 2703.937
955.107, 2760.374
955.589, 2800.644
956.072, 2829.029
956.554, 2869.154
957.036, 2930.942
957.518, 2971.248
958.000, 2979.056
958.482, 2986.840
958.964, 3009.814
959.446, 3036.208
959.929, 3051.199
960.411, 3055.528
960.893, 3062.346
961.375, 3078.055
961.857, 3082.582
962.339, 3072.356
962.821, 3053.274
963.303, 3023.781
963.786, 2990.276
964.268, 2963.593
964.750, 2944.881
965.232, 2916.808
965.714, 2859.837
966.196, 2823.427
966.678, 2827.682
967.160, 2818.194
967.642, 2852.890
968.125, 2876.763
968.607, 2890.394
969.089, 2863.377
969.571, 2888.864
970.053, 2893.374
970.535, 2897.046
971.017, 2929.993
971.499, 2909.024
971.981, 2938.678
972.464, 2968.629
972.946, 3007.292
973.428, 3052.517
973.910, 3097.146
974.392, 3122.372
974.874, 3169.793
975.356, 3270.999
975.838, 3383.837
976.320, 3473.779
976.803, 3545.693
977.285, 3618.848
977.767, 3692.378
978.249, 3779.722
978.731, 3882.076
979.213, 4001.851
979.695, 4150.733
980.177, 4309.334
980.659, 4453.977
981.142, 4591.201
981.624, 4747.235
982.106, 4930.845
982.588, 5124.252
983.070, 5333.310
983.552, 5539.526
984.034, 5731.386
984.516, 5918.034
984.999, 6098.893
985.481, 6283.304
985.963, 6502.118
986.445, 6787.667
986.927, 7051.509
987.409, 7249.412
987.891, 7431.738
988.373, 7617.190
988.856, 7812.066
989.338, 8041.867
989.820, 8292.070
990.302, 8487.857
990.784, 8584.670
991.266, 8666.165
991.748, 8788.245
992.230, 8884.479
992.713, 8896.306
993.195, 8860.589
993.677, 8837.825
994.159, 8827.576
994.641, 8771.601
995.123, 8640.410
995.605, 8475.724
996.087, 8269.662
996.569, 8064.806
997.052, 7823.264
997.534, 7639.786
998.016, 7451.954
998.498, 7288.146
998.980, 7118.578
999.462, 6943.467
999.944, 6746.259
1000.426, 6577.333
1000.908, 6384.968
1001.391, 6228.369
1001.873, 6083.019
1002.355, 5928.116
1002.837, 5763.361
1003.319, 5611.601
1003.801, 5481.496
1004.283, 5368.846
1004.765, 5273.626
1005.247, 5192.867
1005.730, 5096.304
1006.212, 5025.553
1006.694, 4965.488
1007.176, 4949.710
1007.658, 4923.208
1008.140, 4886.552
1008.622, 4809.282
1009.104, 4784.492
1009.587, 4743.464
1010.069, 4734.213
1010.551, 4771.545
1011.033, 4797.588
1011.515, 4812.951
1011.997, 4785.598
1012.479, 4813.441
1012.961, 4819.186
1013.443, 4835.897
1013.926, 4834.040
1014.408, 4861.760
1014.890, 4902.700
1015.372, 4930.065
1015.854, 4943.215
1016.336, 4975.695
1016.818, 4998.697
1017.300, 5074.340
1017.783, 5192.624
1018.265, 5300.422
1018.747, 5398.493
1019.229, 5457.646
1019.711, 5567.091
1020.193, 5661.046
1020.675, 5754.383
1021.157, 5901.043
1021.639, 6051.354
1022.122, 6182.957
1022.604, 6317.687
1023.086, 6467.007
1023.568, 6629.862
1024.050, 6813.226
1024.532, 7011.574
1025.014, 7182.455
1025.496, 7304.410
1025.979, 7413.876
1026.461, 7531.761
1026.943, 7625.813
1027.425, 7676.856
1027.907, 7692.776
1028.389, 7680.416
1028.871, 7642.303
1029.353, 7592.108
1029.835, 7555.144
1030.318, 7467.065
1030.800, 7300.078
1031.282, 7097.525
1031.764, 6868.189
1032.246, 6622.975
1032.728, 6366.181
1033.210, 6100.759
1033.692, 5852.909
1034.174, 5646.717
1034.657, 5417.891
1035.139, 5146.808
1035.621, 4869.687
1036.103, 4586.248
1036.585, 4316.824
1037.067, 4087.948
1037.549, 3895.043
1038.031, 3704.373
1038.514, 3517.704
1038.996, 3329.994
1039.478, 3121.110
1039.960, 2938.831
1040.442, 2812.206
1040.924, 2702.367
1041.406, 2569.446
1041.888, 2424.662
1042.370, 2313.165
1042.853, 2248.390
1043.335, 2177.744
1043.817, 2096.294
1044.299, 2018.817
1044.781, 1950.822
1045.263, 1885.522
1045.745, 1815.005
1046.227, 1744.594
1046.709, 1689.131
1047.192, 1651.602
1047.674, 1616.224
1048.156, 1586.882
1048.638, 1547.981
1049.120, 1491.310
1049.602, 1435.777
1050.084, 1394.136
1050.566, 1363.012
1051.049, 1336.994
1051.531, 1316.943
1052.013, 1283.039
1052.495, 1231.606
1052.977, 1184.887
1053.459, 1146.798
1053.941, 1112.786
1054.423, 1078.002
1054.906, 1053.361
1055.388, 1032.899
1055.870, 1023.486
1056.352, 1011.412
1056.834, 996.825
1057.316, 972.126
1057.798, 960.525
1058.280, 943.698
1058.762, 926.678
1059.245, 916.933
1059.727, 893.796
1060.209, 884.009
1060.691, 867.942
1061.173, 832.618
1061.655, 801.737
1062.137, 773.332
1062.619, 762.361
1063.101, 774.020
1063.584, 782.193
1064.066, 759.484
1064.548, 722.029
1065.030, 695.140
1065.512, 680.677
1065.994, 691.448
1066.476, 720.161
1066.958, 739.831
1067.441, 742.020
1067.923, 729.622
1068.405, 701.881
1068.887, 669.491
1069.369, 642.936
1069.851, 622.311
1070.333, 604.187
1070.815, 593.268
1071.297, 605.710
1071.780, 638.573
1072.262, 664.776
1072.744, 670.085
1073.226, 668.998
1073.708, 665.024
1074.190, 668.186
1074.672, 688.353
1075.154, 721.570
1075.636, 771.142
1076.119, 827.641
1076.601, 861.244
1077.083, 857.852
1077.565, 873.126
1078.047, 951.293
1078.529, 1034.779
1079.011, 1090.992
1079.494, 1137.971
1079.976, 1188.061
1080.458, 1244.338
1080.940, 1312.649
1081.422, 1394.695
1081.904, 1465.791
1082.386, 1502.618
1082.868, 1552.619
1083.350, 1639.505
1083.833, 1729.506
1084.315, 1808.833
1084.797, 1876.028
1085.279, 1929.278
1085.761, 1968.559
1086.243, 2004.218
1086.725, 2033.450
1087.207, 2064.349
1087.689, 2099.025
1088.172, 2133.047
1088.654, 2167.856
1089.136, 2197.416
1089.618, 2216.415
1090.100, 2224.992
1090.582, 2221.951
1091.064, 2202.666
1091.546, 2188.942
1092.029, 2174.959
1092.511, 2192.741
1092.993, 2253.953
1093.475, 2336.120
1093.957, 2426.202
1094.439, 2516.795
1094.921, 2589.839
1095.403, 2648.612
1095.885, 2729.517
1096.368, 2831.932
1096.850, 2934.136
1097.332, 3033.569
1097.814, 3149.793
1098.296, 3293.493
1098.778, 3440.318
1099.260, 3560.625
1099.742, 3666.314
1100.224, 3788.129
1100.707, 3915.502
1101.189, 4021.751
1101.671, 4104.047
1102.153, 4151.394
1102.635, 4166.762
1103.117, 4182.152
1103.599, 4092.335
1104.081, 4032.527
1104.564, 3954.266
1105.046, 3858.418
1105.528, 3716.561
1106.010, 3615.113
1106.492, 3485.870
1106.974, 3347.499
1107.456, 3228.019
1107.938, 3050.177
1108.421, 2908.570
1108.903, 2721.499
1109.385, 2540.610
1109.867, 2357.200
1110.349, 2183.644
1110.831, 2027.528
1111.313, 1890.205
1111.795, 1776.064
1112.277, 1687.735
1112.760, 1593.337
1113.242, 1478.852
1113.724, 1369.701
1114.206, 1265.546
1114.688, 1174.370
1115.170, 1100.607
1115.652, 1040.836
1116.134, 997.492
1116.616, 966.220
1117.099, 906.837
1117.581, 797.344
1118.063, 734.764
1118.545, 737.158
1119.027, 735.492
1119.509, 708.363
1119.991, 672.938
1120.473, 640.612
1120.956, 613.736
1121.438, 597.539
1121.920, 591.686
1122.402, 597.390
1122.884, 612.670
1123.366, 602.520
1123.848, 563.445
1124.330, 534.208
1124.813, 533.827
1125.295, 539.987
1125.777, 527.539
1126.259, 506.866
1126.741, 495.465
1127.223, 490.814
1127.705, 484.395
1128.187, 480.655
1128.669, 498.391
1129.151, 537.544
1129.634, 568.705
1130.116, 572.866
1130.598, 571.758
1131.080, 577.318
1131.562, 588.791
1132.044, 598.458
1132.526, 618.835
1133.008, 644.775
1133.491, 707.515
1133.973, 761.291
1134.455, 806.637
1134.937, 818.319
1135.419, 873.514
1135.901, 915.320
1136.383, 959.740
1136.865, 1034.224
1137.348, 1111.236
1137.830, 1184.995
1138.312, 1244.946
1138.794, 1293.381
1139.276, 1357.808
1139.758, 1445.038
1140.240, 1525.645
1140.722, 1596.046
1141.204, 1670.435
1141.687, 1754.806
1142.169, 1837.622
1142.651, 1911.156
1143.133, 1974.589
1143.615, 2022.014
1144.097, 2057.713
1144.579, 2124.089
1145.061, 2212.259
1145.543, 2257.054
1146.026, 2255.202
1146.508, 2253.794
1146.990, 2272.628
1147.472, 2306.591
1147.954, 2355.048
1148.436, 2407.710
1148.918, 2454.585
1149.400, 2494.711
1149.883, 2517.624
1150.365, 2536.722
1150.847, 2571.378
1151.329, 2628.356
1151.811, 2716.560
1152.293, 2844.427
1152.775, 2981.783
1153.257, 3123.493
1153.740, 3258.913
1154.222, 3377.378
1154.704, 3493.154
1155.186, 3617.328
1155.668, 3748.722
1156.150, 3895.533
1156.632, 4060.727
1157.114, 4158.853
1157.596, 4173.872
1158.078, 4157.354
1158.561, 4118.206
1159.043, 4029.750
1159.525, 3871.820
1160.007, 3689.536
1160.489, 3525.969
1160.971, 3362.179
1161.453, 3140.188
1161.935, 2866.599
1162.418, 2632.392
1162.900, 2436.327
1163.382, 2252.257
1163.864, 2075.805
1164.346, 1907.383
1164.828, 1745.919
1165.310, 1596.027
1165.792, 1460.170
1166.275, 1340.610
1166.757, 1245.602
1167.239, 1164.096
1167.721, 1081.937
1168.203, 999.415
1168.685, 913.802
1169.167, 830.048
1169.649, 771.360
1170.131, 751.932
1170.614, 731.635
1171.096, 692.156
1171.578, 651.213
1172.060, 615.954
1172.542, 582.557
1173.024, 541.342
1173.506, 503.368
1173.988, 490.799
1174.470, 501.970
1174.953, 500.802
1175.435, 481.584
1175.917, 469.093
1176.399, 468.761
1176.881, 455.396
1177.363, 417.205
1177.845, 386.874
1178.327, 391.139
1178.810, 408.188
1179.292, 396.358
1179.774, 365.039
1180.256, 352.485
1180.738, 353.645
1181.220, 351.038
1181.702, 343.006
1182.184, 309.067
1182.667, 285.641
1183.149, 293.267
1183.631, 293.397
1184.113, 286.434
1184.595, 251.057
1185.077, 252.434
1185.559, 239.122
1186.041, 225.234
1186.523, 231.871
1187.005, 200.774
1187.488, 207.114
1187.970, 198.578
1188.452, 186.607
1188.934, 172.297
1189.416, 166.082
1189.898, 177.863
1190.380, 177.711
1190.862, 147.612
1191.345, 111.251
1191.827, 89.900
1192.309, 81.944
1192.791, 85.463
1193.273, 100.126
1193.755, 108.602
1194.237, 111.287
1194.719, 82.082
1195.202, 62.756
1195.684, 78.746
1196.166, 86.256
1196.648, 85.755
1197.130, 53.013
1197.612, 62.098
1198.094, 54.555
1198.576, 46.426
1199.058, 61.701
1199.541, 49.688
1200.023, 61.581
1200.505, 65.438
1200.987, 67.572
1201.469, 70.537
1201.951, 64.180
1202.433, 35.291
1202.915, 12.846
1203.397, 1.729
1203.880, 0.000
##END=



