##NAMES=Boltwoodite
##RRUFFID=R060753
##IDEAL CHEMISTRY=(K,Na)UO_2_(SiO_3_OH)&#183;1.5H_2_O
##LOCALITY=Rossing mine, between Rossing & Arandis, near Swakopmund, Namibia
##OWNER=RRUFF
##SOURCE=Michael Scott
##DESCRIPTION=Radiating tufts of pale yellow-orange bladed crystals
##STATUS=The identification of this mineral has been confirmed by single-crystal X-ray diffraction.
##URL=rruff.info/R060753
138.884, 0.000
139.366, 39.410
139.848, 92.521
140.330, 149.464
140.812, 207.187
141.294, 271.365
141.777, 345.651
142.259, 424.163
142.741, 501.118
143.223, 573.269
143.705, 641.337
144.187, 709.113
144.669, 779.514
145.151, 844.422
145.633, 903.675
146.116, 956.555
146.598, 1002.981
147.080, 1042.870
147.562, 1075.756
148.044, 1098.929
148.526, 1108.959
149.008, 1111.536
149.490, 1108.057
149.973, 1097.867
150.455, 1078.818
150.937, 1048.916
151.419, 1009.510
151.901, 973.620
152.383, 949.001
152.865, 919.851
153.347, 874.297
153.829, 822.101
154.312, 781.380
154.794, 765.023
155.276, 771.724
155.758, 771.790
156.240, 759.501
156.722, 747.050
157.204, 733.599
157.686, 722.324
158.169, 719.435
158.651, 730.067
159.133, 754.057
159.615, 776.412
160.097, 795.233
160.579, 814.782
161.061, 836.469
161.543, 860.190
162.025, 885.066
162.508, 910.472
162.990, 936.551
163.472, 964.516
163.954, 999.302
164.436, 1030.940
164.918, 1057.725
165.400, 1078.188
165.883, 1088.051
166.365, 1081.044
166.847, 1057.724
167.329, 1052.115
167.811, 1084.748
168.293, 1113.807
168.775, 1114.515
169.257, 1090.821
169.739, 1064.653
170.221, 1053.078
170.704, 1055.348
171.186, 1045.492
171.668, 1013.260
172.150, 979.268
172.632, 954.961
173.114, 939.841
173.596, 927.450
174.078, 912.997
174.561, 897.007
175.043, 885.306
175.525, 882.684
176.007, 880.194
176.489, 870.088
176.971, 853.491
177.453, 840.142
177.935, 838.094
178.417, 846.264
178.900, 849.489
179.382, 840.827
179.864, 832.895
180.346, 836.623
180.828, 850.839
181.310, 862.974
181.792, 862.181
182.274, 851.508
182.757, 852.005
183.239, 874.133
183.721, 899.249
184.203, 913.851
184.685, 918.513
185.167, 921.134
185.649, 925.541
186.131, 932.198
186.613, 941.305
187.096, 951.731
187.578, 965.525
188.060, 985.790
188.542, 1012.055
189.024, 1037.772
189.506, 1058.497
189.988, 1075.777
190.470, 1096.005
190.952, 1122.028
191.435, 1148.517
191.917, 1170.116
192.399, 1187.515
192.881, 1207.015
193.363, 1229.100
193.845, 1257.717
194.327, 1300.033
194.809, 1366.635
195.292, 1435.694
195.774, 1487.863
196.256, 1525.222
196.738, 1568.151
197.220, 1633.816
197.702, 1710.769
198.184, 1769.628
198.666, 1793.131
199.148, 1821.752
199.631, 1888.684
200.113, 1989.705
200.595, 2091.148
201.077, 2176.229
201.559, 2253.703
202.041, 2341.196
202.523, 2440.187
203.005, 2546.159
203.488, 2658.274
203.970, 2775.407
204.452, 2894.304
204.934, 3014.997
205.416, 3134.717
205.898, 3247.951
206.380, 3351.274
206.862, 3457.685
207.344, 3574.523
207.827, 3701.053
208.309, 3834.435
208.791, 3974.953
209.273, 4120.873
209.755, 4271.568
210.237, 4431.229
210.719, 4578.059
211.201, 4688.040
211.684, 4772.298
212.166, 4877.066
212.648, 5028.843
213.130, 5187.886
213.612, 5297.089
214.094, 5350.698
214.576, 5402.264
215.058, 5491.830
215.540, 5599.420
216.023, 5668.303
216.505, 5678.046
216.987, 5657.209
217.469, 5642.826
217.951, 5636.249
218.433, 5616.433
218.915, 5571.714
219.397, 5508.533
219.880, 5438.610
220.362, 5362.265
220.844, 5283.710
221.326, 5212.018
221.808, 5146.573
222.290, 5066.786
222.772, 4956.215
223.254, 4829.980
223.736, 4714.130
224.219, 4615.238
224.701, 4516.051
225.183, 4396.861
225.665, 4260.023
226.147, 4126.449
226.629, 3996.750
227.111, 3873.893
227.593, 3765.856
228.076, 3674.687
228.558, 3581.200
229.040, 3463.439
229.522, 3327.083
230.004, 3205.748
230.486, 3114.473
230.968, 3033.553
231.450, 2944.513
231.932, 2846.478
232.415, 2745.520
232.897, 2642.119
233.379, 2539.292
233.861, 2449.375
234.343, 2382.846
234.825, 2321.466
235.307, 2252.739
235.789, 2177.326
236.271, 2100.891
236.754, 2027.034
237.236, 1955.300
237.718, 1884.273
238.200, 1811.070
238.682, 1741.238
239.164, 1676.529
239.646, 1617.350
240.128, 1565.651
240.611, 1524.370
241.093, 1489.400
241.575, 1448.265
242.057, 1396.047
242.539, 1346.605
243.021, 1303.892
243.503, 1267.557
243.985, 1238.200
244.467, 1217.076
244.950, 1200.037
245.432, 1177.757
245.914, 1147.960
246.396, 1119.325
246.878, 1093.473
247.360, 1069.709
247.842, 1045.941
248.324, 1021.435
248.807, 999.600
249.289, 985.929
249.771, 981.567
250.253, 982.484
250.735, 992.318
251.217, 1005.157
251.699, 1015.052
252.181, 1021.037
252.663, 1026.279
253.146, 1034.167
253.628, 1045.144
254.110, 1057.612
254.592, 1071.426
255.074, 1086.734
255.556, 1103.522
256.038, 1121.812
256.520, 1142.034
257.003, 1165.016
257.485, 1191.177
257.967, 1212.971
258.449, 1225.372
258.931, 1239.127
259.413, 1258.187
259.895, 1282.355
260.377, 1310.674
260.859, 1343.065
261.342, 1378.874
261.824, 1411.003
262.306, 1438.422
262.788, 1463.755
263.270, 1481.064
263.752, 1498.124
264.234, 1528.183
264.716, 1578.222
265.198, 1640.812
265.681, 1692.068
266.163, 1716.644
266.645, 1749.842
267.127, 1800.578
267.609, 1857.318
268.091, 1906.352
268.573, 1943.760
269.056, 1979.997
269.538, 2035.153
270.020, 2125.260
270.502, 2200.887
270.984, 2250.223
271.466, 2295.830
271.948, 2355.895
272.430, 2430.981
272.912, 2505.490
273.395, 2561.127
273.877, 2595.671
274.359, 2623.595
274.841, 2650.230
275.323, 2665.096
275.805, 2661.571
276.287, 2641.636
276.769, 2611.652
277.251, 2575.539
277.734, 2533.487
278.216, 2489.508
278.698, 2453.363
279.180, 2401.120
279.662, 2318.263
280.144, 2216.422
280.626, 2114.139
281.108, 2020.490
281.591, 1933.464
282.073, 1847.211
282.555, 1762.320
283.037, 1678.439
283.519, 1594.228
284.001, 1511.407
284.483, 1429.960
284.965, 1348.138
285.447, 1274.323
285.930, 1223.022
286.412, 1197.164
286.894, 1167.125
287.376, 1124.102
287.858, 1073.694
288.340, 1016.135
288.822, 950.738
289.304, 894.236
289.786, 864.835
290.269, 857.098
290.751, 841.953
291.233, 809.315
291.715, 776.376
292.197, 761.129
292.679, 761.153
293.161, 761.010
293.643, 752.961
294.125, 741.401
294.608, 734.976
295.090, 735.504
295.572, 734.213
296.054, 720.934
296.536, 699.214
297.018, 684.525
297.500, 681.840
297.983, 684.639
298.465, 686.903
298.947, 689.219
299.429, 697.422
299.911, 716.967
300.393, 743.679
300.875, 762.619
301.357, 761.871
301.839, 768.918
302.322, 799.956
302.804, 844.956
303.286, 885.161
303.768, 913.513
304.250, 935.265
304.732, 960.001
305.214, 985.312
305.696, 1018.964
306.178, 1071.765
306.661, 1127.302
307.143, 1168.675
307.625, 1193.732
308.107, 1214.262
308.589, 1244.548
309.071, 1289.267
309.553, 1321.252
310.035, 1327.137
310.517, 1334.914
311.000, 1360.683
311.482, 1400.216
311.964, 1439.670
312.446, 1468.846
312.928, 1488.828
313.410, 1509.685
313.892, 1535.246
314.374, 1557.261
314.857, 1574.299
315.339, 1587.069
315.821, 1597.776
316.303, 1607.541
316.785, 1612.485
317.267, 1603.729
317.749, 1576.716
318.231, 1546.915
318.714, 1522.035
319.196, 1491.477
319.678, 1446.185
320.160, 1385.333
320.642, 1317.731
321.124, 1249.390
321.606, 1180.623
322.088, 1115.885
322.570, 1055.860
323.052, 1000.647
323.535, 952.621
324.017, 909.341
324.499, 862.893
324.981, 806.689
325.463, 745.334
325.945, 687.845
326.427, 634.143
326.909, 585.301
327.392, 542.979
327.874, 505.705
328.356, 471.533
328.838, 440.788
329.320, 412.421
329.802, 384.588
330.284, 357.879
330.766, 337.266
331.249, 327.018
331.731, 320.742
332.213, 307.379
332.695, 286.140
333.177, 263.200
333.659, 235.776
334.141, 209.494
334.623, 194.040
335.105, 191.403
335.588, 190.984
336.070, 181.059
336.552, 159.405
337.034, 143.902
337.516, 138.841
337.998, 135.849
338.480, 130.060
338.962, 122.154
339.444, 116.058
339.927, 114.975
340.409, 116.932
340.891, 110.486
341.373, 84.661
341.855, 63.190
342.337, 50.093
342.819, 42.029
343.301, 35.139
343.784, 28.184
344.266, 22.486
344.748, 21.257
345.230, 28.254
345.712, 29.438
346.194, 17.434
346.676, 5.736
347.158, 1.576
347.641, 4.576
348.123, 10.281
348.605, 16.623
349.087, 22.991
349.569, 24.240
350.051, 18.991
350.533, 10.615
351.015, 3.218
351.497, 17.963
351.979, 26.655
352.462, 25.682
352.944, 20.078
353.426, 15.194
353.908, 10.984
354.390, 9.599
354.872, 15.940
355.354, 22.616
355.836, 10.532
356.319, 3.000
356.801, 0.225
357.283, 13.761
357.765, 5.518
358.247, 6.182
358.729, 7.208
359.211, 4.167
359.693, 7.307
360.176, 3.876
360.658, 6.017
361.140, 6.063
361.622, 16.047
362.104, 16.789
362.586, 11.350
363.068, 10.686
363.550, 21.265
364.032, 39.842
364.515, 55.677
364.997, 70.131
365.479, 79.866
365.961, 76.144
366.443, 72.209
366.925, 84.112
367.407, 113.868
367.889, 146.765
368.371, 163.323
368.854, 158.542
369.336, 161.148
369.818, 181.158
370.300, 199.070
370.782, 202.453
371.264, 198.167
371.746, 202.084
372.228, 225.397
372.711, 261.415
373.193, 291.199
373.675, 314.108
374.157, 332.136
374.639, 343.091
375.121, 351.066
375.603, 358.606
376.085, 365.965
376.568, 375.017
377.050, 389.658
377.532, 407.976
378.014, 419.875
378.496, 420.175
378.978, 420.510
379.460, 434.506
379.942, 459.485
380.424, 483.540
380.906, 501.906
381.389, 519.439
381.871, 541.441
382.353, 567.238
382.835, 592.024
383.317, 613.400
383.799, 631.456
384.281, 646.380
384.763, 648.036
385.246, 660.678
385.728, 697.900
386.210, 743.710
386.692, 779.738
387.174, 801.832
387.656, 818.489
388.138, 840.071
388.620, 867.515
389.103, 895.806
389.585, 923.267
390.067, 953.289
390.549, 992.901
391.031, 1035.737
391.513, 1067.656
391.995, 1078.694
392.477, 1078.357
392.959, 1094.138
393.442, 1134.084
393.924, 1168.803
394.406, 1193.047
394.888, 1207.731
395.370, 1210.411
395.852, 1200.944
396.334, 1188.867
396.816, 1184.023
397.298, 1183.033
397.781, 1171.004
398.263, 1142.626
398.745, 1114.049
399.227, 1103.889
399.709, 1105.146
400.191, 1093.562
400.673, 1056.638
401.155, 1013.275
401.638, 976.377
402.120, 944.180
402.602, 909.762
403.084, 869.056
403.566, 827.282
404.048, 795.145
404.530, 780.201
405.012, 760.651
405.495, 735.574
405.977, 705.592
406.459, 666.711
406.941, 621.694
407.423, 581.269
407.905, 555.729
408.387, 544.300
408.869, 530.098
409.351, 511.548
409.833, 491.875
410.316, 467.774
410.798, 444.723
411.280, 431.736
411.762, 432.132
412.244, 432.476
412.726, 410.825
413.208, 365.667
413.690, 330.817
414.173, 314.830
414.655, 306.163
415.137, 298.574
415.619, 291.137
416.101, 279.607
416.583, 260.650
417.065, 237.569
417.547, 213.911
418.030, 189.889
418.512, 165.034
418.994, 137.564
419.476, 110.649
419.958, 92.445
420.440, 83.361
420.922, 80.260
421.404, 89.617
421.886, 100.854
422.369, 101.995
422.851, 91.272
423.333, 74.665
423.815, 56.964
424.297, 37.773
424.779, 24.548
425.261, 24.767
425.743, 22.438
426.225, 11.985
426.708, 2.845
427.190, 18.048
427.672, 32.162
428.154, 42.514
428.636, 42.757
429.118, 30.655
429.600, 23.897
430.082, 30.645
430.565, 37.330
431.047, 32.006
431.529, 18.064
432.011, 10.086
432.493, 18.095
432.975, 34.395
433.457, 49.532
433.939, 63.443
434.422, 73.818
434.904, 80.115
435.386, 81.596
435.868, 75.062
436.350, 54.202
436.832, 41.491
437.314, 50.191
437.796, 65.565
438.278, 71.795
438.760, 66.793
439.243, 57.273
439.725, 49.051
440.207, 42.125
440.689, 33.911
441.171, 18.493
441.653, 8.738
442.135, 13.558
442.617, 22.586
443.100, 22.181
443.582, 8.089
444.064, 9.317
444.546, 14.468
445.028, 6.220
445.510, 5.351
445.992, 15.688
446.474, 31.278
446.957, 49.635
447.439, 69.816
447.921, 89.264
448.403, 106.643
448.885, 123.363
449.367, 143.152
449.849, 164.675
450.331, 177.514
450.813, 174.815
451.296, 167.822
451.778, 177.106
452.260, 208.656
452.742, 234.710
453.224, 243.240
453.706, 252.819
454.188, 281.658
454.670, 325.504
455.152, 365.238
455.635, 387.630
456.117, 397.028
456.599, 411.986
457.081, 436.541
457.563, 459.953
458.045, 478.495
458.527, 497.083
459.009, 522.339
459.492, 553.672
459.974, 580.933
460.456, 592.851
460.938, 593.211
461.420, 598.762
461.902, 610.999
462.384, 624.357
462.866, 638.984
463.349, 651.522
463.831, 655.715
464.313, 649.145
464.795, 638.150
465.277, 626.213
465.759, 611.952
466.241, 590.830
466.723, 562.008
467.205, 534.510
467.688, 518.361
468.170, 514.810
468.652, 504.368
469.134, 477.575
469.616, 455.472
470.098, 448.814
470.580, 448.770
471.062, 442.994
471.544, 427.070
472.027, 406.452
472.509, 385.035
472.991, 360.992
473.473, 355.545
473.955, 389.128
474.437, 417.104
474.919, 409.693
475.401, 378.546
475.884, 350.916
476.366, 336.445
476.848, 328.289
477.330, 318.549
477.812, 308.930
478.294, 310.542
478.776, 330.694
479.258, 351.140
479.741, 344.384
480.223, 300.103
480.705, 273.789
481.187, 278.222
481.669, 289.777
482.151, 298.121
482.633, 302.729
483.115, 305.223
483.597, 306.448
484.079, 306.044
484.562, 303.004
485.044, 296.585
485.526, 289.447
486.008, 275.276
486.490, 266.164
486.972, 270.684
487.454, 286.288
487.936, 303.747
488.419, 322.271
488.901, 336.723
489.383, 335.193
489.865, 318.381
490.347, 306.424
490.829, 307.649
491.311, 316.525
491.793, 326.137
492.276, 338.420
492.758, 342.494
493.240, 330.144
493.722, 314.271
494.204, 304.234
494.686, 299.590
495.168, 295.433
495.650, 288.691
496.132, 281.414
496.615, 280.922
497.097, 296.298
497.579, 298.979
498.061, 273.967
498.543, 246.558
499.025, 232.015
499.507, 229.683
499.989, 230.563
500.471, 232.231
500.954, 231.949
501.436, 223.651
501.918, 207.164
502.400, 188.164
502.882, 166.711
503.364, 146.014
503.846, 131.245
504.328, 121.629
504.810, 118.703
505.293, 129.798
505.775, 142.279
506.257, 145.280
506.739, 139.996
507.221, 132.833
507.703, 127.062
508.185, 124.107
508.668, 129.357
509.150, 149.954
509.632, 163.593
510.114, 160.158
510.596, 156.445
511.078, 165.140
511.560, 183.570
512.042, 198.128
512.524, 199.672
513.006, 193.557
513.489, 184.275
513.971, 172.051
514.453, 175.372
514.935, 208.416
515.417, 250.194
515.899, 263.983
516.381, 243.716
516.864, 234.456
517.346, 246.291
517.828, 267.225
518.310, 291.834
518.792, 318.464
519.274, 346.166
519.756, 374.515
520.238, 401.994
520.720, 424.713
521.203, 440.251
521.685, 458.018
522.167, 478.459
522.649, 501.738
523.131, 527.566
523.613, 556.357
524.095, 588.912
524.577, 625.452
525.059, 666.091
525.542, 711.807
526.024, 761.878
526.506, 814.777
526.988, 870.931
527.470, 926.111
527.952, 971.874
528.434, 1003.690
528.916, 1055.007
529.398, 1142.104
529.881, 1231.588
530.363, 1315.446
530.845, 1389.251
531.327, 1446.610
531.809, 1484.964
532.291, 1513.082
532.773, 1539.859
533.255, 1563.652
533.737, 1604.464
534.220, 1681.268
534.702, 1749.216
535.184, 1787.162
535.666, 1799.897
536.148, 1793.612
536.630, 1763.471
537.112, 1726.961
537.594, 1700.667
538.077, 1676.015
538.559, 1634.664
539.041, 1573.259
539.523, 1499.665
540.005, 1420.690
540.487, 1336.171
540.969, 1252.907
541.451, 1168.381
541.933, 1087.112
542.416, 1008.565
542.898, 934.325
543.380, 866.015
543.862, 803.837
544.344, 748.408
544.826, 703.346
545.308, 665.777
545.791, 622.284
546.273, 571.042
546.755, 523.047
547.237, 482.273
547.719, 449.022
548.201, 424.297
548.683, 411.059
549.165, 394.980
549.647, 366.525
550.130, 337.626
550.612, 320.567
551.094, 313.807
551.576, 308.747
552.058, 300.445
552.540, 289.258
553.022, 275.677
553.504, 258.557
553.987, 242.029
554.469, 222.732
554.951, 207.424
555.433, 202.021
555.915, 203.991
556.397, 205.396
556.879, 203.493
557.361, 198.792
557.843, 189.881
558.326, 178.346
558.808, 171.071
559.290, 170.582
559.772, 170.990
560.254, 165.136
560.736, 151.996
561.218, 142.239
561.700, 141.459
562.182, 136.894
562.665, 119.469
563.147, 98.641
563.629, 85.372
564.111, 82.676
564.593, 86.790
565.075, 100.207
565.557, 119.384
566.039, 117.878
566.521, 90.172
567.004, 60.869
567.486, 39.666
567.968, 26.189
568.450, 19.115
568.932, 20.604
569.414, 21.560
569.896, 15.473
570.378, 10.742
570.860, 18.305
571.343, 35.171
571.825, 48.344
572.307, 50.119
572.789, 44.251
573.271, 40.623
573.753, 41.009
574.235, 37.591
574.718, 23.286
575.200, 11.299
575.682, 11.835
576.164, 20.759
576.646, 25.621
577.128, 17.996
577.610, 10.841
578.092, 19.632
578.574, 37.061
579.057, 43.054
579.539, 32.761
580.021, 19.308
580.503, 15.534
580.985, 21.367
581.467, 27.728
581.949, 39.717
582.431, 45.720
582.914, 38.350
583.396, 27.804
583.878, 24.932
584.360, 30.353
584.842, 34.491
585.324, 25.435
585.806, 11.302
586.288, 14.643
586.770, 35.336
587.253, 44.901
587.735, 26.828
588.217, 0.618
588.699, 0.383
589.181, 38.496
589.663, 57.418
590.145, 41.952
590.627, 21.275
591.109, 5.574
591.592, 3.537
592.074, 2.779
592.556, 8.851
593.038, 20.577
593.520, 15.625
594.002, 4.698
594.484, 18.941
594.966, 26.253
595.448, 26.151
595.931, 11.138
596.413, 9.211
596.895, 11.609
597.377, 15.331
597.859, 32.916
598.341, 20.850
598.823, 0.924
599.305, 6.633
599.787, 2.448
600.270, 2.418
600.752, 1.163
601.234, 2.520
601.716, 1.682
602.198, 16.793
602.680, 25.534
603.162, 21.687
603.644, 16.012
604.127, 15.893
604.609, 19.578
605.091, 22.373
605.573, 23.063
606.055, 22.796
606.537, 22.733
607.019, 22.178
607.501, 18.651
607.984, 12.375
608.466, 8.071
608.948, 10.026
609.430, 17.122
609.912, 23.569
610.394, 31.004
610.876, 34.130
611.358, 29.560
611.841, 22.466
612.323, 13.775
612.805, 4.950
613.287, 1.468
613.769, 12.509
614.251, 23.235
614.733, 15.672
615.215, 2.812
615.697, 12.981
616.180, 9.572
616.662, 0.374
617.144, 6.786
617.626, 11.929
618.108, 17.628
618.590, 27.980
619.072, 32.799
619.554, 22.777
620.036, 11.895
620.519, 15.674
621.001, 33.674
621.483, 47.038
621.965, 40.216
622.447, 26.061
622.929, 21.186
623.411, 24.152
623.893, 27.784
624.375, 29.610
624.858, 31.383
625.340, 36.255
625.822, 45.670
626.304, 47.039
626.786, 28.584
627.268, 15.833
627.750, 21.384
628.232, 31.383
628.714, 28.136
629.197, 9.544
629.679, 5.710
630.161, 0.781
630.643, 13.823
631.125, 20.643
631.607, 20.016
632.089, 17.586
632.571, 15.102
633.054, 14.059
633.536, 17.400
634.018, 26.986
634.500, 28.594
634.982, 28.197
635.464, 28.296
635.946, 28.863
636.428, 31.282
636.911, 31.326
637.393, 32.331
637.875, 33.383
638.357, 33.111
638.839, 35.298
639.321, 35.061
639.803, 35.979
640.285, 46.166
640.768, 45.752
641.250, 40.161
641.732, 38.527
642.214, 42.135
642.696, 45.101
643.178, 48.567
643.660, 50.150
644.142, 47.470
644.624, 43.126
645.107, 39.889
645.589, 38.487
646.071, 39.798
646.553, 49.234
647.035, 60.039
647.517, 56.245
647.999, 38.849
648.481, 24.689
648.963, 20.951
649.446, 25.668
649.928, 36.903
650.410, 59.150
650.892, 71.039
651.374, 63.850
651.856, 56.508
652.338, 57.047
652.820, 59.960
653.302, 57.004
653.785, 46.206
654.267, 35.589
654.749, 31.301
655.231, 30.837
655.713, 30.499
656.195, 29.959
656.677, 28.461
657.159, 25.283
657.641, 23.914
658.124, 31.588
658.606, 53.228
659.088, 61.235
659.570, 39.139
660.052, 22.597
660.534, 26.062
661.016, 37.764
661.498, 42.616
661.981, 37.875
662.463, 36.128
662.945, 52.881
663.427, 71.692
663.909, 67.481
664.391, 44.853
664.873, 25.480
665.355, 17.748
665.838, 16.022
666.320, 12.062
666.802, 5.150
667.284, 4.091
667.766, 18.951
668.248, 24.222
668.730, 0.263
669.212, 29.875
669.695, 36.733
670.177, 18.338
670.659, 0.988
671.141, 2.341
671.623, 1.382
672.105, 4.573
672.587, 10.675
673.069, 16.813
673.551, 21.965
674.034, 24.807
674.516, 23.526
674.998, 18.306
675.480, 11.860
675.962, 3.332
676.444, 4.494
676.926, 13.743
677.408, 19.492
677.890, 14.602
678.373, 0.401
678.855, 11.601
679.337, 13.995
679.819, 13.301
680.301, 10.373
680.783, 7.549
681.265, 9.405
681.747, 16.066
682.229, 21.397
682.712, 19.234
683.194, 12.091
683.676, 9.131
684.158, 10.689
684.640, 13.975
685.122, 20.455
685.604, 24.961
686.086, 19.822
686.568, 5.992
687.051, 0.263
687.533, 14.408
688.015, 22.179
688.497, 9.072
688.979, 8.509
689.461, 12.438
689.943, 4.252
690.425, 0.085
690.908, 10.513
691.390, 27.407
691.872, 36.766
692.354, 39.572
692.836, 42.164
693.318, 45.668
693.800, 48.862
694.282, 50.386
694.765, 50.945
695.247, 54.063
695.729, 64.718
696.211, 70.257
696.693, 64.562
697.175, 59.188
697.657, 62.437
698.139, 71.010
698.622, 76.669
699.104, 75.546
699.586, 74.434
700.068, 80.466
700.550, 89.734
701.032, 94.462
701.514, 94.656
701.996, 96.249
702.478, 102.747
702.961, 111.189
703.443, 115.753
703.925, 116.472
704.407, 112.641
704.889, 97.756
705.371, 87.953
705.853, 92.487
706.335, 105.042
706.817, 119.200
707.300, 135.124
707.782, 146.496
708.264, 148.463
708.746, 147.536
709.228, 148.054
709.710, 149.860
710.192, 151.205
710.674, 151.778
711.156, 154.740
711.639, 166.459
712.121, 183.758
712.603, 187.991
713.085, 177.525
713.567, 165.716
714.049, 154.600
714.531, 147.657
715.013, 149.932
715.495, 162.132
715.978, 173.696
716.460, 185.402
716.942, 195.568
717.424, 201.403
717.906, 207.381
718.388, 219.285
718.870, 235.823
719.352, 249.790
719.835, 258.828
720.317, 260.684
720.799, 247.992
721.281, 226.074
721.763, 208.101
722.245, 196.863
722.727, 198.030
723.209, 218.078
723.692, 249.369
724.174, 265.353
724.656, 260.461
725.138, 254.962
725.620, 246.676
726.102, 242.099
726.584, 250.859
727.066, 263.847
727.549, 262.702
728.031, 240.380
728.513, 219.212
728.995, 201.024
729.477, 193.450
729.959, 211.184
730.441, 243.899
730.923, 267.826
731.405, 273.777
731.888, 272.255
732.370, 274.561
732.852, 280.281
733.334, 289.512
733.816, 303.329
734.298, 305.990
734.780, 286.757
735.262, 264.137
735.744, 264.230
736.227, 290.459
736.709, 305.949
737.191, 302.594
737.673, 299.487
738.155, 296.805
738.637, 298.568
739.119, 310.418
739.601, 330.739
740.083, 350.593
740.566, 368.465
741.048, 381.037
741.530, 378.412
742.012, 370.635
742.494, 378.919
742.976, 404.324
743.458, 432.266
743.940, 454.603
744.422, 466.994
744.905, 449.678
745.387, 394.625
745.869, 380.363
746.351, 427.447
746.833, 484.894
747.315, 526.558
747.797, 558.112
748.279, 594.219
748.762, 640.209
749.244, 673.757
749.726, 677.909
750.208, 684.269
750.690, 712.868
751.172, 752.313
751.654, 785.638
752.136, 808.763
752.619, 827.819
753.101, 844.219
753.583, 861.314
754.065, 883.969
754.547, 911.719
755.029, 943.769
755.511, 979.831
755.993, 1015.328
756.476, 1044.657
756.958, 1070.308
757.440, 1108.877
757.922, 1165.624
758.404, 1217.489
758.886, 1251.816
759.368, 1291.728
759.850, 1362.511
760.332, 1451.720
760.815, 1525.916
761.297, 1576.790
761.779, 1624.436
762.261, 1666.899
762.743, 1713.914
763.225, 1770.642
763.707, 1838.020
764.189, 1917.023
764.671, 2008.006
765.154, 2108.091
765.636, 2219.163
766.118, 2335.608
766.600, 2443.497
767.082, 2544.547
767.564, 2650.975
768.046, 2767.097
768.528, 2891.458
769.010, 3019.226
769.493, 3151.658
769.975, 3308.884
770.457, 3502.127
770.939, 3693.367
771.421, 3867.959
771.903, 4043.623
772.385, 4237.548
772.867, 4445.551
773.349, 4654.044
773.832, 4848.911
774.314, 5062.012
774.796, 5313.396
775.278, 5576.171
775.760, 5827.234
776.242, 6072.268
776.724, 6331.249
777.206, 6611.389
777.689, 6903.034
778.171, 7199.025
778.653, 7499.651
779.135, 7807.189
779.617, 8123.414
780.099, 8451.882
780.581, 8794.776
781.063, 9155.402
781.545, 9534.126
782.028, 9932.885
782.510, 10368.988
782.992, 10853.810
783.474, 11339.847
783.956, 11804.351
784.438, 12275.670
784.920, 12773.046
785.403, 13299.117
785.885, 13874.665
786.367, 14512.678
786.849, 15182.978
787.331, 15893.521
787.813, 16620.559
788.295, 17352.613
788.777, 18087.252
789.259, 18834.420
789.742, 19594.221
790.224, 20363.258
790.706, 21136.131
791.188, 21918.260
791.670, 22743.512
792.152, 23587.031
792.634, 24351.807
793.116, 25002.766
793.598, 25571.900
794.081, 26108.932
794.563, 26593.707
795.045, 26906.498
795.527, 27046.953
796.009, 27026.537
796.491, 26861.154
796.973, 26503.527
797.455, 25904.938
797.938, 25079.852
798.420, 24110.402
798.902, 22969.598
799.384, 21717.580
799.866, 20269.188
800.348, 18790.170
800.830, 17343.119
801.312, 15945.444
801.794, 14621.934
802.277, 13379.350
802.759, 12227.221
803.241, 11181.447
803.723, 10234.670
804.205, 9381.558
804.687, 8619.433
805.169, 7946.104
805.651, 7357.566
806.133, 6821.386
806.616, 6306.954
807.098, 5829.443
807.580, 5434.707
808.062, 5112.546
808.544, 4797.549
809.026, 4475.818
809.508, 4177.218
809.990, 3925.334
810.472, 3710.775
810.955, 3510.676
811.437, 3323.258
811.919, 3158.446
812.401, 3019.313
812.883, 2899.621
813.365, 2813.429
813.847, 2736.137
814.330, 2628.081
814.812, 2483.677
815.294, 2364.307
815.776, 2288.677
816.258, 2228.377
816.740, 2182.721
817.222, 2139.850
817.704, 2086.806
818.186, 2024.433
818.669, 1962.797
819.151, 1904.897
819.633, 1853.140
820.115, 1808.688
820.597, 1772.119
821.079, 1749.280
821.561, 1735.901
822.043, 1710.735
822.526, 1663.906
823.008, 1616.860
823.490, 1606.798
823.972, 1626.668
824.454, 1619.254
824.936, 1582.398
825.418, 1554.354
825.900, 1549.529
826.382, 1548.873
826.865, 1532.497
827.347, 1502.153
827.829, 1474.570
828.311, 1449.981
828.793, 1427.821
829.275, 1407.880
829.757, 1390.625
830.239, 1375.955
830.721, 1364.132
831.204, 1357.082
831.686, 1358.581
832.168, 1351.396
832.650, 1326.803
833.132, 1297.332
833.614, 1269.289
834.096, 1241.413
834.578, 1211.045
835.060, 1177.998
835.543, 1145.597
836.025, 1118.115
836.507, 1089.038
836.989, 1048.277
837.471, 1001.856
837.953, 960.073
838.435, 924.612
838.917, 895.544
839.400, 873.614
839.882, 852.661
840.364, 822.298
840.846, 783.609
841.328, 744.504
841.810, 704.993
842.292, 670.504
842.774, 644.310
843.256, 620.280
843.739, 590.916
844.221, 556.759
844.703, 525.190
845.185, 491.603
845.667, 472.592
846.149, 487.223
846.631, 497.359
847.114, 467.616
847.596, 415.022
848.078, 381.153
848.560, 373.924
849.042, 368.460
849.524, 364.054
850.006, 357.540
850.488, 348.120
850.970, 335.207
851.453, 314.986
851.935, 288.609
852.417, 269.186
852.899, 272.221
853.381, 274.587
853.863, 252.591
854.345, 223.051
854.827, 211.932
855.309, 217.250
855.792, 220.605
856.274, 213.044
856.756, 196.246
857.238, 165.270
857.720, 128.217
858.202, 107.219
858.684, 101.819
859.166, 105.172
859.648, 115.212
860.131, 121.698
860.613, 112.901
861.095, 92.365
861.577, 77.067
862.059, 67.269
862.541, 60.418
863.023, 57.315
863.505, 53.355
863.987, 45.187
864.470, 34.657
864.952, 25.419
865.434, 15.695
865.916, 13.946
866.398, 31.350
866.880, 41.437
867.362, 28.711
867.844, 11.913
868.327, 8.972
868.809, 18.659
869.291, 27.620
869.773, 33.225
870.255, 38.550
870.737, 45.287
871.219, 51.211
871.701, 53.714
872.183, 54.374
872.666, 56.029
873.148, 59.425
873.630, 64.740
874.112, 71.544
874.594, 80.783
875.076, 95.175
875.558, 111.812
876.041, 126.212
876.523, 137.427
877.005, 146.524
877.487, 154.337
877.969, 159.756
878.451, 159.037
878.933, 155.034
879.415, 156.585
879.897, 163.472
880.380, 169.544
880.862, 172.273
881.344, 172.170
881.826, 170.080
882.308, 165.629
882.790, 155.230
883.272, 138.306
883.754, 126.112
884.237, 121.793
884.719, 118.473
885.201, 111.872
885.683, 102.017
886.165, 87.695
886.647, 65.432
887.129, 52.644
887.611, 56.867
888.093, 55.908
888.576, 36.203
889.058, 13.042
889.540, 6.027
890.022, 14.431
890.504, 12.894
890.986, 13.022
891.468, 27.849
891.950, 14.797
892.432, 2.603
892.915, 13.014
893.397, 34.381
893.879, 44.282
894.361, 38.142
894.843, 31.306
895.325, 27.407
895.807, 25.607
896.289, 26.452
896.771, 28.484
897.254, 29.729
897.736, 30.499
898.218, 33.523
898.700, 41.578
899.182, 46.842
899.664, 42.660
900.146, 32.860
900.628, 20.481
901.110, 6.619
901.593, 9.553
902.075, 27.065
902.557, 36.352
903.039, 23.717
903.521, 5.752
904.003, 11.805
904.485, 34.655
904.968, 55.543
905.450, 71.499
905.932, 83.633
906.414, 92.325
906.896, 98.867
907.378, 102.632
907.860, 105.490
908.342, 123.426
908.824, 155.999
909.307, 173.580
909.789, 166.898
910.271, 161.037
910.753, 177.205
911.235, 208.649
911.717, 235.682
912.199, 258.234
912.681, 276.354
913.164, 289.044
913.646, 300.446
914.128, 311.492
914.610, 322.887
915.092, 333.605
915.574, 344.142
916.056, 370.350
916.538, 424.312
917.020, 468.816
917.503, 490.855
917.985, 514.531
918.467, 558.211
918.949, 611.156
919.431, 651.378
919.913, 675.446
920.395, 704.219
920.877, 733.443
921.359, 774.091
921.842, 835.616
922.324, 904.055
922.806, 967.850
923.288, 1028.707
923.770, 1093.628
924.252, 1161.021
924.734, 1239.359
925.216, 1338.686
925.698, 1440.643
926.181, 1536.617
926.663, 1626.985
927.145, 1710.884
927.627, 1790.006
928.109, 1875.590
928.591, 1973.386
929.073, 2076.664
929.555, 2191.229
930.037, 2301.455
930.520, 2387.416
931.002, 2457.793
931.484, 2536.715
931.966, 2629.605
932.448, 2709.678
932.930, 2753.975
933.412, 2780.401
933.894, 2807.887
934.377, 2829.326
934.859, 2830.758
935.341, 2813.915
935.823, 2789.581
936.305, 2762.563
936.787, 2737.994
937.269, 2729.097
937.751, 2721.926
938.234, 2684.305
938.716, 2627.779
939.198, 2587.486
939.680, 2569.469
940.162, 2556.113
940.644, 2535.229
941.126, 2513.488
941.608, 2499.986
942.091, 2494.883
942.573, 2498.804
943.055, 2511.721
943.537, 2533.537
944.019, 2564.182
944.501, 2602.833
944.983, 2649.553
945.465, 2702.169
945.947, 2752.576
946.430, 2802.014
946.912, 2868.802
947.394, 2955.295
947.876, 3042.346
948.358, 3120.024
948.840, 3203.494
949.322, 3314.334
949.804, 3448.445
950.286, 3577.042
950.769, 3699.427
951.251, 3818.580
951.733, 3932.542
952.215, 4056.323
952.697, 4202.593
953.179, 4352.779
953.661, 4474.453
954.143, 4566.125
954.625, 4646.824
955.108, 4717.943
955.590, 4774.981
956.072, 4823.425
956.554, 4842.661
957.036, 4813.552
957.518, 4748.212
958.000, 4680.091
958.482, 4613.863
958.964, 4525.527
959.447, 4415.350
959.929, 4281.451
960.411, 4111.331
960.893, 3933.939
961.375, 3779.118
961.857, 3639.840
962.339, 3482.035
962.821, 3288.087
963.304, 3115.252
963.786, 2972.752
964.268, 2838.662
964.750, 2702.951
965.232, 2573.249
965.714, 2459.278
966.196, 2359.917
966.678, 2262.940
967.161, 2104.794
967.643, 2047.740
968.125, 1958.557
968.607, 1945.400
969.089, 1913.739
969.571, 1864.640
970.053, 1745.756
970.535, 1716.954
971.018, 1651.966
971.500, 1585.560
971.982, 1569.499
972.464, 1460.759
972.946, 1443.797
973.428, 1390.122
973.910, 1353.244
974.392, 1280.068
974.874, 1218.073
975.357, 1192.413
975.839, 1146.691
976.321, 1069.424
976.803, 1033.714
977.285, 940.176
977.767, 902.924
978.249, 872.990
978.731, 843.474
979.213, 813.428
979.696, 784.241
980.178, 749.957
980.660, 724.929
981.142, 726.189
981.624, 728.963
982.106, 711.231
982.588, 677.644
983.070, 641.873
983.552, 604.636
984.035, 576.062
984.517, 561.753
984.999, 553.910
985.481, 557.095
985.963, 558.429
986.445, 543.037
986.927, 514.726
987.409, 488.975
987.891, 470.774
988.374, 450.647
988.856, 418.923
989.338, 391.143
989.820, 376.546
990.302, 370.702
990.784, 373.903
991.266, 380.858
991.748, 374.988
992.231, 346.503
992.713, 320.279
993.195, 308.951
993.677, 300.807
994.159, 287.625
994.641, 273.710
995.123, 264.328
995.605, 259.846
996.088, 258.403
996.570, 261.014
997.052, 262.288
997.534, 258.996
998.016, 254.213
998.498, 248.807
998.980, 243.984
999.462, 240.021
999.945, 237.824
1000.427, 240.678
1000.909, 249.189
1001.391, 264.254
1001.873, 294.899
1002.355, 323.451
1002.837, 329.815
1003.319, 329.654
1003.801, 344.097
1004.284, 375.864
1004.766, 418.629
1005.248, 479.370
1005.730, 531.880
1006.212, 558.052
1006.694, 577.156
1007.176, 613.109
1007.658, 646.686
1008.140, 648.510
1008.623, 616.336
1009.105, 569.642
1009.587, 511.312
1010.069, 448.226
1010.551, 371.756
1011.033, 303.485
1011.515, 265.852
1011.997, 244.229
1012.479, 214.214
1012.962, 174.208
1013.444, 144.207
1013.926, 138.126
1014.408, 132.459
1014.890, 113.791
1015.372, 95.592
1015.854, 90.559
1016.336, 91.015
1016.819, 81.884
1017.301, 63.291
1017.783, 55.010
1018.265, 75.676
1018.747, 88.423
1019.229, 71.085
1019.711, 49.779
1020.193, 41.653
1020.675, 41.355
1021.158, 40.142
1021.640, 36.906
1022.122, 34.289
1022.604, 35.836
1023.086, 33.698
1023.568, 25.986
1024.050, 13.333
1024.532, 11.727
1025.015, 36.943
1025.497, 42.976
1025.979, 30.119
1026.461, 21.869
1026.943, 29.879
1027.425, 33.449
1027.907, 19.921
1028.389, 9.226
1028.871, 19.536
1029.354, 34.951
1029.836, 31.617
1030.318, 10.337
1030.800, 1.976
1031.282, 7.204
1031.764, 12.896
1032.246, 4.195
1032.728, 0.633
1033.210, 15.909
1033.693, 35.394
1034.175, 31.592
1034.657, 6.903
1035.139, 6.424
1035.621, 1.266
1036.103, 9.117
1036.585, 19.036
1037.067, 25.026
1037.550, 23.707
1038.032, 17.830
1038.514, 7.515
1038.996, 5.816
1039.478, 11.141
1039.960, 1.521
1040.442, 3.645
1040.924, 0.831
1041.406, 1.126
1041.889, 3.079
1042.371, 6.891
1042.853, 1.998
1043.335, 8.878
1043.817, 12.333
1044.299, 6.155
1044.781, 2.596
1045.263, 18.752
1045.745, 26.945
1046.228, 16.954
1046.710, 6.456
1047.192, 14.176
1047.674, 32.883
1048.156, 35.657
1048.638, 16.573
1049.120, 5.887
1049.602, 6.816
1050.085, 5.501
1050.567, 4.037
1051.049, 10.068
1051.531, 0.257
1052.013, 15.704
1052.495, 9.015
1052.977, 24.353
1053.459, 31.664
1053.942, 8.319
1054.424, 11.160
1054.906, 18.818
1055.388, 20.030
1055.870, 17.955
1056.352, 13.528
1056.834, 8.229
1057.316, 2.263
1057.798, 1.446
1058.281, 2.888
1058.763, 6.904
1059.245, 14.495
1059.727, 10.971
1060.209, 13.934
1060.691, 39.021
1061.173, 26.859
1061.655, 9.652
1062.137, 19.410
1062.620, 7.224
1063.102, 3.968
1063.584, 10.417
1064.066, 13.590
1064.548, 14.154
1065.030, 12.828
1065.512, 9.876
1065.994, 6.197
1066.477, 0.964
1066.959, 2.736
1067.441, 7.140
1067.923, 26.780
1068.405, 37.131
1068.887, 31.690
1069.369, 20.268
1069.851, 7.608
1070.333, 1.882
1070.816, 0.476
1071.298, 7.284
1071.780, 5.557
1072.262, 0.728
1072.744, 1.960
1073.226, 15.418
1073.708, 25.190
1074.190, 20.442
1074.672, 14.714
1075.155, 17.249
1075.637, 24.285
1076.119, 38.419
1076.601, 51.231
1077.083, 46.897
1077.565, 27.227
1078.047, 13.979
1078.530, 18.043
1079.012, 21.102
1079.494, 15.279
1079.976, 6.597
1080.458, 3.368
1080.940, 12.857
1081.422, 15.939
1081.904, 16.987
1082.386, 32.418
1082.869, 70.161
1083.351, 104.408
1083.833, 123.253
1084.315, 149.088
1084.797, 196.838
1085.279, 246.326
1085.761, 296.979
1086.243, 333.462
1086.725, 317.091
1087.208, 238.112
1087.690, 165.061
1088.172, 90.610
1088.654, 37.249
1089.136, 13.775
1089.618, 2.674
1090.100, 2.542
1090.582, 5.131
1091.065, 10.819
1091.547, 18.975
1092.029, 18.194
1092.511, 5.221
1092.993, 4.715
1093.475, 22.368
1093.957, 32.236
1094.439, 22.565
1094.922, 5.801
1095.404, 6.042
1095.886, 12.710
1096.368, 12.884
1096.850, 6.868
1097.332, 5.053
1097.814, 21.638
1098.296, 29.788
1098.778, 26.303
1099.260, 24.902
1099.743, 36.803
1100.225, 49.302
1100.707, 39.809
1101.189, 18.471
1101.671, 5.492
1102.153, 0.193
1102.635, 0.780
1103.117, 5.307
1103.600, 7.729
1104.082, 4.990
1104.564, 2.620
1105.046, 3.802
1105.528, 9.441
1106.010, 26.210
1106.492, 43.506
1106.974, 48.309
1107.457, 41.999
1107.939, 29.244
1108.421, 11.685
1108.903, 2.239
1109.385, 12.995
1109.867, 13.377
1110.349, 11.211
1110.831, 34.958
1111.313, 39.551
1111.796, 32.248
1112.278, 20.078
1112.760, 5.610
1113.242, 2.519
1113.724, 21.300
1114.206, 35.348
1114.688, 45.605
1115.170, 47.070
1115.652, 33.652
1116.135, 16.066
1116.617, 0.875
1117.099, 10.603
1117.581, 13.956
1118.063, 7.429
1118.545, 5.210
1119.027, 10.367
1119.509, 5.708
1119.992, 15.511
1120.474, 30.760
1120.956, 26.028
1121.438, 12.686
1121.920, 7.589
1122.402, 8.480
1122.884, 3.180
1123.366, 6.644
1123.849, 6.201
1124.331, 4.644
1124.813, 14.768
1125.295, 19.735
1125.777, 15.602
1126.259, 3.717
1126.741, 26.471
1127.223, 36.200
1127.705, 36.978
1128.188, 32.072
1128.670, 25.299
1129.152, 24.990
1129.634, 30.973
1130.116, 34.673
1130.598, 31.558
1131.080, 29.926
1131.562, 37.859
1132.044, 46.296
1132.527, 46.756
1133.009, 46.281
1133.491, 52.438
1133.973, 63.594
1134.455, 77.576
1134.937, 94.610
1135.419, 99.256
1135.901, 71.572
1136.384, 56.606
1136.866, 75.021
1137.348, 92.495
1137.830, 91.909
1138.312, 84.289
1138.794, 82.442
1139.276, 84.230
1139.758, 77.554
1140.240, 58.306
1140.723, 47.642
1141.205, 48.245
1141.687, 45.097
1142.169, 32.941
1142.651, 24.443
1143.133, 28.894
1143.615, 40.080
1144.097, 49.680
1144.579, 56.184
1145.062, 48.231
1145.544, 30.388
1146.026, 27.227
1146.508, 39.209
1146.990, 50.550
1147.472, 55.117
1147.954, 54.601
1148.436, 48.080
1148.919, 42.092
1149.401, 45.384
1149.883, 52.599
1150.365, 59.962
1150.847, 64.538
1151.329, 61.957
1151.811, 52.338
1152.293, 37.538
1152.776, 14.544
1153.258, 2.321
1153.740, 15.132
1154.222, 31.506
1154.704, 49.282
1155.186, 59.852
1155.668, 49.640
1156.150, 30.205
1156.632, 25.326
1157.115, 35.755
1157.597, 44.933
1158.079, 55.941
1158.561, 57.352
1159.043, 45.040
1159.525, 31.088
1160.007, 17.683
1160.489, 12.451
1160.971, 25.462
1161.454, 45.677
1161.936, 39.592
1162.418, 11.870
1162.900, 10.625
1163.382, 32.761
1163.864, 52.688
1164.346, 64.789
1164.828, 66.900
1165.311, 58.125
1165.793, 47.574
1166.275, 43.946
1166.757, 44.015
1167.239, 45.268
1167.721, 46.458
1168.203, 42.942
1168.685, 39.071
1169.167, 48.074
1169.650, 68.096
1170.132, 74.900
1170.614, 52.874
1171.096, 35.636
1171.578, 38.892
1172.060, 43.982
1172.542, 43.447
1173.024, 40.801
1173.506, 38.053
1173.989, 36.070
1174.471, 36.222
1174.953, 38.451
1175.435, 43.247
1175.917, 52.308
1176.399, 58.445
1176.881, 61.799
1177.363, 56.394
1177.846, 37.759
1178.328, 23.331
1178.810, 30.714
1179.292, 48.033
1179.774, 48.346
1180.256, 37.019
1180.738, 34.250
1181.220, 37.989
1181.703, 39.004
1182.185, 36.651
1182.667, 37.051
1183.149, 42.612
1183.631, 45.814
1184.113, 35.711
1184.595, 27.864
1185.077, 41.766
1185.559, 56.374
1186.042, 48.324
1186.524, 30.542
1187.006, 21.830
1187.488, 23.861
1187.970, 33.069
1188.452, 56.285
1188.934, 66.275
1189.416, 53.650
1189.898, 39.676
1190.381, 25.489
1190.863, 16.754
1191.345, 19.182
1191.827, 24.330
1192.309, 18.905
1192.791, 5.886
1193.273, 2.121
1193.755, 7.106
1194.238, 11.575
1194.720, 14.742
1195.202, 14.992
1195.684, 12.291
1196.166, 9.697
1196.648, 8.632
1197.130, 13.072
1197.612, 37.019
1198.094, 59.558
1198.577, 48.687
1199.059, 26.460
1199.541, 23.096
1200.023, 32.849
1200.505, 37.551
1200.987, 33.943
1201.469, 29.141
1201.951, 23.956
1202.433, 19.987
1202.916, 19.442
1203.398, 17.409
1203.880, 10.022
1204.362, 3.679
1204.844, 3.302
1205.326, 6.828
1205.808, 11.196
1206.290, 16.022
1206.773, 12.195
1207.255, 0.460
1207.737, 9.457
1208.219, 13.399
1208.701, 9.608
1209.183, 2.257
1209.665, 12.272
1210.147, 12.438
1210.630, 10.511
1211.112, 19.331
1211.594, 28.859
1212.076, 22.084
1212.558, 9.765
1213.040, 7.693
1213.522, 14.504
1214.004, 23.082
1214.486, 31.661
1214.969, 38.381
1215.451, 41.869
1215.933, 45.073
1216.415, 52.194
1216.897, 52.867
1217.379, 37.352
1217.861, 23.440
1218.343, 27.787
1218.825, 40.081
1219.308, 36.687
1219.790, 19.432
1220.272, 19.341
1220.754, 35.375
1221.236, 42.494
1221.718, 38.822
1222.200, 35.632
1222.682, 36.559
1223.165, 37.250
1223.647, 34.510
1224.129, 30.620
1224.611, 26.469
1225.093, 23.985
1225.575, 28.090
1226.057, 32.879
1226.539, 30.871
1227.021, 23.504
1227.504, 13.609
1227.986, 1.918
1228.468, 2.619
1228.950, 8.845
1229.432, 14.970
1229.914, 13.179
1230.396, 9.102
1230.878, 2.909
1231.360, 1.430
1231.843, 0.645
1232.325, 2.502
1232.807, 3.163
1233.289, 2.074
1233.771, 4.322
1234.253, 7.720
1234.735, 0.143
1235.217, 16.226
1235.700, 23.909
1236.182, 20.172
1236.664, 14.650
1237.146, 11.476
1237.628, 13.129
1238.110, 28.896
1238.592, 40.493
1239.074, 32.705
1239.557, 19.711
1240.039, 11.167
1240.521, 7.287
1241.003, 10.178
1241.485, 17.594
1241.967, 14.347
1242.449, 5.042
1242.931, 13.800
1243.413, 9.576
1243.896, 9.132
1244.378, 16.485
1244.860, 20.657
1245.342, 15.713
1245.824, 6.711
1246.306, 3.243
1246.788, 9.110
1247.270, 2.548
1247.752, 20.057
1248.235, 23.946
1248.717, 20.401
1249.199, 24.100
1249.681, 33.726
1250.163, 36.629
1250.645, 28.934
1251.127, 20.593
1251.609, 12.186
1252.092, 6.460
1252.574, 4.313
1253.056, 4.236
1253.538, 6.384
1254.020, 8.773
1254.502, 8.701
1254.984, 8.579
1255.466, 13.108
1255.948, 20.727
1256.431, 30.203
1256.913, 39.171
1257.395, 30.990
1257.877, 10.119
1258.359, 2.332
1258.841, 12.255
1259.323, 14.396
1259.805, 9.858
1260.287, 28.640
1260.770, 17.397
1261.252, 0.611
1261.734, 15.798
1262.216, 24.296
1262.698, 12.612
1263.180, 6.763
1263.662, 14.885
1264.144, 13.157
1264.627, 11.428
1265.109, 10.260
1265.591, 2.383
1266.073, 12.537
1266.555, 17.539
1267.037, 8.853
1267.519, 3.587
1268.001, 6.639
1268.484, 9.764
1268.966, 8.082
1269.448, 3.430
1269.930, 6.754
1270.412, 15.701
1270.894, 17.744
1271.376, 12.899
1271.858, 1.159
1272.340, 6.214
1272.823, 0.000
##END=



