##NAMES=Brazilianite
##RRUFFID=R050126
##IDEAL CHEMISTRY=NaAl_3_(PO_4_)_2_(OH)_4_
##LOCALITY=Linopolis, Minas Gerais, Brazil
##OWNER=RRUFF
##SOURCE=Carlos and Paulo Vasconcelos
##DESCRIPTION=Pair of greenish yellow elongated crystals
##STATUS=The identification of this mineral has been confirmed by X-ray diffraction and chemical analysis
##URL=rruff.info/R050126
##MEASURED CHEMISTRY=Na_1.00_Al_3.00_(P_1.00_O_4_)_2_((OH)_3.80_F_0.20_)_Σ=4_
134.5977, 0.0000000E+00
135.0798, 1.988556
135.5619, 2.868774
136.0440, 1.397491
136.5262, 0.3369750
137.0083, 0.9735410
137.4904, 8.1940003E-02
137.9725, 1.492249
138.4546, 3.096985
138.9367, 4.474884
139.4189, 6.087189
139.9010, 8.847321
140.3831, 13.03162
140.8652, 17.86572
141.3473, 22.66586
141.8294, 28.12088
142.3116, 34.96863
142.7937, 43.64301
143.2758, 53.71573
143.7579, 63.75372
144.2400, 74.00186
144.7221, 83.81998
145.2043, 93.32300
145.6864, 102.3295
146.1685, 110.5158
146.6506, 117.7804
147.1327, 124.0883
147.6148, 128.9062
148.0970, 131.8396
148.5791, 133.8932
149.0612, 134.8464
149.5433, 135.0331
150.0254, 135.9641
150.5075, 139.1165
150.9896, 144.2859
151.4718, 148.2190
151.9539, 149.5428
152.4360, 150.3932
152.9181, 152.6330
153.4002, 156.3751
153.8823, 161.3113
154.3645, 167.8273
154.8466, 175.4155
155.3287, 182.9796
155.8108, 190.1109
156.2929, 196.9981
156.7750, 204.1498
157.2572, 211.8071
157.7393, 219.3582
158.2214, 226.1971
158.7035, 232.6176
159.1856, 239.6139
159.6677, 247.7886
160.1499, 256.0388
160.6320, 266.4305
161.1141, 279.6324
161.5962, 294.5683
162.0783, 311.1663
162.5604, 329.3404
163.0426, 348.8947
163.5247, 369.9198
164.0068, 392.5751
164.4889, 415.0464
164.9710, 439.0063
165.4531, 461.4839
165.9353, 480.1812
166.4174, 495.4095
166.8995, 509.6807
167.3816, 525.2799
167.8637, 539.7235
168.3458, 563.8784
168.8280, 596.4993
169.3101, 637.8580
169.7922, 691.1299
170.2743, 756.0607
170.7564, 825.6682
171.2385, 892.8931
171.7207, 967.4816
172.2028, 1011.512
172.6849, 1021.440
173.1670, 1000.548
173.6491, 947.2775
174.1312, 858.5585
174.6133, 749.9366
175.0955, 643.6985
175.5776, 536.8083
176.0597, 441.1816
176.5418, 360.5080
177.0239, 293.5582
177.5060, 236.8115
177.9882, 190.3878
178.4703, 153.1055
178.9524, 122.2434
179.4345, 97.76990
179.9166, 77.01059
180.3987, 58.60388
180.8809, 42.56213
181.3630, 29.81564
181.8451, 22.43976
182.3272, 17.17963
182.8093, 10.71863
183.2914, 2.736572
183.7736, 4.476074
184.2557, 8.520233
184.7378, 9.090240
185.2199, 8.925598
185.7020, 8.368744
186.1841, 7.372162
186.6663, 5.731689
187.1484, 3.597443
187.6305, 1.096008
188.1126, 1.771820
188.5947, 5.050873
189.0768, 8.518707
189.5590, 12.42923
190.0411, 16.31485
190.5232, 19.87692
191.0053, 24.40201
191.4874, 29.96463
191.9695, 36.72379
192.4517, 42.28494
192.9338, 48.03613
193.4159, 53.74948
193.8980, 59.41626
194.3801, 65.22281
194.8622, 71.67325
195.3443, 78.79178
195.8265, 86.57477
196.3086, 96.96619
196.7907, 105.7314
197.2728, 111.5556
197.7549, 116.1584
198.2370, 121.7522
198.7192, 129.2920
199.2013, 137.6994
199.6834, 143.8768
200.1655, 145.3559
200.6476, 147.8239
201.1297, 152.8253
201.6119, 159.4864
202.0940, 166.1409
202.5761, 171.8353
203.0582, 177.6043
203.5403, 186.3789
204.0224, 198.5799
204.5046, 211.9307
204.9867, 226.2523
205.4688, 241.1234
205.9509, 256.1722
206.4330, 272.4970
206.9151, 287.0013
207.3973, 294.9398
207.8794, 296.7672
208.3615, 292.1708
208.8436, 278.9818
209.3257, 258.3008
209.8078, 235.8667
210.2900, 212.2719
210.7721, 189.3011
211.2542, 168.8076
211.7363, 150.9299
212.2184, 135.3103
212.7005, 121.8420
213.1827, 110.5056
213.6648, 101.1017
214.1469, 93.08707
214.6290, 87.59659
215.1111, 85.89557
215.5932, 88.31534
216.0754, 92.92108
216.5575, 97.83713
217.0396, 102.9530
217.5217, 108.9386
218.0038, 117.9474
218.4859, 126.6897
218.9680, 133.4462
219.4502, 137.8173
219.9323, 139.7091
220.4144, 138.6223
220.8965, 133.7886
221.3786, 128.4125
221.8607, 121.6319
222.3429, 115.3267
222.8250, 110.8122
223.3071, 108.3251
223.7892, 107.0934
224.2713, 105.8458
224.7534, 103.8864
225.2356, 103.7127
225.7177, 105.3165
226.1998, 108.4668
226.6819, 113.2756
227.1640, 119.6494
227.6461, 127.1590
228.1283, 135.3038
228.6104, 145.4030
229.0925, 153.5098
229.5746, 160.5425
230.0567, 165.3868
230.5388, 167.5922
231.0210, 166.9127
231.5031, 163.0305
231.9852, 155.3301
232.4673, 142.8137
232.9494, 127.6843
233.4315, 107.4003
233.9137, 86.39316
234.3958, 67.51657
234.8779, 51.60559
235.3600, 38.21478
235.8421, 26.72522
236.3242, 17.27609
236.8064, 10.20059
237.2885, 6.217682
237.7706, 4.067596
238.2527, 2.550446
238.7348, 1.445953
239.2169, 1.595367
239.6991, 4.199554
240.1812, 10.06308
240.6633, 16.15454
241.1454, 23.32202
241.6275, 30.04138
242.1096, 35.24408
242.5918, 38.83966
243.0739, 40.89093
243.5560, 41.50427
244.0381, 40.69904
244.5202, 37.25293
245.0023, 29.79132
245.4845, 20.27130
245.9666, 10.01129
246.4487, 0.9200740
246.9308, 10.98795
247.4129, 18.64951
247.8950, 24.03345
248.3772, 27.83984
248.8593, 30.71451
249.3414, 31.80453
249.8235, 29.99094
250.3056, 25.10492
250.7877, 18.01599
251.2699, 7.930969
251.7520, 4.021362
252.2341, 14.34265
252.7162, 23.19534
253.1983, 29.61163
253.6804, 31.79239
254.1626, 29.32886
254.6447, 24.82407
255.1268, 18.63718
255.6089, 11.74731
256.0910, 5.804535
256.5731, 0.4064030
257.0552, 3.295715
257.5374, 3.315643
258.0195, 0.8483280
258.5016, 6.131592
258.9837, 11.12738
259.4658, 16.21420
259.9479, 21.92593
260.4301, 28.52490
260.9122, 35.63675
261.3943, 42.65463
261.8764, 49.47125
262.3585, 56.86340
262.8406, 64.67099
263.3228, 73.44403
263.8049, 84.00845
264.2870, 96.78802
264.7691, 110.7536
265.2512, 124.4627
265.7333, 137.8243
266.2155, 151.6255
266.6976, 166.1515
267.1797, 181.2909
267.6618, 197.0575
268.1439, 213.4171
268.6260, 230.4022
269.1082, 248.0363
269.5903, 266.3742
270.0724, 285.3145
270.5545, 303.0407
271.0366, 322.5822
271.5187, 345.8668
272.0009, 373.2095
272.4830, 403.7343
272.9651, 436.1087
273.4472, 469.7289
273.9293, 508.6893
274.4114, 555.7973
274.8936, 607.0941
275.3757, 663.7615
275.8578, 724.2562
276.3399, 783.8455
276.8220, 840.9945
277.3041, 897.4429
277.7863, 937.1127
278.2684, 958.2853
278.7505, 961.6695
279.2326, 944.2222
279.7147, 907.7357
280.1968, 856.5527
280.6790, 791.8803
281.1611, 712.9739
281.6432, 637.2211
282.1253, 563.1410
282.6074, 493.8119
283.0895, 429.5073
283.5717, 370.5969
284.0538, 318.3987
284.5359, 274.1609
285.0180, 237.4868
285.5001, 203.8154
285.9822, 173.9927
286.4644, 146.9199
286.9465, 122.7966
287.4286, 101.1753
287.9107, 81.42151
288.3928, 62.96942
288.8749, 46.25885
289.3571, 33.34280
289.8392, 26.65112
290.3213, 21.00558
290.8034, 15.41565
291.2855, 10.38571
291.7676, 6.396362
292.2498, 3.673553
292.7319, 2.369873
293.2140, 2.937592
293.6961, 6.201324
294.1782, 10.28397
294.6603, 15.55667
295.1425, 21.17752
295.6246, 26.46542
296.1067, 31.16513
296.5888, 35.41580
297.0709, 39.53049
297.5530, 43.62329
298.0351, 47.40604
298.5172, 50.29156
298.9994, 53.31653
299.4815, 57.15295
299.9636, 61.94437
300.4457, 67.48660
300.9278, 73.66907
301.4099, 80.85843
301.8921, 87.49957
302.3742, 92.00592
302.8563, 97.46408
303.3384, 105.6693
303.8205, 116.4801
304.3026, 128.3679
304.7848, 139.5634
305.2669, 150.0718
305.7490, 161.9211
306.2311, 174.3606
306.7132, 188.9673
307.1953, 206.4468
307.6775, 226.8657
308.1596, 249.7946
308.6417, 274.8754
309.1238, 302.3796
309.6059, 333.6930
310.0880, 369.9828
310.5702, 408.2139
311.0523, 447.9763
311.5344, 489.2189
312.0165, 533.2393
312.4986, 580.9457
312.9807, 629.7280
313.4629, 672.5942
313.9450, 710.7538
314.4271, 739.5300
314.9092, 760.3731
315.3913, 771.1898
315.8734, 769.2905
316.3556, 753.8236
316.8377, 727.1494
317.3198, 692.7035
317.8019, 644.1060
318.2840, 598.8973
318.7661, 555.9949
319.2483, 516.6320
319.7304, 481.8409
320.2125, 451.4663
320.6946, 424.3699
321.1767, 399.6372
321.6588, 377.6940
322.1410, 356.8688
322.6231, 336.6346
323.1052, 317.7075
323.5873, 300.7872
324.0694, 285.4910
324.5515, 271.0472
325.0337, 256.6832
325.5158, 242.4542
325.9979, 228.9072
326.4800, 215.6180
326.9621, 203.5604
327.4442, 193.6604
327.9264, 185.1489
328.4085, 176.6607
328.8906, 167.3324
329.3727, 157.7972
329.8548, 150.7309
330.3369, 147.8881
330.8191, 145.5830
331.3012, 143.4634
331.7833, 141.6791
332.2654, 140.3799
332.7475, 139.6310
333.2296, 139.4095
333.7118, 139.7840
334.1939, 141.4729
334.6760, 142.3417
335.1581, 141.3405
335.6402, 140.3550
336.1223, 141.1112
336.6045, 143.5802
337.0866, 146.0265
337.5687, 146.3785
338.0508, 144.1261
338.5329, 142.1801
339.0150, 140.9639
339.4972, 139.6547
339.9793, 137.6984
340.4614, 135.3497
340.9435, 133.2317
341.4256, 131.7998
341.9077, 131.0456
342.3898, 130.8716
342.8719, 131.9766
343.3541, 132.8894
343.8362, 132.4241
344.3183, 131.8297
344.8004, 132.7653
345.2825, 136.0526
345.7646, 141.2399
346.2468, 147.1850
346.7289, 153.8080
347.2110, 161.4593
347.6931, 170.1028
348.1752, 179.6102
348.6573, 189.7173
349.1395, 200.4339
349.6216, 212.1907
350.1037, 225.6481
350.5858, 240.7958
351.0679, 257.4230
351.5500, 275.5484
352.0322, 295.0365
352.5143, 316.0209
352.9964, 338.3968
353.4785, 362.1144
353.9606, 387.2168
354.4427, 413.6447
354.9249, 441.3138
355.4070, 472.9322
355.8891, 502.1228
356.3712, 527.8829
356.8533, 549.8578
357.3354, 568.1589
357.8176, 583.4497
358.2997, 594.0164
358.7818, 595.5470
359.2639, 587.2271
359.7460, 571.4241
360.2281, 546.8585
360.7103, 516.7752
361.1924, 482.6070
361.6745, 444.6660
362.1566, 405.0744
362.6387, 365.6199
363.1208, 325.8758
363.6030, 289.4462
364.0851, 257.2592
364.5672, 228.3918
365.0493, 202.6598
365.5314, 179.8994
366.0135, 159.1301
366.4957, 139.5365
366.9778, 121.4301
367.4599, 106.3119
367.9420, 95.22458
368.4241, 85.46069
368.9063, 75.87912
369.3884, 66.39157
369.8705, 56.68982
370.3526, 46.30475
370.8347, 36.08453
371.3168, 27.26343
371.7990, 19.94772
372.2811, 13.15598
372.7632, 6.192322
373.2453, 0.2325440
373.7274, 5.262909
374.2095, 8.765625
374.6917, 11.18365
375.1738, 12.63763
375.6559, 13.21564
376.1380, 13.48300
376.6201, 13.87537
377.1022, 13.43735
377.5844, 10.68466
378.0665, 5.912506
378.5486, 1.504089
379.0307, 1.641235
379.5128, 3.914459
379.9949, 5.742279
380.4771, 7.123810
380.9592, 8.444580
381.4413, 9.753326
381.9234, 11.25107
382.4055, 13.54797
382.8876, 17.46329
383.3698, 21.46182
383.8519, 24.69720
384.3340, 27.18539
384.8161, 28.91159
385.2982, 29.65576
385.7803, 29.99551
386.2624, 31.13306
386.7445, 33.03665
387.2267, 35.62131
387.7088, 39.11575
388.1909, 43.18121
388.6730, 47.09540
389.1551, 50.73157
389.6372, 55.30820
390.1194, 62.39749
390.6015, 72.51480
391.0836, 81.48648
391.5657, 88.00705
392.0478, 94.50409
392.5299, 102.1657
393.0121, 111.0722
393.4942, 121.0393
393.9763, 131.9690
394.4584, 143.8142
394.9405, 156.7603
395.4226, 172.1566
395.9048, 186.8756
396.3869, 199.5656
396.8690, 211.7360
397.3511, 225.2839
397.8332, 240.7723
398.3153, 257.6844
398.7975, 275.0128
399.2796, 292.5645
399.7617, 311.6199
400.2438, 333.3357
400.7259, 355.1350
401.2080, 375.3178
401.6902, 394.1418
402.1723, 412.7370
402.6544, 432.0213
403.1365, 451.9387
403.6186, 471.7242
404.1007, 491.6860
404.5829, 510.9748
405.0650, 529.9130
405.5471, 547.7465
406.0292, 563.5065
406.5113, 576.8858
406.9934, 588.6088
407.4756, 600.3871
407.9577, 613.2446
408.4398, 622.7778
408.9219, 627.0638
409.4040, 628.9868
409.8861, 629.9024
410.3683, 629.9830
410.8504, 628.8090
411.3325, 626.0699
411.8146, 621.7098
412.2967, 615.6367
412.7788, 607.4473
413.2610, 598.0952
413.7431, 588.3716
414.2252, 577.7953
414.7073, 565.4951
415.1894, 550.8597
415.6715, 534.9464
416.1537, 518.8118
416.6358, 502.3823
417.1179, 486.3440
417.6000, 471.0362
418.0821, 456.0512
418.5642, 440.5368
419.0464, 424.4622
419.5285, 409.2432
420.0106, 395.9356
420.4927, 383.9926
420.9748, 372.2328
421.4569, 360.3831
421.9391, 349.3115
422.4212, 340.3622
422.9033, 332.7173
423.3854, 323.6958
423.8675, 311.6809
424.3496, 299.5043
424.8318, 289.4384
425.3139, 280.9250
425.7960, 272.1340
426.2781, 262.5049
426.7602, 251.9297
427.2423, 239.8258
427.7245, 225.5864
428.2066, 212.1797
428.6887, 200.1401
429.1708, 189.2018
429.6529, 179.3123
430.1350, 170.4048
430.6172, 161.8562
431.0992, 152.9606
431.5814, 143.5837
432.0635, 135.0957
432.5456, 127.5238
433.0277, 120.7636
433.5098, 114.9866
433.9919, 109.9824
434.4741, 105.3072
434.9562, 100.8159
435.4383, 96.95123
435.9204, 94.54343
436.4025, 94.79108
436.8846, 93.99268
437.3668, 91.56064
437.8489, 88.58911
438.3310, 85.64285
438.8131, 82.77908
439.2952, 79.89389
439.7773, 77.00967
440.2595, 74.05020
440.7416, 70.11035
441.2237, 64.67456
441.7058, 58.89951
442.1879, 53.11914
442.6700, 47.21439
443.1522, 40.78238
443.6343, 33.65439
444.1164, 26.79337
444.5985, 21.66809
445.0806, 18.47983
445.5627, 14.60040
446.0449, 8.477417
446.5270, 2.952728
447.0091, 3.9703000E-02
447.4912, 0.8837280
447.9733, 1.224701
448.4554, 1.720367
448.9376, 2.294861
449.4197, 2.758636
449.9018, 3.077271
450.3839, 3.602295
450.8660, 4.851746
451.3481, 6.214172
451.8303, 6.562378
452.3124, 5.488861
452.7945, 4.496643
453.2766, 4.494568
453.7587, 5.110565
454.2408, 5.481567
454.7230, 5.374390
455.2051, 5.456390
455.6872, 6.450439
456.1693, 8.437836
456.6514, 10.46585
457.1335, 13.28168
457.6157, 15.43115
458.0978, 15.64923
458.5799, 14.50986
459.0620, 13.47354
459.5441, 13.23672
460.0262, 13.58450
460.5084, 14.05719
460.9905, 15.06161
461.4726, 15.51947
461.9547, 15.48907
462.4368, 14.88516
462.9189, 13.19431
463.4011, 10.70956
463.8832, 8.613861
464.3653, 8.007629
464.8474, 8.780396
465.3295, 9.179779
465.8116, 9.472137
466.2938, 8.954865
466.7759, 6.421783
467.2580, 3.566101
467.7401, 2.347290
468.2222, 3.385712
468.7043, 5.330353
469.1865, 6.475525
469.6686, 6.756256
470.1507, 7.129242
470.6328, 7.603882
471.1149, 8.290466
471.5970, 9.430206
472.0792, 10.81973
472.5613, 11.95566
473.0434, 12.75119
473.5255, 13.04990
474.0076, 12.50699
474.4897, 11.10690
474.9719, 9.543518
475.4540, 8.499847
475.9361, 6.980988
476.4182, 3.430176
476.9003, 2.426178
477.3824, 8.210327
477.8645, 12.57816
478.3466, 16.60583
478.8288, 21.35168
479.3109, 27.01468
479.7930, 34.23428
480.2751, 43.95160
480.7572, 55.70929
481.2393, 66.36972
481.7215, 75.42188
482.2036, 84.03583
482.6857, 91.79346
483.1678, 99.60632
483.6499, 109.4001
484.1320, 121.5172
484.6142, 133.5475
485.0963, 142.1401
485.5784, 146.2946
486.0605, 151.6768
486.5426, 160.6821
487.0247, 168.3696
487.5069, 172.0209
487.9890, 173.2233
488.4711, 174.7445
488.9532, 177.8954
489.4353, 182.3342
489.9174, 187.4160
490.3996, 193.2422
490.8817, 199.2501
491.3638, 204.3630
491.8459, 210.4901
492.3280, 218.9097
492.8102, 229.4373
493.2923, 240.9229
493.7744, 252.6590
494.2565, 265.7139
494.7386, 278.5701
495.2207, 293.7878
495.7029, 309.4044
496.1850, 325.2027
496.6671, 340.9932
497.1492, 356.7499
497.6313, 372.5764
498.1134, 387.7484
498.5956, 401.8593
499.0777, 415.1243
499.5598, 427.7018
500.0419, 439.6199
500.5240, 451.6012
501.0061, 464.6156
501.4883, 478.2800
501.9704, 488.5342
502.4525, 493.9691
502.9346, 498.0406
503.4167, 500.9542
503.8988, 503.2318
504.3810, 505.8026
504.8631, 508.9967
505.3452, 512.0101
505.8273, 513.4111
506.3094, 512.4808
506.7915, 513.6318
507.2737, 519.5455
507.7558, 524.7297
508.2379, 526.4373
508.7200, 526.3823
509.2021, 527.6132
509.6842, 531.6402
510.1664, 537.0357
510.6485, 541.0500
511.1306, 543.2311
511.6127, 546.5192
512.0948, 552.5067
512.5769, 558.5827
513.0590, 562.5392
513.5411, 564.9066
514.0233, 567.8016
514.5054, 573.2432
514.9875, 578.9092
515.4696, 580.9611
515.9517, 579.7328
516.4338, 579.5327
516.9160, 582.1070
517.3981, 586.3783
517.8802, 590.6985
518.3623, 594.8787
518.8444, 599.7909
519.3265, 605.4952
519.8087, 612.1862
520.2908, 620.0335
520.7729, 629.1340
521.2550, 639.6810
521.7371, 651.7899
522.2192, 665.2219
522.7014, 679.3005
523.1835, 692.7690
523.6656, 708.7988
524.1477, 729.5062
524.6298, 751.5196
525.1119, 771.7443
525.5941, 790.3159
526.0762, 809.6137
526.5583, 832.0701
527.0404, 857.2366
527.5225, 882.0865
528.0046, 906.8051
528.4868, 930.9912
528.9689, 955.3970
529.4510, 978.6805
529.9331, 998.8301
530.4152, 1015.527
530.8973, 1031.939
531.3795, 1052.635
531.8616, 1074.874
532.3437, 1089.922
532.8258, 1096.361
533.3079, 1099.437
533.7900, 1102.689
534.2722, 1104.916
534.7543, 1103.101
535.2364, 1096.554
535.7185, 1086.945
536.2006, 1074.987
536.6827, 1060.341
537.1649, 1042.308
537.6470, 1020.766
538.1291, 996.9395
538.6112, 971.8279
539.0933, 945.4385
539.5754, 917.3783
540.0576, 884.4305
540.5397, 853.9150
541.0218, 827.2113
541.5039, 803.6901
541.9860, 783.3077
542.4681, 765.7573
542.9503, 749.3294
543.4324, 731.4545
543.9145, 711.8862
544.3966, 696.0405
544.8787, 684.4859
545.3608, 676.0356
545.8430, 669.9861
546.3251, 666.3455
546.8072, 665.4105
547.2893, 667.4441
547.7714, 671.3333
548.2535, 676.3339
548.7357, 682.3991
549.2178, 689.8162
549.6999, 698.8531
550.1820, 707.9924
550.6641, 715.6510
551.1462, 722.1463
551.6284, 730.2834
552.1105, 740.1405
552.5926, 751.5914
553.0747, 765.0255
553.5568, 779.8748
554.0389, 795.2500
554.5211, 810.9955
555.0032, 827.5230
555.4853, 845.5021
555.9674, 865.1172
556.4495, 883.9027
556.9316, 904.1908
557.4138, 921.0229
557.8959, 933.5309
558.3780, 941.7589
558.8601, 945.5654
559.3422, 944.9612
559.8243, 940.7430
560.3065, 933.4609
560.7886, 923.1646
561.2707, 910.7606
561.7528, 895.3633
562.2349, 879.6957
562.7170, 865.0849
563.1992, 851.4517
563.6813, 839.2686
564.1634, 829.8121
564.6455, 818.9380
565.1276, 803.2432
565.6097, 784.8136
566.0919, 768.1836
566.5740, 754.0925
567.0561, 738.0650
567.5382, 715.7783
568.0203, 687.4884
568.5024, 658.8982
568.9846, 630.3235
569.4667, 601.2437
569.9488, 570.8344
570.4309, 539.6773
570.9130, 507.9617
571.3951, 475.9928
571.8773, 445.4756
572.3594, 418.0288
572.8415, 391.4686
573.3236, 369.4928
573.8057, 344.7827
574.2878, 323.0300
574.7700, 305.1268
575.2521, 290.8251
575.7342, 280.5881
576.2163, 274.4867
576.6984, 270.9865
577.1805, 268.5977
577.6627, 268.1726
578.1448, 271.6271
578.6269, 279.1473
579.1090, 289.6818
579.5911, 302.9798
580.0732, 318.6398
580.5554, 335.9126
581.0375, 354.8906
581.5196, 374.8708
582.0017, 394.9041
582.4838, 416.4010
582.9659, 440.9605
583.4481, 468.2516
583.9302, 495.9088
584.4123, 522.3135
584.8944, 548.2337
585.3765, 577.0836
585.8586, 609.8739
586.3408, 643.3143
586.8229, 675.6566
587.3050, 709.4733
587.7871, 747.2048
588.2692, 788.1855
588.7513, 829.5222
589.2334, 868.6058
589.7155, 908.0543
590.1976, 952.3484
590.6797, 1001.589
591.1619, 1052.712
591.6440, 1104.314
592.1261, 1157.723
592.6082, 1215.770
593.0903, 1278.498
593.5724, 1339.125
594.0546, 1396.268
594.5367, 1451.521
595.0188, 1506.307
595.5009, 1560.228
595.9830, 1613.121
596.4651, 1665.096
596.9473, 1712.648
597.4294, 1751.095
597.9115, 1780.807
598.3936, 1799.393
598.8757, 1808.317
599.3578, 1803.106
599.8400, 1782.172
600.3221, 1746.257
600.8042, 1695.462
601.2863, 1629.732
601.7684, 1552.134
602.2505, 1462.698
602.7327, 1363.613
603.2148, 1264.905
603.6969, 1166.425
604.1790, 1070.596
604.6611, 977.0375
605.1432, 887.6655
605.6254, 805.6016
606.1075, 731.5947
606.5896, 663.2666
607.0717, 600.7650
607.5538, 543.2585
608.0359, 490.2667
608.5181, 441.8131
609.0002, 398.2344
609.4823, 360.0002
609.9644, 326.5288
610.4465, 294.9377
610.9286, 264.7751
611.4108, 237.5737
611.8929, 214.5963
612.3750, 193.5336
612.8571, 172.6562
613.3392, 152.4053
613.8214, 134.2753
614.3035, 119.6365
614.7856, 107.0893
615.2677, 94.66339
615.7498, 82.43982
616.2319, 71.34045
616.7141, 61.86755
617.1962, 53.11023
617.6783, 43.95349
618.1604, 34.37195
618.6425, 25.63794
619.1246, 18.15942
619.6068, 11.17255
620.0889, 3.817932
620.5710, 3.151733
621.0531, 8.078796
621.5352, 10.74939
622.0173, 13.47162
622.4995, 19.20142
622.9816, 27.91626
623.4637, 33.98380
623.9458, 36.74741
624.4279, 37.71051
624.9100, 36.11691
625.3922, 33.93228
625.8743, 33.50397
626.3564, 35.09079
626.8385, 35.83783
627.3206, 33.38474
627.8027, 29.39380
628.2849, 26.57474
628.7670, 24.84125
629.2491, 22.89401
629.7312, 20.39224
630.2133, 17.14044
630.6954, 12.48352
631.1776, 5.594147
631.6597, 0.6455380
632.1418, 5.664215
632.6239, 10.65283
633.1060, 17.31339
633.5881, 24.05914
634.0703, 27.82803
634.5524, 27.37277
635.0345, 24.96240
635.5166, 23.47885
635.9987, 22.88849
636.4808, 23.15198
636.9630, 25.30942
637.4451, 26.49731
637.9272, 24.24960
638.4093, 20.37341
638.8914, 17.25031
639.3735, 15.06848
639.8557, 13.45621
640.3378, 12.16971
640.8199, 11.31564
641.3020, 11.32864
641.7841, 12.13324
642.2662, 12.75952
642.7484, 12.50821
643.2305, 11.86389
643.7126, 12.31586
644.1947, 14.63086
644.6768, 16.65433
645.1589, 17.98505
645.6411, 19.50366
646.1232, 21.54776
646.6053, 23.99475
647.0874, 26.69482
647.5695, 29.62762
648.0516, 32.73355
648.5338, 35.69260
649.0159, 38.67944
649.4980, 42.92944
649.9801, 48.97293
650.4622, 54.84961
650.9443, 58.90036
651.4265, 61.55988
651.9086, 65.01801
652.3907, 69.57025
652.8728, 74.46350
653.3549, 80.06546
653.8370, 85.52780
654.3192, 89.69080
654.8013, 92.88705
655.2834, 96.75742
655.7655, 102.5243
656.2476, 109.1036
656.7297, 113.6458
657.2119, 115.8051
657.6940, 117.4814
658.1761, 118.6368
658.6582, 119.6794
659.1403, 121.0685
659.6224, 122.5711
660.1046, 123.6683
660.5867, 124.7151
661.0688, 124.4904
661.5509, 121.2038
662.0330, 116.3631
662.5151, 113.1942
662.9973, 112.0362
663.4794, 110.3171
663.9615, 105.9548
664.4436, 99.43237
664.9257, 92.96762
665.4078, 86.64371
665.8900, 80.34741
666.3721, 73.63803
666.8542, 67.33609
667.3363, 62.22934
667.8184, 57.97107
668.3005, 53.34076
668.7827, 47.40720
669.2648, 41.63071
669.7469, 38.39456
670.2290, 37.13852
670.7111, 35.09692
671.1932, 31.67601
671.6754, 27.72824
672.1575, 23.66486
672.6396, 19.61859
673.1217, 16.54599
673.6038, 15.15108
674.0859, 13.67532
674.5681, 11.44774
675.0502, 9.309219
675.5323, 8.098389
676.0144, 7.689545
676.4965, 7.405533
676.9786, 6.816772
677.4608, 6.122238
677.9428, 5.635086
678.4249, 5.296478
678.9070, 5.389725
679.3892, 6.299683
679.8713, 7.143478
680.3534, 7.282791
680.8355, 6.600876
681.3176, 5.042206
681.7997, 2.105942
682.2819, 0.5184480
682.7640, 1.921463
683.2461, 2.705856
683.7282, 3.797043
684.2103, 5.215012
684.6924, 5.994293
685.1746, 5.266846
685.6567, 3.760330
686.1388, 3.846924
686.6209, 6.204559
687.1030, 7.861206
687.5851, 8.099518
688.0673, 8.016602
688.5494, 8.058624
689.0315, 8.160934
689.5136, 8.444412
689.9957, 9.278366
690.4778, 9.835052
690.9600, 9.327713
691.4421, 8.292801
691.9242, 7.639282
692.4063, 7.404648
692.8884, 6.955414
693.3705, 5.848389
693.8527, 4.392151
694.3348, 3.410950
694.8169, 2.921783
695.2990, 2.876755
695.7811, 4.076111
696.2632, 4.908539
696.7454, 4.609528
697.2275, 3.502197
697.7096, 2.060043
698.1917, 0.3486630
698.6738, 1.175568
699.1559, 1.955383
699.6381, 2.334442
700.1202, 3.110519
700.6023, 4.321075
701.0844, 5.412598
701.5665, 6.133270
702.0486, 6.418594
702.5308, 6.005356
703.0129, 4.003128
703.4950, 3.595367
703.9771, 5.871811
704.4592, 8.362549
704.9413, 10.28008
705.4235, 11.67798
705.9056, 12.65425
706.3877, 13.24763
706.8698, 13.69382
707.3519, 13.94897
707.8340, 14.26494
708.3162, 15.62123
708.7983, 18.05312
709.2804, 19.64458
709.7625, 19.32396
710.2446, 18.23204
710.7267, 18.20158
711.2089, 19.55602
711.6910, 20.66605
712.1731, 21.30722
712.6552, 21.97479
713.1373, 22.91437
713.6194, 23.94832
714.1016, 24.81184
714.5837, 25.47260
715.0658, 26.17677
715.5479, 27.28717
716.0300, 28.53336
716.5121, 29.17667
716.9943, 29.21254
717.4764, 28.92427
717.9585, 28.19870
718.4406, 27.62790
718.9227, 27.91951
719.4048, 29.12340
719.8870, 30.52538
720.3691, 32.30499
720.8512, 34.05086
721.3333, 36.12593
721.8154, 37.79949
722.2975, 37.90415
722.7797, 36.70985
723.2618, 35.89523
723.7439, 36.73206
724.2260, 38.47787
724.7081, 39.74953
725.1902, 40.54758
725.6724, 40.84895
726.1545, 40.36010
726.6366, 40.22236
727.1187, 41.65327
727.6008, 44.29100
728.0829, 46.00079
728.5651, 46.16827
729.0472, 46.38577
729.5293, 46.57045
730.0114, 47.18739
730.4935, 49.06100
730.9756, 51.61943
731.4578, 53.32759
731.9399, 53.32542
732.4220, 52.84119
732.9041, 54.11165
733.3862, 56.82460
733.8683, 57.75212
734.3505, 56.18547
734.8326, 54.84975
735.3147, 55.56981
735.7968, 57.34097
736.2789, 57.77009
736.7610, 56.39904
737.2432, 55.51425
737.7253, 55.69920
738.2074, 55.99135
738.6895, 55.73672
739.1716, 55.21588
739.6537, 54.87801
740.1359, 54.89293
740.6180, 55.18147
741.1001, 55.67915
741.5822, 56.34120
742.0643, 57.13338
742.5464, 58.13716
743.0286, 58.85454
743.5107, 58.96010
743.9928, 58.96596
744.4749, 59.63194
744.9570, 61.10529
745.4391, 61.78464
745.9213, 60.92256
746.4034, 60.26006
746.8855, 60.64850
747.3676, 61.19383
747.8497, 60.73767
748.3318, 59.43468
748.8140, 58.55594
749.2961, 59.04381
749.7782, 60.11775
750.2603, 60.28877
750.7424, 59.75462
751.2245, 60.19797
751.7067, 62.05630
752.1888, 64.26183
752.6709, 66.16660
753.1530, 67.68279
753.6351, 68.42354
754.1172, 67.26984
754.5994, 67.29825
755.0815, 70.22144
755.5636, 72.86571
756.0457, 72.79018
756.5278, 71.25430
757.0099, 70.84883
757.4921, 72.49094
757.9742, 74.61209
758.4563, 75.66127
758.9384, 76.10248
759.4205, 77.25255
759.9026, 79.09366
760.3848, 80.41614
760.8669, 80.51619
761.3490, 80.38356
761.8311, 81.63104
762.3132, 84.58612
762.7953, 86.49779
763.2775, 86.36157
763.7596, 86.37193
764.2417, 87.46718
764.7238, 88.52510
765.2059, 88.19984
765.6880, 86.65887
766.1702, 85.49098
766.6523, 85.63780
767.1344, 86.38651
767.6165, 87.06627
768.0986, 87.70772
768.5807, 88.59485
769.0628, 89.75446
769.5449, 90.42851
770.0270, 89.94478
770.5092, 88.68527
770.9913, 88.07751
771.4734, 88.64252
771.9555, 88.54999
772.4376, 86.48589
772.9197, 85.08975
773.4019, 86.20454
773.8840, 88.52786
774.3661, 89.87056
774.8482, 89.71097
775.3303, 89.25549
775.8124, 88.90581
776.2946, 88.71097
776.7767, 88.46329
777.2588, 88.44124
777.7409, 89.62146
778.2230, 92.29471
778.7051, 95.14958
779.1873, 96.60371
779.6694, 96.76212
780.1515, 96.95673
780.6336, 97.05530
781.1157, 97.60591
781.5978, 98.94493
782.0800, 100.6204
782.5621, 102.2081
783.0442, 103.7429
783.5263, 105.4904
784.0084, 108.2500
784.4905, 110.2259
784.9727, 109.4007
785.4548, 108.4907
785.9369, 110.8616
786.4190, 115.7982
786.9011, 119.9685
787.3832, 121.5712
787.8654, 122.0184
788.3475, 123.4669
788.8296, 125.7529
789.3117, 127.2783
789.7938, 127.8077
790.2759, 128.4804
790.7581, 129.7558
791.2402, 131.6385
791.7223, 134.4111
792.2044, 138.6520
792.6865, 141.0666
793.1686, 140.1675
793.6508, 139.3060
794.1329, 139.6835
794.6150, 140.5221
795.0971, 140.9408
795.5792, 140.8915
796.0613, 140.9701
796.5435, 141.8517
797.0256, 142.5721
797.5077, 141.5994
797.9898, 139.5144
798.4719, 138.1224
798.9540, 137.7078
799.4362, 137.3275
799.9183, 136.3495
800.4004, 134.8657
800.8825, 133.0951
801.3646, 130.9174
801.8467, 128.8082
802.3289, 127.0467
802.8110, 125.0033
803.2931, 122.5639
803.7752, 119.6476
804.2573, 115.8429
804.7394, 111.0320
805.2216, 106.9584
805.7037, 105.0576
806.1858, 103.3631
806.6679, 99.97011
807.1500, 95.87073
807.6321, 93.00540
808.1143, 91.66922
808.5964, 90.63354
809.0785, 88.91129
809.5606, 86.65671
810.0427, 84.25978
810.5248, 81.72824
811.0070, 78.92535
811.4891, 75.78712
811.9712, 72.40395
812.4533, 68.55377
812.9354, 64.57550
813.4175, 61.64954
813.8997, 60.33736
814.3818, 58.63181
814.8639, 56.04411
815.3460, 53.44060
815.8281, 51.12291
816.3102, 49.09399
816.7924, 47.49646
817.2745, 46.29042
817.7566, 44.81990
818.2387, 42.40007
818.7208, 39.56316
819.2029, 36.67349
819.6851, 34.01753
820.1672, 32.92366
820.6493, 33.64513
821.1314, 34.32518
821.6135, 33.36374
822.0956, 31.21742
822.5778, 29.65967
823.0599, 28.93031
823.5420, 28.06477
824.0241, 26.70599
824.5062, 25.54358
824.9883, 25.23347
825.4705, 25.25237
825.9526, 24.66116
826.4347, 23.21249
826.9168, 22.16051
827.3989, 22.18454
827.8810, 22.39316
828.3632, 22.20169
828.8453, 21.82446
829.3274, 21.86299
829.8095, 22.26489
830.2916, 21.93463
830.7737, 19.63068
831.2559, 16.69556
831.7380, 16.25655
832.2201, 17.94853
832.7022, 18.58058
833.1843, 17.52933
833.6664, 16.20168
834.1486, 15.51991
834.6307, 15.31291
835.1128, 15.13815
835.5949, 14.93982
836.0770, 14.97238
836.5591, 15.58673
837.0413, 15.95308
837.5234, 15.58273
838.0055, 15.02084
838.4876, 15.02466
838.9697, 15.59200
839.4518, 15.68701
839.9340, 14.38841
840.4161, 13.04842
840.8982, 12.51163
841.3803, 12.54895
841.8624, 12.98819
842.3445, 13.66791
842.8267, 14.20688
843.3088, 14.38724
843.7909, 14.31763
844.2730, 14.15845
844.7551, 13.92203
845.2372, 13.41098
845.7194, 12.42674
846.2015, 12.08154
846.6836, 13.10768
847.1657, 14.68152
847.6478, 15.60536
848.1299, 15.88696
848.6121, 16.50940
849.0942, 18.05586
849.5763, 18.93655
850.0584, 18.15147
850.5405, 17.25822
851.0226, 17.55946
851.5048, 18.74463
851.9869, 19.69460
852.4690, 19.99971
852.9511, 20.22908
853.4332, 20.80673
853.9153, 21.53165
854.3975, 21.95166
854.8796, 22.20944
855.3617, 23.17653
855.8438, 25.16087
856.3259, 26.83125
856.8080, 26.12698
857.2901, 23.77794
857.7722, 23.95277
858.2543, 26.88719
858.7365, 28.72679
859.2186, 28.09542
859.7007, 27.44287
860.1828, 29.20740
860.6649, 32.76508
861.1470, 34.70009
861.6292, 33.04008
862.1113, 32.75803
862.5934, 35.10658
863.0755, 37.51562
863.5576, 38.81673
864.0397, 39.33772
864.5219, 39.49706
865.0040, 39.41566
865.4861, 39.72382
865.9682, 41.08878
866.4503, 42.69023
866.9324, 43.82068
867.4146, 44.57551
867.8967, 45.29182
868.3788, 46.15195
868.8609, 47.00296
869.3430, 47.49147
869.8251, 47.69164
870.3073, 47.74019
870.7894, 47.74144
871.2715, 48.27072
871.7536, 49.38257
872.2357, 50.24269
872.7178, 50.44221
873.2000, 50.28191
873.6821, 50.19918
874.1642, 50.24431
874.6463, 49.75597
875.1284, 48.17421
875.6105, 47.04671
876.0927, 46.98424
876.5748, 47.07226
877.0569, 46.57716
877.5390, 45.78329
878.0211, 45.61145
878.5032, 46.62744
878.9854, 47.13974
879.4675, 46.21989
879.9496, 44.69201
880.4317, 42.62157
880.9138, 40.66988
881.3959, 40.26317
881.8781, 41.55653
882.3602, 42.72929
882.8423, 42.13808
883.3244, 40.60565
883.8065, 39.69214
884.2886, 39.25865
884.7708, 38.68100
885.2529, 37.85300
885.7350, 36.60757
886.2171, 34.71873
886.6992, 32.73758
887.1813, 31.94202
887.6635, 32.61024
888.1456, 32.77348
888.6277, 32.28273
889.1098, 31.56961
889.5919, 30.58189
890.0740, 29.60596
890.5562, 29.00964
891.0383, 28.73184
891.5204, 28.31284
892.0025, 27.90309
892.4846, 27.08512
892.9667, 25.05067
893.4489, 23.25103
893.9310, 23.16051
894.4131, 23.96415
894.8952, 23.95597
895.3773, 22.66456
895.8594, 21.21674
896.3416, 20.57371
896.8237, 20.06579
897.3058, 18.68295
897.7879, 16.85007
898.2700, 15.55267
898.7521, 14.98088
899.2343, 14.91357
899.7164, 15.27866
900.1985, 15.66134
900.6806, 15.15381
901.1627, 13.78967
901.6448, 12.10323
902.1270, 9.986053
902.6091, 8.619247
903.0912, 8.616089
903.5733, 9.392761
904.0554, 10.48419
904.5375, 11.88956
905.0197, 11.35840
905.5018, 7.126022
905.9839, 3.913589
906.4660, 2.958878
906.9481, 2.485184
907.4302, 1.422745
907.9124, 0.1692960
908.3945, 0.3360290
908.8766, 0.2221220
909.3587, 0.5020140
909.8408, 9.9303998E-02
910.3229, 0.6764070
910.8051, 1.950943
911.2872, 3.304153
911.7693, 4.116272
912.2514, 4.425888
912.7335, 4.842911
913.2156, 5.698776
913.6978, 6.818573
914.1799, 8.303604
914.6620, 9.802872
915.1441, 10.46710
915.6262, 10.41377
916.1083, 10.40968
916.5905, 10.76749
917.0726, 11.50494
917.5547, 12.80164
918.0368, 14.41107
918.5189, 15.04189
919.0010, 14.61632
919.4832, 14.53777
919.9653, 15.17598
920.4474, 15.69231
920.9295, 15.46036
921.4116, 14.82651
921.8937, 14.56389
922.3759, 14.69792
922.8580, 15.12398
923.3401, 16.48929
923.8222, 17.21695
924.3043, 15.71245
924.7864, 14.40253
925.2686, 16.46309
925.7507, 20.74113
926.2328, 21.88570
926.7149, 16.77463
927.1970, 12.86502
927.6791, 13.54994
928.1613, 15.11031
928.6434, 15.13550
929.1255, 14.09929
929.6076, 13.13564
930.0897, 12.43414
930.5718, 11.13174
931.0540, 8.146133
931.5361, 4.954010
932.0182, 3.181015
932.5003, 2.287842
932.9824, 1.706070
933.4645, 1.047180
933.9467, 0.8661350
934.4288, 4.596130
934.9109, 9.031784
935.3930, 12.64455
935.8751, 15.67395
936.3572, 19.13713
936.8394, 23.05859
937.3215, 27.28616
937.8036, 31.82108
938.2857, 36.47113
938.7678, 41.07657
939.2499, 45.71835
939.7321, 50.66846
940.2142, 56.04056
940.6963, 61.07742
941.1784, 65.32742
941.6605, 70.12418
942.1426, 76.01794
942.6248, 82.53241
943.1069, 89.29764
943.5890, 96.28659
944.0711, 103.0123
944.5532, 108.8906
945.0353, 115.3356
945.5175, 123.4408
945.9996, 131.1278
946.4817, 136.9944
946.9637, 141.8979
947.4459, 147.2484
947.9280, 153.2069
948.4101, 158.8181
948.8922, 163.2617
949.3743, 167.8358
949.8564, 174.1970
950.3386, 180.4832
950.8207, 184.5714
951.3028, 186.6475
951.7849, 187.6261
952.2670, 187.8468
952.7491, 188.2938
953.2313, 190.0198
953.7134, 192.3587
954.1955, 194.2604
954.6776, 195.9345
955.1597, 197.8615
955.6418, 200.1757
956.1240, 203.1433
956.6061, 207.0522
957.0882, 211.1840
957.5703, 213.8309
958.0524, 215.4154
958.5345, 218.9274
959.0167, 224.4427
959.4988, 230.8494
959.9809, 237.8646
960.4630, 245.1161
960.9451, 252.1189
961.4272, 259.4023
961.9094, 269.3056
962.3915, 282.4963
962.8736, 295.2575
963.3557, 306.8367
963.8378, 319.0577
964.3199, 332.9097
964.8021, 347.6734
965.2842, 362.2249
965.7663, 377.9622
966.2484, 394.3699
966.7305, 410.6338
967.2126, 428.9434
967.6948, 446.3922
968.1769, 464.3668
968.6590, 483.4259
969.1411, 503.5656
969.6232, 525.5527
970.1053, 549.6167
970.5875, 572.1839
971.0696, 591.7964
971.5517, 610.7496
972.0338, 630.6415
972.5159, 649.8358
972.9980, 666.5574
973.4802, 681.6324
973.9623, 697.1951
974.4444, 713.9916
974.9265, 728.2917
975.4086, 736.2189
975.8907, 742.2514
976.3729, 750.6234
976.8550, 759.9308
977.3371, 767.8068
977.8192, 774.0490
978.3013, 779.0237
978.7834, 782.7537
979.2656, 788.1208
979.7477, 798.7542
980.2298, 812.8964
980.7119, 827.0447
981.1940, 841.4282
981.6761, 857.4467
982.1583, 875.6381
982.6404, 896.5499
983.1225, 920.6738
983.6046, 947.1273
984.0867, 975.8871
984.5688, 1006.816
985.0510, 1035.330
985.5331, 1061.107
986.0152, 1084.977
986.4973, 1107.595
986.9794, 1126.214
987.4615, 1138.495
987.9437, 1144.302
988.4258, 1143.676
988.9079, 1137.377
989.3900, 1119.501
989.8721, 1088.290
990.3542, 1050.036
990.8364, 1006.601
991.3185, 957.9083
991.8006, 903.1306
992.2827, 842.9752
992.7648, 784.2672
993.2469, 725.9664
993.7291, 671.8566
994.2112, 622.9813
994.6933, 577.4041
995.1754, 534.0400
995.6575, 493.5097
996.1396, 456.2981
996.6218, 422.4468
997.1039, 393.4930
997.5860, 369.7657
998.0681, 350.3384
998.5502, 336.5321
999.0323, 325.3430
999.5145, 315.1566
999.9966, 306.5443
1000.479, 300.6107
1000.961, 297.4225
1001.443, 296.0449
1001.925, 295.3636
1002.407, 297.5874
1002.889, 304.6970
1003.371, 313.9323
1003.854, 322.8046
1004.336, 332.2770
1004.818, 344.4661
1005.300, 359.8047
1005.782, 377.3401
1006.264, 396.6946
1006.746, 417.9451
1007.228, 441.3280
1007.710, 466.3801
1008.193, 492.7897
1008.675, 520.3628
1009.157, 548.3286
1009.639, 576.7324
1010.121, 607.5961
1010.603, 643.7366
1011.085, 682.2563
1011.567, 719.4890
1012.049, 756.8915
1012.532, 796.5670
1013.014, 838.4365
1013.496, 880.8896
1013.978, 923.3250
1014.460, 964.9565
1014.942, 1004.936
1015.424, 1043.367
1015.906, 1082.069
1016.389, 1119.083
1016.871, 1149.243
1017.353, 1171.818
1017.835, 1188.275
1018.317, 1199.336
1018.799, 1205.383
1019.281, 1207.865
1019.763, 1205.274
1020.245, 1191.467
1020.728, 1167.596
1021.210, 1141.081
1021.692, 1113.189
1022.174, 1082.694
1022.656, 1049.059
1023.138, 1012.411
1023.620, 972.8098
1024.102, 930.5875
1024.584, 887.7047
1025.067, 844.1803
1025.549, 803.4918
1026.031, 766.4229
1026.513, 731.2928
1026.995, 697.2509
1027.477, 663.8859
1027.959, 630.2769
1028.441, 596.5306
1028.924, 566.3345
1029.406, 540.1602
1029.888, 515.0992
1030.370, 490.4307
1030.852, 467.6390
1031.334, 448.0159
1031.816, 429.6005
1032.298, 408.2728
1032.781, 383.8748
1033.263, 362.0140
1033.745, 342.7238
1034.227, 326.0916
1034.709, 313.2380
1035.191, 300.8572
1035.673, 286.4944
1036.155, 275.4891
1036.637, 260.3494
1037.120, 252.5146
1037.602, 243.2125
1038.084, 231.7535
1038.566, 220.5765
1039.048, 209.9189
1039.530, 199.6268
1040.012, 189.2012
1040.494, 179.2613
1040.976, 171.2104
1041.459, 165.3462
1041.941, 158.5828
1042.423, 150.0944
1042.905, 141.9262
1043.387, 134.3435
1043.869, 126.9901
1044.351, 119.8225
1044.833, 112.5298
1045.316, 104.3757
1045.798, 95.17090
1046.280, 87.24860
1046.762, 80.44885
1047.244, 75.13812
1047.726, 72.50494
1048.208, 70.12152
1048.690, 66.42761
1049.172, 62.33130
1049.655, 58.95337
1050.137, 56.37030
1050.619, 55.35089
1051.101, 57.36224
1051.583, 59.01581
1052.065, 57.99689
1052.547, 58.16699
1053.029, 62.47040
1053.511, 69.07410
1053.994, 75.28851
1054.476, 80.89331
1054.958, 86.93317
1055.440, 93.40466
1055.922, 100.6440
1056.404, 108.9997
1056.886, 117.8484
1057.368, 127.2625
1057.851, 136.7102
1058.333, 145.7048
1058.815, 154.1247
1059.297, 161.5805
1059.779, 167.2793
1060.261, 173.2194
1060.743, 180.6583
1061.225, 187.8241
1061.708, 194.3257
1062.190, 199.4365
1062.672, 202.0007
1063.154, 202.2194
1063.636, 201.8177
1064.118, 201.0133
1064.600, 200.3000
1065.082, 199.8055
1065.564, 199.5204
1066.047, 199.6512
1066.529, 199.8474
1067.011, 199.6849
1067.493, 199.1638
1067.975, 198.5190
1068.457, 197.8051
1068.939, 197.0237
1069.421, 195.8057
1069.903, 194.9135
1070.386, 194.8819
1070.868, 195.4140
1071.350, 196.6555
1071.832, 198.1121
1072.314, 198.4453
1072.796, 197.2338
1073.278, 195.0381
1073.760, 191.0897
1074.243, 187.4288
1074.725, 185.5359
1075.207, 184.4453
1075.689, 183.3935
1076.171, 182.1379
1076.653, 180.4648
1077.135, 178.3250
1077.617, 175.6973
1078.099, 171.9126
1078.582, 168.4178
1079.064, 166.4970
1079.546, 164.8776
1080.028, 162.5076
1080.510, 159.2385
1080.992, 155.0673
1081.474, 150.0362
1081.956, 144.6638
1082.438, 138.6139
1082.921, 133.0695
1083.403, 128.9598
1083.885, 125.3544
1084.367, 121.9555
1084.849, 118.3161
1085.331, 113.7372
1085.813, 108.1566
1086.295, 102.1389
1086.777, 96.10919
1087.260, 89.42773
1087.742, 81.25946
1088.224, 72.87323
1088.706, 64.84125
1089.188, 57.51273
1089.670, 51.44305
1090.152, 46.56848
1090.634, 41.98633
1091.117, 38.03641
1091.599, 32.91019
1092.081, 24.54636
1092.563, 16.20251
1093.045, 9.349182
1093.527, 4.023926
1094.009, 0.9598690
1094.491, 0.7109990
1094.974, 4.151550
1095.456, 10.85693
1095.938, 16.98703
1096.420, 21.26147
1096.902, 24.40561
1097.384, 26.54294
1097.866, 27.97394
1098.348, 28.73511
1098.830, 29.06665
1099.313, 29.40372
1099.795, 29.81235
1100.277, 30.03180
1100.759, 30.40634
1101.241, 29.91501
1101.723, 27.51575
1102.205, 24.89096
1102.687, 23.56747
1103.169, 22.76453
1103.652, 20.97079
1104.134, 17.95105
1104.616, 14.37048
1105.098, 10.36465
1105.580, 5.809265
1106.062, 0.6558230
1106.544, 4.850555
1107.026, 10.44821
1107.509, 16.44296
1107.991, 23.23749
1108.473, 30.79706
1108.955, 38.90793
1109.437, 48.04504
1109.919, 56.92142
1110.401, 63.67767
1110.883, 72.31125
1111.365, 86.26715
1111.848, 101.1142
1112.330, 112.1621
1112.812, 120.6149
1113.294, 131.1412
1113.776, 144.7272
1114.258, 158.0385
1114.740, 174.0818
1115.222, 185.5480
1115.704, 187.8007
1116.187, 188.0577
1116.669, 192.1937
1117.151, 197.0787
1117.633, 196.3629
1118.115, 189.5562
1118.597, 181.4040
1119.079, 171.6465
1119.561, 161.1377
1120.044, 149.6101
1120.526, 137.8807
1121.008, 125.9162
1121.490, 114.5773
1121.972, 105.1550
1122.454, 95.59464
1122.936, 86.89432
1123.418, 79.70221
1123.901, 71.67816
1124.383, 65.66156
1124.865, 59.88531
1125.347, 53.50763
1125.829, 47.69058
1126.311, 43.45139
1126.793, 40.56918
1127.275, 38.59210
1127.757, 37.86597
1128.240, 35.27161
1128.722, 30.13837
1129.204, 26.04770
1129.686, 23.91266
1130.168, 22.68262
1130.650, 21.94830
1131.132, 20.98688
1131.614, 18.38364
1132.096, 14.43170
1132.579, 12.38190
1133.061, 12.28583
1133.543, 11.67584
1134.025, 10.21075
1134.507, 9.076477
1134.989, 8.789612
1135.471, 9.023895
1135.953, 9.531128
1136.436, 10.02657
1136.918, 9.216095
1137.400, 7.532898
1137.882, 8.188278
1138.364, 11.07124
1138.846, 13.71858
1139.328, 15.44354
1139.810, 16.53352
1140.292, 17.09773
1140.775, 17.88533
1141.257, 20.11888
1141.739, 23.39590
1142.221, 27.03217
1142.703, 30.73946
1143.185, 33.66098
1143.667, 35.78088
1144.149, 37.58167
1144.631, 39.30264
1145.114, 41.43382
1145.596, 44.77948
1146.078, 48.29544
1146.560, 50.84344
1147.042, 52.44820
1147.524, 52.90977
1148.006, 52.50996
1148.488, 51.96463
1148.971, 51.35544
1149.453, 50.09108
1149.935, 47.85918
1150.417, 44.82950
1150.899, 40.52641
1151.381, 36.09111
1151.863, 32.37077
1152.345, 29.28230
1152.828, 26.89104
1153.310, 24.78096
1153.792, 22.04375
1154.274, 18.41396
1154.756, 15.17143
1155.238, 12.91553
1155.720, 11.25812
1156.202, 10.55987
1156.684, 9.916809
1157.167, 8.701370
1157.649, 6.997345
1158.131, 4.719559
1158.613, 2.015869
1159.095, 0.2284090
1159.577, 0.1976170
1160.059, 0.2300720
1160.541, 0.2819210
1161.023, 9.2361003E-02
1161.506, 1.256119
1161.988, 2.622543
1162.470, 4.015274
1162.952, 5.145706
1163.434, 5.268127
1163.916, 4.226852
1164.398, 3.078293
1164.880, 1.892487
1165.363, 0.6364290
1165.845, 0.9254610
1166.327, 2.110764
1166.809, 2.551880
1167.291, 2.421524
1167.773, 1.764832
1168.255, 0.8066710
1168.737, 1.045868
1169.219, 2.760300
1169.702, 3.827606
1170.184, 4.086746
1170.666, 4.240150
1171.148, 4.502541
1171.630, 4.604431
1172.112, 4.337234
1172.594, 3.873535
1173.076, 3.434814
1173.558, 3.090973
1174.041, 3.350807
1174.523, 4.147079
1175.005, 5.040123
1175.487, 5.941010
1175.969, 6.616898
1176.451, 6.991219
1176.933, 7.360435
1177.415, 8.012375
1177.897, 8.760338
1178.380, 9.355667
1178.862, 9.801414
1179.344, 10.07375
1179.826, 10.20338
1180.308, 10.04897
1180.790, 9.787247
1181.272, 10.23386
1181.754, 11.80270
1182.237, 13.52803
1182.719, 14.80889
1183.201, 15.78465
1183.683, 16.85036
1184.165, 17.43182
1184.647, 16.10680
1185.129, 14.13961
1185.611, 14.23640
1186.094, 16.59772
1186.576, 18.58756
1187.058, 19.33670
1187.540, 19.61193
1188.022, 19.06363
1188.504, 18.82151
1188.986, 19.47607
1189.468, 20.65235
1189.950, 22.36606
1190.432, 24.22614
1190.915, 25.25278
1191.397, 25.26291
1191.879, 25.17023
1192.361, 24.78742
1192.843, 24.65797
1193.325, 24.78811
1193.807, 25.32013
1194.289, 26.51261
1194.772, 27.73618
1195.254, 28.25793
1195.736, 28.37317
1196.218, 29.03419
1196.700, 30.28785
1197.182, 31.39154
1197.664, 32.37414
1198.146, 32.38439
1198.629, 31.17631
1199.111, 30.41366
1199.593, 31.04497
1200.075, 32.29881
1200.557, 33.30993
1201.039, 34.05783
1201.521, 34.23454
1202.003, 34.15377
1202.485, 35.14809
1202.968, 36.87609
1203.450, 37.58728
1203.932, 37.02831
1204.414, 36.61413
1204.896, 37.15384
1205.378, 38.04998
1205.860, 39.06228
1206.342, 39.81520
1206.824, 39.58087
1207.307, 39.07604
1207.789, 39.19500
1208.271, 39.85239
1208.753, 40.78597
1209.235, 41.86907
1209.717, 42.65960
1210.199, 42.95384
1210.681, 43.02887
1211.164, 42.78714
1211.646, 42.53759
1212.128, 42.00110
1212.610, 41.86235
1213.092, 43.40200
1213.574, 45.69910
1214.056, 46.28377
1214.538, 44.95927
1215.021, 43.77676
1215.503, 42.33695
1215.985, 41.99112
1216.467, 43.55664
1216.949, 44.34142
1217.431, 43.06289
1217.913, 41.57263
1218.395, 41.62539
1218.877, 42.62892
1219.359, 43.26162
1219.842, 43.48285
1220.324, 42.59589
1220.806, 40.69352
1221.288, 39.21329
1221.770, 38.39429
1222.252, 37.52011
1222.734, 36.29510
1223.216, 35.16862
1223.699, 34.51406
1224.181, 34.28172
1224.663, 34.72140
1225.145, 35.26536
1225.627, 34.84710
1226.109, 33.84291
1226.591, 33.05989
1227.073, 32.70094
1227.556, 32.67879
1228.038, 32.94133
1228.520, 33.30861
1229.002, 34.05552
1229.484, 34.37749
1229.966, 33.47011
1230.448, 32.28595
1230.930, 31.72113
1231.412, 31.46129
1231.895, 30.81692
1232.377, 30.66469
1232.859, 29.58970
1233.341, 30.14377
1233.823, 30.19907
1234.305, 29.55685
1234.787, 28.91314
1235.269, 28.27735
1235.751, 27.73972
1236.234, 27.19949
1236.716, 26.67633
1237.198, 26.23452
1237.680, 25.72783
1238.162, 25.10753
1238.644, 24.50281
1239.126, 24.24929
1239.608, 24.20190
1240.091, 23.64066
1240.573, 22.60901
1241.055, 22.47054
1241.537, 23.74438
1242.019, 25.19804
1242.501, 25.85423
1242.983, 25.77440
1243.465, 24.88769
1243.948, 23.61302
1244.430, 22.00182
1244.912, 20.48324
1245.394, 19.92537
1245.876, 20.10552
1246.358, 20.28464
1246.840, 20.27654
1247.322, 20.04219
1247.804, 19.40403
1248.286, 18.86577
1248.769, 18.80857
1249.251, 18.57516
1249.733, 16.66475
1250.215, 15.41081
1250.697, 18.25404
1251.179, 23.33847
1251.661, 25.67097
1252.143, 25.19615
1252.626, 22.78405
1253.108, 17.61202
1253.590, 14.47791
1254.072, 14.18577
1254.554, 14.39311
1255.036, 14.23695
1255.518, 13.77893
1256.000, 13.07415
1256.483, 12.26646
1256.965, 11.45987
1257.447, 10.77082
1257.929, 10.52914
1258.411, 10.70130
1258.893, 11.46935
1259.375, 12.47407
1259.857, 12.29929
1260.339, 10.73952
1260.822, 9.692112
1261.304, 10.43353
1261.786, 11.18030
1262.268, 10.93655
1262.750, 10.15701
1263.232, 8.530369
1263.714, 7.081051
1264.196, 7.053062
1264.678, 7.826218
1265.161, 7.853668
1265.643, 7.021080
1266.125, 6.552299
1266.607, 7.058380
1267.089, 6.593010
1267.571, 4.353592
1268.053, 3.254723
1268.535, 4.320290
1269.017, 5.761688
1269.500, 6.599030
1269.982, 6.749123
1270.464, 5.996117
1270.946, 4.715553
1271.428, 4.101166
1271.910, 3.977699
1272.392, 3.858711
1272.874, 3.672218
1273.357, 3.094162
1273.839, 2.147003
1274.321, 1.373886
1274.803, 1.022751
1275.285, 1.340866
1275.767, 3.273781
1276.249, 4.893677
1276.731, 4.572624
1277.214, 3.616516
1277.696, 2.917915
1278.178, 2.340874
1278.660, 1.118286
1279.142, 0.3406750
1279.624, 0.4451370
1280.106, 1.342400
1280.588, 1.899368
1281.070, 0.3659970
1281.552, 0.3656160
1282.035, 0.1024780
1282.517, 1.066940
1282.999, 2.524635
1283.481, 3.283417
1283.963, 2.511086
1284.445, 3.202797
1284.927, 1.346382
1285.409, 2.482826
1285.892, 1.804878
1286.374, 0.1942670
1286.856, 0.0000000E+00
##END=



