##NAMES=Brucite
##RRUFFID=R050455
##IDEAL CHEMISTRY=Mg(OH)_2_
##LOCALITY=Texas, Lancaster County, Pennsylvania, USA
##OWNER=RRUFF
##SOURCE=University of Arizona Mineral Museum
##DESCRIPTION=Group of green tabular crystals
##STATUS=The identification of this mineral has been confirmed by X-ray diffraction and chemical analysis
##URL=rruff.info/R050455
##MEASURED CHEMISTRY=(Mg_0.99_Mn_0.01_)(OH)_2_
159.3511, 0.0000000E+00
159.8332, 1.3050000E-03
160.3154, 2.2104001E-02
160.7975, 3.9755002E-02
161.2796, 0.1198620
161.7617, 0.3889050
162.2438, 0.8147470
162.7259, 1.042788
163.2081, 0.8074260
163.6902, 0.4903760
164.1723, 0.4291100
164.6544, 0.6562000
165.1365, 0.9495070
165.6186, 1.063332
166.1008, 1.011780
166.5829, 1.104834
167.0650, 1.029800
167.5471, 0.9821430
168.0292, 0.9659690
168.5113, 0.9821640
168.9935, 1.015450
169.4756, 1.018070
169.9577, 0.9589810
170.4398, 0.9371170
170.9219, 1.076962
171.4040, 1.187950
171.8862, 1.046099
172.3683, 0.5811610
172.8504, 1.6401000E-02
173.3325, 0.2947830
173.8146, 8.2603000E-02
174.2967, 0.4155850
174.7789, 0.7149110
175.2610, 0.9531990
175.7431, 1.090731
176.2252, 1.113380
176.7073, 1.050177
177.1894, 0.9143710
177.6716, 0.6676080
178.1537, 0.5668700
178.6358, 0.5964980
179.1179, 0.7775040
179.6000, 0.9085770
180.0821, 0.8901180
180.5643, 0.8323400
181.0464, 0.7381650
181.5285, 0.6623950
182.0106, 0.6342620
182.4927, 0.7051510
182.9749, 0.8499720
183.4570, 0.9546510
183.9391, 0.9587420
184.4212, 0.8855590
184.9033, 0.8062520
185.3854, 0.7270830
185.8676, 0.6330010
186.3497, 0.4784150
186.8318, 0.2594910
187.3139, 0.1184040
187.7960, 0.1973000
188.2781, 0.3562280
188.7603, 0.4452510
189.2424, 0.4287550
189.7245, 0.3519990
190.2066, 0.2506370
190.6887, 0.1005920
191.1708, 1.6488999E-02
191.6530, 0.1275330
192.1351, 0.2798840
192.6172, 0.3280260
193.0993, 0.2091450
193.5814, 9.1530001E-03
194.0635, 8.7677002E-02
194.5457, 1.6210000E-03
195.0278, 2.7174000E-02
195.5099, 0.1599310
195.9920, 0.3852040
196.4741, 0.4618800
196.9562, 0.3014640
197.4384, 8.9889998E-03
197.9205, 0.2214810
198.4026, 0.2876610
198.8847, 0.3054960
199.3668, 0.2852760
199.8489, 0.2294040
200.3311, 0.1124000
200.8132, 8.2530998E-02
201.2953, 0.3055840
201.7774, 0.3574960
202.2595, 5.6944001E-02
202.7416, 0.2263280
203.2238, 0.5246510
203.7059, 0.7706620
204.1880, 0.8511910
204.6701, 0.6933990
205.1522, 0.3686310
205.6344, 0.1997870
206.1165, 0.2994310
206.5986, 0.4043540
207.0807, 0.4781970
207.5628, 0.5183750
208.0449, 0.5128080
208.5271, 0.4456630
209.0092, 0.3415490
209.4913, 0.3027040
209.9734, 0.3078860
210.4555, 0.3836540
210.9376, 0.6119350
211.4198, 0.9298800
211.9019, 1.157761
212.3840, 1.185152
212.8661, 1.074520
213.3482, 1.015345
213.8303, 1.031693
214.3125, 1.056225
214.7946, 1.013893
215.2767, 0.9292660
215.7588, 0.9519000
216.2409, 1.219854
216.7230, 1.584263
217.2052, 1.773563
217.6873, 1.733755
218.1694, 1.625347
218.6515, 1.549746
219.1336, 1.506393
219.6157, 1.494350
220.0979, 1.556353
220.5800, 1.621159
221.0621, 1.584494
221.5442, 1.404207
222.0263, 1.250248
222.5084, 1.328474
222.9906, 1.665056
223.4727, 1.951740
223.9548, 2.105253
224.4369, 2.156286
224.9190, 2.091228
225.4011, 1.901495
225.8833, 1.687584
226.3654, 1.553692
226.8475, 1.500191
227.3296, 1.529547
227.8117, 1.745720
228.2938, 1.979904
228.7760, 2.123835
229.2581, 2.156693
229.7402, 2.135433
230.2223, 2.111429
230.7044, 2.039764
231.1866, 2.076435
231.6687, 2.433195
232.1508, 2.804623
232.6329, 3.004047
233.1150, 3.002611
233.5971, 2.909004
234.0793, 2.850187
234.5614, 2.775023
235.0435, 2.877363
235.5256, 3.397499
236.0077, 3.897429
236.4898, 4.061056
236.9720, 3.857307
237.4541, 3.516054
237.9362, 3.330317
238.4183, 3.292904
238.9004, 3.462303
239.3825, 4.064594
239.8647, 4.666241
240.3468, 5.008410
240.8289, 5.048792
241.3110, 4.875031
241.7931, 4.553928
242.2752, 3.913206
242.7574, 3.676718
243.2395, 3.974924
243.7216, 4.509985
244.2037, 5.233047
244.6858, 6.068459
245.1679, 6.786114
245.6501, 7.111284
246.1322, 6.920614
246.6143, 6.785765
247.0964, 6.625656
247.5785, 6.572739
248.0606, 6.762194
248.5428, 7.181099
249.0249, 7.659628
249.5070, 8.021206
249.9891, 8.236143
250.4712, 8.616497
250.9533, 9.466724
251.4355, 10.23980
251.9176, 10.38914
252.3997, 9.976852
252.8818, 9.697741
253.3639, 10.17849
253.8460, 11.44631
254.3282, 12.47869
254.8103, 13.17902
255.2924, 13.76037
255.7745, 14.20999
256.2566, 14.57306
256.7387, 15.18026
257.2209, 16.37167
257.7030, 18.04046
258.1851, 19.38757
258.6672, 20.02062
259.1493, 20.63222
259.6314, 21.78939
260.1136, 23.45680
260.5957, 25.10975
261.0778, 26.49273
261.5599, 27.61060
262.0420, 28.60581
262.5241, 29.36578
263.0063, 30.13698
263.4884, 31.09093
263.9705, 32.21673
264.4526, 33.41904
264.9347, 34.62763
265.4168, 35.91393
265.8990, 37.37095
266.3811, 39.07336
266.8632, 40.81666
267.3453, 42.42243
267.8275, 43.91479
268.3096, 45.51352
268.7917, 47.28543
269.2738, 49.22007
269.7559, 51.22664
270.2380, 53.28526
270.7202, 55.52044
271.2023, 58.04924
271.6844, 60.84444
272.1665, 63.75458
272.6486, 66.76776
273.1307, 69.86627
273.6129, 73.09619
274.0950, 76.47275
274.5771, 79.70816
275.0592, 82.59937
275.5413, 85.19204
276.0234, 87.79984
276.5056, 90.87169
276.9877, 93.39017
277.4698, 94.78192
277.9519, 95.11683
278.4340, 94.68711
278.9161, 93.64346
279.3983, 91.97134
279.8804, 89.56375
280.3625, 86.37615
280.8446, 82.43707
281.3267, 77.64003
281.8088, 72.23663
282.2910, 66.74743
282.7731, 61.34165
283.2552, 56.08576
283.7373, 51.22093
284.2194, 46.80979
284.7015, 42.71101
285.1837, 38.70592
285.6658, 34.91609
286.1479, 31.53346
286.6300, 28.70414
287.1121, 26.29888
287.5942, 24.06996
288.0764, 22.03607
288.5585, 20.14713
289.0406, 18.31783
289.5227, 16.64412
290.0048, 15.28867
290.4869, 14.32310
290.9691, 13.54710
291.4512, 12.58354
291.9333, 11.32863
292.4154, 10.26864
292.8975, 9.667038
293.3796, 9.211416
293.8618, 8.663347
294.3439, 7.974873
294.8260, 7.295904
295.3081, 6.857143
295.7902, 6.715555
296.2723, 6.536146
296.7545, 6.214205
297.2366, 5.860592
297.7187, 5.542130
298.2008, 5.272911
298.6829, 5.023026
299.1650, 4.750076
299.6472, 4.433485
300.1293, 4.214771
300.6114, 4.266022
301.0935, 4.288889
301.5756, 4.091547
302.0577, 3.741568
302.5399, 3.473022
303.0220, 3.528044
303.5041, 3.873953
303.9862, 3.997034
304.4683, 3.716017
304.9504, 3.414583
305.4326, 3.269102
305.9147, 3.209427
306.3968, 3.080730
306.8789, 2.757107
307.3610, 2.321199
307.8431, 2.117804
308.3253, 2.334412
308.8074, 2.450373
309.2895, 2.208132
309.7716, 1.847210
310.2537, 1.674736
310.7358, 1.843021
311.2180, 2.171329
311.7001, 2.245371
312.1822, 1.942316
312.6643, 1.649883
313.1464, 1.399187
313.6285, 1.211599
314.1107, 1.119162
314.5928, 1.128160
315.0749, 1.189842
315.5570, 1.243324
316.0392, 1.293280
316.5213, 1.316778
317.0034, 1.274677
317.4855, 1.233864
317.9676, 1.241470
318.4497, 1.294981
318.9319, 1.348797
319.4140, 1.379198
319.8961, 1.395550
320.3782, 1.294098
320.8603, 0.8287850
321.3424, 0.4808640
321.8246, 0.5035210
322.3067, 0.8003120
322.7888, 1.118889
323.2709, 1.288630
323.7530, 1.322365
324.2351, 1.304401
324.7173, 1.190922
325.1994, 1.084885
325.6815, 1.053562
326.1636, 1.039457
326.6457, 0.9517270
327.1278, 0.7349870
327.6100, 0.4495890
328.0921, 0.2295880
328.5742, 5.7661001E-02
329.0563, 1.6560000E-03
329.5384, 0.1784550
330.0205, 0.4014240
330.5027, 0.4859240
330.9848, 0.3806990
331.4669, 0.1960680
331.9490, 6.9756001E-02
332.4311, 1.8500000E-04
332.9132, 2.4600001E-03
333.3954, 0.2372910
333.8775, 0.4177910
334.3596, 0.2999590
334.8417, 9.2358001E-02
335.3238, 0.4833770
335.8059, 0.5976770
336.2881, 0.4317260
336.7702, 0.2867070
337.2523, 0.1711810
337.7344, 7.6233000E-02
338.2165, 5.7489998E-03
338.6986, 7.2237000E-02
339.1808, 0.1135250
339.6629, 0.1022510
340.1450, 6.6621996E-02
340.6271, 0.1321850
341.1092, 0.3870600
341.5913, 0.5697330
342.0735, 0.5492940
342.5556, 0.4206600
343.0377, 0.2782630
343.5198, 0.1407510
344.0019, 5.2623998E-02
344.4840, 0.1357210
344.9662, 0.4597300
345.4483, 0.6508450
345.9304, 0.4766160
346.4125, 0.1911620
346.8946, 7.0499003E-02
347.3767, 0.2863660
347.8589, 0.4137440
348.3410, 0.3583260
348.8231, 0.1265870
349.3052, 3.6350000E-03
349.7873, 9.8454997E-02
350.2694, 0.2059350
350.7516, 0.1182230
351.2337, 0.1155110
351.7158, 0.2792280
352.1979, 0.1822610
352.6800, 8.8460997E-02
353.1621, 0.2474140
353.6443, 0.2730200
354.1264, 0.2233310
354.6085, 5.5170000E-02
355.0906, 0.1495360
355.5727, 0.2459530
356.0548, 0.1330360
356.5370, 4.3623000E-02
357.0191, 6.1990999E-02
357.5012, 9.7480997E-02
357.9833, 0.1992660
358.4654, 0.1138940
358.9475, 6.4323001E-02
359.4297, 0.2437530
359.9118, 0.4329640
360.3939, 0.5486220
360.8760, 0.4891300
361.3581, 0.2880400
361.8402, 0.1104970
362.3224, 1.4082000E-02
362.8045, 8.8503003E-02
363.2866, 0.1207710
363.7687, 0.1127830
364.2508, 5.7328999E-02
364.7329, 0.1261630
365.2151, 0.3354840
365.6972, 0.3744890
366.1793, 0.2041840
366.6614, 2.8649999E-03
367.1436, 8.9804001E-02
367.6257, 0.1071320
368.1078, 0.1533990
368.5899, 0.3154090
369.0720, 0.4501360
369.5541, 0.3950390
370.0363, 0.1816790
370.5184, 2.1875000E-02
371.0005, 2.1832000E-02
371.4826, 0.1321580
371.9647, 0.2405380
372.4468, 0.3563330
372.9290, 0.4476870
373.4111, 0.5061510
373.8932, 0.5309790
374.3753, 0.5139960
374.8574, 0.4503360
375.3395, 0.3594630
375.8217, 0.2354390
376.3038, 5.9184998E-02
376.7859, 3.7147999E-02
377.2680, 0.3653110
377.7501, 0.7359710
378.2322, 0.8586460
378.7144, 0.7363200
379.1965, 0.5836280
379.6786, 0.5518890
380.1607, 0.6347450
380.6428, 0.7318290
381.1249, 0.8886600
381.6071, 1.007500
382.0892, 1.021254
382.5713, 0.9767880
383.0534, 0.9648490
383.5355, 1.025696
384.0176, 1.129465
384.4998, 1.211584
384.9819, 1.236614
385.4640, 1.299873
385.9461, 1.464291
386.4282, 1.628803
386.9103, 1.717552
387.3925, 1.720800
387.8746, 1.637592
388.3567, 1.452467
388.8388, 1.133860
389.3209, 0.9479430
389.8030, 0.8946440
390.2852, 0.9438100
390.7673, 1.202324
391.2494, 1.555304
391.7315, 1.755377
392.2136, 1.647463
392.6957, 1.321913
393.1779, 1.159651
393.6600, 1.378576
394.1421, 1.518162
394.6242, 1.419603
395.1063, 1.291027
395.5884, 1.369419
396.0706, 1.692167
396.5527, 2.042034
397.0348, 2.080523
397.5169, 1.662239
397.9990, 1.507133
398.4811, 1.923937
398.9633, 2.333666
399.4454, 2.491219
399.9275, 2.446938
400.4096, 2.378332
400.8917, 2.402304
401.3738, 2.497961
401.8560, 2.581524
402.3381, 2.672367
402.8202, 2.720633
403.3023, 2.642389
403.7844, 2.551819
404.2665, 2.567574
404.7487, 2.717096
405.2308, 2.942650
405.7129, 3.169441
406.1950, 3.404617
406.6771, 3.790279
407.1592, 4.529348
407.6414, 5.206047
408.1235, 5.539980
408.6056, 5.568445
409.0877, 5.471968
409.5698, 5.174286
410.0519, 4.833017
410.5341, 4.863403
411.0162, 5.358559
411.4983, 5.909954
411.9804, 6.181190
412.4625, 6.378241
412.9446, 6.866396
413.4268, 7.877655
413.9089, 8.875050
414.3910, 9.369883
414.8731, 9.454983
415.3553, 9.527220
415.8374, 9.641127
416.3195, 9.889988
416.8016, 10.43089
417.2837, 11.24688
417.7658, 12.18846
418.2480, 13.35353
418.7301, 14.56887
419.2122, 15.54029
419.6943, 16.25657
420.1764, 17.14547
420.6585, 18.55624
421.1407, 20.46158
421.6228, 22.34549
422.1049, 24.04001
422.5870, 25.90490
423.0691, 28.13324
423.5512, 30.62896
424.0334, 33.22938
424.5155, 35.85287
424.9976, 38.53923
425.4797, 41.34874
425.9618, 44.22817
426.4439, 47.37487
426.9261, 51.14161
427.4082, 54.90775
427.8903, 58.20497
428.3724, 61.06008
428.8545, 63.76764
429.3366, 66.53994
429.8188, 69.40706
430.3009, 72.63362
430.7830, 76.47229
431.2651, 80.45233
431.7472, 84.38344
432.2293, 88.46481
432.7115, 92.88879
433.1936, 97.72192
433.6757, 102.8994
434.1578, 108.2292
434.6399, 113.5714
435.1220, 119.5032
435.6042, 125.9035
436.0863, 133.0358
436.5684, 141.2797
437.0505, 150.4248
437.5326, 159.8794
438.0147, 169.1197
438.4969, 178.3473
438.9790, 188.4538
439.4611, 199.9356
439.9432, 211.0183
440.4253, 221.0675
440.9074, 230.3562
441.3896, 239.4913
441.8717, 248.9445
442.3538, 256.4661
442.8359, 260.2360
443.3180, 260.3816
443.8001, 257.4200
444.2823, 251.3198
444.7644, 242.2865
445.2465, 229.6919
445.7286, 214.0908
446.2107, 197.8281
446.6928, 180.6840
447.1750, 163.7215
447.6571, 147.9223
448.1392, 133.3545
448.6213, 120.0428
449.1034, 108.0938
449.5855, 97.45055
450.0677, 88.00780
450.5498, 79.89751
451.0319, 72.47395
451.5140, 65.54114
451.9961, 59.19220
452.4782, 53.66277
452.9604, 48.97645
453.4425, 44.90129
453.9246, 41.21723
454.4067, 37.93040
454.8888, 35.04171
455.3709, 32.65058
455.8531, 30.48548
456.3352, 28.47314
456.8173, 26.61987
457.2994, 24.93457
457.7815, 23.42857
458.2636, 22.08655
458.7458, 20.88634
459.2279, 19.92202
459.7100, 18.90078
460.1921, 17.65181
460.6742, 16.48483
461.1563, 15.61618
461.6385, 15.00830
462.1206, 14.47386
462.6027, 13.86860
463.0848, 13.24006
463.5669, 12.71190
464.0491, 12.32063
464.5312, 11.86050
465.0133, 11.22896
465.4954, 10.50777
465.9775, 9.718479
466.4597, 8.849131
466.9418, 8.122669
467.4239, 7.811420
467.9060, 7.864300
468.3881, 7.848732
468.8702, 7.694212
469.3524, 7.477592
469.8345, 7.224983
470.3166, 6.955990
470.7987, 6.739483
471.2808, 6.720667
471.7629, 6.662045
472.2451, 6.266521
472.7272, 5.608101
473.2093, 5.075382
473.6914, 4.862213
474.1735, 4.832987
474.6556, 4.684744
475.1378, 4.335018
475.6199, 4.118046
476.1020, 4.227276
476.5841, 4.389853
477.0662, 4.356096
477.5483, 4.120142
478.0305, 3.819416
478.5126, 3.548828
478.9947, 3.310280
479.4768, 3.132843
479.9589, 3.106636
480.4410, 3.028589
480.9232, 2.830376
481.4053, 2.589613
481.8874, 2.367437
482.3695, 2.186718
482.8516, 2.071629
483.3337, 2.080751
483.8159, 2.243305
484.2980, 2.276287
484.7801, 2.030865
485.2622, 1.821371
485.7443, 1.807262
486.2264, 1.888199
486.7086, 1.887850
487.1907, 1.716600
487.6728, 1.494869
488.1549, 1.428717
488.6370, 1.533752
489.1191, 1.529181
489.6013, 1.294670
490.0834, 0.9933990
490.5655, 0.7699050
491.0476, 0.6147960
491.5297, 0.4665490
492.0118, 0.2532200
492.4940, 5.9503999E-02
492.9761, 2.0810000E-03
493.4582, 7.9388000E-02
493.9403, 0.2351340
494.4224, 0.4965550
494.9045, 0.7678570
495.3867, 0.7779060
495.8688, 0.4293630
496.3509, 0.1191390
496.8330, 0.1017210
497.3151, 0.2178440
497.7972, 0.1588270
498.2794, 5.4563999E-02
498.7615, 0.2628250
499.2436, 0.3300700
499.7257, 0.2637390
500.2078, 0.1831020
500.6899, 6.0612001E-02
501.1721, 5.3993002E-02
501.6542, 0.1930370
502.1363, 0.2952080
502.6184, 0.2761140
503.1005, 0.1234260
503.5826, 7.2893001E-02
504.0648, 0.2108860
504.5469, 0.2897000
505.0290, 0.3187220
505.5111, 0.2716390
505.9932, 0.2043060
506.4753, 0.1703910
506.9575, 0.1246590
507.4396, 3.8780000E-02
507.9217, 0.4040460
508.4038, 0.7454020
508.8859, 0.7511600
509.3680, 0.4384120
509.8502, 9.5784999E-02
510.3323, 0.2727760
510.8144, 0.5628340
511.2965, 0.6348270
511.7786, 0.5250570
512.2607, 0.4126820
512.7429, 0.3217560
513.2250, 0.2619360
513.7071, 0.2663080
514.1892, 0.3160250
514.6713, 0.3243660
515.1534, 0.2443050
515.6356, 0.1294820
516.1177, 8.8099003E-02
516.5998, 0.1683600
517.0819, 0.2149880
517.5640, 0.1648440
518.0461, 0.1255320
518.5283, 0.2469220
519.0104, 0.4588160
519.4925, 0.4988010
519.9746, 0.1638780
520.4567, 0.3893190
520.9388, 0.5445480
521.4210, 2.0366000E-02
521.9031, 0.3795580
522.3852, 0.3226030
522.8673, 0.1316950
523.3494, 6.1820999E-02
523.8315, 0.2105110
524.3137, 0.2383430
524.7958, 2.5010000E-03
525.2779, 0.4017020
525.7600, 0.5237700
526.2421, 0.2737360
526.7242, 5.0088000E-02
527.2064, 8.1072003E-02
527.6885, 0.2205370
528.1706, 0.2753350
528.6527, 0.2165390
529.1348, 0.1621910
529.6169, 0.2239690
530.0991, 0.3098450
530.5812, 0.2135110
531.0633, 8.5019000E-02
531.5454, 0.3041460
532.0275, 0.2216450
532.5096, 0.1188160
532.9918, 0.4208560
533.4739, 0.7822140
533.9560, 0.9926360
534.4381, 0.8685680
534.9202, 0.6409150
535.4023, 0.5964480
535.8845, 0.7709390
536.3666, 0.9583590
536.8487, 0.9365880
537.3308, 0.7046610
537.8129, 0.5455140
538.2951, 0.4144480
538.7772, 0.4290360
539.2593, 0.7932310
539.7415, 1.216311
540.2236, 1.342582
540.7057, 1.088859
541.1878, 0.7769620
541.6699, 0.7595140
542.1520, 0.9902830
542.6342, 1.126011
543.1163, 1.099860
543.5984, 1.072027
544.0805, 1.189360
544.5626, 1.369659
545.0447, 1.445167
545.5269, 1.314396
546.0090, 1.228621
546.4911, 1.412199
546.9732, 1.725460
547.4553, 1.908472
547.9374, 1.906071
548.4196, 1.764664
548.9017, 1.485382
549.3838, 1.059459
549.8659, 0.8937830
550.3480, 1.220865
550.8301, 1.480537
551.3123, 1.523019
551.7944, 1.413229
552.2765, 1.183463
552.7586, 0.8636010
553.2407, 0.5783760
553.7228, 0.5047250
554.2050, 0.6590300
554.6871, 0.7214060
555.1692, 0.6522670
555.6513, 0.5479310
556.1334, 0.4033240
556.6155, 0.2549730
557.0977, 0.1477990
557.5798, 9.0581998E-02
558.0619, 0.1063070
558.5440, 0.2505660
559.0261, 0.4891200
559.5082, 0.7087180
559.9904, 0.9045490
560.4725, 1.028921
560.9546, 1.032109
561.4367, 0.9254500
561.9188, 0.8076020
562.4009, 0.6272190
562.8831, 0.5011190
563.3652, 0.4982580
563.8473, 0.5598070
564.3294, 0.6144620
564.8115, 0.6460350
565.2936, 0.6603540
565.7758, 0.6370390
566.2579, 0.5722330
566.7400, 0.5961920
567.2221, 0.9106590
567.7042, 1.120039
568.1863, 1.016548
568.6685, 0.8073640
569.1506, 0.7292180
569.6327, 0.8263250
570.1148, 0.9382670
570.5969, 0.8821440
571.0790, 0.6918560
571.5612, 0.5840440
572.0433, 0.5937930
572.5254, 0.5907960
573.0075, 0.4870240
573.4896, 0.3465850
573.9717, 0.2497800
574.4539, 0.1975270
574.9360, 0.1777580
575.4181, 0.2122190
575.9002, 0.2709760
576.3823, 0.3010280
576.8644, 0.3021970
577.3466, 0.3135160
577.8287, 0.3420170
578.3108, 0.3613590
578.7929, 0.4061770
579.2750, 0.6241460
579.7571, 0.7514930
580.2393, 0.7578060
580.7214, 0.7026340
581.2035, 0.5726920
581.6856, 0.3834710
582.1677, 0.1946530
582.6498, 4.8802000E-02
583.1320, 2.1589000E-02
583.6141, 0.1152410
584.0962, 0.5453050
584.5783, 0.8907870
585.0604, 1.030907
585.5425, 1.053271
586.0247, 0.9855530
586.5068, 0.8520340
586.9889, 0.7921070
587.4710, 0.9676870
587.9531, 1.173789
588.4352, 1.128488
588.9174, 0.8639580
589.3995, 0.6532080
589.8816, 0.6515290
590.3637, 0.7513380
590.8458, 0.7143500
591.3279, 0.4574030
591.8101, 0.3389870
592.2922, 0.4723330
592.7743, 0.6191340
593.2564, 0.5864960
593.7385, 0.4779780
594.2206, 0.5264950
594.7028, 0.8393140
595.1849, 1.263886
595.6670, 1.573904
596.1491, 1.762918
596.6312, 1.812210
597.1133, 1.633348
597.5955, 1.420911
598.0776, 1.292744
598.5597, 1.198557
599.0418, 1.025335
599.5239, 0.6938940
600.0060, 0.4087940
600.4882, 0.3393210
600.9703, 0.4376300
601.4524, 0.6274360
601.9345, 0.9002430
602.4166, 1.103639
602.8987, 1.088067
603.3809, 0.8656130
603.8630, 0.7251160
604.3451, 0.7118570
604.8272, 0.7246480
605.3093, 0.7861750
605.7914, 0.8589150
606.2736, 0.8760610
606.7557, 0.8348350
607.2378, 0.7917160
607.7199, 0.7969810
608.2020, 0.8336180
608.6841, 0.8007120
609.1663, 0.6493110
609.6484, 0.5715640
610.1305, 0.7187200
610.6126, 0.8958080
611.0947, 0.9345860
611.5768, 0.8336030
612.0590, 0.6996570
612.5411, 0.5174720
613.0232, 0.3650200
613.5053, 0.3444050
613.9874, 0.4369540
614.4695, 0.5622840
614.9517, 0.6991620
615.4338, 0.8020510
615.9159, 0.7894440
616.3980, 0.6123700
616.8801, 0.5036500
617.3622, 0.5141190
617.8444, 0.5246640
618.3265, 0.4798440
618.8086, 0.4031590
619.2907, 0.3248650
619.7728, 0.2569420
620.2549, 0.2239190
620.7371, 0.2667260
621.2192, 0.3834190
621.7013, 0.5225860
622.1834, 0.7248290
622.6655, 0.8505190
623.1476, 0.7769010
623.6298, 0.5850150
624.1119, 0.3821740
624.5940, 0.1378390
625.0761, 6.2910002E-03
625.5582, 0.1640620
626.0403, 0.4158530
626.5225, 0.4852250
627.0046, 0.3756300
627.4867, 0.3064430
627.9688, 0.4291550
628.4509, 0.6701490
628.9330, 0.7921170
629.4152, 0.7656380
629.8973, 0.6659240
630.3794, 0.3902130
630.8615, 0.1476920
631.3436, 4.6165999E-02
631.8257, 7.4665003E-02
632.3079, 0.2069030
632.7900, 0.4786210
633.2721, 0.7215370
633.7542, 0.6248940
634.2363, 0.2350660
634.7184, 1.1126000E-02
635.2006, 1.4191000E-02
635.6827, 9.7537003E-02
636.1648, 0.2816830
636.6469, 0.5033380
637.1291, 0.5316700
637.6112, 0.1650080
638.0933, 0.1565450
638.5754, 0.3418960
639.0576, 0.3802540
639.5397, 0.1675180
640.0218, 0.2467090
640.5039, 0.5756460
640.9860, 0.5695150
641.4681, 0.3150020
641.9503, 0.2037100
642.4324, 0.3111080
642.9145, 0.3453390
643.3966, 0.1301120
643.8787, 8.7030999E-02
644.3608, 0.1202080
644.8430, 5.0169998E-03
645.3251, 0.1239690
645.8072, 0.1426650
646.2893, 0.1476430
646.7714, 0.2846000
647.2535, 0.4858470
647.7357, 0.4842930
648.2178, 0.1876620
648.6999, 0.1231630
649.1820, 0.1105590
649.6641, 0.2496910
650.1462, 0.4458310
650.6284, 0.3594070
651.1105, 0.2633110
651.5926, 0.2457220
652.0747, 0.2236350
652.5568, 5.0911002E-02
653.0389, 0.2562640
653.5211, 0.4585450
654.0032, 0.3001350
654.4853, 7.8123003E-02
654.9674, 0.2877670
655.4495, 0.3205600
655.9316, 0.2611290
656.4138, 7.9406999E-02
656.8959, 0.1103420
657.3780, 0.1397000
657.8601, 1.8663000E-02
658.3422, 8.9120999E-02
658.8243, 0.2168330
659.3065, 0.2772710
659.7886, 0.1219620
660.2707, 0.1038490
660.7528, 0.1020620
661.2349, 0.1877690
661.7170, 0.4606910
662.1992, 0.3248410
662.6813, 0.1922280
663.1634, 0.4245220
663.6455, 0.2728820
664.1276, 3.3721998E-02
664.6097, 0.3532980
665.0919, 0.6858200
665.5740, 0.7371030
666.0561, 0.5054650
666.5382, 0.2797050
667.0203, 0.2111000
667.5024, 0.1945920
667.9846, 0.1044730
668.4667, 3.2030001E-02
668.9488, 0.1116200
669.4309, 9.5783003E-02
669.9130, 1.0946000E-02
670.3951, 0.1179900
670.8773, 0.3021010
671.3594, 0.4372100
671.8415, 0.4329360
672.3236, 0.4936560
672.8057, 0.7588730
673.2878, 1.052351
673.7700, 1.166245
674.2521, 1.078354
674.7342, 0.9729630
675.2163, 1.005186
675.6984, 1.111771
676.1805, 1.153070
676.6627, 1.131380
677.1448, 1.139397
677.6269, 1.221794
678.1090, 1.324890
678.5911, 1.369059
679.0732, 1.337681
679.5554, 1.357903
680.0375, 1.476372
680.5196, 1.587221
681.0017, 1.607304
681.4838, 1.617922
681.9659, 1.766043
682.4481, 2.054308
682.9302, 2.276283
683.4123, 2.189621
683.8944, 1.902897
684.3765, 1.889009
684.8586, 2.200583
685.3408, 2.447159
685.8229, 2.468336
686.3050, 2.405039
686.7871, 2.455484
687.2692, 2.615391
687.7513, 2.688711
688.2335, 2.559242
688.7156, 2.420626
689.1977, 2.366131
689.6798, 2.386786
690.1619, 2.458153
690.6440, 2.572149
691.1262, 2.739113
691.6083, 3.002131
692.0904, 3.326025
692.5725, 3.453566
693.0546, 3.321508
693.5367, 3.227318
694.0189, 3.300638
694.5010, 3.394678
694.9831, 3.334602
695.4652, 3.146116
695.9473, 3.063137
696.4294, 3.266720
696.9116, 3.511074
697.3937, 3.620287
697.8758, 3.673553
698.3579, 3.813915
698.8400, 4.065300
699.3221, 4.274256
699.8043, 4.268030
700.2864, 4.097837
700.7685, 4.163204
701.2506, 4.656878
701.7327, 4.958246
702.2148, 4.751625
702.6970, 4.501003
703.1791, 4.501392
703.6612, 4.710701
704.1433, 4.928856
704.6254, 5.118387
705.1075, 5.244291
705.5897, 5.192192
706.0718, 5.074348
706.5539, 5.149130
707.0360, 5.469950
707.5181, 5.816708
708.0002, 5.984999
708.4824, 6.014431
708.9645, 6.116013
709.4466, 6.399693
709.9287, 6.544502
710.4108, 6.407812
710.8929, 6.219572
711.3751, 6.095213
711.8572, 6.056814
712.3393, 6.102762
712.8214, 6.229944
713.3035, 6.362452
713.7856, 6.456331
714.2678, 6.506081
714.7499, 6.443632
715.2320, 6.281979
715.7141, 6.229061
716.1962, 6.429005
716.6783, 6.795757
717.1605, 7.090145
717.6426, 7.313786
718.1247, 7.447079
718.6068, 7.481689
719.0889, 7.462576
719.5710, 7.401384
720.0532, 7.289898
720.5353, 7.053316
721.0174, 6.645061
721.4995, 6.364952
721.9816, 6.525654
722.4637, 6.937317
722.9459, 7.268581
723.4280, 7.494888
723.9101, 7.651953
724.3922, 7.762522
724.8743, 7.798244
725.3564, 7.677259
725.8386, 7.279675
726.3207, 7.157045
726.8028, 7.657036
727.2849, 8.021925
727.7670, 7.909290
728.2491, 7.593292
728.7313, 7.425550
729.2134, 7.466494
729.6955, 7.496782
730.1776, 7.301067
730.6597, 7.034252
731.1418, 6.970974
731.6240, 7.076628
732.1061, 7.109131
732.5882, 6.972780
733.0703, 6.834419
733.5524, 6.934380
734.0345, 7.295282
734.5167, 7.349152
734.9988, 6.783478
735.4809, 6.311302
735.9631, 6.041544
736.4452, 5.905210
736.9273, 5.892014
737.4094, 5.967060
737.8915, 6.017744
738.3737, 5.983438
738.8558, 5.903004
739.3379, 5.847351
739.8200, 5.780676
740.3021, 5.541370
740.7842, 5.099377
741.2664, 4.718807
741.7485, 4.620575
742.2306, 4.749723
742.7127, 4.846439
743.1948, 4.961948
743.6769, 4.947132
744.1591, 4.748367
744.6412, 4.471247
745.1233, 4.088480
745.6054, 3.683765
746.0875, 3.414061
746.5696, 3.337961
747.0518, 3.367212
747.5339, 3.516548
748.0160, 3.693007
748.4981, 3.706099
748.9802, 3.567200
749.4623, 3.468412
749.9445, 3.515514
750.4266, 3.605791
750.9087, 3.533127
751.3908, 3.238306
751.8729, 3.066944
752.3550, 3.167425
752.8372, 3.192423
753.3193, 2.927542
753.8014, 2.597460
754.2835, 2.472366
754.7656, 2.578037
755.2477, 2.673441
755.7299, 2.632296
756.2120, 2.540808
756.6941, 2.487000
757.1762, 2.447792
757.6583, 2.336393
758.1404, 2.137178
758.6226, 1.987112
759.1047, 2.052505
759.5868, 2.273685
760.0689, 2.201481
760.5510, 1.667311
761.0331, 1.291302
761.5153, 1.257536
761.9974, 1.349514
762.4795, 1.504768
762.9616, 1.660046
763.4437, 1.604538
763.9258, 1.175253
764.4080, 0.7441730
764.8901, 0.4500500
765.3722, 0.2753370
765.8543, 0.2336940
766.3364, 0.2966590
766.8185, 0.3973540
767.3007, 0.5038430
767.7828, 0.5711520
768.2649, 0.5001530
768.7470, 0.2849920
769.2291, 8.3930999E-02
769.7112, 0.1292530
770.1934, 0.2421510
770.6755, 0.1515430
771.1576, 4.0236998E-02
771.6397, 0.1679520
772.1218, 0.2311920
772.6039, 0.2504860
773.0861, 0.2049620
773.5682, 0.1425380
774.0503, 3.8008001E-02
774.5324, 4.4155002E-02
775.0145, 1.5186000E-02
775.4966, 0.2188870
775.9788, 0.4184020
776.4609, 0.4921910
776.9430, 0.4743310
777.4251, 0.4283620
777.9072, 0.3558220
778.3893, 0.3111820
778.8715, 0.3065760
779.3536, 0.3329960
779.8357, 0.3820170
780.3178, 0.4552520
780.7999, 0.5626510
781.2820, 0.8784890
781.7642, 0.9754220
782.2463, 0.5786150
782.7284, 0.1952040
783.2105, 0.2046490
783.6926, 0.4613190
784.1747, 0.6181050
784.6569, 0.5469590
785.1390, 0.4293750
785.6211, 0.4701750
786.1032, 0.5609840
786.5853, 0.4419020
787.0674, 0.1359500
787.5496, 9.9858999E-02
788.0317, 0.1567270
788.5138, 6.4208999E-02
788.9959, 0.1670530
789.4780, 0.5590460
789.9601, 0.7708760
790.4423, 0.7106320
790.9244, 0.6158180
791.4065, 0.4610880
791.8886, 0.3582740
792.3707, 0.4183560
792.8528, 0.6310860
793.3350, 0.8559510
793.8171, 1.199383
794.2992, 1.368433
794.7813, 0.9749240
795.2634, 0.4038090
795.7455, 0.2202590
796.2277, 0.4350190
796.7098, 0.7175350
797.1919, 0.8781870
797.6740, 0.9300270
798.1561, 0.8791100
798.6382, 0.7196810
799.1204, 0.6024110
799.6025, 0.5127090
800.0846, 0.5366500
800.5667, 0.7710720
801.0488, 1.106445
801.5309, 1.373524
802.0131, 1.598953
802.4952, 1.636497
802.9773, 1.270168
803.4594, 0.9474180
803.9415, 0.8502710
804.4236, 0.9096320
804.9058, 1.102818
805.3879, 1.377045
805.8700, 1.564754
806.3521, 1.530262
806.8342, 1.422060
807.3163, 1.465490
807.7985, 1.623699
808.2806, 1.756207
808.7627, 1.838598
809.2448, 1.839499
809.7269, 1.721655
810.2090, 1.529236
810.6912, 1.400961
811.1733, 1.373108
811.6554, 1.327265
812.1375, 1.173903
812.6196, 1.096001
813.1017, 1.232019
813.5839, 1.455862
814.0660, 1.625244
814.5481, 1.722754
815.0302, 1.702715
815.5123, 1.414522
815.9944, 1.125439
816.4766, 1.056067
816.9587, 1.137918
817.4408, 1.295410
817.9229, 1.478130
818.4050, 1.531307
818.8871, 1.299261
819.3693, 0.9434070
819.8514, 0.9763180
820.3335, 1.428282
820.8156, 1.598623
821.2977, 1.318882
821.7798, 0.9462930
822.2620, 0.6496010
822.7441, 0.4627910
823.2262, 0.5103530
823.7083, 0.9849870
824.1904, 1.244532
824.6725, 1.088535
825.1547, 0.9308010
825.6368, 0.9364550
826.1189, 1.045996
826.6010, 1.218222
827.0831, 1.434780
827.5652, 1.559643
828.0474, 1.438097
828.5295, 1.236094
829.0116, 1.159550
829.4937, 1.135950
829.9758, 1.023586
830.4579, 0.8046650
830.9401, 0.6108460
831.4222, 0.5444280
831.9043, 0.5745490
832.3864, 0.6219040
832.8685, 0.7034300
833.3506, 0.7213730
833.8328, 0.6169660
834.3149, 0.5097710
834.7971, 0.4566730
835.2792, 0.4560910
835.7613, 0.5222510
836.2434, 0.6807060
836.7255, 0.7598720
837.2076, 0.7008760
837.6898, 0.5919230
838.1719, 0.3836670
838.6540, 0.2089630
839.1361, 0.2927610
839.6182, 0.5907480
840.1003, 0.7715470
840.5825, 0.5741420
841.0646, 0.2480110
841.5467, 0.1062850
842.0288, 0.1208880
842.5109, 0.2504560
842.9930, 0.4809040
843.4752, 0.6771470
843.9573, 0.7526510
844.4394, 0.7223240
844.9215, 0.5955300
845.4036, 0.3238410
845.8857, 0.2049540
846.3679, 0.3387530
846.8500, 0.4508780
847.3321, 0.3851180
847.8142, 0.2898620
848.2963, 0.3878560
848.7784, 0.6603130
849.2606, 0.7088260
849.7427, 0.1374840
850.2248, 0.2711280
850.7069, 3.3213001E-02
851.1890, 0.3883210
851.6711, 0.5233020
852.1533, 0.3946820
852.6354, 0.2783030
853.1175, 0.3121300
853.5996, 0.3620490
854.0817, 0.1961780
854.5638, 5.7140000E-02
855.0460, 7.3090000E-03
855.5281, 0.3738310
856.0102, 0.6473010
856.4923, 0.6653440
856.9744, 0.5795630
857.4565, 0.5812230
857.9387, 0.6645050
858.4208, 0.7076340
858.9029, 0.7059460
859.3850, 0.6784900
859.8671, 0.6441310
860.3492, 0.5695760
860.8314, 0.4084030
861.3135, 0.1843500
861.7956, 4.8492000E-02
862.2777, 0.3662360
862.7598, 0.4997220
863.2419, 0.2372920
863.7241, 0.1330350
864.2062, 0.4251480
864.6883, 0.5865450
865.1704, 0.6136620
865.6525, 0.5149840
866.1346, 0.3785580
866.6168, 0.2580490
867.0989, 0.1603500
867.5810, 9.2354998E-02
868.0631, 4.6115998E-02
868.5452, 1.2424000E-02
869.0273, 8.3962001E-02
869.5095, 5.9897002E-02
869.9916, 0.1570660
870.4737, 0.4686680
870.9558, 0.5895240
871.4379, 0.4782200
871.9200, 0.4334570
872.4022, 0.5128840
872.8843, 0.5696170
873.3664, 0.5358380
873.8485, 0.4336630
874.3306, 0.2408690
874.8127, 5.4304998E-02
875.2949, 0.1187630
875.7770, 0.4052230
876.2591, 0.7361910
876.7412, 0.4518050
877.2233, 4.0043999E-02
877.7054, 8.5417002E-02
878.1876, 4.3515000E-02
878.6697, 0.1981080
879.1518, 0.2999080
879.6339, 0.3659450
880.1160, 0.4210480
880.5981, 0.4371960
881.0803, 0.3559390
881.5624, 0.1992910
882.0445, 1.9078000E-02
882.5266, 0.1592200
883.0087, 0.2593070
883.4908, 0.1805110
883.9730, 2.9456999E-02
884.4551, 0.2037110
884.9372, 0.3412780
885.4193, 0.3058670
885.9014, 6.1670002E-03
886.3835, 0.1922410
886.8657, 2.6309000E-02
887.3478, 0.4809160
887.8299, 0.6693410
888.3120, 0.4833770
888.7941, 0.3128270
889.2762, 0.1420590
889.7584, 1.0096000E-02
890.2405, 0.1194720
890.7226, 0.1726020
891.2047, 7.0799998E-04
891.6868, 0.3688290
892.1689, 0.5982120
892.6511, 0.4840740
893.1332, 0.3334220
893.6153, 0.3054400
894.0974, 0.3223220
894.5795, 0.3134630
895.0616, 0.2707880
895.5438, 0.1789590
896.0259, 3.1605002E-02
896.5080, 6.0727999E-02
896.9901, 9.5178001E-02
897.4722, 0.3674220
897.9543, 0.4211240
898.4365, 0.2901090
898.9186, 0.1977470
899.4007, 0.2062650
899.8828, 0.2276950
900.3649, 0.1742190
900.8470, 9.3396001E-02
901.3292, 0.1774160
901.8113, 0.4721540
902.2934, 0.7121580
902.7755, 0.9015840
903.2576, 0.9796140
903.7397, 0.8652190
904.2219, 0.6594530
904.7040, 0.5083850
905.1861, 0.4091880
905.6682, 0.4007780
906.1503, 0.6095210
906.6324, 0.7429950
907.1146, 0.6722840
907.5967, 0.5492730
908.0788, 0.4827660
908.5609, 0.4792590
909.0430, 0.4705230
909.5251, 0.4317200
910.0073, 0.4071500
910.4894, 0.4334150
910.9715, 0.4757640
911.4536, 0.5143120
911.9357, 0.5375540
912.4178, 0.5212500
912.9000, 0.4664430
913.3821, 0.3949140
913.8642, 0.3151840
914.3463, 0.2469550
914.8284, 0.2216620
915.3105, 0.2399730
915.7927, 0.3360240
916.2748, 0.5091430
916.7569, 0.6001050
917.2390, 0.5089730
917.7211, 0.3561580
918.2032, 0.3543420
918.6854, 0.5111820
919.1675, 0.6653470
919.6496, 0.8893220
920.1317, 0.8310540
920.6138, 0.1859270
921.0959, 0.4088180
921.5781, 0.3450620
922.0602, 0.2195660
922.5423, 0.5616710
923.0244, 0.6181310
923.5065, 0.5840890
923.9886, 0.3414210
924.4708, 0.1523440
924.9529, 0.1457760
925.4350, 0.2494960
925.9171, 0.4205760
926.3992, 0.6302900
926.8813, 0.7166050
927.3635, 0.4659560
927.8456, 0.2666380
928.3277, 0.4613310
928.8098, 0.7290210
929.2919, 0.6662130
929.7740, 0.3501660
930.2562, 8.0764003E-02
930.7383, 1.8111000E-02
931.2204, 6.7480002E-03
931.7025, 0.2038090
932.1846, 0.4445290
932.6667, 0.4636640
933.1489, 0.3075200
933.6310, 0.1169320
934.1132, 7.3781997E-02
934.5953, 0.1046540
935.0774, 0.1703590
935.5595, 0.5684830
936.0416, 0.6493780
936.5237, 0.4051900
937.0059, 0.2693470
937.4880, 0.2767710
937.9701, 0.3064400
938.4522, 0.3102100
938.9343, 0.3177380
939.4164, 0.3800380
939.8986, 0.4849890
940.3807, 0.4674960
940.8628, 0.2510880
941.3449, 8.1679001E-02
941.8270, 5.8154002E-02
942.3091, 9.3145996E-02
942.7913, 8.4069997E-02
943.2734, 0.3587730
943.7555, 0.5610350
944.2376, 0.6814830
944.7197, 0.7057700
945.2018, 0.4431090
945.6840, 0.2943980
946.1661, 0.5361800
946.6482, 0.8588410
947.1303, 1.024703
947.6124, 1.007201
948.0945, 0.7996980
948.5767, 0.3472810
949.0588, 1.1911000E-02
949.5409, 3.1846002E-02
950.0230, 0.2384530
950.5051, 0.6024810
950.9872, 0.9832120
951.4694, 1.094180
951.9515, 0.9229620
952.4336, 0.7653460
952.9157, 0.8386210
953.3978, 0.9853120
953.8799, 0.9692680
954.3621, 0.8454200
954.8442, 0.7649490
955.3263, 0.7336140
955.8084, 0.7026510
956.2905, 0.6542600
956.7726, 0.6757000
957.2548, 0.9059890
957.7369, 1.262600
958.2190, 1.363686
958.7011, 1.195526
959.1832, 1.006334
959.6653, 0.8132750
960.1475, 0.6921010
960.6296, 0.7038310
961.1117, 0.7833620
961.5938, 0.8122020
962.0759, 0.7857600
962.5580, 0.7482850
963.0402, 0.6687700
963.5223, 0.6447980
964.0044, 0.7141720
964.4865, 0.8258440
964.9686, 0.9959270
965.4507, 1.172804
965.9329, 1.189332
966.4150, 0.9785860
966.8971, 0.7899310
967.3792, 0.5966800
967.8613, 0.4795650
968.3434, 0.4928850
968.8256, 0.5772050
969.3077, 0.6880000
969.7898, 0.8156980
970.2719, 0.9533520
970.7540, 1.145856
971.2361, 1.245824
971.7183, 1.084215
972.2004, 0.9097450
972.6825, 1.000343
973.1646, 1.179862
973.6467, 1.080842
974.1288, 0.6862040
974.6110, 0.4348400
975.0931, 0.6865530
975.5752, 1.010076
976.0573, 0.9722980
976.5394, 0.7784800
977.0215, 0.7240750
977.5037, 0.7991420
977.9858, 0.8694110
978.4679, 0.8796320
978.9500, 0.8343700
979.4321, 0.7981140
979.9142, 0.7946340
980.3964, 0.7998480
980.8785, 0.8019350
981.3606, 0.7531190
981.8427, 0.6560020
982.3248, 0.6453660
982.8069, 0.8050620
983.2891, 1.005225
983.7712, 1.036102
984.2533, 0.9272990
984.7354, 0.9094390
985.2175, 0.9833950
985.6996, 1.076992
986.1818, 1.204065
986.6639, 1.194575
987.1460, 0.8909530
987.6281, 0.4487870
988.1102, 0.2241430
988.5923, 0.2379110
989.0745, 0.3736710
989.5566, 0.7429440
990.0387, 0.9010500
990.5208, 0.5810560
991.0029, 0.2561450
991.4850, 0.4068700
991.9672, 0.8669240
992.4493, 1.006382
992.9314, 0.6469050
993.4135, 0.4418790
993.8956, 0.5024010
994.3777, 0.5491360
994.8599, 0.4180560
995.3420, 0.2987360
995.8241, 0.4173900
996.3062, 0.7220450
996.7883, 0.9019810
997.2704, 0.8452130
997.7526, 0.8229910
998.2347, 0.9459620
998.7168, 1.020728
999.1989, 0.8951740
999.6810, 0.6994610
1000.163, 0.6144730
1000.645, 0.6543700
1001.127, 0.6829210
1001.609, 0.6387190
1002.092, 0.5871450
1002.574, 0.5474300
1003.056, 0.5196810
1003.538, 0.5310850
1004.020, 0.5511260
1004.502, 0.4787750
1004.984, 0.3178350
1005.466, 0.2789290
1005.949, 0.5735310
1006.431, 0.8808980
1006.913, 0.9819280
1007.395, 0.9587990
1007.877, 0.8595740
1008.359, 0.7230610
1008.841, 0.5994250
1009.323, 0.5094700
1009.805, 0.4823700
1010.288, 0.5947330
1010.770, 0.6943180
1011.252, 0.5048870
1011.734, 0.2187420
1012.216, 0.2628980
1012.698, 0.5715470
1013.180, 0.7059770
1013.662, 0.4941950
1014.145, 0.2387450
1014.627, 0.2736150
1015.109, 0.4515310
1015.591, 0.4778470
1016.073, 0.3934460
1016.555, 0.3141220
1017.037, 0.2630170
1017.519, 0.2613520
1018.001, 0.3201030
1018.484, 0.4093800
1018.966, 0.5056330
1019.448, 0.5925710
1019.930, 0.6016390
1020.412, 0.5398840
1020.894, 0.4572430
1021.376, 0.3641890
1021.858, 0.3403680
1022.341, 0.4427170
1022.823, 0.5593660
1023.305, 0.4914360
1023.787, 0.2617780
1024.269, 0.1892990
1024.751, 0.2845700
1025.233, 0.3779380
1025.715, 0.4380150
1026.198, 0.4976950
1026.680, 0.5697770
1027.162, 0.6138250
1027.644, 0.5507070
1028.126, 0.3749230
1028.608, 0.3603850
1029.090, 0.5466530
1029.572, 0.7082770
1030.054, 0.8024380
1030.536, 0.8457750
1031.019, 0.8394360
1031.501, 0.8049660
1031.983, 0.7936590
1032.465, 0.8158250
1032.947, 0.7725110
1033.429, 0.6474220
1033.911, 0.4767270
1034.393, 0.1605760
1034.876, 6.2700000E-04
1035.358, 0.3004300
1035.840, 0.8446050
1036.322, 1.097329
1036.804, 0.9828110
1037.286, 0.9514060
1037.768, 1.118446
1038.250, 1.155186
1038.733, 0.8870050
1039.215, 0.5955010
1039.697, 0.4609690
1040.179, 0.4559990
1040.661, 0.5167780
1041.143, 0.6561180
1041.625, 0.8123720
1042.107, 1.092473
1042.589, 1.241776
1043.072, 1.078403
1043.554, 0.8950510
1044.036, 0.9220850
1044.518, 1.077445
1045.000, 1.150924
1045.482, 1.099591
1045.964, 1.107019
1046.446, 1.317885
1046.928, 1.415112
1047.411, 1.223865
1047.893, 0.9781280
1048.375, 0.8446860
1048.857, 0.7903420
1049.339, 0.7351640
1049.821, 0.6789130
1050.303, 0.5794900
1050.785, 0.3200760
1051.268, 0.1669730
1051.750, 0.2924200
1052.232, 0.4620850
1052.714, 0.4327260
1053.196, 0.3122220
1053.678, 0.3995290
1054.160, 0.7864050
1054.642, 1.028095
1055.125, 0.9196210
1055.607, 0.7824870
1056.089, 0.7750450
1056.571, 0.7499000
1057.053, 0.5340550
1057.535, 0.2189700
1058.017, 6.6340002E-03
1058.499, 0.1116910
1058.981, 8.9037001E-02
1059.464, 0.1930070
1059.946, 0.4350830
1060.428, 0.5258200
1060.910, 0.5177850
1061.392, 0.3864850
1061.874, 0.2170290
1062.356, 0.1887330
1062.838, 0.3432530
1063.320, 0.4411930
1063.803, 0.3682600
1064.285, 0.2601390
1064.767, 0.1461540
1065.249, 4.9559999E-02
1065.731, 3.1180000E-03
1066.213, 2.6052000E-02
1066.695, 8.3247997E-02
1067.177, 0.1827200
1067.660, 0.1294820
1068.142, 0.3727120
1068.624, 0.7624860
1069.106, 0.6991210
1069.588, 0.4861300
1070.070, 0.3336930
1070.552, 0.2423410
1071.034, 0.1557980
1071.516, 8.5832998E-02
1071.999, 6.8798997E-02
1072.481, 0.1953240
1072.963, 0.3244960
1073.445, 0.4183650
1073.927, 0.4591180
1074.409, 0.3617790
1074.891, 0.2340330
1075.373, 0.2843570
1075.855, 0.5214660
1076.338, 0.6850750
1076.820, 0.6259720
1077.302, 0.5467680
1077.784, 0.5488280
1078.266, 0.5657010
1078.748, 0.5942030
1079.230, 0.5804240
1079.712, 0.3948510
1080.195, 7.1153998E-02
1080.677, 0.1363420
1081.159, 9.3378000E-02
1081.641, 1.2110000E-02
1082.123, 0.1680520
1082.605, 0.2490280
1083.087, 6.9174998E-02
1083.569, 0.1636380
1084.052, 0.1442450
1084.534, 0.1104960
1085.016, 0.3315160
1085.498, 0.4291400
1085.980, 0.4819940
1086.462, 0.5346160
1086.944, 0.5438050
1087.426, 0.4351040
1087.908, 0.3021370
1088.391, 0.2546340
1088.873, 0.2839130
1089.355, 0.3286060
1089.837, 0.3859040
1090.319, 0.3915870
1090.801, 0.2481250
1091.283, 0.1317970
1091.765, 0.1801500
1092.248, 0.2729890
1092.730, 0.2763030
1093.212, 0.2180460
1093.694, 0.2069120
1094.176, 0.2778200
1094.658, 0.3167810
1095.140, 0.2716050
1095.622, 0.2008950
1096.104, 6.9695003E-02
1096.587, 2.1064000E-02
1097.069, 4.6649002E-02
1097.551, 0.2111110
1098.033, 0.3493230
1098.515, 0.4406040
1098.997, 0.4776740
1099.479, 0.4050050
1099.961, 0.3511250
1100.443, 0.3770450
1100.926, 0.4187800
1101.408, 0.4430460
1101.890, 0.4464700
1102.372, 0.4249090
1102.854, 0.3792190
1103.336, 0.3303890
1103.818, 0.2246590
1104.300, 0.2034940
1104.783, 0.4118130
1105.265, 0.5834760
1105.747, 0.5118660
1106.229, 0.3627590
1106.711, 0.3918950
1107.193, 0.5694940
1107.675, 0.5665550
1108.157, 0.1326120
1108.640, 7.7483997E-02
1109.122, 0.2758490
1109.604, 0.5464140
1110.086, 0.3699990
1110.568, 8.7111004E-02
1111.050, 2.8329000E-02
1111.532, 0.1476550
1112.014, 0.2307390
1112.496, 0.2481150
1112.979, 0.2844220
1113.461, 0.4142660
1113.943, 0.4650790
1114.425, 0.2882680
1114.907, 0.1277100
1115.389, 0.1838040
1115.871, 0.3705320
1116.353, 0.5116230
1116.835, 0.6249710
1117.318, 0.6087190
1117.800, 0.3519480
1118.282, 0.1644630
1118.764, 7.7497996E-02
1119.246, 7.8904003E-02
1119.728, 0.2237770
1120.210, 0.3915260
1120.692, 0.3818940
1121.175, 0.1995790
1121.657, 8.4822997E-02
1122.139, 3.8311001E-02
1122.621, 6.7363001E-02
1123.103, 0.2263540
1123.585, 0.3165580
1124.067, 0.2004370
1124.549, 8.7687001E-02
1125.031, 0.2356910
1125.514, 0.5781590
1125.996, 0.7536560
1126.478, 0.7140880
1126.960, 0.7773130
1127.442, 1.029974
1127.924, 0.9551080
1128.406, 0.2799550
1128.888, 0.2675000
1129.370, 5.7112001E-02
1129.853, 0.5641390
1130.335, 0.7736960
1130.817, 0.5728960
1131.299, 0.4984830
1131.781, 0.5592200
1132.263, 0.5295800
1132.745, 0.3580960
1133.227, 0.1952150
1133.710, 0.1248310
1134.192, 0.1336260
1134.674, 0.2385350
1135.156, 0.3844690
1135.638, 0.2723650
1136.120, 4.1972000E-02
1136.602, 6.4717002E-02
1137.084, 0.2240690
1137.567, 0.3774290
1138.049, 0.2214550
1138.531, 2.0613000E-02
1139.013, 0.1433390
1139.495, 0.1524520
1139.977, 4.9259998E-03
1140.459, 0.2267150
1140.941, 0.3457230
1141.423, 0.3456970
1141.906, 0.2693260
1142.388, 0.1486350
1142.870, 7.2972998E-02
1143.352, 0.1093900
1143.834, 0.1611550
1144.316, 9.1453999E-02
1144.798, 1.9105000E-02
1145.280, 5.5023000E-02
1145.762, 3.3640999E-02
1146.245, 1.1213000E-02
1146.727, 7.0166998E-02
1147.209, 0.1390100
1147.691, 0.2164010
1148.173, 0.2965970
1148.655, 0.4294620
1149.137, 0.5035040
1149.619, 0.3375050
1150.102, 0.1267030
1150.584, 0.1230520
1151.066, 0.2480230
1151.548, 0.2997700
1152.030, 0.2464350
1152.512, 0.2122410
1152.994, 0.2688120
1153.476, 0.3186550
1153.958, 0.2574540
1154.441, 0.2343950
1154.923, 0.4310100
1155.405, 0.6859120
1155.887, 0.7517900
1156.369, 0.6663550
1156.851, 0.5991700
1157.333, 0.5693180
1157.815, 0.6069560
1158.297, 0.9020130
1158.780, 1.016282
1159.262, 0.5847630
1159.744, 0.1499910
1160.226, 0.1484620
1160.708, 0.3947220
1161.190, 0.5431030
1161.672, 0.5836130
1162.154, 0.5671860
1162.637, 0.4129820
1163.119, 0.3565360
1163.601, 0.4586330
1164.083, 0.5876230
1164.565, 0.7269960
1165.047, 0.8098250
1165.529, 0.7193940
1166.011, 0.5363840
1166.494, 0.6261510
1166.976, 1.112330
1167.458, 1.282347
1167.940, 1.075188
1168.422, 0.8415060
1168.904, 0.6545100
1169.386, 0.5038050
1169.868, 0.3695940
1170.350, 0.3273610
1170.833, 0.5506350
1171.315, 0.9657410
1171.797, 1.135213
1172.279, 1.072700
1172.761, 0.8968200
1173.243, 0.6372670
1173.725, 0.4706090
1174.207, 0.4611260
1174.689, 0.4373810
1175.172, 0.2137610
1175.654, 2.5807001E-02
1176.136, 9.1302998E-02
1176.618, 0.4078380
1177.100, 0.5730610
1177.582, 0.6170530
1178.064, 0.7089640
1178.546, 0.8581310
1179.029, 0.8773610
1179.511, 0.6668460
1179.993, 0.4294220
1180.475, 0.2848700
1180.957, 0.2718370
1181.439, 0.5500350
1181.921, 0.8871440
1182.403, 1.006665
1182.885, 0.9368040
1183.368, 0.7425910
1183.850, 0.4682340
1184.332, 0.3407810
1184.814, 0.5353750
1185.296, 0.7424280
1185.778, 0.8972930
1186.260, 0.9561510
1186.742, 0.8089960
1187.225, 0.6161220
1187.707, 0.4846480
1188.189, 0.4178620
1188.671, 0.4118590
1189.153, 0.4808980
1189.635, 0.5523200
1190.117, 0.6731330
1190.599, 0.7163860
1191.082, 0.6057490
1191.564, 0.4953520
1192.046, 0.4631050
1192.528, 0.4812600
1193.010, 0.5621490
1193.492, 0.6834180
1193.974, 0.6153350
1194.456, 0.2883590
1194.938, 0.1813270
1195.421, 0.3454420
1195.903, 0.5316980
1196.385, 0.6714730
1196.867, 0.7487710
1197.349, 0.7619640
1197.831, 0.7246590
1198.313, 0.6182490
1198.795, 0.4615800
1199.277, 0.3376930
1199.760, 0.2553820
1200.242, 0.2857680
1200.724, 0.4197720
1201.206, 0.5784210
1201.688, 0.7216100
1202.170, 0.7494770
1202.652, 0.5275170
1203.134, 0.2800460
1203.617, 0.3686550
1204.099, 0.5569830
1204.581, 0.4426210
1205.063, 0.1937990
1205.545, 0.1939220
1206.027, 0.4165200
1206.509, 0.5196040
1206.991, 0.3682050
1207.474, 0.2544900
1207.956, 0.3884750
1208.438, 0.5273320
1208.920, 0.5529490
1209.402, 0.5265660
1209.884, 0.4668070
1210.366, 0.4063310
1210.848, 0.4293800
1211.330, 0.5177690
1211.813, 0.4401580
1212.295, 4.9593002E-02
1212.777, 0.2574460
1213.259, 2.9154001E-02
1213.741, 0.2619150
1214.223, 0.6130060
1214.705, 0.8550920
1215.187, 0.8479610
1215.669, 0.6864190
1216.152, 0.5324950
1216.634, 0.3873660
1217.116, 0.2529790
1217.598, 0.1154730
1218.080, 0.2263480
1218.562, 0.6307540
1219.044, 0.8074280
1219.526, 0.5671630
1220.009, 0.3459080
1220.491, 0.5154190
1220.973, 0.8186640
1221.455, 0.7693460
1221.937, 0.5264350
1222.419, 0.5346650
1222.901, 0.6868410
1223.383, 0.6437750
1223.865, 0.4292330
1224.348, 0.3144280
1224.830, 0.3899510
1225.312, 0.5331660
1225.794, 0.7409480
1226.276, 0.8363150
1226.758, 0.5590530
1227.240, 0.2377170
1227.722, 0.1479890
1228.204, 0.2076540
1228.687, 0.3488190
1229.169, 0.5131910
1229.651, 0.5576580
1230.133, 0.4219960
1230.615, 0.3523750
1231.097, 0.4737470
1231.579, 0.5399790
1232.061, 0.4275610
1232.544, 0.3482650
1233.026, 0.4288140
1233.508, 0.5380170
1233.990, 0.5377490
1234.472, 0.4387900
1234.954, 0.2644970
1235.436, 1.4677000E-02
1235.918, 0.1614500
1236.401, 0.1694130
1236.883, 0.1041030
1237.365, 2.4332000E-02
1237.847, 0.1636470
1238.329, 0.2892850
1238.811, 0.3405210
1239.293, 0.2098900
1239.775, 2.4788000E-02
1240.257, 6.8697996E-02
1240.740, 0.2566350
1241.222, 0.4330060
1241.704, 0.5653480
1242.186, 0.5787640
1242.668, 0.4954830
1243.150, 0.4853850
1243.632, 0.6343220
1244.114, 0.6943080
1244.596, 0.3516300
1245.079, 5.5996001E-02
1245.561, 0.1689320
1246.043, 0.3746640
1246.525, 0.4210000
1247.007, 0.3680400
1247.489, 0.3369320
1247.971, 0.3271360
1248.453, 0.2479590
1248.936, 2.4230001E-03
1249.418, 8.8716999E-02
1249.900, 2.0267000E-02
1250.382, 0.1731410
1250.864, 0.4648690
1251.346, 0.7288240
1251.828, 0.9057820
1252.310, 0.9346050
1252.792, 0.6874410
1253.275, 0.2732480
1253.757, 0.1895420
1254.239, 0.3996880
1254.721, 0.4223690
1255.203, 0.2611950
1255.685, 0.1370550
1256.167, 9.8881997E-02
1256.649, 8.9176998E-02
1257.131, 7.7544004E-02
1257.614, 0.1005210
1258.096, 0.2319420
1258.578, 0.3696330
1259.060, 0.3720400
1259.542, 0.3297170
1260.024, 0.3678040
1260.506, 0.4375160
1260.988, 0.4388880
1261.471, 0.3710060
1261.953, 0.2550630
1262.435, 9.6394002E-02
1262.917, 7.7317998E-02
1263.399, 0.3048510
1263.881, 0.4598160
1264.363, 0.3843050
1264.845, 0.3079860
1265.328, 0.3703910
1265.810, 0.4613450
1266.292, 0.4534150
1266.774, 0.3695680
1267.256, 0.3080130
1267.738, 0.2747490
1268.220, 0.1697520
1268.702, 3.9404999E-02
1269.184, 5.5980999E-02
1269.667, 0.1365930
1270.149, 0.2778520
1270.631, 0.2503040
1271.113, 0.1847000
1271.595, 0.2042010
1272.077, 0.2596450
1272.559, 0.2702060
1273.041, 0.2748900
1273.523, 0.3809330
1274.006, 0.4981880
1274.488, 0.4053080
1274.970, 0.1777630
1275.452, 0.1379470
1275.934, 0.3697550
1276.416, 0.5187570
1276.898, 0.3503020
1277.380, 0.2371530
1277.863, 0.3483640
1278.345, 0.4458710
1278.827, 0.4147780
1279.309, 0.3419060
1279.791, 0.2399230
1280.273, 0.1563840
1280.755, 0.2185360
1281.237, 0.4233750
1281.719, 0.4621580
1282.202, 0.3117880
1282.684, 0.3913400
1283.166, 0.7391090
1283.648, 0.8247030
1284.130, 0.4911680
1284.612, 0.2211380
1285.094, 0.3614070
1285.576, 0.5781910
1286.059, 0.3708530
1286.541, 5.6811001E-02
1287.023, 2.8019999E-03
1287.505, 0.0000000E+00
##END=



