##NAMES=Cahnite
##RRUFFID=R110095
##IDEAL CHEMISTRY=Ca_2_B(As^5+^O_4_)(OH)_4_
##LOCALITY=Inner Mongolia province, China
##OWNER=RRUFF
##SOURCE=Rob Lavinsky
##DESCRIPTION=White tetrahedra associated with bluish green borcarite (R110094)
##STATUS=The identification of this mineral has been confirmed by single-crystal X-ray diffraction.
##URL=rruff.info/R110095
##MEASURED CHEMISTRY=Ca_2.01_B[(As_0.96_Si_0.04_)O_4_](OH)_4_
112.6696, 0.0000000E+00
113.1517, 2.3492999E-02
113.6338, 8.7209996E-03
114.1159, 4.4829999E-03
114.5980, 2.6513999E-02
115.0801, 7.9155996E-02
115.5623, 0.1679870
116.0444, 0.2791920
116.5265, 0.4237950
117.0086, 0.7196300
117.4907, 0.9011510
117.9728, 1.057847
118.4550, 1.221901
118.9371, 1.351172
119.4192, 1.531085
119.9013, 1.590780
120.3834, 1.268135
120.8655, 0.6884680
121.3477, 0.3917510
121.8298, 1.044666
122.3119, 2.011930
122.7940, 2.600560
123.2761, 2.309666
123.7582, 1.840314
124.2404, 1.858737
124.7225, 2.347294
125.2046, 2.838056
125.6867, 2.930119
126.1688, 2.754108
126.6509, 2.603842
127.1331, 2.565308
127.6152, 2.709085
128.0973, 3.093870
128.5794, 3.707352
129.0615, 4.250977
129.5436, 4.325872
130.0258, 3.738411
130.5079, 3.487540
130.9900, 4.186393
131.4721, 5.157507
131.9542, 5.419141
132.4363, 5.010637
132.9185, 4.375685
133.4006, 3.954778
133.8827, 3.741073
134.3648, 3.585723
134.8469, 3.419430
135.3290, 3.241770
135.8112, 3.034444
136.2933, 2.773104
136.7754, 2.509826
137.2575, 2.373624
137.7396, 2.381420
138.2217, 2.444353
138.7039, 2.571739
139.1860, 2.804990
139.6681, 2.791454
140.1502, 2.425469
140.6323, 1.795743
141.1144, 1.262084
141.5966, 0.8137570
142.0787, 0.4839020
142.5608, 0.3144640
143.0429, 0.3558010
143.5250, 0.4197230
144.0071, 0.5143600
144.4893, 0.6314840
144.9714, 0.5874100
145.4535, 0.2548910
145.9356, 0.1158840
146.4177, 0.2637210
146.8998, 5.9941001E-02
147.3820, 0.2095010
147.8641, 1.8533999E-02
148.3462, 0.7166380
148.8283, 1.139697
149.3104, 1.199486
149.7925, 1.027865
150.2747, 0.7689090
150.7568, 0.3389550
151.2389, 8.1647001E-02
151.7210, 0.4722160
152.2031, 0.8507290
152.6852, 1.133452
153.1674, 1.109307
153.6495, 1.036155
154.1316, 1.286629
154.6137, 2.276141
155.0958, 3.260530
155.5779, 3.982970
156.0601, 4.277640
156.5422, 4.650197
157.0243, 5.186562
157.5064, 5.844453
157.9885, 6.541585
158.4706, 7.356760
158.9528, 8.135947
159.4349, 8.801579
159.9170, 9.291901
160.3991, 9.754012
160.8812, 10.26110
161.3633, 10.77642
161.8455, 11.20154
162.3276, 11.28333
162.8097, 11.39449
163.2918, 11.79317
163.7739, 12.71805
164.2560, 13.68545
164.7382, 14.54170
165.2203, 15.28479
165.7024, 15.90712
166.1845, 16.19301
166.6666, 16.45362
167.1487, 16.96271
167.6309, 17.89809
168.1130, 19.00494
168.5951, 20.03568
169.0772, 21.04531
169.5593, 22.34503
170.0414, 24.22742
170.5236, 26.53061
171.0057, 28.92176
171.4878, 31.29142
171.9699, 33.76269
172.4520, 36.52407
172.9341, 39.55614
173.4163, 42.45329
173.8984, 45.47333
174.3805, 48.11744
174.8626, 49.48989
175.3447, 48.79916
175.8268, 46.96537
176.3090, 44.74799
176.7911, 42.16100
177.2732, 39.65757
177.7553, 37.45176
178.2374, 35.41852
178.7195, 33.50204
179.2017, 31.80629
179.6838, 30.17222
180.1659, 28.31481
180.6480, 26.19736
181.1301, 24.12981
181.6122, 22.36660
182.0944, 20.86757
182.5765, 19.54308
183.0586, 18.34700
183.5407, 17.29255
184.0228, 16.36432
184.5049, 15.57850
184.9871, 14.86606
185.4692, 14.11840
185.9513, 13.35022
186.4334, 12.70637
186.9155, 12.35024
187.3976, 12.18623
187.8798, 11.84730
188.3619, 11.27511
188.8440, 10.67177
189.3261, 10.38034
189.8082, 10.37949
190.2903, 10.35523
190.7725, 10.09976
191.2546, 9.660230
191.7367, 9.334839
192.2188, 9.154805
192.7009, 9.035522
193.1830, 8.851894
193.6652, 8.604145
194.1473, 8.343102
194.6294, 8.055969
195.1115, 7.754299
195.5936, 7.602304
196.0757, 7.636507
196.5579, 7.775528
197.0400, 7.862720
197.5221, 7.890448
198.0042, 7.927845
198.4863, 7.995453
198.9684, 8.090176
199.4506, 8.305422
199.9327, 8.722631
200.4148, 9.166651
200.8969, 9.152197
201.3790, 8.581978
201.8611, 8.090118
202.3433, 8.127243
202.8254, 8.747263
203.3075, 9.165735
203.7896, 9.284227
204.2717, 9.196978
204.7538, 9.099649
205.2360, 8.949486
205.7181, 8.864248
206.2002, 8.920366
206.6823, 9.166195
207.1644, 9.392460
207.6465, 9.614710
208.1287, 9.814234
208.6108, 9.932049
209.0929, 9.946194
209.5750, 9.924936
210.0571, 9.859434
210.5392, 9.689634
211.0214, 9.742466
211.5035, 10.09432
211.9856, 10.67155
212.4677, 11.22721
212.9498, 11.74112
213.4319, 12.28085
213.9140, 12.90404
214.3962, 13.63848
214.8783, 14.36220
215.3604, 15.05304
215.8425, 15.72688
216.3246, 16.43646
216.8067, 17.25819
217.2889, 17.98356
217.7710, 18.49064
218.2531, 18.74935
218.7352, 18.90893
219.2173, 19.10779
219.6994, 19.21898
220.1816, 18.58589
220.6637, 16.88923
221.1458, 14.98956
221.6279, 13.45664
222.1100, 12.44672
222.5921, 11.33967
223.0743, 9.979122
223.5564, 8.477764
224.0385, 7.323908
224.5206, 6.658560
225.0027, 6.151623
225.4848, 5.597626
225.9670, 4.923899
226.4491, 4.396105
226.9312, 4.079782
227.4133, 3.928976
227.8954, 3.700739
228.3775, 3.334074
228.8597, 2.982889
229.3418, 2.761389
229.8239, 2.768627
230.3060, 2.665989
230.7881, 2.361181
231.2702, 1.918201
231.7524, 1.663797
232.2345, 1.693050
232.7166, 1.776056
233.1987, 1.771967
233.6808, 1.613749
234.1629, 1.522028
234.6451, 1.563404
235.1272, 1.685196
235.6093, 1.654770
236.0914, 1.418262
236.5735, 1.104383
237.0556, 0.7538740
237.5378, 0.2425580
238.0199, 1.5921000E-02
238.5020, 0.1357800
238.9841, 0.5611630
239.4662, 0.6770710
239.9483, 0.2924690
240.4305, 0.1379550
240.9126, 0.3609290
241.3947, 0.2332630
241.8768, 0.2231580
242.3589, 0.4355070
242.8410, 0.7746070
243.3232, 0.8794480
243.8053, 0.5868850
244.2874, 0.2841280
244.7695, 0.1918580
245.2516, 0.4766770
245.7337, 0.5911030
246.2159, 0.4532340
246.6980, 0.1426140
247.1801, 9.0172000E-02
247.6622, 0.2541500
248.1443, 0.3305890
248.6264, 0.2671380
249.1086, 0.1157250
249.5907, 0.1858630
250.0728, 0.2310540
250.5549, 0.9203130
251.0370, 1.292673
251.5191, 1.192516
252.0013, 1.024162
252.4834, 0.9510800
252.9655, 0.9700070
253.4476, 1.103567
253.9297, 1.412825
254.4118, 1.809345
254.8940, 2.079348
255.3761, 2.101631
255.8582, 2.214411
256.3403, 2.616655
256.8224, 3.491856
257.3046, 4.024872
257.7867, 4.089033
258.2688, 3.886440
258.7509, 3.780607
259.2330, 3.740913
259.7151, 3.860592
260.1973, 4.233038
260.6794, 4.947041
261.1615, 5.448135
261.6436, 5.587421
262.1257, 5.636433
262.6078, 6.068914
263.0900, 6.983410
263.5721, 8.038731
264.0542, 9.127008
264.5363, 10.26918
265.0184, 11.40126
265.5005, 12.52739
265.9827, 13.66302
266.4648, 14.83821
266.9469, 16.01913
267.4290, 17.31707
267.9111, 18.80876
268.3932, 20.50129
268.8754, 22.21152
269.3575, 24.04666
269.8396, 25.73120
270.3217, 26.91681
270.8038, 27.59771
271.2859, 27.77860
271.7681, 27.34955
272.2502, 26.33419
272.7323, 25.36324
273.2144, 24.48297
273.6965, 23.58435
274.1786, 22.45043
274.6608, 20.95603
275.1429, 19.86320
275.6250, 19.41528
276.1071, 19.54327
276.5892, 19.72802
277.0714, 19.94557
277.5535, 20.27912
278.0356, 20.84255
278.5177, 21.65728
278.9998, 22.46109
279.4819, 23.12189
279.9641, 23.74353
280.4462, 24.78519
280.9283, 26.31515
281.4104, 28.03616
281.8925, 29.68230
282.3746, 31.24422
282.8568, 33.08464
283.3389, 35.40944
283.8210, 37.95185
284.3031, 39.97163
284.7852, 41.45339
285.2673, 42.60875
285.7495, 43.66532
286.2316, 44.59633
286.7137, 45.07111
287.1958, 45.09514
287.6779, 44.57406
288.1600, 43.18816
288.6422, 40.92890
289.1243, 38.31002
289.6064, 35.57877
290.0885, 32.74977
290.5706, 30.02618
291.0527, 27.42320
291.5349, 24.93521
292.0170, 22.44033
292.4991, 19.98870
292.9812, 17.90300
293.4633, 16.58675
293.9454, 15.80650
294.4276, 14.81333
294.9097, 13.53822
295.3918, 12.23137
295.8739, 11.12373
296.3560, 10.23306
296.8381, 9.589493
297.3203, 9.364899
297.8024, 9.377571
298.2845, 9.228210
298.7666, 8.891689
299.2487, 8.549540
299.7308, 8.290871
300.2130, 8.145964
300.6951, 8.214092
301.1772, 8.630642
301.6593, 9.255329
302.1414, 9.798040
302.6235, 10.25603
303.1057, 10.96045
303.5878, 12.32828
304.0699, 14.13691
304.5520, 15.94078
305.0341, 17.55724
305.5162, 19.12444
305.9984, 20.87068
306.4805, 22.74565
306.9626, 24.51949
307.4447, 25.97620
307.9268, 27.24769
308.4089, 28.44029
308.8911, 29.45065
309.3732, 30.59647
309.8553, 32.29549
310.3374, 34.38042
310.8195, 36.32405
311.3016, 37.55878
311.7838, 38.62891
312.2659, 40.00959
312.7480, 41.76996
313.2301, 43.89315
313.7122, 46.34394
314.1943, 49.17048
314.6765, 52.42340
315.1586, 56.07753
315.6407, 60.18332
316.1228, 64.84856
316.6049, 70.10552
317.0870, 75.75480
317.5692, 81.98328
318.0513, 88.44768
318.5334, 94.63069
319.0155, 100.3705
319.4976, 105.7954
319.9797, 111.3036
320.4619, 117.0566
320.9440, 121.1319
321.4261, 123.3334
321.9082, 123.4010
322.3903, 121.0633
322.8724, 115.9110
323.3546, 108.7080
323.8367, 98.92739
324.3188, 86.68484
324.8009, 74.63263
325.2830, 62.36678
325.7651, 51.05011
326.2473, 41.47311
326.7294, 34.30180
327.2115, 28.18318
327.6936, 23.21076
328.1757, 19.30260
328.6578, 15.82044
329.1400, 12.69674
329.6221, 10.03662
330.1042, 7.862900
330.5863, 6.226843
331.0684, 5.000719
331.5505, 4.406860
332.0327, 4.186531
332.5148, 3.763252
332.9969, 2.920712
333.4790, 2.161671
333.9611, 1.669876
334.4432, 1.529833
334.9254, 1.305143
335.4075, 0.9337920
335.8896, 0.5309070
336.3717, 0.2781280
336.8538, 0.2657470
337.3359, 0.1821940
337.8180, 0.1080930
338.3001, 0.5978430
338.7823, 0.8445380
339.2644, 0.7664280
339.7465, 0.6011370
340.2286, 0.5806620
340.7107, 0.7270760
341.1928, 0.8872220
341.6750, 1.039673
342.1571, 1.180113
342.6392, 1.285994
343.1213, 1.358130
343.6034, 1.394903
344.0855, 1.383842
344.5677, 1.327129
345.0498, 1.279137
345.5319, 1.253151
346.0140, 1.227839
346.4961, 1.153730
346.9782, 1.033134
347.4604, 0.9137820
347.9425, 0.8344570
348.4246, 0.7803170
348.9067, 0.6921310
349.3888, 0.5595420
349.8709, 0.4284110
350.3531, 0.3919770
350.8352, 0.4153420
351.3173, 0.3692820
351.7994, 0.1163830
352.2815, 0.2139660
352.7636, 0.3726270
353.2458, 0.3594860
353.7279, 0.3639260
354.2100, 0.5431480
354.6921, 0.8490940
355.1742, 1.200352
355.6563, 1.594925
356.1385, 2.004501
356.6206, 2.396515
357.1027, 2.779236
357.5848, 3.182163
358.0669, 3.625153
358.5490, 4.100082
359.0312, 4.567947
359.5133, 4.945595
359.9954, 5.502518
360.4775, 6.607704
360.9596, 8.010998
361.4417, 9.162880
361.9239, 9.591064
362.4060, 9.913570
362.8881, 10.48280
363.3702, 11.37962
363.8523, 12.28698
364.3344, 13.04185
364.8166, 13.77406
365.2987, 14.63918
365.7808, 15.67365
366.2629, 16.82099
366.7450, 18.14254
367.2271, 19.63429
367.7093, 20.97854
368.1914, 22.05311
368.6735, 23.02215
369.1556, 23.99851
369.6377, 24.91045
370.1198, 25.89874
370.6020, 27.02163
371.0841, 28.23136
371.5662, 29.36247
372.0483, 30.40159
372.5304, 31.36057
373.0125, 32.23734
373.4947, 33.00044
373.9768, 33.74731
374.4589, 34.46342
374.9410, 35.18302
375.4231, 36.02330
375.9052, 37.16671
376.3874, 37.92448
376.8695, 37.94352
377.3516, 37.25089
377.8337, 37.00696
378.3158, 37.31337
378.7979, 37.77772
379.2801, 38.01325
379.7622, 38.01268
380.2443, 38.01949
380.7264, 38.13532
381.2085, 38.24390
381.6906, 37.89877
382.1728, 37.08839
382.6549, 36.43294
383.1370, 36.44768
383.6191, 36.98988
384.1012, 37.48135
384.5833, 37.83609
385.0655, 38.23884
385.5476, 38.91940
386.0297, 39.85414
386.5118, 40.92566
386.9939, 42.06904
387.4760, 43.33025
387.9582, 44.76847
388.4403, 46.39725
388.9224, 48.21926
389.4045, 50.43874
389.8866, 52.78210
390.3687, 54.87280
390.8509, 56.45428
391.3330, 57.85741
391.8151, 59.35322
392.2972, 60.88945
392.7793, 62.27799
393.2614, 63.66127
393.7436, 64.70737
394.2257, 65.21154
394.7078, 65.13596
395.1899, 64.50995
395.6720, 63.16325
396.1541, 61.27740
396.6363, 59.17698
397.1184, 56.73566
397.6005, 54.31720
398.0826, 51.92432
398.5647, 49.49761
399.0468, 47.55516
399.5290, 46.39358
400.0111, 45.60144
400.4932, 44.84238
400.9753, 43.90777
401.4574, 43.29262
401.9395, 43.10640
402.4217, 43.29267
402.9038, 43.58638
403.3859, 44.00325
403.8680, 44.50218
404.3501, 45.07882
404.8322, 45.74932
405.3144, 46.42850
405.7965, 47.08543
406.2786, 47.77017
406.7607, 48.50579
407.2428, 49.24726
407.7249, 50.33534
408.2071, 52.07687
408.6892, 54.29268
409.1713, 55.76720
409.6534, 56.44960
410.1355, 56.78068
410.6176, 56.93439
411.0998, 56.99140
411.5819, 57.52349
412.0640, 58.81997
412.5461, 60.33876
413.0282, 61.33369
413.5103, 61.81025
413.9925, 61.84195
414.4746, 61.34000
414.9567, 60.46332
415.4388, 59.48938
415.9209, 58.44588
416.4030, 57.17696
416.8852, 55.42451
417.3673, 53.36740
417.8494, 51.29518
418.3315, 49.22210
418.8136, 47.23495
419.2957, 45.37799
419.7779, 43.65633
420.2600, 41.97933
420.7421, 40.37988
421.2242, 38.77460
421.7063, 37.11781
422.1884, 35.21618
422.6706, 33.55719
423.1527, 32.36781
423.6348, 31.47758
424.1169, 30.55560
424.5990, 29.56779
425.0811, 28.51545
425.5633, 27.26477
426.0454, 25.70636
426.5275, 24.72702
427.0096, 24.67106
427.4917, 24.91125
427.9738, 24.92892
428.4560, 24.58544
428.9381, 24.36842
429.4202, 24.34023
429.9023, 24.45951
430.3844, 24.54485
430.8665, 24.54933
431.3487, 24.62289
431.8308, 24.81329
432.3129, 25.13937
432.7950, 25.56753
433.2771, 26.10703
433.7592, 26.73570
434.2414, 27.48238
434.7235, 28.32992
435.2056, 29.11308
435.6877, 29.65186
436.1698, 30.15222
436.6519, 31.17042
437.1341, 32.68709
437.6162, 34.24306
438.0983, 35.44227
438.5804, 36.48038
439.0625, 37.67466
439.5446, 39.05892
440.0268, 40.63537
440.5089, 42.44648
440.9910, 44.46821
441.4731, 46.62569
441.9552, 49.06707
442.4373, 51.48969
442.9195, 53.73941
443.4016, 55.81061
443.8837, 57.74311
444.3658, 59.62914
444.8479, 61.32040
445.3300, 62.67229
445.8122, 63.75443
446.2943, 64.44097
446.7764, 64.73000
447.2585, 64.61362
447.7406, 64.07135
448.2227, 63.05169
448.7049, 61.65833
449.1870, 59.91382
449.6691, 57.82314
450.1512, 55.30098
450.6333, 52.14140
451.1154, 48.84451
451.5976, 45.86035
452.0797, 43.23875
452.5618, 40.86986
453.0439, 38.77026
453.5260, 36.90894
454.0081, 35.05050
454.4903, 33.17160
454.9724, 31.40341
455.4545, 29.76056
455.9366, 28.26882
456.4187, 27.02266
456.9008, 26.04890
457.3830, 25.24727
457.8651, 24.55577
458.3472, 23.95557
458.8293, 23.43670
459.3114, 23.01591
459.7935, 22.65185
460.2757, 22.33003
460.7578, 22.03023
461.2399, 21.64451
461.7220, 21.02630
462.2041, 20.33408
462.6862, 19.72933
463.1684, 19.25142
463.6505, 18.79215
464.1326, 18.24864
464.6147, 17.71633
465.0968, 17.30838
465.5789, 17.43648
466.0611, 17.32498
466.5432, 16.61642
467.0253, 15.36761
467.5074, 14.23548
467.9895, 13.37272
468.4716, 12.58007
468.9538, 11.77233
469.4359, 10.95290
469.9180, 10.13037
470.4001, 9.281061
470.8822, 8.435217
471.3643, 7.624746
471.8465, 6.835192
472.3286, 6.128540
472.8107, 5.556042
473.2928, 5.088076
473.7749, 4.446678
474.2570, 3.586535
474.7392, 2.809656
475.2213, 2.453524
475.7034, 2.434254
476.1855, 2.101967
476.6676, 1.300039
477.1497, 0.4802460
477.6319, 0.3457430
478.1140, 0.7249980
478.5961, 1.065500
479.0782, 1.152559
479.5603, 1.060324
480.0424, 0.7622170
480.5246, 0.2960280
481.0067, 2.0671999E-02
481.4888, 0.1948470
481.9709, 0.5456370
482.4530, 0.6497190
482.9352, 0.3083480
483.4173, 3.1534001E-02
483.8994, 0.1729320
484.3815, 0.4713570
484.8636, 0.5284000
485.3457, 0.1161900
485.8279, 0.6307350
486.3100, 0.6918620
486.7921, 0.2960360
487.2742, 0.1590600
487.7563, 0.5621720
488.2384, 0.9371990
488.7206, 0.9298820
489.2027, 0.3150810
489.6848, 7.7868000E-02
490.1669, 0.2197340
490.6490, 0.1589680
491.1311, 9.2235997E-02
491.6133, 0.5747680
492.0954, 0.9515800
492.5775, 1.126274
493.0596, 1.113802
493.5417, 0.8931900
494.0238, 0.4606510
494.5060, 0.1073910
494.9881, 0.1190410
495.4702, 0.3737870
495.9523, 0.5874500
496.4344, 0.7316210
496.9165, 0.7901120
497.3987, 0.6519570
497.8808, 0.4249270
498.3629, 0.3143010
498.8450, 0.5438440
499.3271, 0.7999820
499.8092, 0.8552340
500.2914, 0.7441640
500.7735, 0.6566620
501.2556, 0.7861900
501.7377, 0.8731040
502.2198, 0.7293490
502.7019, 0.1866700
503.1841, 0.2050080
503.6662, 0.2751690
504.1483, 0.2026390
504.6304, 0.1989880
505.1125, 0.3706590
505.5946, 0.4301800
506.0768, 0.2544310
506.5589, 7.6067001E-02
507.0410, 0.1213440
507.5231, 0.2221910
508.0052, 0.5592840
508.4873, 0.6544480
508.9695, 0.5033650
509.4516, 0.4419380
509.9337, 0.4867780
510.4158, 0.5584010
510.8979, 0.5544550
511.3800, 0.4948650
511.8622, 0.4681130
512.3443, 0.5056710
512.8264, 0.5716190
513.3085, 0.6440580
513.7906, 0.7129610
514.2728, 0.7374570
514.7549, 0.5780750
515.2370, 0.4385700
515.7191, 0.5630170
516.2012, 0.9868450
516.6833, 1.297241
517.1655, 1.212740
517.6476, 0.9825520
518.1297, 0.8188270
518.6118, 0.7966350
519.0939, 0.8029350
519.5760, 0.7983000
520.0582, 0.8156640
520.5403, 0.9319950
521.0224, 1.235790
521.5045, 1.504112
521.9866, 1.671791
522.4688, 1.740059
522.9509, 1.804039
523.4330, 1.866488
523.9151, 1.915632
524.3972, 1.904316
524.8793, 1.830393
525.3615, 1.920105
525.8436, 2.227875
526.3257, 2.602774
526.8078, 2.806210
527.2899, 2.871214
527.7720, 2.944927
528.2542, 3.032974
528.7363, 3.199516
529.2184, 3.622463
529.7005, 4.244053
530.1826, 4.770002
530.6647, 4.899618
531.1469, 4.926958
531.6290, 5.114256
532.1111, 5.523077
532.5932, 5.962172
533.0753, 6.311832
533.5574, 6.674154
534.0396, 7.149145
534.5217, 8.015762
535.0038, 8.693432
535.4859, 8.952869
535.9680, 8.959949
536.4501, 9.264549
536.9323, 10.06089
537.4144, 10.82053
537.8965, 11.29998
538.3786, 11.48585
538.8607, 11.92484
539.3428, 12.67899
539.8250, 13.49143
540.3071, 14.12745
540.7892, 14.59178
541.2713, 15.02299
541.7534, 15.46074
542.2355, 15.80787
542.7177, 15.90331
543.1998, 15.78589
543.6819, 15.56367
544.1640, 15.35581
544.6461, 15.11230
545.1282, 14.71428
545.6104, 14.14769
546.0925, 13.52977
546.5746, 12.84354
547.0567, 12.26131
547.5388, 11.87303
548.0209, 11.73232
548.5031, 11.57359
548.9852, 11.23048
549.4673, 10.85835
549.9494, 10.66274
550.4315, 10.94131
550.9136, 10.97952
551.3958, 10.68792
551.8779, 10.13952
552.3600, 9.483833
552.8421, 8.654396
553.3242, 7.825497
553.8063, 7.082697
554.2885, 6.419153
554.7706, 5.732763
555.2527, 5.028711
555.7348, 4.406235
556.2169, 4.001808
556.6990, 3.713173
557.1812, 3.291050
557.6633, 2.671865
558.1454, 2.085670
558.6275, 1.723209
559.1096, 1.530794
559.5917, 1.434042
560.0739, 1.536724
560.5560, 1.655563
561.0381, 1.674519
561.5202, 1.587732
562.0023, 1.461346
562.4844, 1.246109
562.9666, 1.057175
563.4487, 0.9633140
563.9308, 0.9964290
564.4129, 0.9319420
564.8950, 0.7150800
565.3771, 0.5092410
565.8593, 0.4208050
566.3414, 0.4697440
566.8235, 0.5458970
567.3056, 0.6671140
567.7877, 0.7722070
568.2698, 0.6946180
568.7520, 0.4485970
569.2341, 0.3090720
569.7162, 0.4844630
570.1983, 0.7633110
570.6804, 0.7094120
571.1625, 0.3666250
571.6447, 3.9439999E-02
572.1268, 8.4375001E-02
572.6089, 9.2600003E-02
573.0910, 4.5892999E-02
573.5731, 6.1544001E-02
574.0552, 0.1555080
574.5374, 0.1513880
575.0195, 0.1391070
575.5016, 0.2039320
575.9837, 0.5794960
576.4658, 0.7543220
576.9479, 0.5235160
577.4301, 0.1030640
577.9122, 7.0695996E-02
578.3943, 0.1433330
578.8764, 0.3123930
579.3585, 0.2661610
579.8406, 6.0977999E-02
580.3228, 0.1816160
580.8049, 0.6941410
581.2870, 1.102451
581.7691, 0.9426250
582.2512, 0.3807470
582.7333, 0.1164930
583.2155, 0.2101970
583.6975, 0.4000050
584.1796, 0.4433690
584.6617, 0.4146770
585.1439, 0.4444070
585.6260, 0.6064590
586.1081, 0.7690530
586.5902, 0.8736040
587.0723, 0.9203530
587.5544, 0.9078290
588.0366, 0.7579190
588.5187, 0.6281550
589.0008, 0.5708410
589.4829, 0.5836830
589.9650, 0.6065640
590.4471, 0.6299720
590.9293, 0.6771030
591.4114, 0.7711640
591.8935, 0.9270210
592.3756, 1.019943
592.8577, 1.041683
593.3398, 1.022255
593.8220, 0.9698720
594.3041, 0.8932820
594.7862, 0.8837300
595.2683, 0.9904120
595.7504, 1.084461
596.2325, 0.9499910
596.7147, 0.6658710
597.1968, 0.4403380
597.6789, 0.3910240
598.1610, 0.4106670
598.6431, 0.4436070
599.1252, 0.4874900
599.6074, 0.5270940
600.0895, 0.4673440
600.5716, 0.4624770
601.0537, 0.6513020
601.5358, 1.131090
602.0179, 1.366488
602.5001, 1.169512
602.9822, 0.9045430
603.4643, 0.8737410
603.9464, 1.185898
604.4285, 1.293140
604.9106, 1.116016
605.3928, 0.8110830
605.8749, 0.5754780
606.3570, 0.4120810
606.8391, 0.3756980
607.3212, 0.5414100
607.8033, 0.7671950
608.2855, 0.7872540
608.7676, 0.6660880
609.2497, 0.6412320
609.7318, 0.9903680
610.2139, 1.378325
610.6960, 1.546980
611.1782, 1.485159
611.6603, 1.324341
612.1424, 0.9692630
612.6245, 0.6385560
613.1066, 0.4749510
613.5887, 0.5713080
614.0709, 0.6304240
614.5530, 0.6307600
615.0351, 0.6175020
615.5172, 0.6294000
615.9993, 0.6608160
616.4814, 0.7624800
616.9636, 0.9630030
617.4457, 1.198212
617.9278, 1.375593
618.4099, 1.491545
618.8920, 1.504051
619.3741, 1.300142
619.8563, 1.052219
620.3384, 1.071287
620.8205, 1.305254
621.3026, 1.483747
621.7847, 1.350317
622.2668, 1.163321
622.7490, 1.164360
623.2311, 1.401260
623.7132, 1.514664
624.1953, 1.250740
624.6774, 0.9391290
625.1595, 0.8125230
625.6417, 0.9695400
626.1238, 1.132378
626.6059, 1.333639
627.0880, 1.504812
627.5701, 1.531244
628.0522, 1.395325
628.5344, 1.282219
629.0165, 1.228962
629.4986, 1.219828
629.9807, 1.240950
630.4628, 1.286711
630.9449, 1.321159
631.4271, 1.374994
631.9092, 1.381824
632.3913, 1.164774
632.8734, 0.7731990
633.3555, 0.5545580
633.8376, 0.8949430
634.3198, 1.296598
634.8019, 1.432638
635.2840, 1.205410
635.7661, 1.062859
636.2482, 1.124554
636.7303, 1.235701
637.2125, 1.286478
637.6946, 1.236485
638.1767, 1.244347
638.6588, 1.323498
639.1409, 1.430161
639.6230, 1.520716
640.1052, 1.592806
640.5873, 1.613575
641.0694, 1.551834
641.5515, 1.512152
642.0336, 1.683695
642.5157, 1.978476
642.9979, 2.185513
643.4800, 2.158998
643.9621, 2.042763
644.4442, 1.923248
644.9263, 1.817875
645.4084, 1.742699
645.8906, 1.616295
646.3727, 1.581242
646.8548, 1.730057
647.3369, 2.089813
647.8190, 2.305576
648.3011, 2.365717
648.7833, 2.390072
649.2654, 2.451057
649.7475, 2.536663
650.2296, 2.580027
650.7117, 2.556866
651.1938, 2.538464
651.6760, 2.647106
652.1581, 2.861221
652.6402, 2.965734
653.1223, 2.834568
653.6044, 2.639839
654.0865, 2.556877
654.5687, 2.547903
655.0508, 2.525061
655.5329, 2.491014
656.0150, 2.399904
656.4971, 2.084927
656.9792, 1.642113
657.4614, 1.595083
657.9435, 2.310863
658.4256, 2.911100
658.9077, 3.046236
659.3898, 2.747250
659.8719, 2.738310
660.3541, 3.088242
660.8362, 3.462122
661.3183, 3.594191
661.8004, 3.545547
662.2825, 3.589651
662.7646, 3.742519
663.2468, 3.873842
663.7289, 3.863853
664.2110, 3.758858
664.6931, 3.622379
665.1752, 3.462687
665.6573, 3.308041
666.1395, 3.142794
666.6216, 2.998829
667.1037, 2.911579
667.5858, 2.882998
668.0679, 2.942717
668.5500, 3.191198
669.0322, 3.497627
669.5143, 3.517958
669.9964, 3.164265
670.4785, 2.934631
670.9606, 3.022224
671.4427, 3.314096
671.9249, 3.534704
672.4070, 3.679829
672.8891, 3.704144
673.3712, 3.450266
673.8533, 3.137468
674.3354, 3.051647
674.8176, 3.178516
675.2997, 3.292131
675.7818, 3.280966
676.2639, 3.216688
676.7460, 3.149035
677.2281, 3.099859
677.7103, 2.966825
678.1924, 2.621382
678.6745, 2.322477
679.1566, 2.294823
679.6387, 2.624624
680.1208, 2.800949
680.6030, 2.773279
681.0851, 2.663610
681.5672, 2.607664
682.0493, 2.598454
682.5314, 2.617697
683.0135, 2.676853
683.4957, 2.726566
683.9778, 2.697208
684.4599, 2.621342
684.9420, 2.558199
685.4241, 2.562241
685.9063, 2.548077
686.3884, 2.478008
686.8705, 2.364189
687.3526, 2.250523
687.8347, 2.165148
688.3168, 2.038586
688.7990, 1.809031
689.2811, 1.513674
689.7632, 1.436167
690.2453, 1.600426
690.7274, 1.806313
691.2095, 1.974377
691.6917, 2.095989
692.1738, 2.135263
692.6559, 2.088402
693.1380, 1.961899
693.6201, 1.694487
694.1022, 1.390966
694.5844, 1.131765
695.0665, 0.9199240
695.5486, 0.8120060
696.0307, 0.9131220
696.5128, 1.071529
696.9949, 1.179831
697.4771, 1.301914
697.9592, 1.211882
698.4413, 0.7917980
698.9234, 0.3110030
699.4055, 0.1079030
699.8876, 0.1878550
700.3698, 0.3401620
700.8519, 0.5728630
701.3340, 0.7382130
701.8161, 0.5603830
702.2982, 0.1476840
702.7803, 0.2354010
703.2625, 0.5685880
703.7446, 0.7445810
704.2267, 0.5256770
704.7088, 0.1030500
705.1909, 9.9078998E-02
705.6730, 0.3398190
706.1552, 0.6719610
706.6373, 0.7183380
707.1194, 0.5171660
707.6015, 0.1769370
708.0836, 0.4277150
708.5657, 0.7600250
709.0479, 0.4449540
709.5300, 0.2995340
710.0121, 0.4606400
710.4942, 6.1661001E-02
710.9763, 0.3288990
711.4584, 0.3152200
711.9406, 8.3072998E-02
712.4227, 0.1754460
712.9048, 0.4451480
713.3869, 0.6647000
713.8690, 0.8075750
714.3511, 0.8894810
714.8333, 0.9113660
715.3154, 0.8432270
715.7975, 0.7790340
716.2796, 0.6777460
716.7617, 0.6379700
717.2438, 0.7609020
717.7260, 1.064526
718.2081, 1.323940
718.6902, 1.529995
719.1723, 1.671757
719.6544, 1.746048
720.1365, 1.743622
720.6187, 1.618889
721.1008, 1.315434
721.5829, 1.025860
722.0650, 0.8921700
722.5471, 0.8591040
723.0292, 0.8467900
723.5114, 0.9299090
723.9935, 0.9197540
724.4756, 0.6791760
724.9577, 0.3668860
725.4398, 0.2645990
725.9219, 0.4597510
726.4041, 0.6016350
726.8862, 0.6216010
727.3683, 0.5377540
727.8504, 0.3782460
728.3325, 0.1496730
728.8146, 0.1053730
729.2968, 0.3721010
729.7789, 0.6477240
730.2610, 0.8668100
730.7431, 1.080223
731.2252, 1.457268
731.7073, 2.336266
732.1895, 3.137287
732.6716, 3.474865
733.1537, 3.399258
733.6358, 3.716148
734.1179, 4.544865
734.6000, 5.580906
735.0822, 6.715599
735.5643, 7.948879
736.0464, 9.251350
736.5285, 10.62603
737.0106, 12.01192
737.4927, 13.26464
737.9749, 14.53912
738.4570, 16.12295
738.9391, 18.01219
739.4212, 20.05379
739.9033, 22.14769
740.3854, 24.36322
740.8676, 26.74341
741.3497, 29.29858
741.8318, 32.04273
742.3139, 35.06720
742.7960, 38.18615
743.2781, 41.30397
743.7603, 44.40963
744.2424, 47.62260
744.7245, 50.99311
745.2066, 54.31839
745.6887, 57.37053
746.1708, 60.26550
746.6530, 63.28671
747.1351, 66.50580
747.6172, 69.67152
748.0993, 72.51909
748.5814, 75.25689
749.0635, 78.08231
749.5457, 81.16058
750.0278, 84.19851
750.5099, 87.16948
750.9920, 90.01611
751.4741, 92.66250
751.9562, 95.09514
752.4384, 97.24582
752.9205, 99.04550
753.4026, 100.6257
753.8847, 102.2885
754.3668, 103.9246
754.8489, 105.1762
755.3311, 106.0833
755.8132, 106.2811
756.2953, 105.1148
756.7774, 103.0473
757.2595, 100.9386
757.7416, 99.43689
758.2238, 97.49069
758.7059, 94.73820
759.1880, 91.39207
759.6701, 87.81150
760.1522, 83.90579
760.6343, 79.91387
761.1165, 75.84618
761.5986, 71.74162
762.0807, 67.60693
762.5628, 63.48054
763.0449, 59.49116
763.5270, 55.53961
764.0092, 51.84506
764.4913, 48.72974
764.9734, 46.06450
765.4555, 43.35948
765.9376, 40.12922
766.4197, 37.18874
766.9019, 34.86797
767.3840, 33.05273
767.8661, 31.46375
768.3482, 30.15530
768.8303, 29.05952
769.3124, 28.17144
769.7946, 27.44449
770.2767, 26.61150
770.7588, 25.71782
771.2409, 25.20091
771.7230, 25.56220
772.2051, 26.27303
772.6873, 26.83984
773.1694, 27.28059
773.6515, 27.77726
774.1336, 28.26786
774.6157, 28.96088
775.0978, 29.91660
775.5800, 31.12004
776.0621, 32.65725
776.5442, 34.63455
777.0263, 36.66785
777.5084, 38.47112
777.9905, 40.14373
778.4727, 42.04002
778.9548, 44.17613
779.4369, 46.66998
779.9190, 49.83660
780.4011, 53.22402
780.8832, 56.46107
781.3654, 59.48614
781.8475, 62.47226
782.3296, 65.21338
782.8117, 68.18772
783.2938, 71.70183
783.7759, 75.80548
784.2581, 79.79253
784.7402, 83.69620
785.2223, 87.32282
785.7044, 90.66556
786.1865, 93.64165
786.6686, 95.94821
787.1508, 97.58931
787.6329, 98.94623
788.1150, 100.3682
788.5971, 101.6379
789.0792, 102.6238
789.5613, 103.3740
790.0435, 103.3781
790.5256, 102.1363
791.0077, 100.4254
791.4898, 98.64245
791.9719, 96.85084
792.4540, 94.62946
792.9362, 92.02898
793.4183, 88.93356
793.9004, 85.22694
794.3825, 80.96994
794.8646, 76.33927
795.3467, 71.30529
795.8289, 66.26682
796.3110, 61.36884
796.7931, 56.73087
797.2752, 52.60814
797.7573, 49.11509
798.2394, 45.57188
798.7216, 41.69210
799.2037, 37.95897
799.6858, 34.72801
800.1679, 32.04002
800.6500, 29.50101
801.1321, 27.08924
801.6143, 24.75180
802.0964, 22.32893
802.5785, 19.97598
803.0606, 17.98768
803.5427, 16.41290
804.0248, 15.01279
804.5070, 13.72159
804.9891, 12.47462
805.4712, 11.18078
805.9533, 9.688618
806.4354, 8.633705
806.9175, 8.239002
807.3997, 7.958710
807.8818, 7.359249
808.3639, 6.454540
808.8460, 5.652245
809.3281, 4.957310
809.8102, 4.472706
810.2924, 4.454597
810.7745, 4.630077
811.2566, 4.615597
811.7387, 4.343544
812.2208, 4.062790
812.7029, 3.708382
813.1851, 3.511139
813.6672, 3.671825
814.1493, 4.293278
814.6314, 4.794415
815.1135, 5.120472
815.5956, 5.452927
816.0778, 5.922905
816.5599, 6.518372
817.0420, 7.162640
817.5241, 7.852936
818.0062, 8.663326
818.4883, 9.562851
818.9705, 10.67892
819.4526, 12.24353
819.9347, 14.36642
820.4168, 16.21927
820.8989, 17.18386
821.3810, 18.24717
821.8632, 19.94492
822.3453, 22.33622
822.8274, 24.79386
823.3095, 27.26398
823.7916, 29.88557
824.2737, 32.58834
824.7559, 35.55228
825.2380, 39.00327
825.7201, 42.94503
826.2022, 47.74158
826.6843, 53.46981
827.1664, 60.13230
827.6486, 67.57838
828.1307, 75.82323
828.6128, 85.62296
829.0949, 96.99012
829.5770, 109.9749
830.0591, 124.9794
830.5413, 141.8598
831.0234, 159.6293
831.5055, 178.2781
831.9876, 197.2027
832.4697, 216.3474
832.9518, 235.4683
833.4340, 254.3751
833.9161, 273.0443
834.3982, 292.4564
834.8803, 311.8516
835.3624, 333.2408
835.8445, 357.2746
836.3267, 383.8085
836.8088, 412.7031
837.2909, 443.7274
837.7730, 477.6062
838.2551, 514.8823
838.7372, 555.2864
839.2194, 599.0732
839.7015, 645.7609
840.1836, 692.5384
840.6657, 738.7960
841.1478, 783.7582
841.6299, 830.0986
842.1121, 876.1980
842.5942, 908.3867
843.0763, 929.7115
843.5584, 932.2350
844.0405, 912.2472
844.5226, 871.9326
845.0048, 815.8996
845.4869, 744.9868
845.9690, 671.7509
846.4511, 599.9219
846.9332, 532.0467
847.4153, 470.6372
847.8975, 415.6949
848.3796, 367.2110
848.8617, 326.5485
849.3438, 290.9088
849.8259, 260.2741
850.3080, 233.8829
850.7902, 210.4729
851.2723, 190.3768
851.7544, 172.4932
852.2365, 156.7201
852.7186, 142.7177
853.2007, 129.9046
853.6829, 118.3776
854.1650, 108.2918
854.6471, 99.90549
855.1292, 92.58289
855.6113, 86.27101
856.0934, 80.79436
856.5756, 75.69614
857.0577, 70.83994
857.5398, 66.51055
858.0219, 62.70709
858.5040, 59.36391
858.9861, 56.59587
859.4683, 54.28348
859.9504, 51.78151
860.4325, 48.86228
860.9146, 46.05291
861.3967, 43.75702
861.8788, 41.93056
862.3610, 40.51534
862.8431, 39.76671
863.3252, 39.00273
863.8073, 38.26025
864.2894, 37.39137
864.7715, 36.18580
865.2537, 34.61750
865.7358, 33.27708
866.2179, 32.20544
866.7000, 31.30502
867.1821, 30.55695
867.6642, 29.87648
868.1464, 29.19235
868.6285, 28.50527
869.1106, 27.65324
869.5927, 26.22835
870.0748, 24.89599
870.5569, 24.18262
871.0391, 24.24880
871.5212, 23.79156
872.0033, 22.71983
872.4854, 21.47676
872.9675, 20.43462
873.4496, 19.46571
873.9318, 18.25653
874.4139, 16.81948
874.8960, 15.42774
875.3781, 14.33846
875.8602, 13.26193
876.3423, 12.04915
876.8245, 10.69400
877.3066, 9.190250
877.7887, 7.377415
878.2708, 5.789696
878.7529, 4.670216
879.2350, 3.931885
879.7172, 3.363972
880.1993, 2.935635
880.6814, 2.386101
881.1635, 1.423244
881.6456, 0.4238280
882.1277, 0.3190350
882.6099, 0.8715360
883.0920, 1.437870
883.5741, 2.271942
884.0562, 2.810051
884.5383, 2.899780
885.0204, 2.710564
885.5026, 2.617458
885.9847, 2.608757
886.4668, 2.476074
886.9489, 2.100586
887.4310, 1.716900
887.9131, 1.610775
888.3953, 1.660355
888.8774, 1.681381
889.3595, 1.579735
889.8416, 1.512295
890.3237, 1.550407
890.8058, 1.588219
891.2880, 1.496777
891.7701, 1.260952
892.2522, 1.109055
892.7343, 1.078720
893.2164, 1.015919
893.6985, 0.7466130
894.1807, 0.3465190
894.6628, 9.7038001E-02
895.1449, 0.5790410
895.6270, 1.009052
896.1091, 1.245396
896.5912, 1.524944
897.0734, 2.014854
897.5555, 2.740692
898.0376, 3.314476
898.5197, 3.718327
899.0018, 4.157116
899.4839, 4.814396
899.9661, 5.536232
900.4482, 6.008865
900.9303, 6.262535
901.4124, 6.487274
901.8945, 6.757153
902.3766, 7.050251
902.8588, 7.338196
903.3409, 7.635605
903.8230, 8.072315
904.3051, 8.728508
904.7872, 9.141350
905.2693, 9.056698
905.7515, 8.774006
906.2336, 8.885250
906.7157, 9.310375
907.1978, 9.818188
907.6799, 10.43444
908.1620, 10.94483
908.6442, 11.18896
909.1263, 11.29620
909.6084, 11.47326
910.0905, 11.74321
910.5726, 12.03663
911.0547, 12.35480
911.5369, 12.69364
912.0190, 13.09931
912.5011, 13.52760
912.9832, 13.81548
913.4653, 13.92372
913.9474, 13.99895
914.4296, 13.99048
914.9117, 14.08453
915.3938, 14.53585
915.8759, 15.55004
916.3580, 15.99726
916.8401, 15.71628
917.3223, 15.28131
917.8044, 15.07334
918.2865, 15.03580
918.7686, 14.91892
919.2507, 14.73922
919.7328, 14.66495
920.2150, 14.98803
920.6971, 15.28205
921.1792, 15.25480
921.6613, 14.93014
922.1434, 14.61893
922.6255, 14.35101
923.1077, 14.03511
923.5898, 13.60128
924.0719, 13.15020
924.5540, 12.93549
925.0361, 12.90869
925.5182, 12.88694
926.0004, 12.84127
926.4825, 12.71067
926.9646, 12.40082
927.4467, 11.99689
927.9288, 11.62837
928.4109, 11.27068
928.8931, 11.02843
929.3752, 10.96167
929.8573, 10.90321
930.3394, 10.61447
930.8215, 10.17175
931.3036, 9.856213
931.7858, 9.708328
932.2679, 9.558620
932.7500, 9.160622
933.2321, 8.807713
933.7142, 8.796173
934.1964, 9.226086
934.6785, 9.309341
935.1606, 8.920219
935.6427, 8.490833
936.1248, 8.219891
936.6069, 8.090614
937.0891, 8.101917
937.5712, 8.229687
938.0533, 8.358837
938.5354, 8.505527
939.0175, 8.555122
939.4996, 8.402580
939.9818, 8.080124
940.4639, 7.709595
940.9460, 7.193718
941.4281, 6.912376
941.9102, 7.046146
942.3923, 7.302868
942.8745, 7.166790
943.3566, 6.740677
943.8387, 6.318840
944.3208, 5.968967
944.8029, 5.709229
945.2850, 5.667900
945.7672, 5.620331
946.2493, 5.322926
946.7314, 4.668560
947.2135, 4.240715
947.6956, 4.097107
948.1777, 3.972252
948.6599, 3.638588
949.1420, 3.191578
949.6241, 2.883640
950.1062, 2.693214
950.5883, 2.430637
951.0704, 1.814026
951.5526, 1.292835
952.0347, 1.207699
952.5168, 1.425751
952.9989, 1.406029
953.4810, 1.050049
953.9631, 0.8724820
954.4453, 1.123096
954.9274, 1.442410
955.4095, 1.087440
955.8916, 0.3663410
956.3737, 4.8923001E-02
956.8558, 0.2341040
957.3380, 0.5076220
957.8201, 0.5385320
958.3022, 0.4430470
958.7843, 0.3268700
959.2664, 0.1952480
959.7485, 2.8069001E-02
960.2307, 0.3676110
960.7128, 0.6271710
961.1949, 0.5703050
961.6770, 0.3555640
962.1591, 0.1953130
962.6412, 0.1023900
963.1234, 2.3593999E-02
963.6055, 0.1011730
964.0876, 0.1590580
964.5697, 4.5628000E-02
965.0518, 0.1584430
965.5339, 1.1066000E-02
966.0161, 0.4873920
966.4982, 0.7704620
966.9803, 0.4769940
967.4624, 0.1093750
967.9445, 0.3830300
968.4266, 0.9364780
968.9088, 1.168331
969.3909, 0.4451370
969.8730, 8.5529000E-02
970.3551, 0.3276210
970.8372, 0.7493820
971.3193, 0.8939700
971.8015, 0.7990150
972.2836, 0.8112260
972.7657, 0.9572980
973.2478, 1.229321
973.7299, 1.844479
974.2120, 2.418186
974.6942, 2.543781
975.1763, 2.190178
975.6584, 2.060150
976.1405, 2.245438
976.6226, 2.523598
977.1047, 2.844830
977.5869, 3.177765
978.0690, 3.432362
978.5511, 3.617165
979.0332, 3.762909
979.5153, 3.873455
979.9974, 3.955086
980.4796, 3.933613
980.9617, 3.924568
981.4438, 4.092396
981.9259, 4.499786
982.4080, 4.931492
982.8901, 5.389866
983.3723, 5.789200
983.8544, 6.001472
984.3365, 6.112495
984.8186, 6.274849
985.3007, 6.501892
985.7828, 6.748878
986.2650, 7.047153
986.7471, 7.309338
987.2292, 7.473381
987.7113, 7.567192
988.1934, 7.767143
988.6755, 8.080269
989.1577, 8.330482
989.6398, 8.414185
990.1219, 8.459042
990.6040, 8.674282
991.0861, 8.944401
991.5682, 9.071503
992.0504, 8.926647
992.5325, 8.731136
993.0146, 8.452682
993.4967, 8.228519
993.9788, 8.172783
994.4609, 8.278801
994.9431, 8.224571
995.4252, 7.994427
995.9073, 7.829453
996.3894, 8.093262
996.8715, 8.316368
997.3536, 8.042698
997.8358, 7.317329
998.3179, 6.923244
998.8000, 6.967628
999.2821, 7.104862
999.7642, 7.252499
1000.246, 7.412342
1000.728, 7.610039
1001.211, 7.817886
1001.693, 7.954678
1002.175, 7.962440
1002.657, 7.979565
1003.139, 8.049805
1003.621, 8.157478
1004.103, 8.319664
1004.585, 8.572361
1005.068, 8.603630
1005.550, 8.364395
1006.032, 8.236107
1006.514, 8.617416
1006.996, 9.187187
1007.478, 9.547779
1007.960, 9.720394
1008.442, 9.916763
1008.924, 10.09240
1009.407, 10.47678
1009.889, 11.30574
1010.371, 12.19772
1010.853, 12.21953
1011.335, 11.50806
1011.817, 11.02543
1012.299, 11.06645
1012.781, 11.07521
1013.263, 10.48467
1013.746, 9.732193
1014.228, 9.281778
1014.710, 9.290161
1015.192, 9.152889
1015.674, 8.811785
1016.156, 8.467255
1016.638, 8.282936
1017.120, 8.154247
1017.603, 7.805008
1018.085, 7.289049
1018.567, 6.835449
1019.049, 6.677746
1019.531, 6.478203
1020.013, 6.054504
1020.495, 5.571621
1020.977, 5.300068
1021.459, 5.248459
1021.942, 5.145111
1022.424, 4.958557
1022.906, 4.606014
1023.388, 3.842323
1023.870, 3.037849
1024.352, 2.561119
1024.834, 2.463207
1025.316, 2.348953
1025.799, 2.193417
1026.281, 2.090008
1026.763, 2.099106
1027.245, 2.132118
1027.727, 1.956642
1028.209, 1.660332
1028.691, 1.466087
1029.173, 1.549591
1029.656, 1.584988
1030.138, 1.361492
1030.620, 1.058640
1031.102, 0.8593860
1031.584, 0.7736590
1032.066, 0.7481190
1032.548, 0.7872200
1033.030, 0.8256720
1033.512, 0.8175620
1033.995, 0.7728120
1034.477, 0.7034720
1034.959, 0.6092950
1035.441, 0.4785080
1035.923, 0.1814820
1036.405, 5.0540999E-02
1036.887, 0.2054860
1037.369, 0.4958740
1037.851, 0.6878010
1038.334, 0.7658250
1038.816, 0.6317630
1039.298, 0.1973080
1039.780, 0.1436200
1040.262, 4.4233002E-02
1040.744, 0.1660350
1041.226, 0.2152980
1041.708, 8.8244997E-02
1042.191, 1.8896000E-02
1042.673, 1.2001000E-02
1043.155, 8.2740001E-03
1043.637, 3.4423999E-02
1044.119, 8.1134997E-02
1044.601, 9.3631998E-02
1045.083, 7.1598001E-02
1045.565, 1.3592000E-02
1046.047, 6.6540003E-02
1046.530, 0.2220440
1047.012, 0.5327840
1047.494, 0.8059330
1047.976, 0.7713990
1048.458, 0.5024490
1048.940, 0.3803420
1049.422, 0.4292470
1049.904, 0.4279980
1050.386, 0.1743340
1050.869, 0.4904170
1051.351, 0.5272290
1051.833, 2.352167
1052.315, 2.638899
1052.797, 1.136105
1053.279, 1.0601000E-02
1053.761, 0.1035040
1054.243, 0.2077330
1054.726, 0.3273050
1055.208, 0.3450150
1055.690, 0.3964540
1056.172, 0.5506840
1056.654, 0.5859090
1057.136, 0.4066100
1057.618, 0.2587260
1058.100, 0.3583810
1058.583, 0.5997200
1059.065, 0.5085490
1059.547, 0.1544060
1060.029, 0.1450140
1060.511, 0.1483140
1060.993, 0.1448990
1061.475, 0.3614310
1061.957, 0.5829600
1062.439, 0.4651260
1062.922, 5.1463999E-02
1063.404, 0.3667390
1063.886, 0.4224130
1064.368, 0.3831770
1064.850, 0.3760010
1065.332, 0.3473990
1065.814, 0.2267270
1066.296, 3.0254001E-02
1066.778, 4.5659998E-03
1067.261, 0.2515280
1067.743, 0.4748190
1068.225, 0.6002670
1068.707, 0.6603950
1069.189, 0.7228790
1069.671, 0.7620980
1070.153, 0.7135620
1070.635, 0.5473770
1071.118, 0.3525200
1071.600, 5.9735999E-02
1072.082, 0.1433430
1072.564, 0.1143230
1073.046, 0.1241070
1073.528, 0.2968270
1074.010, 0.3995880
1074.492, 0.3984200
1074.974, 0.1495970
1075.457, 6.3216999E-02
1075.939, 7.2347999E-02
1076.421, 0.1079040
1076.903, 0.5078090
1077.385, 1.314787
1077.867, 1.730370
1078.349, 1.657925
1078.831, 1.378891
1079.313, 1.016199
1079.796, 0.6847000
1080.278, 0.5980850
1080.760, 0.7313980
1081.242, 0.8533290
1081.724, 0.8110330
1082.206, 0.8621430
1082.688, 1.063612
1083.170, 1.377398
1083.652, 1.815802
1084.135, 2.311663
1084.617, 2.559660
1085.099, 2.468430
1085.581, 2.402176
1086.063, 2.675495
1086.545, 2.950525
1087.027, 3.021549
1087.509, 2.898939
1087.992, 2.692017
1088.474, 2.400778
1088.956, 2.138765
1089.438, 1.987621
1089.920, 1.819893
1090.402, 1.411169
1090.884, 0.9788590
1091.366, 0.7729380
1091.849, 0.8914910
1092.331, 0.9660300
1092.813, 1.001040
1093.295, 0.9865130
1093.777, 0.8425200
1094.259, 0.6935980
1094.741, 0.7861900
1095.223, 1.032398
1095.705, 1.202511
1096.188, 1.221928
1096.670, 1.141317
1097.152, 0.9183900
1097.634, 0.6653000
1098.116, 0.5467890
1098.598, 0.5617710
1099.080, 0.5615460
1099.562, 0.4860990
1100.044, 0.4882510
1100.527, 0.7663650
1101.009, 1.015966
1101.491, 1.020937
1101.973, 0.8762660
1102.455, 0.9314800
1102.937, 1.192593
1103.419, 1.205280
1103.901, 0.7826750
1104.384, 0.3855550
1104.866, 0.5930710
1105.348, 0.9673230
1105.830, 1.051329
1106.312, 0.7580170
1106.794, 0.4847830
1107.276, 0.1884020
1107.758, 0.1100180
1108.240, 0.4973410
1108.723, 0.9634340
1109.205, 0.8846090
1109.687, 0.4751990
1110.169, 0.1923770
1110.651, 0.1492370
1111.133, 0.2868940
1111.615, 0.6872960
1112.097, 1.106644
1112.579, 1.426939
1113.062, 1.597849
1113.544, 1.278694
1114.026, 0.5936760
1114.508, 0.1566910
1114.990, 0.5373670
1115.472, 0.8768270
1115.954, 0.8651580
1116.436, 0.7044640
1116.919, 0.6292610
1117.401, 0.6354580
1117.883, 0.6948050
1118.365, 0.8117310
1118.847, 0.9234350
1119.329, 1.023678
1119.811, 1.042959
1120.293, 0.9524540
1120.776, 0.7783600
1121.258, 0.4719910
1121.740, 1.0130000E-02
1122.222, 0.1869560
1122.704, 9.0305001E-02
1123.186, 0.4840390
1123.668, 0.7204440
1124.150, 0.8442330
1124.632, 0.9089830
1125.115, 0.9197270
1125.597, 0.7965180
1126.079, 0.4604800
1126.561, 0.2690200
1127.043, 0.4313660
1127.525, 0.6916830
1128.007, 0.5672210
1128.489, 0.2586800
1128.971, 0.1292530
1129.454, 0.3824480
1129.936, 0.4816530
1130.418, 0.2829650
1130.900, 0.1340080
1131.382, 0.3258670
1131.864, 0.6869960
1132.346, 0.6091140
1132.828, 0.2328260
1133.311, 2.3747999E-02
1133.793, 0.4789140
1134.275, 0.7250520
1134.757, 0.3389850
1135.239, 8.4454000E-02
1135.721, 0.1293890
1136.203, 0.8686680
1136.685, 1.135269
1137.167, 0.9405160
1137.650, 0.7227550
1138.132, 0.7822270
1138.614, 0.8441510
1139.096, 0.7732560
1139.578, 0.6170040
1140.060, 0.3972760
1140.542, 0.1071130
1141.024, 0.1069870
1141.506, 0.4516370
1141.989, 0.7646660
1142.471, 0.7439540
1142.953, 0.5802190
1143.435, 0.3249490
1143.917, 4.5024998E-02
1144.399, 3.4641001E-02
1144.881, 0.3536090
1145.363, 0.5220640
1145.846, 0.4092710
1146.328, 0.2201480
1146.810, 0.2100010
1147.292, 0.2231200
1147.774, 1.0002000E-02
1148.256, 0.4837990
1148.738, 0.5274220
1149.220, 4.3694001E-02
1149.703, 0.5056630
1150.185, 0.6057550
1150.667, 0.4737820
1151.149, 0.1401630
1151.631, 0.2320330
1152.113, 0.3668500
1152.595, 0.1267510
1153.077, 8.1978001E-02
1153.559, 0.2313860
1154.042, 0.3523100
1154.524, 0.5122130
1155.006, 0.6116070
1155.488, 0.2274890
1155.970, 0.3812260
1156.452, 0.5538480
1156.934, 0.3120190
1157.416, 0.9021850
1157.898, 0.9728640
1158.381, 0.8936410
1158.863, 0.9584900
1159.345, 0.8963390
1159.827, 0.7867280
1160.309, 0.7716010
1160.791, 0.5472680
1161.273, 0.4481470
1161.755, 0.3779510
1162.238, 0.2971690
1162.720, 0.2467990
1163.202, 0.2830300
1163.684, 0.3909680
1164.166, 0.4825340
1164.648, 0.5538600
1165.130, 0.6179280
1165.612, 0.6547130
1166.094, 0.7252960
1166.577, 0.9396230
1167.059, 1.142160
1167.541, 0.9989470
1168.023, 0.5541970
1168.505, 0.4433750
1168.987, 0.7340560
1169.469, 0.9943260
1169.951, 0.8224050
1170.433, 0.6253760
1170.916, 0.7460710
1171.398, 1.003693
1171.880, 0.8608260
1172.362, 0.3236870
1172.844, 7.0239998E-02
1173.326, 0.2579080
1173.808, 0.4941640
1174.290, 0.3805450
1174.773, 0.2453780
1175.255, 0.4203530
1175.737, 0.8254050
1176.219, 1.014389
1176.701, 0.9825840
1177.183, 0.8398820
1177.665, 0.5790810
1178.147, 0.3488480
1178.630, 0.3077700
1179.112, 0.3532140
1179.594, 0.3879660
1180.076, 0.4000360
1180.558, 0.4592460
1181.040, 0.5647320
1181.522, 0.6245460
1182.004, 0.5877930
1182.486, 0.5252020
1182.969, 0.5006940
1183.451, 0.5010700
1183.933, 0.5189570
1184.415, 0.5628870
1184.897, 0.5254360
1185.379, 0.3755570
1185.861, 0.3489000
1186.343, 0.6649990
1186.825, 1.028776
1187.308, 1.073364
1187.790, 0.9346640
1188.272, 0.8210140
1188.754, 0.7821620
1189.236, 0.6910210
1189.718, 0.5228900
1190.200, 0.4360960
1190.682, 0.6308590
1191.165, 0.8827800
1191.647, 0.9033910
1192.129, 0.7638720
1192.611, 0.6022590
1193.093, 0.3893830
1193.575, 0.2808340
1194.057, 0.2865350
1194.539, 0.3401510
1195.021, 0.3908060
1195.504, 0.4588430
1195.986, 0.6218050
1196.468, 0.8248120
1196.950, 0.9002170
1197.432, 0.7664970
1197.914, 0.6231460
1198.396, 0.4733680
1198.878, 0.3436810
1199.360, 0.2581140
1199.843, 0.2101880
1200.325, 0.2010120
1200.807, 0.2246110
1201.289, 0.2577250
1201.771, 0.2870480
1202.253, 0.3508990
1202.735, 0.4660020
1203.217, 0.5860670
1203.700, 0.6407810
1204.182, 0.6773660
1204.664, 0.7684880
1205.146, 0.9114070
1205.628, 1.062632
1206.110, 1.221531
1206.592, 1.291771
1207.074, 1.249893
1207.557, 1.238003
1208.039, 1.594105
1208.521, 2.047112
1209.003, 2.162445
1209.485, 1.911512
1209.967, 1.723341
1210.449, 1.690496
1210.931, 1.703909
1211.413, 1.735458
1211.896, 1.793936
1212.378, 1.955105
1212.860, 2.118830
1213.342, 2.061615
1213.824, 1.737705
1214.306, 1.705452
1214.788, 2.212700
1215.270, 2.578762
1215.752, 2.582073
1216.235, 2.513828
1216.717, 2.864414
1217.199, 3.346275
1217.681, 3.454441
1218.163, 3.082195
1218.645, 3.035809
1219.127, 3.473289
1219.609, 3.924557
1220.092, 4.282085
1220.574, 4.499348
1221.056, 4.417091
1221.538, 4.197964
1222.020, 4.102901
1222.502, 4.208004
1222.984, 4.100613
1223.466, 3.668598
1223.948, 3.355335
1224.431, 3.364422
1224.913, 3.480976
1225.395, 3.405811
1225.877, 3.232174
1226.359, 3.095509
1226.841, 3.041103
1227.323, 2.900654
1227.805, 2.644947
1228.287, 2.432625
1228.770, 2.379719
1229.252, 2.310894
1229.734, 1.818523
1230.216, 1.243847
1230.698, 1.126556
1231.180, 1.699875
1231.662, 1.841267
1232.144, 1.459988
1232.627, 1.186581
1233.109, 1.429523
1233.591, 1.716206
1234.073, 1.407993
1234.555, 0.8313940
1235.037, 0.3849490
1235.519, 7.3284000E-02
1236.001, 0.2137260
1236.484, 0.8799400
1236.966, 1.319252
1237.448, 0.9708710
1237.930, 0.5093460
1238.412, 0.7146190
1238.894, 1.173946
1239.376, 1.293362
1239.858, 0.9886170
1240.340, 0.8436430
1240.823, 0.8722270
1241.305, 0.8762820
1241.787, 0.6824530
1242.269, 0.5204850
1242.751, 0.5662690
1243.233, 0.7747540
1243.715, 1.146015
1244.197, 1.729843
1244.679, 1.802029
1245.162, 1.375874
1245.644, 1.061169
1246.126, 1.310398
1246.608, 1.618156
1247.090, 1.666080
1247.572, 1.573471
1248.054, 1.468456
1248.536, 1.346272
1249.019, 1.321869
1249.501, 1.395393
1249.983, 1.566692
1250.465, 1.960815
1250.947, 2.294865
1251.429, 2.371578
1251.911, 2.354736
1252.393, 2.429726
1252.875, 2.580685
1253.358, 2.386154
1253.840, 1.920231
1254.322, 1.676716
1254.804, 2.159843
1255.286, 2.589275
1255.768, 2.658463
1256.250, 2.607311
1256.732, 2.650009
1257.214, 2.748600
1257.697, 2.582287
1258.179, 2.230480
1258.661, 2.060646
1259.143, 2.590137
1259.625, 2.790497
1260.107, 2.337231
1260.589, 1.750957
1261.071, 1.415730
1261.554, 1.310314
1262.036, 1.457993
1262.518, 1.782555
1263.000, 2.034767
1263.482, 2.224773
1263.964, 2.127575
1264.446, 1.621429
1264.928, 1.087627
1265.411, 0.8782010
1265.893, 0.8467450
1266.375, 0.6577680
1266.857, 0.4092370
1267.339, 0.3796230
1267.821, 0.9204560
1268.303, 1.149120
1268.785, 0.9898110
1269.267, 0.7399020
1269.750, 0.6222040
1270.232, 0.5618360
1270.714, 0.4423450
1271.196, 0.3031500
1271.678, 0.2549590
1272.160, 0.3761020
1272.642, 0.3152280
1273.124, 3.3470001E-02
1273.606, 0.1664470
1274.089, 1.1234000E-02
1274.571, 0.2920380
1275.053, 0.4334070
1275.535, 0.5045700
1276.017, 0.6694720
1276.499, 0.9839970
1276.981, 0.9848860
1277.463, 0.6681520
1277.946, 0.3354640
1278.428, 0.1688880
1278.910, 6.8424001E-02
1279.392, 1.7525000E-02
1279.874, 7.0846997E-02
1280.356, 5.8044001E-02
1280.838, 1.8619999E-02
1281.320, 5.1670000E-02
1281.802, 4.3033998E-02
1282.285, 2.5105000E-02
1282.767, 3.4575999E-02
1283.249, 3.2986000E-02
1283.731, 0.1191060
1284.213, 0.2893520
1284.695, 0.3242530
1285.177, 0.2753830
1285.659, 0.4542810
1286.141, 0.7927060
1286.624, 0.9997940
1287.106, 0.8862500
1287.588, 0.7032510
1288.070, 0.4304960
1288.552, 0.1812670
1289.034, 0.2159650
1289.516, 0.3941730
1289.998, 0.4860880
1290.481, 0.5155530
1290.963, 0.5444150
1291.445, 0.5285840
1291.927, 0.6021460
1292.409, 0.9016880
1292.891, 1.105553
1293.373, 0.8311920
1293.855, 0.5120090
1294.338, 0.5952490
1294.820, 0.9109190
1295.302, 1.155434
1295.784, 1.338730
1296.266, 1.304405
1296.748, 1.060635
1297.230, 0.7400780
1297.712, 0.3076520
1298.194, 1.8452000E-02
1298.677, 6.6220001E-03
1299.159, 0.1819310
1299.641, 0.3607330
1300.123, 0.5335350
1300.605, 0.5687520
1301.087, 0.2615970
1301.569, 0.1481970
1302.051, 0.2561190
1302.533, 0.2517200
1303.016, 0.0000000E+00
##END=



