##NAMES=Calomel
##RRUFFID=R070370
##IDEAL CHEMISTRY=HgCl
##LOCALITY=Lake County, California, USA
##OWNER=RRUFF
##SOURCE=Michael Scott
##DESCRIPTION=Colorless rounded or poorly formed crystals
##STATUS=The identification of this mineral has been confirmed only by single crystal X-ray diffraction.
##URL=rruff.info/R070370
133.5544, 0.0000000E+00
134.0366, 3.893158
134.5187, 5.424957
135.0008, 3.991150
135.4829, 1.707153
135.9650, 0.3798830
136.4471, 1.292725
136.9293, 1.985046
137.4114, 1.113892
137.8935, 2.484985
138.3756, 7.899231
138.8577, 12.86212
139.3398, 15.24023
139.8220, 14.93182
140.3041, 20.58453
140.7862, 34.09595
141.2683, 50.17828
141.7504, 67.08484
142.2325, 84.56488
142.7147, 102.2340
143.1968, 119.2398
143.6789, 135.6741
144.1610, 158.7409
144.6431, 189.3423
145.1252, 224.7728
145.6074, 262.1480
146.0895, 302.0847
146.5716, 347.5211
147.0537, 396.7355
147.5358, 452.6857
148.0179, 541.2000
148.5001, 658.0414
148.9822, 809.2790
149.4643, 1001.830
149.9464, 1236.789
150.4285, 1505.392
150.9106, 1818.668
151.3928, 2169.115
151.8749, 2484.371
152.3570, 2761.393
152.8391, 3000.575
153.3212, 3191.688
153.8033, 3332.039
154.2855, 3464.636
154.7676, 3620.510
155.2497, 3797.670
155.7318, 3985.442
156.2139, 4181.120
156.6960, 4387.334
157.1782, 4602.659
157.6603, 4824.301
158.1424, 5070.089
158.6245, 5345.938
159.1066, 5655.422
159.5887, 6019.285
160.0709, 6421.937
160.5530, 6888.894
161.0351, 7438.295
161.5172, 8053.817
161.9993, 8807.030
162.4814, 9682.208
162.9636, 10723.70
163.4457, 12105.94
163.9278, 13916.11
164.4099, 16085.19
164.8920, 18661.49
165.3741, 21945.29
165.8563, 24763.31
166.3384, 26807.81
166.8205, 27910.56
167.3026, 27530.34
167.7847, 24926.61
168.2668, 20862.77
168.7490, 16830.64
169.2311, 12591.00
169.7132, 8928.715
170.1953, 6271.442
170.6774, 4385.547
171.1595, 2995.370
171.6417, 2079.987
172.1238, 1537.439
172.6059, 1133.916
173.0880, 904.7822
173.5701, 746.6058
174.0522, 628.2426
174.5344, 540.3370
175.0165, 472.5297
175.4986, 418.0905
175.9807, 373.7644
176.4628, 334.5640
176.9449, 304.3593
177.4271, 276.0346
177.9092, 245.5444
178.3913, 214.0291
178.8734, 184.5519
179.3555, 159.0743
179.8376, 138.1978
180.3197, 122.3593
180.8019, 114.7780
181.2840, 108.9799
181.7661, 104.3570
182.2482, 99.48715
182.7303, 92.32025
183.2124, 81.44412
183.6946, 68.30414
184.1767, 56.90369
184.6588, 47.47870
185.1409, 39.75964
185.6230, 32.10260
186.1051, 26.30563
186.5873, 25.55161
187.0694, 32.26758
187.5515, 42.19250
188.0336, 43.18433
188.5157, 27.95859
188.9978, 16.21704
189.4800, 14.37662
189.9621, 16.75470
190.4442, 17.85175
190.9263, 15.33417
191.4084, 9.770294
191.8905, 1.713562
192.3727, 14.16235
192.8548, 22.55573
193.3369, 17.00525
193.8190, 5.960846
194.3011, 3.018799
194.7832, 6.943909
195.2654, 7.071991
195.7475, 5.628845
196.2296, 0.8555300
196.7117, 2.197998
197.1938, 4.619324
197.6759, 4.513092
198.1581, 1.097290
198.6402, 13.02490
199.1223, 27.23749
199.6044, 35.91757
200.0865, 35.60950
200.5686, 36.46735
201.0508, 41.44971
201.5329, 46.51105
202.0150, 48.13293
202.4971, 45.47571
202.9792, 40.81189
203.4613, 37.83203
203.9435, 37.58334
204.4256, 36.70370
204.9077, 35.44479
205.3898, 33.34711
205.8719, 29.25754
206.3540, 23.31668
206.8362, 17.63275
207.3183, 15.59818
207.8004, 19.74463
208.2825, 21.08273
208.7646, 18.54211
209.2467, 14.37289
209.7289, 9.175385
210.2110, 3.399536
210.6931, 2.204773
211.1752, 7.088409
211.6573, 11.84610
212.1395, 13.40982
212.6216, 10.02081
213.1037, 5.206665
213.5858, 1.576416
214.0679, 8.893951
214.5500, 12.81720
215.0322, 8.342285
215.5143, 6.474945
215.9964, 16.62894
216.4785, 20.34418
216.9606, 21.19052
217.4427, 19.37714
217.9249, 15.62659
218.4070, 11.10773
218.8891, 6.496918
219.3712, 1.735931
219.8533, 1.011414
220.3354, 0.6583560
220.8176, 0.8134160
221.2997, 4.362549
221.7818, 8.630371
222.2639, 11.08264
222.7460, 9.656921
223.2281, 4.811310
223.7103, 1.515961
224.1924, 0.8986510
224.6745, 0.7464600
225.1566, 1.805267
225.6387, 2.808929
226.1208, 1.689636
226.6030, 2.983185
227.0851, 10.11978
227.5672, 15.08340
228.0493, 16.14600
228.5314, 17.22253
229.0135, 19.06995
229.4957, 21.25504
229.9778, 23.17020
230.4599, 24.52029
230.9420, 25.65958
231.4241, 27.58929
231.9062, 31.23077
232.3884, 34.04791
232.8705, 35.50491
233.3526, 36.22791
233.8347, 36.21503
234.3168, 35.56888
234.7989, 35.57446
235.2811, 39.19785
235.7632, 49.76627
236.2453, 55.89102
236.7274, 53.27225
237.2095, 48.85916
237.6916, 47.21246
238.1738, 49.20193
238.6559, 52.68011
239.1380, 54.59653
239.6201, 53.79739
240.1022, 55.81863
240.5843, 64.63797
241.0665, 73.21228
241.5486, 76.90292
242.0307, 76.39764
242.5128, 76.63708
242.9949, 83.67590
243.4770, 98.50787
243.9592, 108.1801
244.4413, 106.8002
244.9234, 105.6264
245.4055, 109.4532
245.8876, 117.0418
246.3697, 124.3050
246.8519, 127.4453
247.3340, 127.3694
247.8161, 132.1401
248.2982, 144.1496
248.7803, 158.3129
249.2624, 173.8759
249.7446, 190.0359
250.2267, 204.1545
250.7088, 215.0011
251.1909, 225.5302
251.6730, 242.9936
252.1551, 271.3235
252.6373, 297.5520
253.1194, 313.0944
253.6015, 326.4531
254.0836, 346.6696
254.5657, 376.9836
255.0478, 414.5977
255.5300, 455.4231
256.0121, 499.2156
256.4942, 548.2165
256.9763, 606.1428
257.4584, 667.8465
257.9406, 729.4847
258.4227, 790.0607
258.9048, 854.5093
259.3869, 928.2885
259.8690, 1011.716
260.3511, 1101.163
260.8333, 1202.009
261.3154, 1304.561
261.7975, 1400.069
262.2796, 1488.882
262.7617, 1582.199
263.2438, 1689.909
263.7260, 1810.230
264.2081, 1930.046
264.6902, 2042.695
265.1723, 2163.699
265.6544, 2303.726
266.1365, 2460.436
266.6187, 2625.572
267.1008, 2786.024
267.5829, 2954.007
268.0650, 3159.325
268.5471, 3409.138
269.0292, 3673.082
269.5114, 3931.374
269.9935, 4188.504
270.4756, 4455.995
270.9577, 4740.686
271.4398, 5033.807
271.9219, 5345.974
272.4041, 5679.747
272.8862, 5954.593
273.3683, 6125.933
273.8504, 6207.280
274.3325, 6241.513
274.8146, 6231.949
275.2968, 6172.530
275.7789, 6059.046
276.2610, 5892.743
276.7431, 5669.716
277.2252, 5371.622
277.7073, 5037.221
278.1895, 4726.717
278.6716, 4440.018
279.1537, 4169.630
279.6358, 3909.948
280.1179, 3666.249
280.6000, 3449.929
281.0822, 3263.497
281.5643, 3101.489
282.0464, 2959.639
282.5285, 2839.270
283.0106, 2731.077
283.4927, 2634.901
283.9749, 2550.307
284.4570, 2477.102
284.9391, 2414.948
285.4212, 2362.628
285.9033, 2320.971
286.3854, 2290.134
286.8676, 2257.968
287.3497, 2222.593
287.8318, 2187.847
288.3139, 2157.920
288.7960, 2130.285
289.2781, 2099.499
289.7603, 2062.922
290.2424, 2020.042
290.7245, 1968.604
291.2066, 1897.196
291.6887, 1832.067
292.1708, 1784.452
292.6530, 1742.204
293.1351, 1690.302
293.6172, 1623.653
294.0993, 1547.705
294.5814, 1472.445
295.0635, 1401.204
295.5457, 1323.024
296.0278, 1228.375
296.5099, 1134.951
296.9920, 1056.641
297.4741, 993.5591
297.9562, 936.7549
298.4384, 876.3099
298.9205, 810.7590
299.4026, 752.6805
299.8847, 703.4110
300.3668, 660.0883
300.8489, 622.8166
301.3310, 590.5472
301.8131, 562.0033
302.2953, 536.8122
302.7774, 514.0767
303.2595, 488.9383
303.7416, 458.1120
304.2237, 429.8271
304.7058, 407.2023
305.1880, 387.0792
305.6701, 365.3239
306.1522, 340.2842
306.6343, 315.6333
307.1164, 297.9883
307.5985, 289.2463
308.0807, 280.7220
308.5628, 271.4246
309.0449, 261.7357
309.5270, 250.9926
310.0091, 239.2596
310.4912, 228.7340
310.9734, 222.8821
311.4555, 221.1825
311.9376, 215.6977
312.4197, 203.7418
312.9018, 191.1111
313.3839, 179.1635
313.8661, 168.9788
314.3482, 163.5599
314.8303, 167.4004
315.3124, 175.5045
315.7945, 178.9725
316.2766, 177.2279
316.7588, 173.6898
317.2409, 169.3073
317.7230, 164.6086
318.2051, 160.5640
318.6872, 158.0215
319.1693, 154.6247
319.6515, 147.3307
320.1336, 137.3180
320.6157, 129.7493
321.0978, 126.5331
321.5799, 126.3524
322.0620, 128.2708
322.5442, 133.1987
323.0263, 134.8680
323.5084, 128.8699
323.9905, 119.7469
324.4726, 113.8347
324.9547, 112.1564
325.4369, 110.7065
325.9190, 105.1977
326.4011, 95.09509
326.8832, 88.10751
327.3653, 87.33350
327.8474, 86.67825
328.3296, 82.10300
328.8117, 74.65598
329.2938, 67.65616
329.7759, 62.91733
330.2580, 60.40814
330.7401, 60.16708
331.2223, 67.23367
331.7044, 70.31058
332.1865, 65.81119
332.6686, 57.86206
333.1507, 50.37271
333.6328, 44.69263
334.1150, 40.54559
334.5971, 37.83847
335.0792, 37.93668
335.5613, 35.70987
336.0434, 28.01425
336.5255, 21.04968
337.0077, 19.11215
337.4898, 21.13501
337.9719, 22.80008
338.4540, 20.44781
338.9361, 14.65094
339.4182, 10.52155
339.9004, 9.193756
340.3825, 8.002502
340.8646, 5.921906
341.3467, 3.579926
341.8288, 1.622925
342.3109, 0.1893920
342.7931, 0.3410640
343.2752, 1.530609
343.7573, 6.524872
344.2394, 8.654358
344.7215, 4.011902
345.2036, 2.115204
345.6858, 5.973022
346.1679, 7.336700
346.6500, 6.884735
347.1321, 3.339630
347.6142, 1.678314
348.0963, 3.096466
348.5785, 0.5985720
349.0606, 4.718658
349.5427, 4.859955
350.0248, 2.379211
350.5069, 1.293671
350.9890, 3.694611
351.4712, 6.642181
351.9533, 7.442261
352.4354, 6.511993
352.9175, 6.313080
353.3996, 8.450714
353.8817, 11.51804
354.3639, 11.53378
354.8460, 7.351898
355.3281, 3.309418
355.8102, 0.2767330
356.2923, 2.937744
356.7744, 2.944305
357.2566, 0.2348330
357.7387, 1.326996
358.2208, 3.358582
358.7029, 16.59088
359.1850, 22.90833
359.6671, 16.63544
360.1493, 10.16098
360.6314, 9.433472
361.1135, 12.84756
361.5956, 16.23141
362.0777, 17.20898
362.5598, 16.10715
363.0420, 14.09262
363.5241, 9.229065
364.0062, 5.934082
364.4883, 6.633087
364.9704, 8.011383
365.4525, 6.839508
365.9347, 2.634064
366.4168, 1.987305
366.8989, 4.187286
367.3810, 3.911163
367.8631, 1.235657
368.3452, 7.079529
368.8274, 13.12604
369.3095, 11.21625
369.7916, 4.325226
370.2737, 0.1935730
370.7558, 2.697571
371.2379, 8.605804
371.7201, 9.633423
372.2022, 5.244843
372.6843, 1.174438
373.1664, 0.2505490
373.6485, 0.7674260
374.1306, 0.2691350
374.6128, 3.745636
375.0949, 5.886871
375.5770, 4.198944
376.0591, 0.1276550
376.5412, 5.555573
377.0233, 12.07413
377.5055, 16.99393
377.9876, 16.88815
378.4697, 11.06384
378.9518, 8.425568
379.4339, 11.54343
379.9160, 15.65955
380.3982, 18.31320
380.8803, 19.63663
381.3624, 20.67191
381.8445, 22.10312
382.3266, 23.22699
382.8087, 21.83499
383.2909, 14.14203
383.7730, 8.890503
384.2551, 7.872620
384.7372, 8.291260
385.2193, 7.320221
385.7014, 4.853424
386.1836, 3.548126
386.6657, 7.128601
387.1478, 16.08514
387.6299, 20.07886
388.1120, 13.78439
388.5941, 8.546570
389.0763, 9.243927
389.5584, 13.10355
390.0405, 15.43503
390.5226, 13.89633
391.0047, 11.04245
391.4868, 11.79327
391.9690, 16.82285
392.4511, 18.62704
392.9332, 11.24750
393.4153, 3.562988
393.8974, 5.967072
394.3795, 18.37323
394.8617, 27.21533
395.3438, 21.65125
395.8259, 9.731995
396.3080, 5.821167
396.7901, 11.55280
397.2722, 17.92328
397.7544, 18.52524
398.2365, 14.53799
398.7186, 12.63309
399.2007, 12.65564
399.6828, 14.29083
400.1649, 19.48831
400.6471, 25.65692
401.1292, 28.18292
401.6113, 25.52399
402.0934, 20.15207
402.5755, 15.31784
403.0576, 10.03409
403.5398, 8.373840
404.0219, 14.47824
404.5040, 20.15387
404.9861, 20.26880
405.4682, 16.41885
405.9503, 13.57202
406.4325, 15.15176
406.9146, 19.40680
407.3967, 20.76587
407.8788, 17.58270
408.3609, 15.24710
408.8430, 15.90265
409.3252, 16.68695
409.8073, 15.00436
410.2894, 10.72519
410.7715, 6.718018
411.2536, 5.475861
411.7357, 6.501465
412.2179, 7.889496
412.7000, 9.904236
413.1821, 12.20157
413.6642, 14.96616
414.1463, 17.56989
414.6284, 18.90009
415.1106, 18.78644
415.5927, 17.23456
416.0748, 12.49921
416.5569, 6.185883
417.0390, 4.539459
417.5211, 10.58047
418.0033, 18.73520
418.4854, 20.46378
418.9675, 13.45584
419.4496, 7.497864
419.9317, 1.773071
420.4138, 1.839020
420.8960, 1.417053
421.3781, 2.340149
421.8602, 7.718536
422.3423, 14.11157
422.8244, 20.20532
423.3065, 20.00168
423.7887, 7.150116
424.2708, 2.346283
424.7529, 7.136749
425.2350, 7.893951
425.7171, 2.879547
426.1992, 6.994720
426.6814, 15.47202
427.1635, 14.84045
427.6456, 6.194214
428.1277, 3.461426
428.6098, 10.69363
429.0919, 16.66287
429.5741, 12.58353
430.0562, 4.416077
430.5383, 1.449951
431.0204, 7.834625
431.5025, 15.73093
431.9846, 19.34323
432.4668, 18.79190
432.9489, 14.75531
433.4310, 6.777802
433.9131, 0.3374330
434.3952, 0.8275760
434.8773, 5.864380
435.3595, 12.63284
435.8416, 22.11795
436.3237, 28.86429
436.8058, 27.38388
437.2879, 20.38464
437.7701, 14.96106
438.2522, 14.81659
438.7343, 17.97855
439.2164, 19.49246
439.6985, 18.62051
440.1806, 17.31012
440.6628, 15.09302
441.1449, 12.92270
441.6270, 10.65298
442.1091, 8.839172
442.5912, 9.146210
443.0733, 13.70059
443.5555, 21.00906
444.0376, 25.03140
444.5197, 24.69608
445.0018, 24.22256
445.4839, 25.97928
445.9660, 27.98071
446.4482, 28.22406
446.9303, 26.35962
447.4124, 23.57257
447.8945, 20.05612
448.3766, 16.22650
448.8587, 12.87857
449.3409, 10.08701
449.8230, 7.960968
450.3051, 6.487610
450.7872, 5.764740
451.2693, 6.180969
451.7514, 8.223236
452.2336, 10.88354
452.7157, 15.54016
453.1978, 19.99765
453.6799, 20.84653
454.1620, 17.21884
454.6441, 11.30560
455.1263, 5.274689
455.6084, 1.693146
456.0905, 4.100189
456.5726, 2.748657
457.0547, 9.556183
457.5368, 13.81882
458.0190, 16.12643
458.5011, 17.69983
458.9832, 19.05292
459.4653, 19.84241
459.9474, 19.09647
460.4295, 16.77893
460.9117, 15.89526
461.3938, 18.44229
461.8759, 20.60751
462.3580, 18.11072
462.8401, 11.90866
463.3222, 7.003845
463.8044, 4.112701
464.2865, 3.561310
464.7686, 7.678894
465.2507, 14.89789
465.7328, 18.95065
466.2149, 16.83401
466.6971, 11.11816
467.1792, 6.652405
467.6613, 3.209442
468.1434, 1.783081
468.6255, 3.563873
469.1076, 6.278198
469.5898, 9.762939
470.0719, 13.00751
470.5540, 13.27634
471.0361, 8.178772
471.5182, 0.7601620
472.0003, 0.7160340
472.4825, 11.46292
472.9646, 20.26843
473.4467, 24.70447
473.9288, 26.00641
474.4109, 23.01920
474.8930, 16.49698
475.3752, 11.77798
475.8573, 14.81296
476.3394, 20.45447
476.8215, 18.11557
477.3036, 7.491882
477.7857, 0.1810910
478.2679, 1.466797
478.7500, 8.882996
479.2321, 12.94913
479.7142, 11.80258
480.1963, 11.92114
480.6784, 17.29910
481.1606, 22.61084
481.6427, 21.42355
482.1248, 14.32938
482.6069, 8.111786
483.0890, 8.301910
483.5711, 14.05975
484.0533, 18.99710
484.5354, 24.54297
485.0175, 25.98816
485.4996, 19.62939
485.9817, 11.60062
486.4638, 6.908081
486.9460, 5.950165
487.4281, 6.185913
487.9102, 4.628510
488.3923, 1.394775
488.8744, 1.525513
489.3565, 4.639771
489.8387, 4.075897
490.3208, 5.213531
490.8029, 17.99310
491.2850, 22.44507
491.7671, 15.19907
492.2492, 9.181335
492.7314, 9.532837
493.2135, 12.99527
493.6956, 16.97556
494.1777, 20.71252
494.6598, 22.82678
495.1419, 22.06757
495.6241, 18.90753
496.1062, 16.35791
496.5883, 14.36017
497.0704, 13.15466
497.5525, 13.66635
498.0346, 14.31293
498.5168, 12.99835
498.9989, 9.992706
499.4810, 8.356415
499.9631, 11.76959
500.4452, 18.53027
500.9273, 21.96768
501.4095, 21.50372
501.8916, 20.01993
502.3737, 17.40533
502.8558, 15.33737
503.3379, 16.93567
503.8200, 23.52017
504.3022, 28.36212
504.7843, 28.88779
505.2664, 26.37070
505.7485, 20.16241
506.2306, 11.36182
506.7127, 6.303528
507.1949, 9.945892
507.6770, 19.63293
508.1591, 23.66940
508.6412, 17.32812
509.1233, 12.02921
509.6054, 7.329712
510.0876, 4.629974
510.5697, 5.990814
511.0518, 10.70316
511.5339, 15.51468
512.0161, 18.50458
512.4982, 19.70078
512.9803, 18.74164
513.4624, 15.15775
513.9445, 11.46170
514.4266, 7.967346
514.9088, 6.198456
515.3909, 8.993225
515.8730, 16.80627
516.3551, 20.89450
516.8372, 14.82657
517.3193, 6.754944
517.8015, 4.142761
518.2836, 6.261444
518.7657, 8.165680
519.2478, 7.179871
519.7299, 4.670715
520.2120, 3.921265
520.6942, 5.921570
521.1763, 7.841522
521.6584, 10.61380
522.1405, 12.45563
522.6226, 11.77945
523.1047, 9.378754
523.5869, 7.314941
524.0690, 6.685760
524.5511, 6.873230
525.0332, 6.505371
525.5153, 5.596985
525.9974, 6.913116
526.4796, 12.71240
526.9617, 18.31912
527.4438, 17.08917
527.9259, 10.04987
528.4080, 6.538300
528.8901, 11.62427
529.3723, 16.85440
529.8544, 15.90314
530.3365, 11.73499
530.8186, 11.14972
531.3007, 16.33633
531.7828, 22.22998
532.2650, 21.30280
532.7471, 11.95053
533.2292, 5.714813
533.7113, 3.538574
534.1934, 3.618866
534.6755, 7.249634
535.1577, 12.05801
535.6398, 14.65900
536.1219, 13.92447
536.6040, 12.63611
537.0861, 13.64960
537.5682, 16.20285
538.0504, 18.24826
538.5325, 19.74451
539.0146, 18.94821
539.4967, 13.25793
539.9788, 4.326355
540.4609, 0.4464110
540.9431, 5.401886
541.4252, 9.565033
541.9073, 10.43124
542.3894, 10.00726
542.8715, 11.02435
543.3536, 13.11642
543.8358, 12.40204
544.3179, 4.514709
544.8000, 7.428619
545.2821, 8.068146
545.7642, 8.657166
546.2463, 20.03790
546.7285, 16.00992
547.2106, 7.361969
547.6926, 1.097870
548.1747, 2.072815
548.6569, 1.574066
549.1390, 6.418365
549.6211, 15.82495
550.1032, 19.11096
550.5853, 17.55478
551.0674, 17.65561
551.5496, 22.37698
552.0317, 27.97830
552.5138, 28.06757
552.9959, 20.06046
553.4780, 15.27811
553.9601, 16.64465
554.4423, 17.60370
554.9244, 12.99716
555.4065, 7.024506
555.8886, 7.770386
556.3707, 18.42291
556.8528, 29.97281
557.3350, 30.63620
557.8171, 21.74808
558.2992, 13.65125
558.7813, 6.632782
559.2634, 2.603119
559.7455, 4.511353
560.2277, 10.25671
560.7098, 12.82733
561.1919, 10.27606
561.6740, 7.885010
562.1561, 6.849365
562.6382, 7.062836
563.1204, 9.344147
563.6025, 13.09378
564.0846, 15.50494
564.5667, 14.24835
565.0488, 10.59161
565.5309, 10.00418
566.0131, 14.81216
566.4952, 16.80066
566.9773, 11.42523
567.4594, 5.287231
567.9415, 1.550232
568.4236, 0.5403440
568.9058, 2.626984
569.3879, 11.68405
569.8700, 20.57697
570.3521, 21.91818
570.8342, 16.64386
571.3163, 9.630127
571.7985, 2.020081
572.2806, 4.570709
572.7627, 8.449280
573.2448, 9.779327
573.7269, 6.799347
574.2090, 6.344513
574.6912, 16.64075
575.1733, 19.60016
575.6554, 18.70166
576.1375, 17.48788
576.6196, 16.90582
577.1017, 16.68491
577.5839, 17.29758
578.0660, 18.06784
578.5481, 15.69507
579.0302, 9.510040
579.5123, 5.998474
579.9944, 9.272400
580.4766, 15.93784
580.9587, 19.47247
581.4408, 19.48044
581.9229, 18.91519
582.4050, 17.44138
582.8871, 16.16861
583.3693, 16.03189
583.8514, 16.66324
584.3335, 17.48550
584.8156, 18.24673
585.2977, 18.10342
585.7798, 14.66647
586.2620, 7.335815
586.7441, 4.164948
587.2262, 7.360840
587.7083, 11.72144
588.1904, 15.42154
588.6725, 18.03818
589.1547, 18.58173
589.6368, 15.11649
590.1189, 12.75040
590.6010, 15.76205
591.0831, 20.67294
591.5652, 23.26523
592.0474, 23.19846
592.5295, 21.85455
593.0116, 20.10370
593.4937, 17.82825
593.9758, 14.18649
594.4579, 7.063324
594.9401, 3.654541
595.4222, 8.354767
595.9043, 13.50247
596.3864, 15.46304
596.8685, 14.81818
597.3506, 13.26016
597.8328, 10.46033
598.3149, 8.811096
598.7970, 12.52347
599.2791, 18.91357
599.7612, 19.64575
600.2433, 12.98923
600.7255, 7.896790
601.2076, 13.25311
601.6897, 27.14697
602.1718, 33.83459
602.6539, 25.39627
603.1360, 19.65347
603.6182, 20.30264
604.1003, 22.66449
604.5824, 24.12442
605.0645, 24.38828
605.5466, 24.06085
606.0287, 23.61081
606.5109, 22.42416
606.9930, 17.65668
607.4751, 10.10870
607.9572, 8.008453
608.4393, 14.43991
608.9214, 22.78128
609.4036, 26.92978
609.8857, 26.84476
610.3678, 24.03854
610.8499, 13.25067
611.3320, 6.658661
611.8141, 10.52472
612.2963, 17.75928
612.7784, 22.18347
613.2605, 22.55710
613.7426, 19.51471
614.2247, 11.52600
614.7068, 2.120087
615.1890, 1.302338
615.6711, 9.509888
616.1532, 16.58392
616.6353, 19.80252
617.1174, 20.44928
617.5995, 18.93115
618.0817, 15.19180
618.5638, 14.09631
619.0459, 20.46017
619.5280, 24.15067
620.0101, 18.11871
620.4922, 8.765289
620.9744, 4.346954
621.4565, 6.220612
621.9386, 9.868988
622.4207, 11.19476
622.9028, 11.06342
623.3849, 13.39792
623.8671, 18.91586
624.3492, 22.67340
624.8313, 23.02985
625.3134, 21.74948
625.7955, 20.03754
626.2776, 17.99283
626.7598, 14.16928
627.2419, 3.087921
627.7240, 4.173370
628.2061, 1.719330
628.6882, 13.51355
629.1703, 21.09335
629.6525, 21.89600
630.1346, 18.16812
630.6167, 11.02164
631.0988, 2.003113
631.5809, 0.1458740
632.0630, 6.660919
632.5452, 13.24246
633.0273, 17.63708
633.5094, 20.06650
633.9915, 20.73712
634.4736, 19.71210
634.9557, 17.52054
635.4379, 12.30850
635.9200, 8.023682
636.4021, 7.165497
636.8842, 8.631958
637.3663, 10.58975
637.8484, 12.61539
638.3306, 15.33817
638.8127, 20.10852
639.2948, 25.98615
639.7769, 26.34509
640.2590, 19.28668
640.7411, 13.52936
641.2233, 12.65466
641.7054, 13.05405
642.1875, 10.27774
642.6696, 4.712280
643.1517, 1.447754
643.6339, 2.026825
644.1160, 4.632202
644.5981, 11.72919
645.0802, 18.84283
645.5623, 16.95969
646.0444, 5.526428
646.5266, 4.807709
647.0087, 3.478729
647.4908, 6.828827
647.9729, 13.74423
648.4550, 16.88455
648.9371, 17.86349
649.4193, 16.19559
649.9014, 13.43085
650.3835, 10.10721
650.8656, 6.585693
651.3477, 5.665894
651.8298, 10.86792
652.3120, 15.29315
652.7941, 15.21280
653.2762, 12.67908
653.7583, 9.714661
654.2404, 7.104095
654.7225, 6.138733
655.2047, 8.509186
655.6868, 12.44421
656.1689, 11.13028
656.6510, 3.291107
657.1331, 1.946533
657.6152, 2.503143
658.0974, 0.1951290
658.5795, 5.105774
659.0616, 12.37463
659.5437, 16.74063
660.0258, 15.09683
660.5079, 13.83701
660.9901, 17.25366
661.4722, 20.76666
661.9543, 17.92612
662.4364, 9.761841
662.9185, 3.644684
663.4006, 4.935272
663.8828, 9.925842
664.3649, 10.06903
664.8470, 5.154846
665.3291, 2.352844
665.8112, 3.088226
666.2933, 5.293640
666.7755, 7.528900
667.2576, 10.00323
667.7397, 13.64816
668.2218, 20.43622
668.7039, 25.20627
669.1860, 28.43509
669.6682, 28.54861
670.1503, 21.47623
670.6324, 10.26053
671.1145, 2.776489
671.5966, 2.992035
672.0787, 7.702179
672.5609, 14.77158
673.0430, 23.16879
673.5251, 23.77725
674.0072, 14.10504
674.4893, 6.484619
674.9714, 9.040283
675.4536, 17.97665
675.9357, 23.59406
676.4178, 25.35602
676.8999, 24.89105
677.3820, 21.03491
677.8641, 16.17355
678.3463, 9.383118
678.8284, 3.188721
679.3105, 2.378357
679.7926, 8.463226
680.2747, 15.21698
680.7568, 17.69458
681.2390, 16.25949
681.7211, 9.202820
682.2032, 2.895416
682.6853, 9.045654
683.1674, 3.670105
683.6495, 7.207001
684.1317, 14.35278
684.6138, 16.94266
685.0959, 20.04755
685.5780, 26.23059
686.0601, 30.26923
686.5422, 27.96103
687.0244, 23.03723
687.5065, 19.10266
687.9886, 16.75043
688.4707, 15.84982
688.9528, 18.02042
689.4349, 20.29416
689.9171, 18.58633
690.3992, 14.18527
690.8813, 11.12436
691.3634, 10.47891
691.8455, 10.20895
692.3276, 8.194336
692.8098, 4.701843
693.2919, 2.043610
693.7740, 3.4882002E-02
694.2561, 0.7265930
694.7382, 4.6294998E-02
695.2203, 1.994598
695.7025, 5.683868
696.1846, 10.45816
696.6667, 13.91171
697.1488, 14.93909
697.6309, 15.29782
698.1130, 15.79660
698.5952, 16.21814
699.0773, 16.03131
699.5594, 15.41394
700.0415, 15.22769
700.5236, 15.99237
701.0057, 17.56424
701.4879, 20.27353
701.9700, 24.30261
702.4521, 25.66809
702.9342, 23.61713
703.4163, 19.74255
703.8984, 13.14117
704.3806, 5.794769
704.8627, 3.925934
705.3448, 10.00595
705.8269, 14.34573
706.3090, 14.51236
706.7911, 13.75116
707.2733, 13.43018
707.7554, 13.72446
708.2375, 15.18533
708.7196, 17.84061
709.2017, 19.51251
709.6838, 17.02182
710.1660, 12.25272
710.6481, 10.14575
711.1302, 10.63754
711.6123, 11.71979
712.0944, 12.95251
712.5765, 13.25827
713.0587, 10.77542
713.5408, 5.215820
714.0229, 3.068604
714.5050, 7.278534
714.9871, 10.83893
715.4692, 11.82452
715.9514, 12.74722
716.4335, 16.55429
716.9156, 22.23813
717.3977, 24.80771
717.8798, 20.90762
718.3619, 15.15659
718.8441, 10.22610
719.3262, 6.331085
719.8083, 3.495056
720.2904, 1.934235
720.7725, 3.195435
721.2546, 8.767944
721.7368, 15.94403
722.2189, 17.28854
722.7010, 11.45761
723.1831, 9.750214
723.6652, 16.46567
724.1473, 20.85129
724.6295, 12.78876
725.1116, 0.3362120
725.5937, 3.299927
726.0758, 7.722809
726.5579, 15.71582
727.0400, 15.19901
727.5222, 13.28156
728.0043, 14.50586
728.4864, 17.22467
728.9685, 17.28229
729.4506, 14.16397
729.9327, 12.43973
730.4149, 19.31384
730.8970, 29.27023
731.3791, 27.76599
731.8612, 16.17224
732.3433, 7.037262
732.8254, 3.730072
733.3076, 5.988556
733.7897, 15.23221
734.2718, 30.31451
734.7539, 36.11649
735.2360, 26.14731
735.7181, 17.69684
736.2003, 13.12973
736.6824, 10.17520
737.1645, 7.527283
737.6466, 5.335876
738.1287, 4.232452
738.6108, 4.493256
739.0930, 5.595734
739.5751, 8.410065
740.0572, 10.96133
740.5393, 10.75848
741.0214, 9.173340
741.5035, 6.808105
741.9857, 4.455048
742.4678, 2.046234
742.9499, 2.095245
743.4320, 7.381744
743.9141, 3.768372
744.3962, 11.30283
744.8784, 21.42825
745.3605, 18.45438
745.8426, 10.36877
746.3247, 8.022156
746.8068, 12.22354
747.2889, 14.65677
747.7711, 14.89902
748.2532, 14.05969
748.7353, 10.00027
749.2174, 6.752350
749.6995, 10.24911
750.1816, 18.45737
750.6638, 21.64719
751.1459, 12.54672
751.6280, 1.940094
752.1101, 0.2945250
752.5922, 4.063782
753.0743, 6.824860
753.5565, 7.768555
754.0386, 7.990173
754.5207, 7.992371
755.0028, 8.587921
755.4849, 12.76868
755.9670, 20.79666
756.4492, 23.64417
756.9313, 19.86066
757.4134, 15.22324
757.8955, 11.43109
758.3776, 8.718781
758.8597, 7.874847
759.3419, 9.149323
759.8240, 9.399628
760.3061, 4.830353
760.7882, 3.577118
761.2703, 13.88519
761.7524, 25.64990
762.2346, 26.45178
762.7167, 16.84943
763.1988, 7.959167
763.6809, 6.223297
764.1630, 7.673553
764.6451, 8.804932
765.1273, 9.350159
765.6094, 7.001190
766.0915, 2.210144
766.5736, 2.731476
767.0557, 14.27924
767.5378, 29.76428
768.0200, 32.47876
768.5021, 19.52551
768.9842, 11.38824
769.4663, 9.813080
769.9484, 10.00064
770.4305, 10.42755
770.9127, 11.15475
771.3948, 12.62836
771.8769, 15.01926
772.3590, 15.93896
772.8411, 13.64563
773.3232, 11.58813
773.8054, 10.61963
774.2875, 10.86646
774.7696, 14.04318
775.2517, 18.89038
775.7338, 19.69141
776.2159, 10.87207
776.6981, 1.944733
777.1802, 6.523376
777.6623, 18.42419
778.1444, 22.85431
778.6265, 18.74585
779.1086, 13.85876
779.5908, 12.60513
780.0729, 12.54370
780.5550, 7.965912
781.0371, 2.258469
781.5192, 4.575211
782.0013, 4.483612
782.4835, 12.24243
782.9656, 13.74567
783.4477, 11.69653
783.9298, 9.273987
784.4119, 6.234833
784.8940, 3.534790
785.3762, 0.6748960
785.8583, 2.080658
786.3404, 2.131561
786.8225, 8.308502
787.3046, 14.56799
787.7867, 19.93077
788.2689, 22.61380
788.7510, 21.36952
789.2331, 18.97417
789.7152, 16.75435
790.1973, 15.42009
790.6794, 17.03119
791.1616, 20.79861
791.6437, 22.81773
792.1258, 21.41446
792.6079, 19.37488
793.0900, 21.66193
793.5721, 27.24501
794.0543, 23.69931
794.5364, 8.506989
795.0185, 0.8421020
795.5006, 8.956909
795.9827, 20.51779
796.4648, 24.03999
796.9470, 20.06223
797.4291, 14.30666
797.9112, 1.179581
798.3933, 5.551636
798.8754, 4.0192001E-02
799.3575, 6.891357
799.8397, 7.905182
800.3218, 5.819702
800.8039, 6.936890
801.2860, 13.21936
801.7681, 17.92792
802.2502, 16.11201
802.7324, 12.03381
803.2145, 8.630676
803.6966, 6.406281
804.1787, 5.194626
804.6608, 5.304337
805.1429, 9.259201
805.6251, 21.60425
806.1072, 35.89883
806.5893, 36.15097
807.0714, 24.40002
807.5535, 15.96399
808.0356, 13.49022
808.5178, 13.57405
808.9999, 14.33492
809.4820, 15.30124
809.9641, 15.22307
810.4462, 13.78439
810.9283, 12.58250
811.4105, 12.93149
811.8926, 11.29723
812.3747, 2.263718
812.8568, 6.731018
813.3389, 5.044922
813.8210, 7.290741
814.3032, 14.24127
814.7853, 8.275757
815.2674, 3.186020
815.7495, 5.741730
816.2316, 9.590698
816.7137, 7.912628
817.1959, 2.155060
817.6780, 1.792786
818.1601, 1.622849
818.6422, 1.649445
819.1243, 10.26387
819.6064, 19.69647
820.0886, 22.12006
820.5707, 18.75473
821.0528, 14.90291
821.5349, 12.55679
822.0170, 12.12505
822.4991, 14.53297
822.9813, 18.95474
823.4634, 22.18202
823.9455, 24.27109
824.4276, 23.99712
824.9097, 20.53589
825.3918, 16.84167
825.8740, 14.82434
826.3561, 14.51465
826.8382, 16.34981
827.3203, 23.12665
827.8024, 26.27901
828.2845, 22.35077
828.7667, 19.01526
829.2488, 20.64597
829.7309, 23.26683
830.2130, 21.19460
830.6951, 14.16982
831.1772, 9.778061
831.6594, 12.39554
832.1415, 14.85732
832.6236, 14.19313
833.1057, 11.77167
833.5878, 7.269638
834.0699, 2.371307
834.5521, 1.976547
835.0342, 9.107376
835.5163, 16.44354
835.9984, 16.13202
836.4805, 12.61987
836.9626, 12.54840
837.4448, 16.07446
837.9269, 21.08046
838.4090, 26.54489
838.8911, 28.52605
839.3732, 21.98344
839.8553, 10.16782
840.3375, 2.385483
840.8196, 1.358597
841.3017, 0.5385590
841.7838, 5.782898
842.2659, 12.84383
842.7480, 18.18106
843.2302, 20.98929
843.7123, 18.74359
844.1944, 8.412155
844.6765, 4.308746
845.1586, 11.00439
845.6407, 17.11226
846.1229, 18.82153
846.6050, 18.19789
847.0871, 17.04742
847.5692, 15.37915
848.0513, 12.79269
848.5334, 6.559158
849.0156, 3.007858
849.4977, 6.076965
849.9798, 10.47459
850.4619, 12.24054
850.9440, 12.01891
851.4261, 11.92134
851.9083, 12.60086
852.3904, 13.33621
852.8725, 14.47998
853.3546, 14.75067
853.8367, 10.71188
854.3188, 5.364929
854.8010, 5.929016
855.2831, 12.88860
855.7652, 19.16125
856.2473, 18.81458
856.7294, 16.26768
857.2115, 18.20326
857.6937, 23.38327
858.1758, 26.96407
858.6579, 28.39142
859.1400, 26.04326
859.6221, 18.82919
860.1042, 10.76010
860.5864, 8.462128
861.0685, 11.68130
861.5506, 12.82487
862.0327, 11.37646
862.5148, 9.642059
862.9969, 7.192276
863.4791, 6.436417
863.9612, 10.17078
864.4433, 16.87457
864.9254, 21.10268
865.4075, 23.30371
865.8896, 22.05072
866.3718, 12.34312
866.8539, 5.287170
867.3360, 6.447357
867.8181, 11.17307
868.3002, 14.77667
868.7823, 16.85504
869.2645, 17.88829
869.7466, 18.05174
870.2287, 17.11513
870.7108, 13.98943
871.1929, 10.29829
871.6750, 5.748383
872.1572, 1.643250
872.6393, 1.981277
873.1214, 8.282944
873.6035, 14.43266
874.0856, 16.04225
874.5677, 15.19051
875.0499, 13.52432
875.5320, 11.32239
876.0141, 9.273697
876.4962, 7.625092
876.9783, 6.045303
877.4604, 4.122131
877.9426, 3.268372
878.4247, 7.297150
878.9068, 14.33850
879.3889, 17.25195
879.8710, 15.73117
880.3531, 11.84357
880.8353, 6.212555
881.3174, 2.105011
881.7995, 4.056229
882.2816, 10.73612
882.7637, 13.87643
883.2458, 13.34776
883.7280, 9.227539
884.2101, 0.3603060
884.6922, 7.079208
885.1743, 4.585861
885.6564, 3.435364
886.1385, 8.717636
886.6207, 10.33162
887.1028, 10.69081
887.5849, 8.616638
888.0670, 7.203720
888.5491, 8.072815
889.0313, 9.204269
889.5134, 7.513016
889.9955, 4.300034
890.4776, 5.758163
890.9597, 16.98642
891.4418, 24.37103
891.9240, 26.82307
892.4061, 24.20174
892.8882, 10.37592
893.3703, 5.299744
893.8524, 8.897736
894.3345, 0.5032500
894.8167, 8.963974
895.2988, 11.12703
895.7809, 10.68752
896.2630, 7.811127
896.7451, 4.702560
897.2272, 3.559265
897.7094, 4.228821
898.1915, 6.250504
898.6736, 9.361649
899.1557, 11.07205
899.6378, 5.742142
900.1199, 0.5816500
900.6021, 7.749252
901.0842, 21.14763
901.5663, 27.34816
902.0484, 24.73044
902.5305, 19.76404
903.0126, 16.10109
903.4948, 14.43567
903.9769, 17.49039
904.4590, 23.14714
904.9411, 24.47745
905.4232, 21.58727
905.9053, 17.27621
906.3875, 12.49432
906.8696, 8.587662
907.3517, 6.845840
907.8338, 7.007843
908.3159, 8.839401
908.7980, 12.36377
909.2802, 13.65991
909.7623, 12.00616
910.2444, 10.60583
910.7265, 11.17809
911.2086, 12.17015
911.6907, 10.90027
912.1729, 7.449799
912.6550, 8.487289
913.1371, 16.61359
913.6192, 20.63136
914.1013, 16.46716
914.5834, 12.08859
915.0656, 13.96841
915.5477, 18.42491
916.0298, 16.09142
916.5119, 3.100967
916.9940, 2.066177
917.4761, 6.608994
917.9583, 14.59178
918.4404, 20.35599
918.9225, 22.64392
919.4046, 18.58894
919.8867, 10.38795
920.3688, 5.224503
920.8510, 6.058350
921.3331, 6.927551
921.8152, 7.455704
922.2973, 7.299515
922.7794, 5.538193
923.2615, 3.500015
923.7437, 2.144608
924.2258, 1.853500
924.7079, 4.108215
925.1900, 12.45399
925.6721, 18.29311
926.1542, 15.83719
926.6364, 11.63721
927.1185, 11.27570
927.6006, 12.81924
928.0827, 11.67325
928.5648, 7.285782
929.0469, 4.220016
929.5291, 6.728104
930.0112, 9.707825
930.4933, 8.577271
930.9754, 6.190063
931.4575, 5.745285
931.9396, 7.381577
932.4218, 11.01300
932.9039, 16.52667
933.3860, 20.15672
933.8681, 17.20552
934.3502, 11.72035
934.8323, 7.786453
935.3145, 6.090118
935.7966, 7.888290
936.2787, 12.32472
936.7608, 15.99045
937.2429, 17.30464
937.7250, 16.33876
938.2072, 10.48372
938.6893, 3.486267
939.1714, 5.464279
939.6535, 14.30370
940.1356, 21.67261
940.6177, 25.54309
941.0999, 26.97867
941.5820, 26.84535
942.0641, 24.11629
942.5462, 13.38084
943.0283, 1.862411
943.5104, 4.635193
943.9926, 4.571716
944.4747, 14.36189
944.9568, 21.29930
945.4389, 25.43539
945.9210, 26.76540
946.4031, 25.39545
946.8853, 19.88797
947.3674, 10.29393
947.8495, 9.087738
948.3316, 18.05472
948.8137, 22.90314
949.2958, 17.20410
949.7780, 10.25351
950.2601, 13.27986
950.7422, 23.48488
951.2243, 24.67314
951.7064, 15.25334
952.1885, 9.124435
952.6707, 6.959549
953.1528, 8.465042
953.6349, 15.16722
954.1170, 21.93282
954.5991, 21.35139
955.0812, 13.83615
955.5634, 8.342590
956.0455, 4.851929
956.5276, 3.700485
957.0097, 5.937698
957.4918, 8.413376
957.9739, 9.351974
958.4561, 9.615021
958.9382, 10.53877
959.4203, 12.15189
959.9024, 14.24748
960.3845, 18.61566
960.8666, 19.67761
961.3488, 13.62584
961.8309, 8.229553
962.3130, 9.161346
962.7951, 13.45282
963.2772, 15.14787
963.7593, 13.54909
964.2415, 13.08128
964.7236, 14.04807
965.2057, 15.70664
965.6878, 18.77098
966.1699, 21.68379
966.6520, 24.90488
967.1342, 26.93185
967.6163, 23.14352
968.0984, 10.41034
968.5805, 4.115952
969.0626, 10.74953
969.5447, 16.16150
970.0269, 15.49734
970.5090, 13.53876
970.9911, 14.65015
971.4732, 17.30983
971.9553, 16.52608
972.4374, 9.644897
972.9196, 7.228485
973.4017, 16.52065
973.8838, 23.07477
974.3659, 19.38417
974.8480, 12.70403
975.3301, 10.57727
975.8123, 11.22919
976.2944, 7.503082
976.7765, 5.200317
977.2586, 10.61720
977.7407, 2.449402
978.2228, 14.33379
978.7050, 14.13875
979.1871, 10.41179
979.6692, 12.77814
980.1513, 19.54314
980.6334, 21.84174
981.1155, 15.59543
981.5977, 11.69750
982.0798, 15.57127
982.5619, 20.02245
983.0440, 22.68307
983.5261, 23.04343
984.0082, 19.97574
984.4904, 14.24895
984.9725, 8.383545
985.4546, 2.157135
985.9367, 1.430878
986.4188, 0.4744870
986.9009, 2.104309
987.3831, 4.353165
987.8652, 7.430893
988.3473, 14.96890
988.8294, 25.19017
989.3115, 28.92355
989.7936, 19.82680
990.2758, 13.53485
990.7579, 22.68034
991.2400, 29.76349
991.7221, 19.48048
992.2042, 3.317123
992.6863, 4.994598
993.1685, 4.791473
993.6506, 2.084656
994.1327, 1.707550
994.6148, 6.153870
995.0969, 14.03316
995.5790, 19.36865
996.0612, 15.57623
996.5433, 8.341599
997.0254, 4.117661
997.5075, 3.637741
997.9896, 5.704071
998.4717, 11.40393
998.9539, 15.03282
999.4360, 12.07397
999.9181, 8.150589
1000.400, 6.554550
1000.882, 6.572495
1001.364, 8.260712
1001.847, 11.25858
1002.329, 12.00655
1002.811, 8.223022
1003.293, 5.807495
1003.775, 9.472260
1004.257, 13.34320
1004.739, 12.24226
1005.221, 9.690628
1005.703, 10.44678
1006.186, 14.34787
1006.668, 18.82513
1007.150, 24.49561
1007.632, 25.54620
1008.114, 14.38879
1008.596, 3.210999
1009.078, 0.7308810
1009.560, 0.3273010
1010.043, 5.609177
1010.525, 12.89754
1011.007, 15.87602
1011.489, 11.50740
1011.971, 6.887024
1012.453, 3.362350
1012.935, 2.424484
1013.417, 7.190720
1013.899, 13.43158
1014.382, 16.95573
1014.864, 17.51721
1015.346, 15.82257
1015.828, 11.07570
1016.310, 8.407104
1016.792, 13.01787
1017.274, 16.39743
1017.756, 11.14928
1018.239, 4.523270
1018.721, 5.373291
1019.203, 11.46716
1019.685, 13.80904
1020.167, 9.332733
1020.649, 6.200546
1021.131, 8.003006
1021.613, 10.56665
1022.095, 12.80374
1022.578, 14.21025
1023.060, 14.51939
1023.542, 13.65337
1024.024, 10.97636
1024.506, 5.788574
1024.988, 2.703217
1025.470, 4.890915
1025.952, 6.808426
1026.435, 5.593597
1026.917, 4.051804
1027.399, 4.212921
1027.881, 5.889114
1028.363, 8.932831
1028.845, 13.74547
1029.327, 16.15244
1029.809, 12.38676
1030.292, 10.30402
1030.774, 13.46741
1031.256, 17.51486
1031.738, 20.02745
1032.220, 21.12158
1032.702, 21.15263
1033.184, 20.11295
1033.666, 18.50519
1034.148, 13.87900
1034.630, 11.99492
1035.113, 16.84473
1035.595, 22.51083
1036.077, 24.22192
1036.559, 23.79953
1037.041, 24.62206
1037.523, 26.86938
1038.005, 25.11188
1038.487, 13.51666
1038.970, 7.355057
1039.452, 10.87610
1039.934, 15.59789
1040.416, 18.84889
1040.898, 20.57884
1041.380, 20.97931
1041.862, 19.92682
1042.344, 15.63542
1042.826, 4.445572
1043.309, 1.700150
1043.791, 0.4135280
1044.273, 2.240280
1044.755, 5.342300
1045.237, 6.774399
1045.719, 3.313736
1046.201, 3.314407
1046.683, 4.963669
1047.166, 0.2595830
1047.648, 5.029099
1048.130, 11.67432
1048.612, 16.47481
1049.094, 18.35854
1049.576, 18.36169
1050.058, 17.18513
1050.540, 14.61008
1051.022, 11.25508
1051.505, 7.157471
1051.987, 3.314453
1052.469, 0.8243100
1052.951, 1.283066
1053.433, 3.130188
1053.915, 6.298676
1054.397, 4.072083
1054.879, 2.7470000E-03
1055.361, 0.1398320
1055.844, 3.995972
1056.326, 7.264496
1056.808, 9.967743
1057.290, 12.45477
1057.772, 14.79512
1058.254, 16.05229
1058.736, 15.68427
1059.218, 14.47710
1059.701, 12.67746
1060.183, 11.52612
1060.665, 18.00020
1061.147, 29.54262
1061.629, 30.15045
1062.111, 19.53723
1062.593, 10.11464
1063.075, 6.829590
1063.557, 8.741653
1064.040, 16.80225
1064.522, 25.73218
1065.004, 24.29924
1065.486, 16.65155
1065.968, 12.31039
1066.450, 11.44638
1066.932, 11.90486
1067.414, 12.99600
1067.896, 13.80836
1068.379, 13.77127
1068.861, 13.10350
1069.343, 11.31728
1069.825, 9.610687
1070.307, 9.863586
1070.789, 11.42505
1071.271, 13.63234
1071.753, 15.74641
1072.236, 15.13162
1072.718, 10.01558
1073.200, 6.538177
1073.682, 11.19679
1074.164, 17.12946
1074.646, 20.06483
1075.128, 19.85555
1075.610, 14.32162
1076.093, 6.140533
1076.575, 1.555862
1077.057, 2.231857
1077.539, 5.788818
1078.021, 14.05585
1078.503, 21.19939
1078.985, 25.37408
1079.467, 26.62721
1079.949, 23.97379
1080.432, 18.97131
1080.914, 13.02486
1081.396, 6.585861
1081.878, 3.557495
1082.360, 7.713470
1082.842, 10.58372
1083.324, 9.339981
1083.806, 8.428146
1084.288, 11.15140
1084.771, 14.20311
1085.253, 12.90317
1085.735, 8.560074
1086.217, 7.771408
1086.699, 12.21992
1087.181, 15.95247
1087.663, 20.45256
1088.145, 20.72743
1088.628, 12.55653
1089.110, 5.402878
1089.592, 6.943283
1090.074, 13.27812
1090.556, 15.78172
1091.038, 14.24796
1091.520, 15.08102
1092.002, 18.92726
1092.484, 21.05031
1092.967, 20.56113
1093.449, 19.38998
1093.931, 18.63887
1094.413, 16.60634
1094.895, 10.15105
1095.377, 1.789078
1095.859, 2.632874
1096.341, 11.02013
1096.823, 13.21951
1097.306, 8.832367
1097.788, 5.568878
1098.270, 5.945251
1098.752, 8.148224
1099.234, 10.91978
1099.716, 13.96078
1100.198, 17.22226
1100.680, 20.19519
1101.163, 21.37517
1101.645, 21.54713
1102.127, 23.43825
1102.609, 26.27448
1103.091, 23.76060
1103.573, 12.51372
1104.055, 3.601532
1104.537, 9.732773
1105.020, 19.36357
1105.502, 22.95131
1105.984, 22.07683
1106.466, 16.37614
1106.948, 8.876556
1107.430, 5.746552
1107.912, 8.052155
1108.394, 10.13080
1108.876, 11.02936
1109.359, 9.272888
1109.841, 0.8648830
1110.323, 6.285873
1110.805, 5.806168
1111.287, 2.270126
1111.769, 2.553635
1112.251, 5.593018
1112.733, 3.657288
1113.215, 7.214203
1113.698, 14.92474
1114.180, 18.69426
1114.662, 19.94716
1115.144, 18.19858
1115.626, 15.59785
1116.108, 13.30229
1116.590, 11.34288
1117.072, 9.585037
1117.555, 8.021439
1118.037, 8.901505
1118.519, 12.90315
1119.001, 15.65512
1119.483, 16.71736
1119.965, 15.72827
1120.447, 12.23515
1120.929, 8.623184
1121.411, 7.302170
1121.894, 7.813217
1122.376, 9.366287
1122.858, 11.72858
1123.340, 14.08432
1123.822, 16.15622
1124.304, 16.84726
1124.786, 15.90794
1125.268, 13.28893
1125.750, 8.847412
1126.233, 4.800156
1126.715, 3.626541
1127.197, 4.402435
1127.679, 7.842178
1128.161, 11.11665
1128.643, 7.098618
1129.125, 0.5683440
1129.607, 6.7336999E-02
1130.090, 10.71150
1130.572, 19.29185
1131.054, 18.31575
1131.536, 15.65468
1132.018, 15.90872
1132.500, 15.33104
1132.982, 8.246170
1133.464, 1.110001
1133.947, 3.183197
1134.429, 12.45085
1134.911, 19.00043
1135.393, 21.63637
1135.875, 20.62346
1136.357, 11.05103
1136.839, 5.203415
1137.321, 6.384995
1137.803, 10.13017
1138.286, 15.50243
1138.768, 20.10643
1139.250, 20.24927
1139.732, 16.30197
1140.214, 10.99344
1140.696, 3.518799
1141.178, 1.624634
1141.660, 6.402817
1142.142, 9.992783
1142.625, 9.863388
1143.107, 7.941589
1143.589, 5.308472
1144.071, 3.904236
1144.553, 8.007446
1145.035, 15.76886
1145.517, 23.05794
1145.999, 28.96831
1146.482, 29.40225
1146.964, 24.67653
1147.446, 21.76166
1147.928, 22.83986
1148.410, 21.58110
1148.892, 10.41983
1149.374, 2.0493001E-02
1149.856, 0.5119020
1150.339, 5.638077
1150.821, 11.72878
1151.303, 16.44067
1151.785, 14.98892
1152.267, 9.369370
1152.749, 10.04662
1153.231, 22.20720
1153.713, 29.99916
1154.195, 28.64455
1154.677, 24.12923
1155.160, 14.37141
1155.642, 6.233826
1156.124, 3.850754
1156.606, 5.585297
1157.088, 10.31615
1157.570, 17.41219
1158.052, 18.72577
1158.534, 12.21059
1159.017, 9.623901
1159.499, 12.23108
1159.981, 14.73215
1160.463, 15.59430
1160.945, 15.71577
1161.427, 15.77217
1161.909, 15.35586
1162.391, 13.23647
1162.874, 10.27951
1163.356, 9.089493
1163.838, 9.624924
1164.320, 13.84010
1164.802, 19.80124
1165.284, 17.66130
1165.766, 5.766556
1166.248, 0.4671940
1166.730, 12.26427
1167.213, 26.14166
1167.695, 25.95856
1168.177, 20.59560
1168.659, 16.91280
1169.141, 14.88446
1169.623, 14.56021
1170.105, 14.46320
1170.587, 10.75459
1171.069, 1.834824
1171.552, 2.554428
1172.034, 2.627625
1172.516, 7.277618
1172.998, 9.679459
1173.480, 11.52461
1173.962, 13.17253
1174.444, 15.21980
1174.926, 19.21851
1175.409, 23.39331
1175.891, 20.26062
1176.373, 8.870605
1176.855, 5.057648
1177.337, 8.824631
1177.819, 12.26720
1178.301, 13.94939
1178.783, 15.31435
1179.266, 17.09125
1179.748, 17.77623
1180.230, 15.49782
1180.712, 11.78580
1181.194, 8.048492
1181.676, 5.286118
1182.158, 5.528198
1182.640, 8.093140
1183.122, 12.41519
1183.604, 17.41415
1184.087, 19.98120
1184.569, 18.81143
1185.051, 16.84099
1185.533, 13.94389
1186.015, 12.67511
1186.497, 15.00768
1186.979, 18.06476
1187.461, 21.30556
1187.944, 22.89412
1188.426, 19.19907
1188.908, 11.46623
1189.390, 7.354309
1189.872, 7.760086
1190.354, 9.074173
1190.836, 12.25909
1191.318, 11.19841
1191.801, 3.615234
1192.283, 1.561081
1192.765, 0.9707030
1193.247, 6.817825
1193.729, 11.13542
1194.211, 13.72325
1194.693, 13.19466
1195.175, 10.90393
1195.657, 10.53908
1196.140, 11.70213
1196.622, 12.80020
1197.104, 13.39120
1197.586, 12.38722
1198.068, 8.983749
1198.550, 7.658752
1199.032, 12.88945
1199.514, 18.83257
1199.996, 24.21790
1200.479, 26.89830
1200.961, 22.84859
1201.443, 16.49879
1201.925, 15.84323
1202.407, 19.70859
1202.889, 15.99074
1203.371, 1.515823
1203.853, 5.517853
1204.336, 9.828171
1204.818, 19.13547
1205.300, 16.42332
1205.782, 12.58748
1206.264, 13.36835
1206.746, 16.70871
1207.228, 20.88231
1207.710, 24.13005
1208.193, 21.23450
1208.675, 15.23386
1209.157, 17.46446
1209.639, 24.84834
1210.121, 27.17918
1210.603, 23.38766
1211.085, 17.09250
1211.567, 9.591064
1212.049, 5.919342
1212.531, 13.11559
1213.014, 19.57190
1213.496, 18.14476
1213.978, 14.94617
1214.460, 12.95198
1214.942, 12.57744
1215.424, 15.21774
1215.906, 19.57504
1216.388, 20.55360
1216.871, 16.89151
1217.353, 18.38245
1217.835, 26.93585
1218.317, 31.29295
1218.799, 29.23520
1219.281, 24.96915
1219.763, 20.05594
1220.245, 15.84203
1220.728, 13.44742
1221.210, 12.81262
1221.692, 15.49513
1222.174, 18.84999
1222.656, 16.66182
1223.138, 11.20547
1223.620, 4.202881
1224.102, 0.4329530
1224.584, 1.743942
1225.067, 8.480759
1225.549, 14.37239
1226.031, 17.43878
1226.513, 17.83302
1226.995, 13.36266
1227.477, 9.127869
1227.959, 6.468948
1228.441, 5.866608
1228.923, 7.931183
1229.406, 11.89020
1229.888, 16.93272
1230.370, 22.72220
1230.852, 25.16302
1231.334, 24.17349
1231.816, 21.25826
1232.298, 16.58655
1232.780, 10.94913
1233.263, 4.801941
1233.745, 0.1903690
1234.227, 1.215790
1234.709, 1.4816000E-02
1235.191, 5.398758
1235.673, 10.21945
1236.155, 7.357819
1236.637, 2.945618
1237.120, 4.591568
1237.602, 8.980606
1238.084, 9.915665
1238.566, 6.842285
1239.048, 3.222839
1239.530, 5.318909
1240.012, 5.345673
1240.494, 1.226318
1240.976, 5.1420000E-03
1241.458, 4.177551
1241.941, 6.970520
1242.423, 4.763687
1242.905, 0.0000000E+00
##END=



