##NAMES=Caracolite
##RRUFFID=R050096
##IDEAL CHEMISTRY=Na_2_(Pb_2_Na)(SO_4_)_3_Cl
##LOCALITY=Challacollo mine, Tarapaca Province, Chile
##OWNER=RRUFF
##SOURCE=Marcus Origlieri
##DESCRIPTION=Colorless hexagonal prisms
##STATUS=The identification of this mineral has been confirmed only by X-ray diffraction
##URL=rruff.info/R050096
121.0984, 0.0000000E+00
121.5805, 1.661804
122.0627, 6.130920
122.5448, 10.15649
123.0269, 10.55615
123.5090, 6.242126
123.9911, 6.098145
124.4732, 8.290527
124.9554, 8.763306
125.4375, 6.855713
125.9196, 3.584717
126.4017, 0.3745120
126.8838, 1.564758
127.3659, 0.8090210
127.8481, 4.658813
128.3302, 13.15210
128.8123, 22.31097
129.2944, 25.92761
129.7765, 21.66846
130.2586, 15.80133
130.7408, 17.77069
131.2229, 27.41534
131.7050, 36.12482
132.1871, 38.27557
132.6692, 35.12903
133.1513, 33.86926
133.6335, 39.42279
134.1156, 46.09058
134.5977, 48.01544
135.0798, 44.90656
135.5619, 40.50830
136.0440, 39.05969
136.5262, 40.84930
137.0083, 43.65698
137.4904, 50.22388
137.9725, 56.54779
138.4546, 58.91974
138.9367, 56.09863
139.4189, 51.00061
139.9010, 50.68561
140.3831, 59.78198
140.8652, 65.83374
141.3473, 64.75537
141.8294, 60.98840
142.3116, 58.55212
142.7937, 59.64783
143.2758, 63.17432
143.7579, 68.24011
144.2400, 81.52344
144.7221, 89.72662
145.2043, 87.29938
145.6864, 78.95667
146.1685, 72.53796
146.6506, 73.41132
147.1327, 81.25592
147.6148, 85.44757
148.0969, 81.46130
148.5791, 77.49188
149.0612, 80.16437
149.5433, 88.85291
150.0254, 96.04449
150.5075, 97.26398
150.9896, 92.25275
151.4718, 90.73743
151.9539, 97.80249
152.4360, 107.9825
152.9181, 115.3976
153.4002, 118.9932
153.8823, 121.5769
154.3645, 126.4047
154.8466, 131.5126
155.3287, 134.5229
155.8108, 135.7298
156.2929, 134.9626
156.7750, 138.3638
157.2572, 150.6221
157.7393, 161.1097
158.2214, 164.0153
158.7035, 162.7014
159.1856, 161.9205
159.6677, 162.4770
160.1499, 166.9901
160.6320, 173.7952
161.1141, 183.7684
161.5962, 192.0188
162.0783, 195.2374
162.5604, 194.4986
163.0426, 191.9788
163.5247, 188.3349
164.0068, 176.7502
164.4889, 171.9054
164.9710, 185.7836
165.4531, 197.3215
165.9353, 197.5790
166.4174, 186.4551
166.8995, 171.2750
167.3816, 161.1329
167.8637, 158.6749
168.3458, 154.5757
168.8279, 147.3150
169.3101, 139.6404
169.7922, 133.4191
170.2743, 129.0789
170.7564, 125.9897
171.2385, 123.5018
171.7206, 122.6861
172.2028, 119.7076
172.6849, 112.2383
173.1670, 103.3151
173.6491, 96.04199
174.1312, 91.21783
174.6133, 88.83923
175.0955, 90.90680
175.5776, 99.20734
176.0597, 102.3252
176.5418, 92.40930
177.0239, 74.92633
177.5060, 62.80109
177.9882, 61.73096
178.4703, 64.67163
178.9524, 63.85797
179.4345, 55.78088
179.9166, 48.82465
180.3987, 50.28387
180.8809, 58.82050
181.3630, 63.05023
181.8451, 57.64691
182.3272, 48.39191
182.8093, 39.80896
183.2914, 32.19202
183.7736, 26.25525
184.2557, 23.37061
184.7378, 23.99567
185.2199, 24.04327
185.7020, 23.43896
186.1841, 21.34863
186.6663, 15.71936
187.1484, 6.328125
187.6305, 2.820129
188.1126, 5.276245
188.5947, 2.608276
189.0768, 7.649536
189.5589, 5.235962
190.0411, 1.603210
190.5232, 1.912292
191.0053, 7.523743
191.4874, 14.90973
191.9695, 17.09149
192.4516, 9.021667
192.9338, 3.865723
193.4159, 4.168213
193.8980, 6.337708
194.3801, 7.386292
194.8622, 6.194153
195.3443, 3.390381
195.8265, 0.3909910
196.3086, 5.544250
196.7907, 8.239258
197.2728, 4.238953
197.7549, 1.868103
198.2370, 4.389709
198.7192, 0.8205570
199.2013, 6.294678
199.6834, 9.953674
200.1655, 8.042358
200.6476, 5.997375
201.1297, 5.557251
201.6119, 5.379883
202.0940, 2.734131
202.5761, 4.012756
203.0582, 12.56769
203.5403, 16.80774
204.0224, 16.54651
204.5046, 13.96912
204.9867, 6.038574
205.4688, 4.080383
205.9509, 6.827881
206.4330, 4.474365
206.9151, 22.03516
207.3972, 29.68738
207.8794, 23.90546
208.3615, 18.48993
208.8436, 23.37402
209.3257, 36.56525
209.8078, 46.13745
210.2899, 44.79553
210.7721, 40.04700
211.2542, 42.58032
211.7363, 54.37640
212.2184, 66.74438
212.7005, 71.36224
213.1826, 68.20844
213.6648, 67.21948
214.1469, 73.43024
214.6290, 81.89581
215.1111, 87.87170
215.5932, 90.47620
216.0753, 93.55920
216.5575, 103.2213
217.0396, 121.1815
217.5217, 133.6882
218.0038, 133.6633
218.4859, 129.1324
218.9680, 121.0242
219.4502, 110.0052
219.9323, 104.1793
220.4144, 118.3242
220.8965, 162.5576
221.3786, 192.7122
221.8607, 192.3820
222.3429, 184.2314
222.8250, 181.2905
223.3071, 186.6750
223.7892, 196.1461
224.2713, 203.9635
224.7534, 210.4039
225.2356, 214.1226
225.7177, 208.5139
226.1998, 205.0385
226.6819, 215.3043
227.1640, 240.1970
227.6461, 267.6190
228.1283, 277.0032
228.6104, 251.7233
229.0925, 240.2399
229.5746, 250.4393
230.0567, 266.7610
230.5388, 279.1307
231.0210, 284.8297
231.5031, 286.5245
231.9852, 287.9473
232.4673, 286.7646
232.9494, 290.6703
233.4315, 305.7231
233.9137, 321.5853
234.3958, 330.2396
234.8779, 329.8059
235.3600, 324.0258
235.8421, 317.9087
236.3242, 310.8888
236.8064, 305.1895
237.2885, 299.3030
237.7706, 295.4203
238.2527, 297.0345
238.7348, 304.3003
239.2169, 312.8760
239.6991, 317.9355
240.1812, 319.9164
240.6633, 318.4343
241.1454, 307.6924
241.6275, 294.9294
242.1096, 287.9397
242.5918, 288.4369
243.0739, 292.2323
243.5560, 295.6306
244.0381, 298.9495
244.5202, 297.4147
245.0023, 286.1278
245.4845, 271.2041
245.9666, 260.3781
246.4487, 255.5845
246.9308, 251.1211
247.4129, 239.5868
247.8950, 221.7372
248.3771, 208.4698
248.8593, 207.4545
249.3414, 209.7043
249.8235, 202.6359
250.3056, 183.7706
250.7877, 164.7677
251.2698, 156.6730
251.7520, 157.4703
252.2341, 159.4830
252.7162, 161.0648
253.1983, 161.7212
253.6804, 161.0795
254.1625, 159.1753
254.6447, 155.7423
255.1268, 149.7008
255.6089, 142.5170
256.0910, 136.3009
256.5731, 131.8568
257.0552, 127.7303
257.5374, 122.2600
258.0195, 115.4438
258.5016, 109.4498
258.9837, 104.4435
259.4658, 101.1982
259.9479, 102.0966
260.4301, 110.7946
260.9122, 120.1240
261.3943, 117.2252
261.8764, 98.05334
262.3585, 84.93567
262.8406, 95.47864
263.3228, 113.1825
263.8049, 123.7222
264.2870, 122.9716
264.7691, 118.9524
265.2512, 120.8794
265.7333, 129.0635
266.2155, 140.5327
266.6976, 161.9070
267.1797, 182.8019
267.6618, 194.3551
268.1439, 194.0421
268.6260, 188.1489
269.1082, 183.1682
269.5903, 178.6201
270.0724, 177.7950
270.5545, 183.7094
271.0366, 192.2493
271.5187, 203.6012
272.0009, 217.1177
272.4830, 227.0521
272.9651, 224.6406
273.4472, 206.8075
273.9293, 194.2051
274.4114, 191.7927
274.8936, 193.3817
275.3757, 198.3208
275.8578, 205.4894
276.3399, 211.7505
276.8220, 213.8612
277.3041, 211.4011
277.7863, 207.7056
278.2684, 200.1290
278.7505, 193.5465
279.2326, 190.6101
279.7147, 190.5850
280.1968, 190.6831
280.6789, 188.0236
281.1610, 182.4624
281.6432, 179.6820
282.1253, 186.5425
282.6074, 189.5243
283.0895, 182.5879
283.5716, 168.5012
284.0537, 153.2311
284.5359, 140.6941
285.0180, 130.8124
285.5001, 122.8635
285.9822, 121.4203
286.4643, 116.6143
286.9464, 99.83594
287.4286, 79.36694
287.9107, 69.16040
288.3928, 78.38794
288.8749, 101.2439
289.3570, 112.0342
289.8391, 103.1172
290.3213, 90.70435
290.8034, 73.30640
291.2855, 55.50708
291.7676, 42.57935
292.2497, 36.99219
292.7318, 36.49390
293.2140, 35.72852
293.6961, 37.45386
294.1782, 34.07764
294.6603, 19.82959
295.1424, 3.543457
295.6245, 5.608643
296.1067, 5.189453
296.5888, 1.577393
297.0709, 7.159424
297.5530, 34.25586
298.0351, 46.18677
298.5172, 32.18774
298.9994, 12.88696
299.4815, 0.9987790
299.9636, 0.7888180
300.4457, 3.481934
300.9278, 9.555664
301.4099, 19.32983
301.8921, 24.44775
302.3742, 21.69751
302.8563, 17.88574
303.3384, 17.11987
303.8205, 18.88550
304.3026, 19.52930
304.7848, 15.05786
305.2669, 4.387207
305.7490, 0.6455080
306.2311, 5.502930
306.7132, 11.33032
307.1953, 10.56055
307.6775, 6.308350
308.1596, 6.850586
308.6417, 19.04102
309.1238, 40.87012
309.6059, 50.78857
310.0880, 37.86572
310.5702, 24.31958
311.0523, 12.51758
311.5344, 2.803955
312.0165, 5.032227
312.4986, 11.10474
312.9807, 15.29126
313.4629, 17.37622
313.9450, 15.21973
314.4271, 13.47998
314.9092, 12.92944
315.3913, 12.68628
315.8734, 11.19238
316.3556, 8.090820
316.8377, 5.343262
317.3198, 7.032959
317.8019, 18.87866
318.2840, 24.50635
318.7661, 19.19580
319.2483, 11.86499
319.7304, 9.741211
320.2125, 13.30762
320.6946, 16.90747
321.1767, 12.83032
321.6588, 3.451172
322.1409, 9.000000
322.6230, 3.163086
323.1052, 17.78247
323.5873, 30.24512
324.0694, 39.20190
324.5515, 43.23145
325.0336, 40.53442
325.5157, 31.11279
325.9979, 25.39355
326.4800, 24.40771
326.9621, 26.12427
327.4442, 33.00610
327.9263, 41.89844
328.4084, 47.22925
328.8906, 45.52979
329.3727, 39.13647
329.8548, 37.78418
330.3369, 51.19238
330.8190, 57.00684
331.3011, 46.79346
331.7833, 31.06665
332.2654, 21.03467
332.7475, 20.72095
333.2296, 25.22070
333.7117, 24.77002
334.1938, 13.22339
334.6760, 8.774170
335.1581, 14.18286
335.6402, 23.83496
336.1223, 35.37769
336.6044, 47.71167
337.0865, 59.36670
337.5687, 69.21362
338.0508, 77.64844
338.5329, 81.74634
339.0150, 79.42676
339.4971, 74.93433
339.9792, 66.50244
340.4614, 56.96509
340.9435, 52.78174
341.4256, 60.03564
341.9077, 77.39966
342.3898, 88.19092
342.8719, 84.22021
343.3541, 82.90967
343.8362, 88.51636
344.3183, 98.74341
344.8004, 111.1011
345.2825, 124.6165
345.7646, 137.7305
346.2468, 146.4622
346.7289, 150.3376
347.2110, 150.1343
347.6931, 141.0007
348.1752, 131.6316
348.6573, 128.7935
349.1395, 134.2222
349.6216, 145.3867
350.1037, 160.4866
350.5858, 181.4761
351.0679, 198.2627
351.5500, 209.4910
352.0322, 216.8728
352.5143, 218.2915
352.9964, 215.6553
353.4785, 214.7942
353.9606, 222.5637
354.4427, 238.4102
354.9249, 247.8125
355.4070, 242.9814
355.8891, 240.2527
356.3712, 247.1240
356.8533, 260.5588
357.3354, 276.2185
357.8176, 293.4426
358.2997, 308.0930
358.7818, 307.0901
359.2639, 279.7068
359.7460, 263.2017
360.2281, 279.1055
360.7103, 304.0671
361.1924, 317.6006
361.6745, 314.3091
362.1566, 305.3362
362.6387, 301.0393
363.1208, 301.0371
363.6029, 312.8613
364.0851, 349.9539
364.5672, 388.0007
365.0493, 413.2209
365.5314, 425.6189
366.0135, 430.1553
366.4956, 423.9932
366.9778, 410.5549
367.4599, 408.9551
367.9420, 425.1917
368.4241, 445.7820
368.9062, 467.0093
369.3883, 486.2351
369.8705, 497.7004
370.3526, 494.8245
370.8347, 487.6736
371.3168, 493.0020
371.7989, 512.7471
372.2810, 529.2991
372.7632, 533.4624
373.2453, 531.3533
373.7274, 528.5320
374.2095, 524.0789
374.6916, 525.2527
375.1737, 541.5898
375.6559, 569.6628
376.1380, 592.3845
376.6201, 604.7532
377.1022, 612.5947
377.5843, 623.2424
378.0664, 636.1255
378.5486, 644.7021
379.0307, 637.0593
379.5128, 627.2961
379.9949, 641.2385
380.4770, 683.5767
380.9591, 724.9045
381.4413, 742.2524
381.9234, 740.9875
382.4055, 743.1946
382.8876, 749.6189
383.3697, 760.5754
383.8518, 780.9080
384.3340, 807.2908
384.8161, 826.0146
385.2982, 829.6289
385.7803, 824.3840
386.2624, 823.0020
386.7445, 823.9941
387.2267, 831.1577
387.7088, 851.4707
388.1909, 876.2747
388.6730, 893.6716
389.1551, 901.1538
389.6372, 903.7888
390.1194, 906.4075
390.6015, 908.8916
391.0836, 912.7993
391.5657, 922.3091
392.0478, 929.5957
392.5299, 926.4856
393.0121, 916.1401
393.4942, 910.6758
393.9763, 918.8406
394.4584, 936.7703
394.9405, 943.6772
395.4226, 924.5842
395.9048, 913.8232
396.3869, 921.0405
396.8690, 937.5542
397.3511, 955.1172
397.8332, 970.5457
398.3153, 981.4893
398.7975, 983.8323
399.2796, 973.8523
399.7617, 964.2424
400.2438, 950.4448
400.7259, 940.8154
401.2080, 943.1428
401.6902, 954.7322
402.1723, 966.6514
402.6544, 972.5146
403.1365, 972.2134
403.6186, 963.9258
404.1007, 932.8025
404.5828, 911.6069
405.0649, 915.0051
405.5471, 927.9431
406.0292, 930.5693
406.5113, 915.1780
406.9934, 894.1367
407.4755, 891.4785
407.9576, 917.8389
408.4398, 930.0901
408.9219, 909.6802
409.4040, 885.8728
409.8861, 875.7185
410.3682, 878.1877
410.8503, 880.4001
411.3325, 870.7117
411.8146, 850.9944
412.2967, 836.4666
412.7788, 830.6929
413.2609, 823.9343
413.7430, 810.2444
414.2252, 793.5435
414.7073, 778.6995
415.1894, 766.6350
415.6715, 758.6453
416.1536, 759.7639
416.6357, 770.8130
417.1179, 773.6624
417.6000, 756.4709
418.0821, 734.8931
418.5642, 726.3760
419.0463, 731.0811
419.5284, 732.4937
420.0106, 717.1611
420.4927, 692.9941
420.9748, 679.6963
421.4569, 681.7080
421.9390, 681.7332
422.4211, 664.1309
422.9033, 633.9426
423.3854, 608.4248
423.8675, 585.5388
424.3496, 568.5098
424.8317, 566.3784
425.3138, 575.4419
425.7960, 580.5674
426.2781, 575.1150
426.7602, 561.1833
427.2423, 540.7786
427.7244, 508.6799
428.2065, 490.6809
428.6887, 507.1531
429.1708, 529.7046
429.6529, 525.6719
430.1350, 493.6423
430.6171, 460.1523
431.0992, 448.0195
431.5814, 457.1716
432.0635, 463.6794
432.5456, 470.6978
433.0277, 473.1904
433.5098, 465.3284
433.9919, 452.6060
434.4741, 443.9492
434.9562, 443.0249
435.4383, 446.4587
435.9204, 448.4153
436.4025, 453.8784
436.8846, 447.3528
437.3668, 419.0867
437.8489, 389.5078
438.3310, 371.5935
438.8131, 364.1754
439.2952, 358.4648
439.7773, 347.8042
440.2595, 332.4065
440.7416, 313.7607
441.2237, 283.6753
441.7058, 263.2928
442.1879, 265.4004
442.6700, 275.6606
443.1522, 277.2605
443.6343, 264.3217
444.1164, 245.7561
444.5985, 233.1268
445.0806, 227.2927
445.5627, 221.7920
446.0448, 214.9386
446.5269, 209.0438
447.0091, 208.2159
447.4912, 210.2375
447.9733, 206.5913
448.4554, 185.2263
448.9375, 158.9697
449.4196, 154.1550
449.9018, 173.1100
450.3839, 188.7177
450.8660, 186.8192
451.3481, 174.0430
451.8302, 161.9205
452.3123, 149.3568
452.7945, 140.9434
453.2766, 140.8018
453.7587, 145.4995
454.2408, 148.9462
454.7229, 149.9961
455.2050, 151.4982
455.6872, 157.9313
456.1693, 169.5939
456.6514, 172.4569
457.1335, 159.2169
457.6156, 142.7738
458.0977, 128.1160
458.5799, 116.5160
459.0620, 110.5709
459.5441, 111.8214
460.0262, 118.0117
460.5083, 123.9528
460.9904, 130.4054
461.4726, 136.4008
461.9547, 140.4402
462.4368, 142.9285
462.9189, 143.9492
463.4010, 144.6157
463.8831, 146.6775
464.3653, 150.7028
464.8474, 156.7904
465.3295, 165.7964
465.8116, 189.6367
466.2937, 201.6136
466.7758, 184.7505
467.2580, 158.6053
467.7401, 145.2328
468.2222, 151.6823
468.7043, 165.9427
469.1864, 174.9215
469.6685, 178.9042
470.1507, 173.2650
470.6328, 149.6810
471.1149, 125.3541
471.5970, 110.6884
472.0791, 103.0966
472.5612, 94.97327
473.0434, 80.29480
473.5255, 65.57300
474.0076, 62.42090
474.4897, 71.25378
474.9718, 77.77197
475.4539, 76.90613
475.9361, 70.60046
476.4182, 60.88550
476.9003, 46.80566
477.3824, 36.40466
477.8645, 36.40491
478.3466, 40.04211
478.8288, 38.60815
479.3109, 31.05786
479.7930, 18.64185
480.2751, 0.6749270
480.7572, 24.22266
481.2393, 32.67078
481.7215, 10.21057
482.2036, 6.359985
482.6857, 1.209351
483.1678, 13.54297
483.6499, 20.87854
484.1320, 16.11926
484.6142, 8.056763
485.0963, 8.609619
485.5784, 20.64221
486.0605, 27.53479
486.5426, 24.89343
487.0247, 22.13989
487.5068, 24.90039
487.9890, 29.93066
488.4711, 30.70007
488.9532, 23.65686
489.4353, 13.01172
489.9174, 7.796387
490.3995, 9.718872
490.8817, 11.12537
491.3638, 11.05176
491.8459, 9.969116
492.3280, 7.653564
492.8101, 4.362549
493.2922, 1.058350
493.7744, 2.854980
494.2565, 5.972412
494.7386, 4.006714
495.2207, 4.015381
495.7028, 10.86414
496.1849, 12.95361
496.6671, 12.07520
497.1492, 11.07190
497.6313, 9.794189
498.1134, 9.217163
498.5955, 10.58008
499.0776, 12.63916
499.5598, 13.88660
500.0419, 13.77307
500.5240, 11.00293
501.0061, 3.572144
501.4882, 7.849121
501.9703, 14.72156
502.4525, 13.37463
502.9346, 12.28137
503.4167, 14.18372
503.8988, 17.96265
504.3809, 23.40015
504.8630, 30.02209
505.3452, 34.06213
505.8273, 30.57739
506.3094, 17.63354
506.7915, 10.39221
507.2736, 15.14929
507.7557, 18.96667
508.2379, 16.55847
508.7200, 10.57031
509.2021, 4.923096
509.6842, 1.024170
510.1663, 0.1126710
510.6484, 6.495605
511.1306, 22.18152
511.6127, 31.09290
512.0948, 27.15088
512.5769, 19.37451
513.0590, 11.48425
513.5411, 4.593262
514.0233, 2.162354
514.5054, 8.475342
514.9875, 18.13562
515.4696, 24.36023
515.9517, 27.21838
516.4338, 28.00702
516.9160, 27.46002
517.3981, 24.83313
517.8802, 16.36560
518.3623, 0.2831420
518.8444, 8.346313
519.3265, 5.105225
519.8087, 22.42859
520.2908, 23.80145
520.7729, 11.57483
521.2550, 6.347046
521.7371, 23.28717
522.2192, 54.17920
522.7014, 66.16876
523.1835, 37.23993
523.6656, 17.73706
524.1477, 14.02704
524.6298, 16.78296
525.1119, 19.80334
525.5941, 21.84460
526.0762, 23.81354
526.5583, 26.53516
527.0404, 29.85480
527.5225, 33.02911
528.0046, 37.48706
528.4868, 38.89282
528.9689, 33.76880
529.4510, 26.46680
529.9331, 19.45862
530.4152, 13.28320
530.8973, 11.90302
531.3795, 22.29175
531.8616, 39.82153
532.3437, 50.73724
532.8258, 53.48572
533.3079, 52.03418
533.7900, 47.28564
534.2722, 40.38354
534.7543, 34.72540
535.2364, 28.45917
535.7185, 26.61749
536.2006, 35.76233
536.6827, 48.89667
537.1649, 54.89001
537.6470, 51.87231
538.1291, 46.94458
538.6112, 46.25366
539.0933, 50.68695
539.5754, 51.38226
540.0576, 40.98981
540.5397, 34.00793
541.0218, 36.49554
541.5039, 42.03662
541.9860, 43.60797
542.4681, 39.33588
542.9503, 31.73694
543.4324, 22.25092
543.9145, 10.85712
544.3966, 5.255188
544.8787, 8.186340
545.3608, 12.65198
545.8430, 17.22388
546.3251, 21.00970
546.8071, 22.55304
547.2892, 21.19153
547.7714, 19.10120
548.2535, 17.98511
548.7356, 17.51721
549.2177, 16.60406
549.6998, 15.15466
550.1819, 13.11151
550.6641, 9.826355
551.1462, 5.695251
551.6283, 3.683594
552.1104, 4.187805
552.5925, 5.993286
553.0746, 9.110779
553.5568, 12.69611
554.0389, 15.87616
554.5210, 18.49329
555.0031, 20.77032
555.4852, 23.59625
555.9673, 27.54462
556.4495, 24.58673
556.9316, 4.827637
557.4137, 10.91797
557.8958, 16.24615
558.3779, 15.50366
558.8600, 13.53760
559.3422, 11.77429
559.8243, 9.761047
560.3064, 5.231812
560.7885, 1.305176
561.2706, 5.5420000E-02
561.7527, 15.31421
562.2349, 27.08527
562.7170, 19.11993
563.1991, 2.049744
563.6812, 7.245544
564.1633, 3.364624
564.6454, 3.068176
565.1276, 5.931763
565.6097, 6.118347
566.0918, 6.182495
566.5739, 6.721252
567.0560, 3.744263
567.5381, 8.459778
568.0203, 29.14136
568.5024, 37.19153
568.9845, 22.00470
569.4666, 9.709839
569.9487, 6.205505
570.4308, 7.462097
570.9130, 10.31964
571.3951, 13.41595
571.8772, 15.09265
572.3593, 13.61487
572.8414, 9.336487
573.3235, 6.302185
573.8057, 4.019775
574.2878, 3.570679
574.7699, 8.666931
575.2520, 13.68182
575.7341, 11.63226
576.2162, 0.7924190
576.6984, 10.31769
577.1805, 15.03235
577.6626, 14.71661
578.1447, 12.57349
578.6268, 9.281006
579.1089, 4.690002
579.5911, 2.712341
580.0732, 11.94904
580.5553, 20.47797
581.0374, 29.46887
581.5195, 33.70703
582.0016, 30.45276
582.4838, 24.15710
582.9659, 16.11359
583.4480, 8.077759
583.9301, 5.307800
584.4122, 12.15247
584.8943, 25.22266
585.3765, 31.77917
585.8586, 28.37811
586.3407, 25.48444
586.8228, 24.69720
587.3049, 24.18707
587.7870, 22.82812
588.2692, 20.65228
588.7513, 18.47400
589.2334, 16.69611
589.7155, 15.95020
590.1976, 16.84717
590.6797, 19.28906
591.1619, 24.28680
591.6440, 32.95636
592.1261, 42.90314
592.6082, 52.10046
593.0903, 60.72821
593.5724, 64.86578
594.0546, 58.04407
594.5367, 52.63519
595.0188, 59.62915
595.5009, 73.27649
595.9830, 79.43109
596.4651, 72.84662
596.9473, 63.45374
597.4294, 67.18585
597.9115, 87.81616
598.3936, 102.2626
598.8757, 106.6967
599.3578, 108.7880
599.8400, 106.6891
600.3221, 104.8931
600.8042, 110.4802
601.2863, 126.0165
601.7684, 143.7516
602.2505, 155.8111
602.7327, 163.6074
603.2148, 171.7712
603.6969, 180.8722
604.1790, 190.0364
604.6611, 198.7072
605.1432, 206.9478
605.6254, 215.0841
606.1075, 221.6091
606.5896, 230.8418
607.0717, 247.9904
607.5538, 266.1870
608.0359, 276.8937
608.5181, 280.1796
609.0002, 282.5626
609.4823, 288.9275
609.9644, 298.1506
610.4465, 305.2218
610.9286, 308.8293
611.4108, 312.8397
611.8929, 316.8343
612.3750, 322.0002
612.8571, 329.4185
613.3392, 338.7500
613.8214, 348.8223
614.3035, 359.2044
614.7856, 369.6176
615.2677, 380.8110
615.7498, 392.5575
616.2319, 398.0450
616.7141, 392.8466
617.1962, 386.4503
617.6783, 392.1573
618.1604, 410.3455
618.6425, 418.9297
619.1246, 409.6712
619.6068, 397.8207
620.0889, 391.4945
620.5710, 387.5892
621.0531, 378.1352
621.5352, 361.2224
622.0173, 345.0083
622.4995, 339.1938
622.9816, 343.7805
623.4637, 350.1099
623.9458, 362.1338
624.4279, 369.3129
624.9100, 362.6887
625.3922, 353.7042
625.8743, 356.2122
626.3564, 371.7875
626.8385, 383.3264
627.3206, 374.4232
627.8027, 357.2188
628.2849, 354.3109
628.7670, 365.2847
629.2490, 371.5675
629.7311, 363.3411
630.2133, 347.3890
630.6954, 336.1513
631.1775, 329.7454
631.6596, 328.8550
632.1417, 338.8777
632.6238, 349.1548
633.1060, 354.3098
633.5881, 355.4214
634.0702, 355.3672
634.5523, 355.2007
635.0344, 353.8212
635.5165, 348.8345
635.9987, 340.1000
636.4808, 334.2200
636.9629, 333.8792
637.4450, 331.9669
637.9271, 320.7504
638.4092, 306.5778
638.8914, 299.4233
639.3735, 302.1609
639.8556, 306.0005
640.3377, 308.5449
640.8198, 308.6067
641.3019, 302.0446
641.7841, 290.1172
642.2662, 281.8430
642.7483, 282.9935
643.2304, 291.3295
643.7125, 301.0798
644.1946, 317.7776
644.6768, 325.0425
645.1589, 315.6336
645.6410, 304.7650
646.1231, 298.5837
646.6052, 297.2155
647.0873, 299.6677
647.5695, 305.8611
648.0516, 314.3684
648.5337, 326.8733
649.0158, 341.3682
649.4979, 343.5009
649.9800, 328.1491
650.4622, 313.3343
650.9443, 314.1437
651.4264, 326.4464
651.9085, 330.4832
652.3906, 319.7277
652.8727, 311.5155
653.3549, 308.7002
653.8370, 310.7209
654.3191, 320.0145
654.8012, 334.1967
655.2833, 345.4252
655.7654, 348.3270
656.2476, 345.8857
656.7297, 345.7653
657.2118, 348.6522
657.6939, 350.4878
658.1760, 347.4759
658.6581, 347.2480
659.1403, 359.2739
659.6224, 377.4491
660.1045, 385.6528
660.5866, 374.3683
661.0687, 361.5743
661.5508, 361.1718
662.0330, 366.9299
662.5151, 365.9441
662.9972, 356.7812
663.4793, 350.8485
663.9614, 357.9932
664.4435, 374.8943
664.9257, 384.8096
665.4078, 384.1802
665.8899, 381.9448
666.3720, 376.0161
666.8541, 371.2064
667.3362, 372.4403
667.8184, 377.4650
668.3005, 379.5004
668.7826, 374.9684
669.2647, 366.7684
669.7468, 356.9751
670.2289, 346.3193
670.7111, 338.8134
671.1932, 335.1172
671.6753, 335.4470
672.1574, 341.5510
672.6395, 352.1282
673.1216, 357.5936
673.6038, 356.3046
674.0859, 352.8087
674.5680, 345.3194
675.0501, 337.7053
675.5322, 334.0910
676.0143, 333.6507
676.4965, 332.5798
676.9786, 328.6432
677.4607, 322.4561
677.9428, 313.5422
678.4249, 301.2368
678.9070, 292.8773
679.3892, 289.9185
679.8713, 290.6115
680.3534, 297.6854
680.8355, 307.4630
681.3176, 308.3677
681.7997, 291.5220
682.2819, 278.5361
682.7640, 282.4279
683.2461, 291.7869
683.7282, 292.8600
684.2103, 285.6870
684.6924, 278.9506
685.1746, 278.3718
685.6567, 281.2943
686.1388, 280.5088
686.6209, 275.1359
687.1030, 269.6777
687.5851, 265.5933
688.0673, 260.3622
688.5494, 250.9988
689.0315, 240.0020
689.5136, 232.6694
689.9957, 231.3438
690.4778, 230.8313
690.9600, 225.8048
691.4421, 220.5337
691.9242, 224.4964
692.4063, 236.9152
692.8884, 244.4733
693.3705, 238.1786
693.8527, 223.2404
694.3348, 213.9030
694.8169, 212.0552
695.2990, 211.2152
695.7811, 211.9883
696.2632, 212.8949
696.7454, 213.8807
697.2275, 214.6412
697.7096, 214.9881
698.1917, 215.2805
698.6738, 213.8591
699.1559, 207.6258
699.6381, 199.1439
700.1202, 194.3615
700.6023, 193.5093
701.0844, 192.0007
701.5665, 187.1302
702.0486, 180.8446
702.5308, 177.3102
703.0129, 178.1196
703.4950, 176.7408
703.9771, 169.5092
704.4592, 164.1405
704.9413, 165.6351
705.4235, 170.4801
705.9056, 173.8602
706.3877, 174.2289
706.8698, 172.7305
707.3519, 169.5544
707.8340, 165.3867
708.3162, 162.5085
708.7983, 161.1572
709.2804, 159.3986
709.7625, 156.3162
710.2446, 152.4629
710.7267, 149.2776
711.2089, 147.8083
711.6909, 141.8862
712.1730, 124.3381
712.6552, 111.2565
713.1373, 112.0565
713.6194, 118.7775
714.1015, 121.8592
714.5836, 119.2618
715.0657, 113.9262
715.5479, 106.9346
716.0300, 99.41522
716.5121, 94.65143
716.9942, 92.49396
717.4763, 92.08533
717.9584, 94.40155
718.4406, 96.11450
718.9227, 92.10461
719.4048, 81.76776
719.8869, 77.01880
720.3690, 86.21051
720.8511, 90.59485
721.3333, 79.72284
721.8154, 64.98810
722.2975, 58.69000
722.7796, 61.04742
723.2617, 63.68701
723.7438, 60.90118
724.2260, 54.71289
724.7081, 48.34253
725.1902, 41.89914
725.6723, 38.36526
726.1544, 39.26956
726.6365, 40.25955
727.1187, 37.47623
727.6008, 31.74884
728.0829, 27.77744
728.5650, 25.90158
729.0471, 24.93872
729.5292, 27.63690
730.0114, 28.88025
730.4935, 22.09351
730.9756, 10.29022
731.4577, 2.292816
731.9398, 2.606018
732.4219, 7.585785
732.9041, 14.77960
733.3862, 23.10904
733.8683, 21.29684
734.3504, 5.995575
734.8325, 8.346771
735.3146, 13.61868
735.7968, 12.64261
736.2789, 11.69754
736.7610, 11.34183
737.2431, 9.215851
737.7252, 2.551880
738.2073, 3.310944
738.6895, 5.329742
739.1716, 4.586517
739.6537, 3.128387
740.1358, 1.569824
740.6179, 1.012207
741.1000, 7.209625
741.5822, 15.13651
742.0643, 16.86169
742.5464, 11.99710
743.0285, 6.891724
743.5106, 3.290161
743.9927, 1.117828
744.4749, 0.3963010
744.9570, 1.247620
745.4391, 3.172943
745.9212, 8.898926
746.4033, 12.29370
746.8854, 9.954620
747.3676, 5.597870
747.8497, 2.522858
748.3318, 1.195618
748.8139, 0.8044430
749.2960, 1.027618
749.7781, 1.542755
750.2603, 1.552826
750.7424, 1.217010
751.2245, 2.382660
751.7066, 5.767670
752.1887, 8.490906
752.6708, 7.807281
753.1530, 4.909180
753.6351, 4.843628
754.1172, 12.17151
754.5993, 14.88702
755.0814, 7.914825
755.5635, 0.8822630
756.0457, 4.8859000E-02
756.5278, 2.947052
757.0099, 5.103821
757.4920, 4.756866
757.9741, 3.418335
758.4562, 1.632385
758.9384, 0.1672970
759.4205, 1.887695
759.9026, 6.626099
760.3847, 9.195496
760.8668, 7.020142
761.3489, 2.881500
761.8311, 0.8222960
762.3132, 1.055420
762.7953, 1.750275
763.2774, 4.533417
763.7595, 5.743347
764.2416, 4.112305
764.7238, 0.8841860
765.2059, 4.259308
765.6880, 10.24985
766.1701, 12.67657
766.6522, 6.665192
767.1343, 0.7240600
767.6165, 1.966217
768.0986, 1.483917
768.5807, 7.037933
769.0628, 13.92007
769.5449, 18.37210
770.0270, 17.01849
770.5092, 11.91623
770.9913, 10.71893
771.4734, 16.23779
771.9555, 18.70795
772.4376, 14.61472
772.9197, 10.59012
773.4019, 8.638489
773.8840, 9.016052
774.3661, 13.02744
774.8482, 21.84824
775.3303, 28.31573
775.8124, 25.83951
776.2946, 21.51080
776.7767, 24.33682
777.2588, 31.74390
777.7409, 34.93781
778.2230, 30.89714
778.7051, 24.84955
779.1873, 22.96098
779.6694, 24.92400
780.1515, 26.63869
780.6336, 27.96165
781.1157, 29.61644
781.5978, 32.71701
782.0800, 35.21153
782.5621, 34.15997
783.0442, 30.51498
783.5263, 29.03255
784.0084, 33.17200
784.4905, 36.03653
784.9727, 33.33080
785.4548, 29.50929
785.9369, 29.47307
786.4190, 32.64069
786.9011, 35.02254
787.3832, 34.38782
787.8654, 33.31395
788.3475, 36.69678
788.8296, 43.70328
789.3117, 46.76891
789.7938, 44.81937
790.2759, 43.15315
790.7581, 44.85339
791.2402, 47.55829
791.7223, 46.72411
792.2044, 40.78671
792.6865, 38.09396
793.1686, 41.41171
793.6507, 44.71227
794.1328, 45.93779
794.6149, 46.21826
795.0970, 47.04027
795.5792, 48.56502
796.0613, 49.50008
796.5434, 49.15381
797.0255, 47.89871
797.5076, 45.48849
797.9897, 42.57678
798.4719, 40.96176
798.9540, 40.76659
799.4361, 41.97592
799.9182, 45.43358
800.4003, 49.87288
800.8824, 50.10791
801.3646, 43.15092
801.8467, 40.24919
802.3288, 44.15146
802.8109, 48.74174
803.2930, 51.44963
803.7751, 53.09889
804.2573, 55.62749
804.7394, 59.74585
805.2215, 62.00890
805.7036, 59.94020
806.1857, 56.39333
806.6678, 53.19763
807.1500, 50.16023
807.6321, 45.92950
808.1142, 40.79947
808.5963, 38.31763
809.0784, 41.92706
809.5605, 48.99446
810.0427, 52.67741
810.5248, 53.07668
811.0069, 53.32242
811.4890, 54.07050
811.9711, 52.80884
812.4532, 47.04268
812.9354, 39.62706
813.4175, 38.20848
813.8996, 46.96318
814.3817, 50.16443
814.8638, 42.65190
815.3459, 34.34735
815.8281, 29.04637
816.3102, 26.50275
816.7923, 26.19398
817.2744, 27.66550
817.7565, 29.70193
818.2386, 32.84373
818.7208, 35.83611
819.2029, 35.81842
819.6850, 33.68860
820.1671, 33.40103
820.6492, 35.76830
821.1313, 36.31609
821.6135, 30.85513
822.0956, 22.09744
822.5777, 20.54042
823.0598, 29.20908
823.5419, 35.62056
824.0240, 38.08711
824.5062, 38.45331
824.9883, 36.90504
825.4704, 34.45828
825.9525, 32.47112
826.4346, 31.13571
826.9167, 29.93127
827.3989, 29.08913
827.8810, 27.56996
828.3631, 23.46077
828.8452, 18.80490
829.3273, 17.22987
829.8094, 18.91151
830.2916, 20.48059
830.7737, 19.13383
831.2558, 16.70401
831.7379, 17.02429
832.2200, 19.94154
832.7021, 23.50688
833.1843, 27.39435
833.6664, 29.59924
834.1485, 28.27155
834.6306, 25.15260
835.1127, 24.63266
835.5948, 27.83362
836.0770, 30.41226
836.5591, 33.04741
837.0412, 33.99211
837.5233, 31.31976
838.0054, 27.69133
838.4875, 25.82910
838.9697, 26.02487
839.4518, 27.53075
839.9339, 32.53804
840.4160, 36.08034
840.8981, 32.21703
841.3802, 25.78137
841.8624, 24.97617
842.3445, 29.82877
842.8266, 34.38837
843.3087, 34.97737
843.7908, 32.52399
844.2729, 27.17926
844.7551, 19.44049
845.2372, 17.30638
845.7193, 22.23450
846.2014, 26.11696
846.6835, 24.67200
847.1656, 21.11598
847.6478, 20.54709
848.1299, 23.62631
848.6120, 24.55847
849.0941, 19.98695
849.5762, 17.73198
850.0583, 21.06441
850.5405, 25.76364
851.0226, 29.40359
851.5047, 31.36710
851.9868, 30.55669
852.4689, 25.11124
852.9510, 20.98822
853.4332, 24.98515
853.9153, 30.61758
854.3974, 27.93454
854.8795, 19.29892
855.3616, 14.73239
855.8438, 18.04753
856.3259, 23.51018
856.8080, 24.01706
857.2901, 20.75011
857.7722, 20.14130
858.2543, 22.51270
858.7365, 24.15802
859.2186, 24.18280
859.7007, 23.00221
860.1828, 20.46945
860.6649, 17.10977
861.1470, 15.66141
861.6292, 18.40973
862.1113, 19.39195
862.5934, 17.41612
863.0755, 14.99626
863.5576, 12.18933
864.0397, 10.14987
864.5219, 11.30798
865.0040, 15.97990
865.4861, 18.99805
865.9682, 15.82065
866.4503, 11.93164
866.9324, 12.47359
867.4146, 15.42181
867.8967, 16.50092
868.3788, 15.73820
868.8609, 16.79305
869.3430, 22.52386
869.8251, 29.41782
870.3073, 30.49121
870.7894, 26.37502
871.2715, 23.83040
871.7536, 23.53297
872.2357, 22.57237
872.7178, 19.15112
873.2000, 15.48613
873.6821, 14.95778
874.1642, 17.82539
874.6463, 20.54161
875.1284, 24.05530
875.6105, 26.01540
876.0926, 25.95946
876.5747, 24.34807
877.0568, 19.68163
877.5389, 13.85643
878.0211, 12.21416
878.5032, 17.77142
878.9853, 21.87337
879.4674, 18.38600
879.9495, 14.22636
880.4316, 16.47882
880.9138, 21.89777
881.3959, 23.43190
881.8780, 19.58714
882.3601, 14.88785
882.8422, 12.67216
883.3243, 12.53230
883.8065, 14.70728
884.2886, 18.49622
884.7707, 20.29059
885.2528, 19.41122
885.7349, 17.62479
886.2170, 15.90700
886.6992, 15.07497
887.1813, 17.30042
887.6634, 23.42899
888.1455, 27.57570
888.6276, 29.95401
889.1097, 29.59166
889.5919, 23.55856
890.0740, 17.01466
890.5561, 15.60796
891.0382, 18.75853
891.5203, 22.21928
892.0024, 29.34320
892.4846, 31.50182
892.9667, 21.55301
893.4488, 11.10748
893.9309, 10.15700
894.4130, 14.51955
894.8951, 14.48502
895.3773, 7.415314
895.8594, 1.082413
896.3415, 1.930130
896.8236, 5.690964
897.3057, 7.724014
897.7878, 8.569702
898.2700, 9.971268
898.7521, 12.04391
899.2342, 12.46399
899.7163, 9.247467
900.1984, 5.307312
900.6805, 8.504303
901.1627, 18.23135
901.6448, 18.99487
902.1269, 8.372620
902.6090, 0.3092960
903.0911, 1.318481
903.5732, 6.425430
904.0554, 9.490036
904.5375, 10.49013
905.0196, 10.33452
905.5017, 7.311813
905.9838, 6.064468
906.4659, 9.631912
906.9481, 12.57315
907.4302, 9.833588
907.9123, 4.940155
908.3944, 6.074783
908.8765, 16.23312
909.3586, 21.99113
909.8408, 14.24526
910.3229, 6.526917
910.8050, 8.074478
911.2871, 13.91554
911.7692, 18.42741
912.2513, 20.12247
912.7335, 18.11259
913.2156, 10.87500
913.6977, 2.924957
914.1798, 1.419861
914.6619, 2.669800
915.1440, 0.6868290
915.6262, 3.714523
916.1083, 7.474747
916.5904, 9.351807
917.0725, 9.475861
917.5546, 7.646561
918.0367, 4.378754
918.5189, 1.979706
919.0010, 0.4372860
919.4831, 0.2110140
919.9652, 1.408493
920.4473, 3.991653
920.9294, 8.660751
921.4116, 13.87700
921.8937, 16.08018
922.3758, 14.91609
922.8579, 12.07997
923.3400, 5.732376
923.8221, 0.2739560
924.3043, 5.428757
924.7864, 8.016373
925.2685, 1.218735
925.7506, 11.82855
926.2327, 17.32539
926.7148, 8.992813
927.1970, 0.8235020
927.6791, 3.888916
928.1612, 6.116470
928.6433, 5.396698
929.1254, 3.196320
929.6075, 1.691727
930.0897, 1.287857
930.5718, 0.6085210
931.0539, 2.105927
931.5360, 4.450073
932.0181, 2.953476
932.5002, 0.3208310
932.9824, 1.482056
933.4645, 0.4751590
933.9466, 0.3907930
934.4287, 9.3839997E-03
934.9108, 0.4929500
935.3929, 1.255417
935.8751, 4.264877
936.3572, 3.311890
936.8393, 1.436096
937.3214, 4.371078
937.8035, 4.121902
938.2856, 1.776810
938.7678, 2.271622
939.2499, 6.960373
939.7320, 9.188965
940.2141, 8.597504
940.6962, 6.742554
941.1783, 2.649643
941.6605, 0.6788480
942.1426, 3.185486
942.6247, 3.275345
943.1068, 2.706665
943.5889, 13.92908
944.0710, 19.30275
944.5532, 14.06299
945.0353, 10.08894
945.5174, 7.086166
945.9995, 7.093170
946.4816, 13.80417
946.9637, 22.94121
947.4459, 27.96552
947.9280, 27.99242
948.4101, 28.28165
948.8922, 31.24991
949.3743, 34.57260
949.8564, 37.57329
950.3386, 39.78282
950.8207, 38.91296
951.3028, 36.99710
951.7849, 40.26878
952.2670, 51.14049
952.7491, 62.08203
953.2313, 64.57314
953.7134, 64.20755
954.1955, 69.56770
954.6776, 79.03644
955.1597, 88.60678
955.6418, 97.18993
956.1240, 103.6862
956.6061, 107.1003
957.0882, 110.3270
957.5703, 118.2740
958.0524, 130.6185
958.5345, 145.6440
959.0166, 163.3308
959.4987, 181.5221
959.9808, 199.4027
960.4630, 218.1575
960.9451, 238.6902
961.4272, 261.5365
961.9093, 289.9760
962.3914, 326.6264
962.8735, 356.7690
963.3557, 376.4185
963.8378, 397.0918
964.3199, 422.2044
964.8020, 452.4535
965.2841, 490.6001
965.7662, 536.4625
966.2484, 577.0021
966.7305, 602.2319
967.2126, 637.0325
967.6947, 685.9599
968.1768, 740.8900
968.6589, 800.3635
969.1411, 862.2385
969.6232, 924.4535
970.1053, 986.9017
970.5874, 1048.735
971.0695, 1105.338
971.5516, 1167.805
972.0338, 1245.774
972.5159, 1327.322
972.9980, 1399.829
973.4801, 1467.794
973.9622, 1542.992
974.4443, 1629.231
974.9265, 1716.100
975.4086, 1804.250
975.8907, 1884.063
976.3728, 1944.593
976.8549, 1992.515
977.3370, 2039.831
977.8192, 2085.473
978.3013, 2116.247
978.7834, 2124.625
979.2655, 2127.164
979.7476, 2142.975
980.2297, 2165.335
980.7119, 2183.456
981.1940, 2196.215
981.6761, 2205.844
982.1582, 2210.517
982.6403, 2194.232
983.1224, 2145.675
983.6046, 2070.403
984.0867, 1976.280
984.5688, 1864.086
985.0509, 1741.115
985.5330, 1607.165
986.0151, 1466.946
986.4973, 1321.054
986.9794, 1177.609
987.4615, 1043.276
987.9436, 918.4097
988.4257, 804.9985
988.9078, 702.3137
989.3900, 620.4174
989.8721, 564.2048
990.3542, 513.8620
990.8363, 462.9191
991.3184, 412.1113
991.8005, 360.6544
992.2827, 309.8124
992.7648, 271.8811
993.2469, 252.8035
993.7290, 234.0356
994.2111, 214.2116
994.6932, 195.3427
995.1754, 177.6579
995.6575, 161.7924
996.1396, 148.8491
996.6217, 138.7502
997.1038, 129.3008
997.5859, 119.0534
998.0681, 111.4583
998.5502, 109.7504
999.0323, 107.6129
999.5144, 100.2979
999.9965, 91.06732
1000.479, 85.53308
1000.961, 84.18979
1001.443, 81.18573
1001.925, 73.53482
1002.407, 65.79126
1002.889, 58.00565
1003.371, 52.28412
1003.853, 51.69092
1004.336, 53.92090
1004.818, 53.97000
1005.300, 50.94208
1005.782, 50.26056
1006.264, 57.06448
1006.746, 64.43655
1007.228, 71.01917
1007.710, 73.14062
1008.193, 61.96176
1008.675, 43.47598
1009.157, 33.98798
1009.639, 38.30173
1010.121, 42.71588
1010.603, 33.94122
1011.085, 22.48587
1011.567, 20.56537
1012.049, 24.14395
1012.532, 27.58691
1013.014, 29.63818
1013.496, 29.42215
1013.978, 26.65814
1014.460, 22.71530
1014.942, 18.72104
1015.424, 14.59161
1015.906, 9.463135
1016.388, 4.221802
1016.871, 1.881622
1017.353, 2.476929
1017.835, 3.341309
1018.317, 3.144104
1018.799, 2.369415
1019.281, 1.310791
1019.763, 0.2943730
1020.245, 0.2617490
1020.728, 1.296051
1021.210, 4.647644
1021.692, 10.29160
1022.174, 13.99295
1022.656, 13.41687
1023.138, 9.897369
1023.620, 4.405640
1024.102, 2.340973
1024.584, 4.361023
1025.067, 1.513550
1025.549, 0.1848750
1026.031, 0.6000370
1026.513, 7.9299998E-04
1026.995, 4.971497
1027.477, 10.34818
1027.959, 8.229767
1028.441, 0.9839170
1028.923, 2.423828
1029.406, 5.980316
1029.888, 10.24200
1030.370, 6.911377
1030.852, 1.954956
1031.334, 1.512756
1031.816, 3.122864
1032.298, 1.723572
1032.780, 2.905212
1033.263, 3.156067
1033.745, 3.477905
1034.227, 7.033142
1034.709, 5.211548
1035.191, 1.4038000E-02
1035.673, 7.078491
1036.155, 14.70789
1036.637, 20.86157
1037.120, 25.66168
1037.602, 28.98578
1038.084, 31.43878
1038.566, 30.47443
1039.048, 20.59247
1039.530, 14.74207
1040.012, 23.96600
1040.494, 40.33771
1040.976, 49.13947
1041.458, 48.90179
1041.941, 50.97467
1042.423, 57.78162
1042.905, 63.48425
1043.387, 68.93011
1043.869, 73.20300
1044.351, 71.43158
1044.833, 67.25360
1045.315, 64.18213
1045.798, 61.98358
1046.280, 66.75232
1046.762, 85.55847
1047.244, 101.2683
1047.726, 111.0607
1048.208, 117.2961
1048.690, 120.4891
1049.172, 121.9314
1049.655, 121.1914
1050.137, 118.2589
1050.619, 117.7753
1051.101, 120.5627
1051.583, 126.0690
1052.065, 134.5002
1052.547, 144.3086
1053.029, 156.6315
1053.511, 168.5488
1053.994, 176.1587
1054.476, 179.1694
1054.958, 178.6965
1055.440, 168.7632
1055.922, 164.2510
1056.404, 173.6701
1056.886, 184.9136
1057.368, 190.3539
1057.850, 192.4955
1058.333, 194.3750
1058.815, 197.1648
1059.297, 203.9261
1059.779, 223.9092
1060.261, 234.4467
1060.743, 218.1083
1061.225, 200.2377
1061.707, 195.8539
1062.190, 200.1174
1062.672, 208.1541
1063.154, 217.8162
1063.636, 223.5747
1064.118, 221.4489
1064.600, 220.0276
1065.082, 225.5527
1065.564, 229.6608
1066.047, 224.7965
1066.529, 216.8295
1067.011, 213.7493
1067.493, 215.2639
1067.975, 215.3448
1068.457, 211.6683
1068.939, 207.6852
1069.421, 205.4130
1069.903, 202.4800
1070.385, 198.8435
1070.868, 193.1658
1071.350, 181.8879
1071.832, 167.5081
1072.314, 156.8889
1072.796, 153.3478
1073.278, 151.0068
1073.760, 149.9282
1074.242, 146.2802
1074.725, 135.8301
1075.207, 122.9825
1075.689, 110.9547
1076.171, 101.0287
1076.653, 95.45245
1077.135, 95.25745
1077.617, 94.63470
1078.099, 88.77344
1078.582, 84.23694
1079.064, 89.03345
1079.546, 93.52563
1080.028, 85.13440
1080.510, 69.62988
1080.992, 61.98315
1081.474, 65.45264
1081.956, 67.16956
1082.438, 58.45239
1082.921, 50.87537
1083.403, 53.05176
1083.885, 55.86255
1084.367, 48.95190
1084.849, 37.88574
1085.331, 33.91431
1085.813, 38.33594
1086.295, 42.11719
1086.777, 40.52576
1087.260, 39.66211
1087.742, 45.17603
1088.224, 49.06372
1088.706, 42.27832
1089.188, 31.48413
1089.670, 26.86121
1090.152, 29.08032
1090.634, 32.68640
1091.116, 39.36548
1091.599, 38.71985
1092.081, 15.42590
1092.563, 4.150146
1093.045, 2.210938
1093.527, 18.18103
1094.009, 22.56799
1094.491, 16.83496
1094.973, 17.10559
1095.456, 30.34033
1095.938, 39.90332
1096.420, 39.80859
1096.902, 34.38599
1097.384, 20.91064
1097.866, 7.382935
1098.348, 3.6865000E-02
1098.830, 0.8607180
1099.313, 7.300415
1099.795, 27.16736
1100.277, 34.75488
1100.759, 4.192627
1101.241, 14.93066
1101.723, 10.67322
1102.205, 41.04175
1102.687, 43.36401
1103.169, 28.94666
1103.651, 20.47876
1104.134, 20.93457
1104.616, 23.47119
1105.098, 33.34229
1105.580, 35.27466
1106.062, 14.84949
1106.544, 2.788086
1107.026, 1.997437
1107.508, 15.00903
1107.991, 14.54358
1108.473, 1.740601
1108.955, 1.000854
1109.437, 17.81287
1109.919, 30.73010
1110.401, 32.68848
1110.883, 30.14807
1111.365, 20.95642
1111.848, 12.17847
1112.330, 13.11780
1112.812, 20.25037
1113.294, 19.66443
1113.776, 6.511841
1114.258, 1.682617
1114.740, 4.070923
1115.222, 1.663940
1115.704, 13.38013
1116.187, 24.81311
1116.669, 16.34326
1117.151, 1.285034
1117.633, 4.208740
1118.115, 10.11865
1118.597, 16.30774
1119.079, 11.52576
1119.561, 3.465210
1120.043, 5.965088
1120.526, 12.02856
1121.008, 8.822510
1121.490, 0.9309080
1121.972, 6.218994
1122.454, 12.61841
1122.936, 19.69727
1123.418, 30.33228
1123.900, 32.22388
1124.383, 20.77173
1124.865, 10.75903
1125.347, 7.967041
1125.829, 7.364746
1126.311, 3.426270
1126.793, 1.190186
1127.275, 3.788330
1127.757, 21.60400
1128.240, 22.68750
1128.722, 1.582764
1129.204, 8.430908
1129.686, 2.166992
1130.168, 17.93335
1130.650, 30.33569
1131.132, 37.87402
1131.614, 36.29492
1132.096, 27.71167
1132.578, 30.78223
1133.061, 46.05176
1133.543, 54.93701
1134.025, 55.37915
1134.507, 52.85205
1134.989, 47.47583
1135.471, 46.71460
1135.953, 57.90967
1136.435, 74.39648
1136.918, 79.92578
1137.400, 74.58862
1137.882, 58.68677
1138.364, 35.64185
1138.846, 27.29346
1139.328, 33.83838
1139.810, 43.02563
1140.292, 40.10229
1140.775, 33.41968
1141.257, 39.72681
1141.739, 52.26953
1142.221, 50.53857
1142.703, 42.95801
1143.185, 46.05200
1143.667, 62.39697
1144.149, 72.81714
1144.631, 69.42041
1145.114, 67.40405
1145.596, 84.51855
1146.078, 101.7246
1146.560, 93.90283
1147.042, 76.59375
1147.524, 73.62036
1148.006, 83.18384
1148.488, 77.78564
1148.970, 53.00830
1149.453, 42.39941
1149.935, 68.12671
1150.417, 94.89575
1150.899, 89.44556
1151.381, 76.27124
1151.863, 82.29932
1152.345, 94.63501
1152.827, 97.30420
1153.310, 86.21021
1153.792, 79.11328
1154.274, 78.89795
1154.756, 79.48120
1155.238, 81.50366
1155.720, 81.63745
1156.202, 73.10010
1156.684, 65.38501
1157.167, 69.95264
1157.649, 77.91284
1158.131, 74.90942
1158.613, 62.26758
1159.095, 48.13965
1159.577, 29.14233
1160.059, 19.81079
1160.541, 31.29468
1161.023, 42.44678
1161.505, 44.40527
1161.988, 43.11572
1162.470, 39.03857
1162.952, 35.40869
1163.434, 39.81323
1163.916, 59.02393
1164.398, 61.68237
1164.880, 35.11572
1165.362, 19.35742
1165.844, 21.08325
1166.327, 32.68433
1166.809, 57.35889
1167.291, 76.61279
1167.773, 63.92847
1168.255, 25.34668
1168.737, 5.089111
1169.219, 7.751953
1169.701, 19.09497
1170.184, 40.10303
1170.666, 51.25317
1171.148, 43.86084
1171.630, 35.69800
1172.112, 47.33301
1172.594, 62.67480
1173.076, 44.27344
1173.558, 4.261230
1174.041, 1.808105
1174.523, 18.66846
1175.005, 37.91992
1175.487, 48.98438
1175.969, 38.50732
1176.451, 18.48096
1176.933, 0.0000000E+00
##END=



