##NAMES=Chabazite-Ca
##RRUFFID=R070353
##IDEAL CHEMISTRY=Ca_2_Al_4_Si_8_O_24_&#183;13H_2_O
##LOCALITY=Maze, Niigata perfecture, Japan
##OWNER=RRUFF
##SOURCE=Michael Scott
##DESCRIPTION=Colorless vitreous pseudocubic crystals in cavity
##STATUS=The identification of this mineral is confirmed by single-crystal X-ray diffraction and chemical analysis.
##URL=rruff.info/R070353
##MEASURED CHEMISTRY=(Ca_0.90_Na_0.08_K_0.02_)_Σ=1_(Si_4.10_Al_1.90_)O_12_·5.89H_2_O ; H_2_O estimated by difference
148.2155, 0.0000000E+00
148.6976, 6.731445
149.1797, 5.934082
149.6618, 11.43213
150.1439, 41.03125
150.6261, 84.99756
151.1082, 131.1792
151.5903, 173.6675
152.0724, 204.4775
152.5545, 245.7119
153.0366, 308.2114
153.5188, 380.7686
154.0009, 441.5488
154.4830, 481.8638
154.9651, 514.0664
155.4472, 543.6343
155.9293, 569.5151
156.4115, 594.8193
156.8936, 624.0566
157.3757, 654.0854
157.8578, 674.7949
158.3399, 670.5601
158.8221, 663.3228
159.3042, 667.3706
159.7863, 705.7993
160.2684, 736.7065
160.7505, 739.1216
161.2326, 717.0200
161.7148, 702.0210
162.1969, 713.8667
162.6790, 736.6235
163.1611, 754.8804
163.6432, 759.5981
164.1253, 761.6641
164.6075, 765.8691
165.0896, 772.3374
165.5717, 781.0830
166.0538, 794.5244
166.5359, 809.8506
167.0180, 823.1040
167.5002, 822.7803
167.9823, 826.1128
168.4644, 850.8936
168.9465, 901.5713
169.4286, 951.2407
169.9107, 979.0703
170.3929, 991.6201
170.8750, 1002.933
171.3571, 1024.998
171.8392, 1047.052
172.3213, 1054.746
172.8034, 1042.573
173.2856, 1028.433
173.7677, 1032.442
174.2498, 1049.507
174.7319, 1062.289
175.2140, 1052.707
175.6961, 1033.954
176.1783, 1028.084
176.6604, 1044.276
177.1425, 1065.588
177.6246, 1072.453
178.1067, 1066.025
178.5888, 1053.136
179.0710, 1035.770
179.5531, 1015.939
180.0352, 998.5361
180.5173, 985.1782
180.9994, 974.6670
181.4815, 966.9639
181.9637, 961.7915
182.4458, 956.2461
182.9279, 948.3892
183.4100, 937.8311
183.8921, 921.9067
184.3742, 894.3169
184.8564, 864.0112
185.3385, 854.9546
185.8206, 868.2358
186.3027, 886.2944
186.7848, 889.6348
187.2669, 871.7021
187.7491, 855.3413
188.2312, 858.0913
188.7133, 872.3877
189.1954, 866.2397
189.6775, 838.2822
190.1596, 807.6851
190.6418, 790.0898
191.1239, 793.2300
191.6060, 802.8086
192.0881, 810.7153
192.5702, 828.4390
193.0524, 834.6987
193.5345, 829.1230
194.0166, 817.9478
194.4987, 792.1611
194.9808, 761.1670
195.4629, 739.0664
195.9451, 732.1138
196.4272, 750.7505
196.9093, 749.2114
197.3914, 721.2212
197.8735, 684.6157
198.3556, 665.7173
198.8378, 670.8125
199.3199, 673.3237
199.8020, 653.4419
200.2841, 607.8809
200.7662, 580.5107
201.2483, 583.3877
201.7305, 600.5933
202.2126, 581.6313
202.6947, 517.0825
203.1768, 453.2852
203.6589, 421.0894
204.1410, 425.9150
204.6232, 428.1152
205.1053, 425.8145
205.5874, 418.1973
206.0695, 400.1382
206.5516, 365.4575
207.0337, 332.7422
207.5159, 315.9971
207.9980, 319.2363
208.4801, 321.6772
208.9622, 322.2900
209.4443, 320.1465
209.9264, 308.8325
210.4086, 283.6997
210.8907, 258.3711
211.3728, 246.5938
211.8549, 255.3643
212.3370, 251.9736
212.8191, 225.2256
213.3013, 179.8984
213.7834, 156.5498
214.2655, 164.7178
214.7476, 180.0107
215.2297, 180.7666
215.7118, 161.2822
216.1940, 142.0459
216.6761, 126.4043
217.1582, 114.1182
217.6403, 102.5933
218.1224, 90.61963
218.6045, 81.57666
219.0867, 80.86523
219.5688, 95.81787
220.0509, 101.4585
220.5330, 89.76562
221.0151, 59.95264
221.4972, 37.98779
221.9794, 26.13428
222.4615, 19.28125
222.9436, 11.99854
223.4257, 4.267578
223.9078, 4.379395
224.3899, 15.98145
224.8721, 31.90479
225.3542, 35.06348
225.8363, 17.15527
226.3184, 5.549316
226.8005, 12.85742
227.2827, 3.127441
227.7648, 19.71582
228.2469, 32.85693
228.7290, 43.18701
229.2111, 43.90869
229.6932, 29.03760
230.1754, 9.306152
230.6575, 0.9970700
231.1396, 2.439453
231.6217, 7.651367
232.1038, 10.15088
232.5859, 7.713379
233.0681, 16.12500
233.5502, 44.93213
234.0323, 77.67578
234.5144, 88.53271
234.9965, 61.08447
235.4786, 39.53418
235.9608, 41.42725
236.4429, 76.08496
236.9250, 88.98291
237.4071, 68.57812
237.8892, 33.38818
238.3713, 13.50146
238.8535, 18.48828
239.3356, 22.58105
239.8177, 14.73438
240.2998, 12.83301
240.7819, 20.31787
241.2640, 6.071777
241.7462, 44.51025
242.2283, 55.15088
242.7104, 18.45410
243.1925, 13.77686
243.6746, 21.68896
244.1567, 5.838867
244.6389, 18.96533
245.1210, 10.50391
245.6031, 8.091797
246.0852, 15.48242
246.5673, 2.990234
247.0494, 5.877930
247.5316, 1.252930
248.0137, 22.88232
248.4958, 40.25928
248.9779, 49.91846
249.4600, 53.20312
249.9421, 51.52686
250.4243, 40.79395
250.9064, 32.27490
251.3885, 30.01904
251.8706, 34.83154
252.3527, 44.63525
252.8348, 65.35010
253.3170, 87.37305
253.7991, 89.43750
254.2812, 58.46826
254.7633, 32.61230
255.2454, 27.63184
255.7275, 49.87842
256.2097, 70.05322
256.6918, 88.35449
257.1739, 104.2778
257.6560, 116.9443
258.1381, 125.9878
258.6202, 132.5449
259.1024, 136.9106
259.5845, 138.8447
260.0666, 139.5640
260.5487, 139.1836
261.0308, 137.5083
261.5129, 133.5273
261.9951, 126.1064
262.4772, 119.1440
262.9593, 111.8633
263.4414, 100.8955
263.9235, 107.8486
264.4056, 141.7412
264.8878, 185.2178
265.3699, 207.6592
265.8520, 204.2085
266.3341, 193.9512
266.8162, 181.3955
267.2983, 164.7993
267.7805, 158.9009
268.2626, 167.0435
268.7447, 182.2876
269.2268, 191.6807
269.7089, 192.5645
270.1910, 197.2974
270.6732, 216.8921
271.1553, 255.4448
271.6374, 262.6201
272.1195, 227.4810
272.6016, 176.9683
273.0837, 155.7266
273.5659, 167.2085
274.0480, 189.2524
274.5301, 217.0659
275.0122, 250.9673
275.4943, 278.8320
275.9764, 301.1196
276.4586, 316.5254
276.9407, 320.8364
277.4228, 312.8354
277.9049, 304.5190
278.3870, 298.1323
278.8691, 293.9380
279.3513, 302.1626
279.8334, 326.2310
280.3155, 354.0483
280.7976, 368.9951
281.2798, 370.4961
281.7619, 368.5527
282.2440, 364.2441
282.7261, 358.1064
283.2082, 357.6997
283.6903, 364.8818
284.1725, 377.2393
284.6546, 393.8159
285.1367, 413.5771
285.6188, 425.8623
286.1009, 423.0894
286.5830, 409.9243
287.0652, 407.4487
287.5473, 417.7905
288.0294, 433.1367
288.5115, 443.8193
288.9936, 449.7065
289.4757, 456.2788
289.9579, 466.3325
290.4400, 478.7456
290.9221, 489.3340
291.4042, 496.7822
291.8863, 501.3154
292.3684, 507.6475
292.8506, 516.1724
293.3327, 517.4888
293.8148, 501.5332
294.2969, 476.4463
294.7790, 463.9277
295.2611, 466.1064
295.7433, 475.2979
296.2254, 486.7026
296.7075, 497.2075
297.1896, 501.5156
297.6717, 494.9141
298.1538, 486.7998
298.6360, 489.2632
299.1181, 500.2139
299.6002, 510.4116
300.0823, 516.5142
300.5644, 522.2012
301.0465, 528.0903
301.5287, 531.1060
302.0108, 533.4819
302.4929, 541.3374
302.9750, 555.0249
303.4571, 568.6997
303.9392, 575.6753
304.4214, 578.9019
304.9035, 584.2080
305.3856, 595.5034
305.8677, 607.8096
306.3498, 615.7842
306.8319, 619.5649
307.3141, 620.4131
307.7962, 607.8887
308.2783, 597.7456
308.7604, 608.4663
309.2425, 652.4199
309.7246, 698.6094
310.2068, 729.2256
310.6889, 747.0669
311.1710, 759.5649
311.6531, 766.1079
312.1352, 770.6465
312.6173, 774.9312
313.0995, 777.4336
313.5816, 786.5693
314.0637, 812.8315
314.5458, 847.7197
315.0279, 875.5874
315.5100, 881.8794
315.9922, 885.9541
316.4743, 899.5142
316.9564, 926.9341
317.4385, 951.2246
317.9206, 957.3218
318.4027, 959.0693
318.8849, 975.8130
319.3670, 1040.233
319.8491, 1096.328
320.3312, 1119.156
320.8133, 1101.156
321.2954, 1085.298
321.7776, 1076.915
322.2597, 1076.174
322.7418, 1083.063
323.2239, 1102.498
323.7060, 1124.383
324.1881, 1149.842
324.6703, 1179.967
325.1524, 1199.132
325.6345, 1198.956
326.1166, 1191.139
326.5987, 1185.645
327.0808, 1183.602
327.5630, 1182.978
328.0451, 1184.193
328.5272, 1187.649
329.0093, 1190.452
329.4914, 1194.289
329.9735, 1196.927
330.4557, 1197.151
330.9378, 1196.335
331.4199, 1191.185
331.9020, 1181.664
332.3841, 1168.310
332.8662, 1149.992
333.3484, 1119.538
333.8305, 1092.859
334.3126, 1081.171
334.7947, 1093.396
335.2768, 1095.677
335.7589, 1084.952
336.2411, 1064.663
336.7232, 1041.208
337.2053, 1012.478
337.6874, 985.6836
338.1695, 964.3193
338.6516, 948.9390
339.1338, 931.8252
339.6159, 912.9648
340.0980, 895.3760
340.5801, 885.5190
341.0622, 884.4512
341.5443, 881.7744
342.0265, 872.0024
342.5086, 855.4175
342.9907, 837.1592
343.4728, 816.4966
343.9549, 794.5293
344.4370, 773.8242
344.9192, 754.9463
345.4013, 737.0000
345.8834, 720.3159
346.3655, 704.2026
346.8476, 689.3872
347.3297, 675.9028
347.8119, 657.1846
348.2940, 618.7959
348.7761, 568.7778
349.2582, 534.0557
349.7403, 525.6719
350.2225, 531.7432
350.7046, 542.9048
351.1867, 557.2681
351.6688, 559.3696
352.1509, 525.2524
352.6331, 475.0938
353.1152, 440.2788
353.5973, 432.8032
354.0794, 432.7769
354.5615, 425.2935
355.0436, 411.2686
355.5258, 393.4790
356.0079, 367.3784
356.4900, 341.5371
356.9721, 323.5898
357.4542, 315.5938
357.9363, 312.5464
358.4185, 316.5747
358.9006, 323.1226
359.3827, 324.3179
359.8648, 315.4170
360.3469, 301.7158
360.8290, 283.4282
361.3112, 259.1270
361.7933, 240.9033
362.2754, 235.9819
362.7575, 237.6807
363.2396, 238.7441
363.7217, 244.3345
364.2039, 242.3057
364.6860, 222.3140
365.1681, 184.0381
365.6502, 161.9790
366.1323, 177.8569
366.6144, 200.2046
367.0966, 207.2788
367.5787, 179.0117
368.0608, 159.1724
368.5429, 153.5659
369.0250, 159.5093
369.5071, 164.0820
369.9893, 173.2002
370.4714, 174.1616
370.9535, 158.1147
371.4356, 110.4346
371.9177, 79.89355
372.3998, 71.62842
372.8820, 78.52539
373.3641, 86.11328
373.8462, 95.62695
374.3283, 102.6104
374.8104, 105.2783
375.2925, 103.5498
375.7747, 97.67139
376.2568, 85.74902
376.7389, 73.34961
377.2210, 68.65771
377.7031, 72.13672
378.1852, 77.16699
378.6674, 84.80713
379.1495, 92.24561
379.6316, 83.82080
380.1137, 57.83154
380.5958, 31.95117
381.0779, 26.96533
381.5601, 38.09326
382.0422, 40.50391
382.5243, 23.36035
383.0064, 1.716309
383.4885, 6.661133
383.9706, 34.29395
384.4528, 55.42188
384.9349, 38.92236
385.4170, 5.895020
385.8991, 6.377930
386.3812, 12.54932
386.8633, 36.25049
387.3455, 40.45459
387.8276, 30.57568
388.3097, 18.99072
388.7918, 13.14941
389.2739, 7.374023
389.7560, 5.904297
390.2382, 28.46680
390.7203, 43.94482
391.2024, 36.05566
391.6845, 18.76074
392.1666, 8.028809
392.6487, 12.54443
393.1309, 21.52100
393.6130, 33.82910
394.0951, 48.68457
394.5772, 58.05225
395.0593, 59.68018
395.5414, 55.33203
396.0236, 46.02881
396.5057, 16.98389
396.9878, 0.6582030
397.4699, 4.707031
397.9520, 24.38916
398.4341, 44.88428
398.9163, 72.38623
399.3984, 94.30127
399.8805, 106.2676
400.3626, 107.4663
400.8447, 100.1787
401.3268, 78.12158
401.8090, 52.21777
402.2911, 38.18555
402.7732, 40.10010
403.2553, 43.81689
403.7374, 46.94092
404.2195, 49.24756
404.7017, 46.66846
405.1838, 39.09521
405.6659, 26.74609
406.1480, 5.430664
406.6301, 25.28857
407.1122, 42.58008
407.5944, 37.75635
408.0765, 21.90967
408.5586, 22.95459
409.0407, 40.57861
409.5228, 59.28906
410.0049, 64.30371
410.4871, 62.22559
410.9692, 73.81104
411.4513, 103.5669
411.9334, 137.4771
412.4155, 157.4780
412.8976, 168.6919
413.3798, 184.9849
413.8619, 222.3276
414.3440, 262.7046
414.8261, 285.2954
415.3082, 289.8096
415.7903, 293.4199
416.2725, 308.4297
416.7546, 328.4458
417.2367, 346.1187
417.7188, 345.3560
418.2009, 356.5635
418.6830, 400.7119
419.1652, 470.3721
419.6473, 536.5610
420.1294, 597.3208
420.6115, 646.9189
421.0937, 679.6538
421.5758, 678.6685
422.0579, 694.2446
422.5400, 744.6484
423.0221, 813.0327
423.5042, 872.8325
423.9864, 912.5400
424.4685, 954.7749
424.9506, 1004.299
425.4327, 1060.480
425.9148, 1125.628
426.3969, 1209.864
426.8791, 1291.530
427.3612, 1345.667
427.8433, 1356.021
428.3254, 1391.071
428.8075, 1467.713
429.2896, 1572.622
429.7718, 1658.973
430.2539, 1724.791
430.7360, 1783.803
431.2181, 1835.000
431.7002, 1880.514
432.1823, 1955.810
432.6645, 2067.531
433.1466, 2193.204
433.6287, 2304.130
434.1108, 2401.567
434.5929, 2491.932
435.0750, 2572.483
435.5572, 2648.986
436.0393, 2729.387
436.5214, 2813.852
437.0035, 2906.354
437.4856, 3014.795
437.9677, 3130.913
438.4499, 3242.497
438.9320, 3345.001
439.4141, 3444.692
439.8962, 3543.994
440.3783, 3643.316
440.8604, 3746.212
441.3426, 3857.442
441.8247, 3970.140
442.3068, 4078.163
442.7889, 4178.344
443.2710, 4285.971
443.7531, 4417.293
444.2353, 4553.945
444.7174, 4675.595
445.1995, 4763.946
445.6816, 4852.255
446.1637, 4942.134
446.6458, 5033.836
447.1280, 5141.412
447.6101, 5282.722
448.0922, 5418.980
448.5743, 5525.695
449.0564, 5589.847
449.5385, 5668.387
450.0207, 5768.082
450.5028, 5876.085
450.9849, 5968.265
451.4670, 6041.218
451.9491, 6110.115
452.4312, 6182.813
452.9134, 6257.757
453.3955, 6321.103
453.8776, 6371.899
454.3597, 6419.588
454.8418, 6469.817
455.3239, 6521.567
455.8061, 6572.445
456.2882, 6624.379
456.7703, 6672.006
457.2524, 6708.703
457.7345, 6735.784
458.2166, 6757.813
458.6988, 6772.792
459.1809, 6787.424
459.6630, 6808.162
460.1451, 6835.641
460.6272, 6864.748
461.1093, 6903.581
461.5915, 6938.993
462.0736, 6953.674
462.5557, 6907.575
463.0378, 6874.262
463.5199, 6890.767
464.0020, 6950.579
464.4842, 7000.011
464.9663, 7009.844
465.4484, 7019.366
465.9305, 7050.510
466.4126, 7124.314
466.8947, 7184.608
467.3769, 7224.973
467.8590, 7254.488
468.3411, 7285.794
468.8232, 7309.258
469.3053, 7355.184
469.7874, 7441.429
470.2696, 7564.445
470.7517, 7652.489
471.2338, 7695.144
471.7159, 7734.371
472.1980, 7813.225
472.6801, 7930.668
473.1623, 8025.013
473.6444, 8083.288
474.1265, 8124.571
474.6086, 8183.305
475.0907, 8256.218
475.5728, 8322.129
476.0550, 8367.031
476.5371, 8398.902
477.0192, 8428.762
477.5013, 8457.133
477.9834, 8484.782
478.4655, 8519.660
478.9477, 8552.007
479.4298, 8568.296
479.9119, 8557.512
480.3940, 8538.946
480.8761, 8524.745
481.3582, 8511.280
481.8404, 8487.317
482.3225, 8467.303
482.8046, 8421.748
483.2867, 8329.045
483.7688, 8168.993
484.2509, 8029.363
484.7331, 7941.109
485.2152, 7860.855
485.6973, 7746.071
486.1794, 7569.043
486.6615, 7412.256
487.1436, 7298.396
487.6258, 7211.360
488.1079, 7080.008
488.5900, 6895.317
489.0721, 6696.486
489.5542, 6499.964
490.0363, 6304.897
490.5185, 6126.165
491.0006, 5967.705
491.4827, 5819.128
491.9648, 5675.908
492.4470, 5534.904
492.9291, 5380.239
493.4112, 5199.060
493.8933, 5011.136
494.3754, 4857.787
494.8575, 4733.158
495.3397, 4607.491
495.8218, 4451.259
496.3039, 4282.925
496.7860, 4126.354
497.2681, 3986.573
497.7502, 3853.668
498.2324, 3723.214
498.7145, 3591.412
499.1966, 3453.226
499.6787, 3294.832
500.1608, 3148.517
500.6429, 3027.014
501.1251, 2926.925
501.6072, 2825.749
502.0893, 2720.674
502.5714, 2616.479
503.0535, 2514.494
503.5356, 2412.896
504.0178, 2315.877
504.4999, 2225.092
504.9820, 2138.829
505.4641, 2053.626
505.9462, 1970.326
506.4283, 1884.287
506.9105, 1789.962
507.3926, 1693.507
507.8747, 1626.298
508.3568, 1589.822
508.8389, 1550.311
509.3210, 1472.909
509.8032, 1372.243
510.2853, 1289.219
510.7674, 1231.267
511.2495, 1181.015
511.7316, 1118.031
512.2137, 1049.451
512.6959, 990.8486
513.1780, 957.9409
513.6601, 928.7295
514.1422, 888.1841
514.6243, 837.7705
515.1064, 788.5903
515.5886, 746.0635
516.0707, 705.1592
516.5528, 662.7524
517.0349, 614.4692
517.5170, 572.0835
517.9991, 538.1812
518.4813, 510.5347
518.9634, 487.9189
519.4455, 478.8936
519.9276, 459.2705
520.4097, 417.1890
520.8918, 359.1992
521.3740, 326.2686
521.8561, 324.6929
522.3382, 327.2944
522.8203, 315.3071
523.3024, 289.9258
523.7845, 270.2246
524.2667, 257.8916
524.7488, 247.1016
525.2309, 227.3472
525.7130, 201.8301
526.1951, 182.7065
526.6772, 180.0029
527.1594, 179.8008
527.6415, 161.7095
528.1236, 130.3291
528.6057, 105.3281
529.0878, 106.7510
529.5699, 113.3555
530.0521, 107.5049
530.5342, 83.08594
531.0163, 63.35645
531.4984, 54.03516
531.9805, 53.66260
532.4626, 60.55420
532.9448, 91.44336
533.4269, 109.1089
533.9090, 105.7852
534.3911, 85.83594
534.8732, 65.03076
535.3553, 37.92236
535.8375, 20.08154
536.3196, 23.78955
536.8017, 50.90088
537.2838, 53.78711
537.7659, 26.77148
538.2480, 5.633301
538.7302, 14.11865
539.2123, 2.341797
539.6944, 3.687012
540.1765, 2.960449
540.6586, 17.06055
541.1407, 40.61816
541.6229, 67.94897
542.1050, 79.81885
542.5871, 46.51685
543.0692, 5.869629
543.5513, 1.821777
544.0334, 25.71729
544.5156, 46.52075
544.9977, 33.03638
545.4798, 9.027832
545.9619, 6.985352
546.4440, 9.095947
546.9261, 7.047852
547.4083, 0.3586430
547.8904, 11.11035
548.3725, 21.42871
548.8546, 32.59253
549.3367, 41.11523
549.8188, 45.65405
550.3010, 46.18823
550.7831, 44.78247
551.2652, 40.96021
551.7473, 38.54858
552.2294, 43.93677
552.7115, 55.33691
553.1937, 50.88013
553.6758, 25.18384
554.1579, 0.8740230
554.6400, 6.315186
555.1221, 34.99097
555.6042, 50.59302
556.0864, 28.87451
556.5685, 0.4296880
557.0506, 0.3388670
557.5327, 19.06128
558.0148, 30.12476
558.4969, 7.214600
558.9791, 19.62891
559.4612, 29.60620
559.9433, 15.56104
560.4254, 9.236816
560.9075, 23.10498
561.3896, 42.75854
561.8718, 56.60620
562.3539, 60.56934
562.8360, 65.26929
563.3181, 72.26611
563.8002, 79.90088
564.2823, 79.96240
564.7645, 70.26245
565.2466, 64.75903
565.7287, 69.80127
566.2108, 83.08545
566.6929, 94.05005
567.1750, 102.6877
567.6572, 107.7849
568.1393, 101.7222
568.6214, 92.55762
569.1035, 101.3870
569.5856, 137.4851
570.0677, 167.2859
570.5499, 155.5701
571.0320, 120.7825
571.5141, 92.10107
571.9962, 78.87769
572.4783, 75.04834
572.9604, 81.62134
573.4426, 96.87964
573.9247, 112.3101
574.4068, 133.1521
574.8889, 147.6389
575.3710, 149.1121
575.8531, 133.7500
576.3353, 125.6279
576.8174, 126.5303
577.2995, 132.2341
577.7816, 141.0808
578.2637, 154.0166
578.7458, 159.3271
579.2280, 154.9399
579.7101, 142.9712
580.1922, 119.7769
580.6743, 89.15430
581.1564, 72.33008
581.6385, 90.08472
582.1207, 121.3103
582.6028, 139.3525
583.0849, 145.1938
583.5670, 147.6047
584.0491, 151.7422
584.5313, 154.4875
585.0134, 152.6858
585.4955, 144.0940
585.9776, 136.8657
586.4597, 133.1011
586.9418, 131.8110
587.4240, 132.1841
587.9061, 137.7195
588.3882, 139.0212
588.8703, 132.4641
589.3524, 121.7407
589.8345, 118.2393
590.3167, 123.4829
590.7988, 130.3713
591.2809, 138.9546
591.7630, 147.0913
592.2451, 138.7595
592.7272, 113.1760
593.2094, 90.31689
593.6915, 89.72412
594.1736, 103.0879
594.6557, 117.0447
595.1378, 131.3845
595.6199, 136.9712
596.1021, 113.8826
596.5842, 80.80713
597.0663, 65.04199
597.5485, 102.0098
598.0306, 129.3435
598.5127, 120.4360
598.9948, 82.60669
599.4769, 50.96851
599.9590, 26.97827
600.4412, 14.33179
600.9233, 15.59277
601.4054, 29.83936
601.8875, 41.66504
602.3696, 52.20239
602.8517, 59.18115
603.3339, 55.82202
603.8160, 42.65894
604.2981, 39.02441
604.7802, 48.97021
605.2623, 62.30029
605.7444, 67.53882
606.2266, 65.37402
606.7087, 57.23389
607.1908, 36.30640
607.6729, 17.72046
608.1550, 17.10352
608.6371, 29.54443
609.1193, 38.83691
609.6014, 35.57935
610.0835, 29.41333
610.5656, 24.53125
611.0477, 22.51318
611.5298, 22.01416
612.0120, 24.62549
612.4941, 25.04565
612.9762, 19.04126
613.4583, 5.294434
613.9404, 4.181885
614.4225, 8.074219
614.9047, 9.910400
615.3868, 12.84644
615.8689, 16.59302
616.3510, 21.62915
616.8331, 31.91479
617.3152, 41.09595
617.7974, 33.79297
618.2795, 14.55420
618.7616, 6.6895001E-02
619.2437, 8.713867
619.7258, 19.98560
620.2079, 14.75928
620.6901, 7.686035
621.1722, 22.67065
621.6543, 14.03564
622.1364, 0.4592290
622.6185, 5.720459
623.1006, 6.9824003E-02
623.5828, 4.317871
624.0649, 5.322754
624.5470, 7.017334
625.0291, 16.84253
625.5112, 38.19897
625.9933, 47.95215
626.4755, 38.36450
626.9576, 19.71802
627.4397, 13.54956
627.9218, 18.53540
628.4039, 24.57324
628.8860, 25.22705
629.3682, 24.84863
629.8503, 31.65454
630.3324, 44.33521
630.8145, 52.78540
631.2966, 49.32007
631.7787, 40.70850
632.2609, 29.71997
632.7430, 14.04541
633.2251, 6.729248
633.7072, 17.40112
634.1893, 33.26221
634.6714, 44.21338
635.1536, 50.25684
635.6357, 50.47925
636.1178, 41.69141
636.5999, 30.34570
637.0820, 29.77466
637.5641, 40.48535
638.0463, 50.03784
638.5284, 55.11792
639.0105, 55.87329
639.4926, 50.30981
639.9747, 39.74634
640.4568, 32.72681
640.9390, 34.41406
641.4211, 41.95166
641.9032, 54.83521
642.3853, 72.93555
642.8674, 88.24854
643.3495, 99.36182
643.8317, 105.3201
644.3138, 104.9758
644.7959, 92.81323
645.2780, 84.47339
645.7601, 80.07202
646.2422, 79.39111
646.7244, 83.33374
647.2065, 93.27905
647.6886, 100.9141
648.1707, 105.4548
648.6528, 105.9475
649.1349, 96.13086
649.6171, 78.19165
650.0992, 67.21460
650.5813, 76.65869
651.0634, 92.78076
651.5455, 98.81128
652.0276, 96.42969
652.5098, 93.80396
652.9919, 96.52124
653.4740, 99.33740
653.9561, 98.15161
654.4382, 91.24243
654.9203, 86.82129
655.4025, 85.01123
655.8846, 87.59863
656.3667, 98.55933
656.8488, 126.3110
657.3309, 133.7727
657.8130, 113.9995
658.2952, 83.84473
658.7773, 68.14453
659.2594, 66.01440
659.7415, 60.04541
660.2236, 40.93750
660.7057, 23.46753
661.1879, 34.92773
661.6700, 65.88403
662.1521, 90.74658
662.6342, 94.05957
663.1163, 90.46777
663.5984, 85.92871
664.0806, 81.19922
664.5627, 80.44604
665.0448, 91.24805
665.5269, 99.45459
666.0090, 98.67554
666.4911, 87.59399
666.9733, 81.85010
667.4554, 84.16553
667.9375, 85.53735
668.4196, 76.89966
668.9017, 58.70435
669.3839, 44.53564
669.8660, 35.85107
670.3481, 30.40601
670.8302, 23.25903
671.3123, 17.23755
671.7944, 20.15796
672.2766, 41.31982
672.7587, 61.66797
673.2408, 68.09692
673.7229, 64.79272
674.2050, 60.06494
674.6871, 53.87939
675.1693, 48.39136
675.6514, 47.10840
676.1335, 49.32861
676.6156, 46.43530
677.0977, 34.16675
677.5798, 21.56909
678.0620, 13.88794
678.5441, 11.61035
679.0262, 9.051758
679.5083, 5.741943
679.9904, 4.745605
680.4725, 13.67432
680.9547, 26.02319
681.4368, 26.02246
681.9189, 9.991455
682.4010, 2.664795
682.8831, 4.555908
683.3652, 20.30078
683.8474, 33.46948
684.3295, 45.25415
684.8116, 48.28638
685.2937, 34.14014
685.7758, 14.10889
686.2579, 2.576904
686.7401, 1.204834
687.2222, 4.433594
687.7043, 13.73877
688.1864, 24.85913
688.6685, 23.49023
689.1506, 10.82227
689.6328, 6.536621
690.1149, 10.27295
690.5970, 37.98853
691.0791, 54.46045
691.5612, 60.40747
692.0433, 24.09277
692.5255, 42.49023
693.0076, 38.98315
693.4897, 34.57983
693.9718, 60.68262
694.4539, 30.54785
694.9360, 56.14014
695.4182, 59.53735
695.9003, 73.11987
696.3824, 64.66333
696.8645, 63.01953
697.3466, 83.43286
697.8287, 91.63940
698.3109, 80.66650
698.7930, 94.92896
699.2751, 92.08887
699.7572, 87.53564
700.2393, 73.45654
700.7214, 66.55225
701.2036, 64.45044
701.6857, 63.17725
702.1678, 59.89307
702.6499, 58.86475
703.1320, 66.66772
703.6141, 77.78955
704.0963, 77.84302
704.5784, 57.28320
705.0605, 39.12671
705.5426, 26.32886
706.0247, 19.80615
706.5068, 26.25073
706.9890, 47.26978
707.4711, 67.96265
707.9532, 81.00195
708.4353, 87.92871
708.9174, 93.72583
709.3995, 97.88428
709.8817, 94.77148
710.3638, 66.39453
710.8459, 38.21631
711.3280, 38.63159
711.8101, 74.82837
712.2922, 99.53955
712.7744, 88.39771
713.2565, 49.82886
713.7386, 77.08252
714.2207, 93.14673
714.7028, 98.62524
715.1849, 61.77954
715.6671, 79.61841
716.1492, 75.56689
716.6313, 70.63672
717.1134, 96.22559
717.5955, 65.62646
718.0776, 90.75806
718.5598, 93.65747
719.0419, 106.7454
719.5240, 97.80054
720.0061, 95.67627
720.4882, 115.6118
720.9703, 123.3469
721.4525, 111.9053
721.9346, 125.7004
722.4167, 94.42920
722.8988, 73.82202
723.3809, 75.56738
723.8630, 98.71533
724.3452, 100.5706
724.8273, 77.55176
725.3094, 59.18408
725.7915, 63.88159
726.2736, 81.63477
726.7557, 85.04102
727.2379, 75.88940
727.7200, 68.28564
728.2021, 73.21606
728.6842, 82.24536
729.1663, 89.02954
729.6484, 92.96899
730.1306, 95.66211
730.6127, 96.23145
731.0948, 96.78906
731.5769, 99.06519
732.0590, 104.5146
732.5411, 105.2607
733.0233, 100.3215
733.5054, 92.88745
733.9875, 83.40796
734.4696, 72.97168
734.9517, 71.11621
735.4338, 79.78687
735.9160, 91.42871
736.3981, 98.99976
736.8802, 104.3813
737.3623, 110.6550
737.8444, 120.5281
738.3266, 127.7275
738.8087, 125.9463
739.2908, 121.4160
739.7729, 123.9197
740.2551, 142.7949
740.7372, 151.2922
741.2193, 140.7195
741.7014, 122.8491
742.1835, 125.5369
742.6656, 149.0549
743.1478, 168.1233
743.6299, 173.7051
744.1120, 171.7661
744.5941, 171.4604
745.0762, 171.5598
745.5583, 168.1685
746.0405, 149.9714
746.5226, 136.5605
747.0047, 141.7512
747.4868, 162.6418
747.9689, 181.9492
748.4510, 205.2307
748.9332, 216.3181
749.4153, 204.8445
749.8974, 173.9146
750.3795, 160.3721
750.8616, 165.7070
751.3438, 176.9082
751.8259, 186.5537
752.3080, 196.3906
752.7901, 212.4941
753.2722, 232.6909
753.7543, 246.8967
754.2365, 243.8218
754.7186, 235.4746
755.2007, 231.8108
755.6828, 235.2546
756.1649, 236.6506
756.6470, 232.6648
757.1292, 227.4028
757.6113, 222.3884
758.0934, 216.2346
758.5755, 217.8875
759.0576, 229.2864
759.5397, 241.5696
760.0219, 242.5935
760.5040, 236.8228
760.9861, 240.8044
761.4682, 259.3601
761.9503, 275.2625
762.4324, 271.9893
762.9146, 259.5859
763.3967, 249.5002
763.8788, 241.7290
764.3609, 240.9636
764.8430, 256.3516
765.3251, 274.3933
765.8073, 277.4316
766.2894, 259.7119
766.7715, 257.8838
767.2536, 280.2214
767.7357, 307.7058
768.2178, 306.6995
768.7000, 284.4846
769.1821, 268.7087
769.6642, 272.4863
770.1463, 278.8435
770.6284, 270.8008
771.1105, 255.2397
771.5927, 245.5315
772.0748, 250.1335
772.5569, 255.3447
773.0390, 260.7683
773.5211, 264.4785
774.0032, 260.4373
774.4854, 247.1118
774.9675, 230.9661
775.4496, 210.0352
775.9317, 190.4373
776.4138, 188.8486
776.8959, 202.7375
777.3781, 218.0913
777.8602, 231.3892
778.3423, 240.0334
778.8244, 241.1321
779.3065, 235.4849
779.7886, 226.6780
780.2708, 208.4983
780.7529, 195.2620
781.2350, 193.2012
781.7171, 200.8201
782.1992, 203.2725
782.6813, 198.8962
783.1635, 195.9065
783.6456, 203.6709
784.1277, 215.3835
784.6098, 202.2478
785.0919, 167.1135
785.5740, 138.4597
786.0562, 136.1846
786.5383, 147.5403
787.0204, 164.7183
787.5025, 187.1995
787.9846, 201.9810
788.4667, 204.3606
788.9489, 200.2529
789.4310, 189.3674
789.9131, 171.7549
790.3952, 156.2065
790.8773, 143.4438
791.3594, 130.4749
791.8416, 111.8811
792.3237, 91.89453
792.8058, 85.10864
793.2879, 91.87207
793.7700, 95.40405
794.2521, 74.98682
794.7343, 52.47559
795.2164, 49.28662
795.6985, 74.61987
796.1806, 87.57617
796.6627, 78.05811
797.1448, 62.33276
797.6270, 49.13940
798.1091, 37.39771
798.5912, 36.06787
799.0733, 47.55200
799.5554, 58.43970
800.0375, 51.95337
800.5197, 36.07422
801.0018, 26.29688
801.4839, 25.46484
801.9660, 25.34302
802.4481, 18.40015
802.9302, 11.70386
803.4124, 12.09741
803.8945, 28.45117
804.3766, 32.92310
804.8587, 19.12500
805.3408, 1.922607
805.8229, 4.939697
806.3051, 1.490479
806.7872, 3.407715
807.2693, 9.343750
807.7514, 14.25977
808.2335, 18.13062
808.7156, 18.90723
809.1978, 10.86353
809.6799, 12.57031
810.1620, 26.57935
810.6441, 9.632080
811.1262, 15.34692
811.6083, 25.39014
812.0905, 12.39868
812.5726, 1.740723
813.0547, 6.146484
813.5368, 11.41821
814.0189, 13.65161
814.5010, 13.13525
814.9832, 12.08325
815.4653, 10.95874
815.9474, 8.408447
816.4295, 2.912109
816.9116, 4.643799
817.3937, 13.52710
817.8759, 27.48682
818.3580, 35.68628
818.8401, 32.89673
819.3222, 25.38501
819.8043, 17.74048
820.2864, 9.304688
820.7686, 4.701416
821.2507, 4.855713
821.7328, 7.628906
822.2149, 14.87085
822.6970, 22.20801
823.1791, 15.31689
823.6613, 14.89209
824.1434, 38.94653
824.6255, 31.23413
825.1076, 9.267334
825.5897, 7.265625
826.0718, 9.836182
826.5540, 15.45239
827.0361, 28.47070
827.5182, 39.75781
828.0003, 35.40234
828.4824, 15.71436
828.9645, 3.371826
829.4467, 2.751465
829.9288, 6.021729
830.4109, 4.944580
830.8930, 1.672852
831.3751, 1.194092
831.8572, 5.442139
832.3394, 3.529785
832.8215, 12.38525
833.3036, 33.09570
833.7857, 49.05298
834.2678, 61.06543
834.7499, 64.20142
835.2321, 55.50244
835.7142, 44.15039
836.1963, 42.66870
836.6784, 48.31641
837.1605, 51.20972
837.6426, 49.27710
838.1248, 45.60864
838.6069, 40.33057
839.0890, 35.74072
839.5711, 34.88062
840.0532, 43.28662
840.5353, 46.35840
841.0175, 38.00537
841.4996, 29.01001
841.9817, 35.30786
842.4638, 58.43970
842.9459, 60.95361
843.4280, 35.32520
843.9102, 10.04541
844.3923, 26.29248
844.8744, 60.22119
845.3565, 69.50610
845.8386, 36.51562
846.3207, 15.28149
846.8029, 41.94507
847.2850, 80.30981
847.7671, 98.56812
848.2492, 87.68213
848.7313, 81.45410
849.2134, 80.86377
849.6956, 81.77271
850.1777, 80.89233
850.6598, 78.80688
851.1419, 77.27197
851.6240, 76.58057
852.1061, 75.45898
852.5883, 75.11572
853.0704, 72.56836
853.5525, 64.30640
854.0346, 47.36621
854.5167, 31.60498
854.9988, 9.469727
855.4810, 1.093506
855.9631, 20.61426
856.4452, 75.50781
856.9273, 100.0691
857.4094, 90.96411
857.8915, 78.88232
858.3737, 98.25903
858.8558, 124.8948
859.3379, 124.7742
859.8200, 92.01758
860.3021, 67.07349
860.7842, 70.21973
861.2664, 81.05347
861.7485, 90.15381
862.2306, 98.50659
862.7127, 96.78296
863.1948, 82.29883
863.6769, 68.03833
864.1591, 64.78198
864.6412, 68.74658
865.1233, 71.19189
865.6054, 72.23511
866.0875, 73.68872
866.5696, 76.31274
867.0518, 78.56958
867.5339, 79.86914
868.0160, 80.38086
868.4981, 79.68726
868.9802, 74.34009
869.4623, 71.81250
869.9445, 76.76489
870.4266, 88.55835
870.9087, 104.8596
871.3908, 124.2373
871.8729, 135.7451
872.3550, 129.0974
872.8372, 114.6238
873.3193, 95.09985
873.8014, 74.97852
874.2835, 71.25537
874.7656, 109.7004
875.2477, 132.7874
875.7299, 119.4370
876.2120, 82.37964
876.6941, 73.39526
877.1762, 93.10938
877.6583, 112.0557
878.1404, 114.4673
878.6226, 108.0498
879.1047, 99.50220
879.5869, 92.55957
880.0690, 94.29688
880.5511, 124.2764
881.0332, 141.8650
881.5153, 121.9878
881.9974, 85.22705
882.4796, 78.54590
882.9617, 109.8706
883.4438, 137.3403
883.9259, 148.5610
884.4080, 149.8845
884.8901, 150.1943
885.3723, 148.5730
885.8544, 144.8733
886.3365, 137.8076
886.8186, 130.1453
887.3007, 121.4053
887.7828, 113.0737
888.2650, 107.2068
888.7471, 103.8342
889.2292, 101.8723
889.7113, 101.6257
890.1934, 102.4539
890.6755, 103.5564
891.1577, 104.7756
891.6398, 108.0620
892.1219, 114.8887
892.6040, 118.9639
893.0861, 111.5928
893.5682, 102.1267
894.0504, 99.35962
894.5325, 106.8555
895.0146, 113.3088
895.4967, 118.8262
895.9788, 123.0242
896.4609, 128.4067
896.9431, 133.0884
897.4252, 119.0916
897.9073, 85.23975
898.3894, 59.84741
898.8715, 73.49023
899.3536, 98.55078
899.8358, 112.0972
900.3179, 111.0032
900.8000, 106.1233
901.2821, 92.51099
901.7642, 84.75293
902.2463, 94.47583
902.7285, 116.9580
903.2106, 116.3191
903.6927, 93.35962
904.1748, 74.77954
904.6569, 88.21704
905.1390, 107.2229
905.6212, 100.3687
906.1033, 74.11084
906.5854, 58.61377
907.0675, 72.12744
907.5496, 86.04199
908.0317, 93.92773
908.5139, 97.36743
908.9960, 101.5059
909.4781, 106.3257
909.9602, 109.2056
910.4423, 108.8523
910.9244, 106.6499
911.4066, 103.8472
911.8887, 100.3293
912.3708, 95.94873
912.8529, 89.96680
913.3350, 83.16113
913.8171, 78.57495
914.2993, 73.81250
914.7814, 61.40479
915.2635, 39.41016
915.7456, 37.92017
916.2277, 65.93677
916.7098, 95.34668
917.1920, 86.98999
917.6741, 61.17969
918.1562, 48.98584
918.6383, 61.49634
919.1204, 71.43848
919.6025, 65.03223
920.0847, 57.89331
920.5668, 62.31006
921.0489, 81.54419
921.5310, 88.01855
922.0131, 81.02197
922.4952, 67.95142
922.9774, 48.32764
923.4595, 29.47339
923.9416, 25.66895
924.4237, 36.48340
924.9058, 43.28882
925.3879, 33.04346
925.8701, 23.10742
926.3522, 22.68750
926.8343, 29.72534
927.3164, 25.88062
927.7985, 9.677002
928.2806, 3.264893
928.7628, 6.003662
929.2449, 1.102783
929.7270, 15.02417
930.2091, 35.62793
930.6912, 42.91577
931.1733, 10.25513
931.6555, 14.43628
932.1376, 11.44092
932.6197, 6.562744
933.1018, 20.78687
933.5839, 32.16602
934.0660, 29.74902
934.5482, 7.763184
935.0303, 15.79834
935.5124, 14.91260
935.9945, 0.7346190
936.4766, 6.518311
936.9587, 1.354980
937.4409, 6.332275
937.9230, 2.398438
938.4051, 12.76074
938.8872, 16.02637
939.3693, 12.01685
939.8514, 2.272217
940.3336, 28.54370
940.8157, 49.78613
941.2978, 52.49829
941.7799, 41.64355
942.2620, 16.90381
942.7441, 19.61475
943.2263, 40.58203
943.7084, 20.33130
944.1905, 3.016602
944.6726, 15.21631
945.1547, 17.41943
945.6368, 15.64746
946.1190, 9.586426
946.6011, 3.589844
947.0832, 0.5439450
947.5653, 3.500488
948.0474, 3.641846
948.5295, 3.569580
949.0117, 9.354248
949.4938, 40.16992
949.9759, 54.09570
950.4580, 31.77441
950.9401, 2.110352
951.4222, 7.447021
951.9044, 16.36035
952.3865, 34.33203
952.8686, 40.54297
953.3507, 41.33569
953.8328, 44.31201
954.3149, 45.46606
954.7971, 38.53564
955.2792, 19.49487
955.7613, 2.512695
956.2434, 14.20435
956.7255, 22.97510
957.2076, 14.84448
957.6898, 9.073975
958.1719, 12.10229
958.6540, 5.385498
959.1361, 20.12354
959.6182, 14.89648
960.1003, 0.1564940
960.5825, 20.10791
961.0646, 42.80322
961.5467, 53.11426
962.0288, 38.48120
962.5109, 26.81128
962.9930, 25.50513
963.4752, 29.90479
963.9573, 28.20020
964.4394, 21.53125
964.9215, 17.92529
965.4036, 21.74194
965.8857, 25.13086
966.3679, 15.58252
966.8500, 4.414063
967.3321, 7.538330
967.8142, 47.73462
968.2963, 61.56348
968.7784, 38.45996
969.2606, 9.456299
969.7427, 9.239258
970.2248, 29.56104
970.7069, 41.82935
971.1890, 43.80933
971.6711, 39.14746
972.1533, 16.15063
972.6354, 1.244873
973.1175, 9.759521
973.5996, 49.03662
974.0817, 69.56885
974.5638, 66.30713
975.0460, 59.43018
975.5281, 55.37402
976.0102, 54.49902
976.4923, 60.22925
976.9744, 70.15698
977.4565, 77.51562
977.9387, 77.69165
978.4208, 77.03467
978.9029, 79.38745
979.3850, 81.15308
979.8671, 74.52271
980.3492, 55.06030
980.8314, 56.60547
981.3135, 86.94556
981.7956, 119.7485
982.2777, 126.3833
982.7598, 117.3184
983.2419, 103.8899
983.7241, 86.16333
984.2062, 78.83887
984.6883, 98.79321
985.1704, 117.6162
985.6525, 121.9863
986.1346, 113.1440
986.6168, 104.3237
987.0989, 96.03345
987.5810, 89.75952
988.0631, 83.32886
988.5452, 80.59790
989.0273, 88.37866
989.5095, 101.4597
989.9916, 108.9387
990.4737, 104.1860
990.9558, 102.3955
991.4379, 106.1392
991.9200, 111.2302
992.4022, 110.9824
992.8843, 105.4653
993.3664, 98.37134
993.8485, 90.18823
994.3306, 85.61499
994.8127, 91.18750
995.2949, 98.70215
995.7770, 101.0112
996.2591, 96.63232
996.7412, 95.08374
997.2233, 96.79053
997.7054, 97.88306
998.1876, 93.05884
998.6697, 86.57715
999.1518, 95.28149
999.6339, 113.9978
1000.116, 119.8486
1000.598, 81.74048
1001.080, 51.56445
1001.562, 54.76660
1002.044, 73.30176
1002.527, 75.81079
1003.009, 61.39038
1003.491, 52.75024
1003.973, 55.43115
1004.455, 59.77148
1004.937, 48.78101
1005.419, 35.88159
1005.901, 40.89233
1006.384, 73.90234
1006.866, 96.20068
1007.348, 101.9207
1007.830, 98.00317
1008.312, 83.04419
1008.794, 60.77588
1009.276, 58.85840
1009.758, 75.70557
1010.240, 91.10596
1010.723, 91.99512
1011.205, 89.37427
1011.687, 92.78760
1012.169, 97.59521
1012.651, 90.00928
1013.133, 61.71533
1013.615, 46.06152
1014.097, 50.04199
1014.580, 60.80908
1015.062, 62.62988
1015.544, 58.54590
1016.026, 52.13623
1016.508, 43.05884
1016.990, 36.71509
1017.472, 35.28906
1017.954, 39.57129
1018.436, 50.71338
1018.919, 68.12012
1019.401, 84.77734
1019.883, 100.7151
1020.365, 105.0100
1020.847, 80.65845
1021.329, 50.55542
1021.811, 37.17749
1022.293, 36.04712
1022.776, 35.84961
1023.258, 32.57446
1023.740, 33.43188
1024.222, 39.92334
1024.704, 49.49194
1025.186, 61.95190
1025.668, 74.57959
1026.150, 75.20166
1026.632, 61.20728
1027.115, 48.84351
1027.597, 51.20752
1028.079, 55.78564
1028.561, 52.86890
1029.043, 42.86914
1029.525, 38.82104
1030.007, 41.15283
1030.489, 46.46558
1030.972, 57.48828
1031.454, 65.84497
1031.936, 57.06152
1032.418, 37.07202
1032.900, 18.74512
1033.382, 3.551270
1033.864, 8.255371
1034.346, 16.49536
1034.828, 45.38281
1035.311, 46.83301
1035.793, 25.32788
1036.275, 8.304199
1036.757, 2.146729
1037.239, 4.239990
1037.721, 11.97412
1038.203, 29.48071
1038.685, 35.23267
1039.167, 29.99634
1039.650, 26.58789
1040.132, 25.16016
1040.614, 24.85913
1041.096, 25.13892
1041.578, 26.79102
1042.060, 35.10718
1042.542, 44.72729
1043.024, 44.72437
1043.507, 23.11792
1043.989, 9.393311
1044.471, 12.87451
1044.953, 20.88232
1045.435, 22.72827
1045.917, 19.27344
1046.399, 22.21069
1046.881, 31.67822
1047.364, 45.69214
1047.846, 76.91211
1048.328, 99.27563
1048.810, 81.72412
1049.292, 37.93311
1049.774, 29.67041
1050.256, 68.57886
1050.738, 104.6235
1051.220, 129.7913
1051.703, 143.0164
1052.185, 129.9077
1052.667, 107.6331
1053.149, 109.4158
1053.631, 149.3784
1054.113, 176.5088
1054.595, 162.3801
1055.077, 149.6699
1055.559, 164.7158
1056.042, 200.8450
1056.524, 208.9358
1057.006, 192.2815
1057.488, 177.7964
1057.970, 179.7935
1058.452, 188.9146
1058.934, 205.1479
1059.416, 222.7578
1059.899, 229.6726
1060.381, 220.0479
1060.863, 221.7222
1061.345, 239.1838
1061.827, 258.6213
1062.309, 266.0073
1062.791, 266.2781
1063.273, 265.5566
1063.755, 264.5242
1064.238, 264.8892
1064.720, 259.1418
1065.202, 267.4304
1065.684, 305.4001
1066.166, 354.4082
1066.648, 352.6292
1067.130, 311.5034
1067.612, 283.8638
1068.094, 288.4065
1068.577, 305.7661
1069.059, 337.8765
1069.541, 367.9265
1070.023, 378.8828
1070.505, 366.6763
1070.987, 358.7483
1071.469, 355.2339
1071.951, 353.5220
1072.434, 355.2915
1072.916, 355.2712
1073.398, 339.1296
1073.880, 314.8984
1074.362, 310.9526
1074.844, 351.5435
1075.326, 382.3020
1075.808, 396.7393
1076.291, 399.2251
1076.773, 391.6421
1077.255, 377.6128
1077.737, 367.9202
1078.219, 364.3821
1078.701, 361.4250
1079.183, 349.7134
1079.665, 345.4358
1080.147, 361.7437
1080.630, 392.3635
1081.112, 395.0088
1081.594, 370.8784
1082.076, 358.3230
1082.558, 379.1504
1083.040, 402.7549
1083.522, 399.0361
1084.004, 382.6816
1084.486, 372.8838
1084.969, 370.7100
1085.451, 378.4612
1085.933, 398.3745
1086.415, 419.5869
1086.897, 438.3494
1087.379, 450.5386
1087.861, 443.3394
1088.343, 421.6294
1088.826, 406.3098
1089.308, 417.3296
1089.790, 417.3789
1090.272, 391.9448
1090.754, 362.3862
1091.236, 370.9951
1091.718, 406.7075
1092.200, 411.9885
1092.682, 375.4773
1093.165, 349.4165
1093.647, 379.8184
1094.129, 419.3171
1094.611, 440.1274
1095.093, 443.5051
1095.575, 435.9858
1096.057, 416.8579
1096.539, 404.2676
1097.022, 407.7075
1097.504, 415.3955
1097.986, 414.0693
1098.468, 409.9968
1098.950, 412.9111
1099.432, 431.2039
1099.914, 435.7229
1100.396, 422.0840
1100.879, 408.8408
1101.361, 412.8274
1101.843, 424.8721
1102.325, 426.9790
1102.807, 421.0618
1103.289, 415.0044
1103.771, 409.5828
1104.253, 407.5178
1104.735, 410.7153
1105.218, 415.1877
1105.700, 413.4624
1106.182, 407.7368
1106.664, 411.0869
1107.146, 425.1252
1107.628, 434.8025
1108.110, 433.6191
1108.592, 422.4387
1109.074, 395.8867
1109.557, 360.1963
1110.039, 343.2793
1110.521, 345.2676
1111.003, 341.3398
1111.485, 319.7200
1111.967, 304.0505
1112.449, 326.2378
1112.931, 361.4087
1113.414, 383.8640
1113.896, 391.3887
1114.378, 383.2517
1114.860, 335.6545
1115.342, 369.0479
1115.824, 386.5935
1116.306, 389.8188
1116.788, 336.2808
1117.271, 356.0793
1117.753, 346.5366
1118.235, 335.7957
1118.717, 365.9856
1119.199, 320.8076
1119.681, 350.4175
1120.163, 350.5938
1120.645, 365.1072
1121.127, 351.0818
1121.609, 347.5479
1122.092, 373.5161
1122.574, 381.7065
1123.056, 362.9414
1123.538, 377.9731
1124.020, 332.7439
1124.502, 340.5657
1124.984, 371.2036
1125.466, 354.0686
1125.949, 301.6995
1126.431, 278.0818
1126.913, 287.5354
1127.395, 306.3240
1127.877, 315.3774
1128.359, 315.9944
1128.841, 330.6169
1129.323, 360.7134
1129.806, 370.9290
1130.288, 340.7773
1130.770, 303.7498
1131.252, 292.5120
1131.734, 296.1924
1132.216, 300.6709
1132.698, 309.4880
1133.180, 301.1873
1133.662, 270.8179
1134.145, 247.0491
1134.627, 256.0825
1135.109, 275.8210
1135.591, 269.6045
1136.073, 246.1704
1136.555, 227.8213
1137.037, 222.0911
1137.519, 221.0969
1138.001, 226.7014
1138.484, 231.0581
1138.966, 222.9844
1139.448, 208.2644
1139.930, 201.7937
1140.412, 203.5513
1140.894, 205.9287
1141.376, 206.4678
1141.858, 206.0234
1142.341, 204.6416
1142.823, 202.2195
1143.305, 200.5676
1143.787, 197.3450
1144.269, 177.8789
1144.751, 138.0649
1145.233, 112.3379
1145.715, 132.6169
1146.198, 160.5676
1146.680, 176.2104
1147.162, 180.8618
1147.644, 178.1284
1148.126, 168.7593
1148.608, 162.9609
1149.090, 166.7139
1149.572, 167.0212
1150.054, 149.3167
1150.536, 126.8313
1151.019, 112.2058
1151.501, 106.4250
1151.983, 99.26221
1152.465, 90.21826
1152.947, 87.39966
1153.429, 103.9988
1153.911, 120.3665
1154.393, 113.3218
1154.876, 93.99927
1155.358, 81.77222
1155.840, 80.34741
1156.322, 81.86572
1156.804, 86.87964
1157.286, 90.89307
1157.768, 91.92041
1158.250, 89.36816
1158.733, 77.41821
1159.215, 60.46582
1159.697, 55.84961
1160.179, 77.39502
1160.661, 86.25854
1161.143, 75.99121
1161.625, 57.37524
1162.107, 37.59058
1162.589, 20.99243
1163.072, 16.55103
1163.554, 24.18115
1164.036, 33.28369
1164.518, 48.60889
1165.000, 51.92383
1165.482, 34.31689
1165.964, 9.300049
1166.446, 0.6147460
1166.928, 4.481934
1167.411, 14.91138
1167.893, 32.67749
1168.375, 41.99219
1168.857, 31.13037
1169.339, 19.22876
1169.821, 14.53979
1170.303, 13.15332
1170.785, 0.2563480
1171.268, 19.44629
1171.750, 30.93799
1172.232, 28.43652
1172.714, 20.03369
1173.196, 0.1054690
1173.678, 16.35181
1174.160, 18.09912
1174.642, 7.916016
1175.125, 5.190918
1175.607, 8.566406
1176.089, 10.94165
1176.571, 10.36890
1177.053, 6.179688
1177.535, 3.094727
1178.017, 15.31274
1178.499, 32.46973
1178.981, 54.61450
1179.464, 52.41162
1179.946, 27.29419
1180.428, 4.832275
1180.910, 3.123047
1181.392, 5.943848
1181.874, 4.958252
1182.356, 2.744629
1182.838, 3.044189
1183.320, 6.142090
1183.803, 15.25513
1184.285, 30.83008
1184.767, 42.67432
1185.249, 44.13843
1185.731, 38.53931
1186.213, 24.16772
1186.695, 4.776611
1187.177, 10.89722
1187.660, 22.87427
1188.142, 21.96387
1188.624, 4.598389
1189.106, 7.523926
1189.588, 17.09814
1190.070, 44.69238
1190.552, 42.67749
1191.034, 15.45264
1191.516, 2.658447
1191.999, 5.296631
1192.481, 11.84106
1192.963, 20.94849
1193.445, 27.29224
1193.927, 21.92480
1194.409, 13.56494
1194.891, 11.41577
1195.373, 16.09766
1195.855, 21.29272
1196.338, 27.43115
1196.820, 30.72144
1197.302, 29.51538
1197.784, 25.35938
1198.266, 16.50854
1198.748, 7.117920
1199.230, 3.614502
1199.712, 8.198730
1200.195, 6.526855
1200.677, 3.518311
1201.159, 4.167725
1201.641, 23.52881
1202.123, 53.48926
1202.605, 50.72925
1203.087, 31.45190
1203.569, 22.55737
1204.052, 30.03467
1204.534, 38.45142
1205.016, 48.71265
1205.498, 55.00903
1205.980, 49.58252
1206.462, 41.01367
1206.944, 39.58472
1207.426, 42.64380
1207.908, 44.34619
1208.391, 44.98242
1208.873, 40.02856
1209.355, 27.28296
1209.837, 19.46484
1210.319, 36.13306
1210.801, 57.04541
1211.283, 53.17773
1211.765, 32.81885
1212.247, 29.25586
1212.730, 53.39258
1213.212, 64.79468
1213.694, 56.79883
1214.176, 47.76294
1214.658, 59.45020
1215.140, 77.00269
1215.622, 81.81396
1216.104, 75.74658
1216.587, 76.72241
1217.069, 90.63062
1217.551, 92.59619
1218.033, 75.26611
1218.515, 59.55518
1218.997, 73.15527
1219.479, 98.26245
1219.961, 118.3970
1220.443, 130.9988
1220.926, 129.9741
1221.408, 111.6743
1221.890, 93.78906
1222.372, 78.96265
1222.854, 70.93359
1223.336, 79.62573
1223.818, 94.18628
1224.300, 101.1831
1224.782, 98.87622
1225.265, 102.6951
1225.747, 114.3611
1226.229, 124.5098
1226.711, 130.7104
1227.193, 132.9724
1227.675, 129.7124
1228.157, 123.4141
1228.639, 115.2705
1229.122, 104.0190
1229.604, 103.7896
1230.086, 117.9314
1230.568, 125.6023
1231.050, 115.8931
1231.532, 102.7866
1232.014, 102.3821
1232.496, 108.7659
1232.979, 115.8813
1233.461, 123.8582
1233.943, 125.3018
1234.425, 119.9766
1234.907, 110.3184
1235.389, 92.67139
1235.871, 77.88037
1236.353, 75.69922
1236.835, 83.10229
1237.318, 100.4380
1237.800, 131.8945
1238.282, 141.7158
1238.764, 127.8806
1239.246, 108.6980
1239.728, 87.29785
1240.210, 74.60889
1240.692, 87.45801
1241.175, 110.6677
1241.657, 123.8296
1242.139, 125.7271
1242.621, 119.5454
1243.103, 105.8369
1243.585, 90.16846
1244.067, 67.27856
1244.549, 53.72290
1245.031, 67.36401
1245.514, 92.47925
1245.996, 107.4634
1246.478, 111.2388
1246.960, 110.6687
1247.442, 107.9023
1247.924, 102.3044
1248.406, 85.26660
1248.888, 74.36206
1249.370, 84.89014
1249.853, 105.0105
1250.335, 121.9773
1250.817, 135.3281
1251.299, 127.8240
1251.781, 100.0295
1252.263, 75.61914
1252.745, 72.53833
1253.227, 73.21582
1253.710, 71.17676
1254.192, 67.53296
1254.674, 60.40942
1255.156, 51.44189
1255.638, 55.57886
1256.120, 72.30396
1256.602, 87.47656
1257.084, 95.68628
1257.567, 98.37671
1258.049, 90.90527
1258.531, 83.41797
1259.013, 96.48779
1259.495, 117.2942
1259.977, 109.8494
1260.459, 74.98364
1260.941, 48.64600
1261.423, 46.25220
1261.906, 60.63647
1262.388, 97.72876
1262.870, 134.9373
1263.352, 136.6357
1263.834, 113.3870
1264.316, 97.68555
1264.798, 90.28931
1265.280, 86.52026
1265.762, 87.23633
1266.245, 86.56738
1266.727, 83.77539
1267.209, 77.60400
1267.691, 61.45605
1268.173, 45.71143
1268.655, 52.74780
1269.137, 82.27075
1269.619, 105.5005
1270.102, 120.0869
1270.584, 125.4653
1271.066, 120.5444
1271.548, 109.7271
1272.030, 94.40625
1272.512, 79.27148
1272.994, 70.67993
1273.476, 68.78394
1273.958, 70.31592
1274.441, 75.76343
1274.923, 83.21436
1275.405, 92.26831
1275.887, 100.3223
1276.369, 110.6667
1276.851, 117.0337
1277.333, 109.7859
1277.815, 90.42700
1278.297, 73.84058
1278.780, 59.97656
1279.262, 51.24219
1279.744, 48.42432
1280.226, 47.45459
1280.708, 43.75708
1281.190, 44.28394
1281.672, 60.19238
1282.154, 83.31006
1282.637, 80.51855
1283.119, 55.54395
1283.601, 47.56934
1284.083, 66.99634
1284.565, 84.67456
1285.047, 81.58838
1285.529, 72.06030
1286.011, 62.86133
1286.494, 55.09521
1286.976, 55.44922
1287.458, 61.15308
1287.940, 62.26001
1288.422, 55.42725
1288.904, 49.36792
1289.386, 43.81958
1289.868, 42.98950
1290.350, 51.50366
1290.833, 61.09521
1291.315, 46.98389
1291.797, 23.68335
1292.279, 28.84839
1292.761, 75.66455
1293.243, 86.12695
1293.725, 34.55640
1294.207, 4.459229
1294.689, 5.180420
1295.172, 14.24365
1295.654, 39.26196
1296.136, 61.53687
1296.618, 67.06030
1297.100, 51.90161
1297.582, 47.52368
1298.064, 56.74780
1298.546, 58.06616
1299.029, 40.92700
1299.511, 25.89282
1299.993, 45.02173
1300.475, 69.48730
1300.957, 64.45215
1301.439, 35.84131
1301.921, 30.84229
1302.403, 48.42188
1302.885, 56.34277
1303.368, 42.94946
1303.850, 30.19043
1304.332, 41.67969
1304.814, 48.21533
1305.296, 32.20215
1305.778, 8.342041
1306.260, 10.85132
1306.742, 32.59424
1307.224, 42.90137
1307.707, 30.87744
1308.189, 26.33472
1308.671, 54.28687
1309.153, 73.87671
1309.635, 68.79297
1310.117, 48.62939
1310.599, 27.15552
1311.081, 7.819336
1311.564, 1.801514
1312.046, 0.1066890
1312.528, 9.968506
1313.010, 32.81689
1313.492, 39.63037
1313.974, 25.44873
1314.456, 5.002686
1314.938, 0.0000000E+00
##END=



