##NAMES=Chabazite-K
##RRUFFID=R120032
##IDEAL CHEMISTRY=(K_2_NaCa_0.5_)Al_4_Si_8_O_24_&#183;11H_2_O
##LOCALITY=Kirovskii mine, Rasvumchorr Mt, Khibiny Massif, Kola Peninsula, Murmanskaja Oblast, Northern Region, Russia
##OWNER=RRUFF
##SOURCE=Donald Doell
##DESCRIPTION=Druse of colorless rhombohedral crystals
##STATUS=The identification of this mineral has been confirmed only by single crystal X-ray diffraction.
##URL=rruff.info/R120032
112.8167, 0.0000000E+00
113.2988, 5.0048999E-02
113.7809, 0.4008790
114.2630, 1.280884
114.7451, 1.838989
115.2272, 1.500366
115.7094, 0.3216550
116.1915, 0.1457520
116.6736, 0.6129150
117.1557, 1.381592
117.6378, 1.300171
118.1199, 0.6856690
118.6021, 0.8726810
119.0842, 3.431030
119.5663, 8.474121
120.0484, 10.65820
120.5305, 7.233765
121.0126, 2.640991
121.4948, 0.8905030
121.9769, 2.623169
122.4590, 5.550903
122.9411, 7.754883
123.4232, 9.359619
123.9053, 10.46326
124.3875, 10.64880
124.8696, 10.31628
125.3517, 10.73438
125.8338, 12.73267
126.3159, 14.51025
126.7980, 14.34583
127.2802, 12.65869
127.7623, 11.41138
128.2444, 12.60669
128.7265, 16.57178
129.2086, 19.55151
129.6907, 20.43982
130.1729, 20.82654
130.6550, 21.36865
131.1371, 22.15967
131.6192, 22.89954
132.1013, 23.13110
132.5834, 22.44800
133.0656, 22.02039
133.5477, 21.46912
134.0298, 21.35828
134.5119, 22.33496
134.9940, 24.56604
135.4761, 27.47522
135.9583, 29.75659
136.4404, 31.33435
136.9225, 32.31799
137.4046, 32.34778
137.8867, 31.85022
138.3688, 31.49243
138.8510, 31.59521
139.3331, 31.96570
139.8152, 31.96741
140.2973, 31.39355
140.7794, 30.84021
141.2615, 30.51318
141.7437, 30.40503
142.2258, 30.43567
142.7079, 30.71838
143.1900, 31.03186
143.6721, 30.87292
144.1542, 29.75281
144.6364, 28.71838
145.1185, 28.93384
145.6006, 30.58362
146.0827, 32.36987
146.5648, 34.56458
147.0469, 36.24683
147.5291, 36.02759
148.0112, 32.69910
148.4933, 27.94189
148.9754, 25.77869
149.4575, 28.03320
149.9396, 29.79834
150.4218, 28.72095
150.9039, 26.43091
151.3860, 25.33594
151.8681, 27.20996
152.3502, 31.45447
152.8323, 32.91040
153.3145, 27.21045
153.7966, 22.83215
154.2787, 22.18188
154.7608, 24.11694
155.2429, 26.29333
155.7250, 26.83691
156.2072, 25.54346
156.6893, 24.66565
157.1714, 24.38281
157.6535, 24.25952
158.1356, 24.14233
158.6177, 24.10303
159.0999, 24.13464
159.5820, 24.13989
160.0641, 24.25183
160.5462, 23.88721
161.0283, 22.58862
161.5104, 21.36755
161.9926, 20.55444
162.4747, 20.52319
162.9568, 21.05347
163.4389, 22.34583
163.9210, 24.22009
164.4031, 25.20398
164.8853, 24.00281
165.3674, 21.87683
165.8495, 20.97607
166.3316, 21.96362
166.8137, 24.01929
167.2958, 27.22571
167.7780, 31.22253
168.2601, 34.24292
168.7422, 33.93274
169.2243, 30.95178
169.7064, 29.49683
170.1885, 31.31360
170.6707, 33.16846
171.1528, 33.65918
171.6349, 32.92493
172.1170, 31.64404
172.5991, 29.91394
173.0812, 27.67310
173.5634, 26.39539
174.0455, 27.02856
174.5276, 27.97449
175.0097, 28.81165
175.4918, 29.41724
175.9739, 29.68970
176.4561, 29.41541
176.9382, 28.29309
177.4203, 27.57886
177.9024, 27.53577
178.3845, 27.65930
178.8666, 27.68225
179.3488, 27.61963
179.8309, 27.57471
180.3130, 27.78809
180.7951, 28.52795
181.2772, 29.08875
181.7593, 29.68982
182.2415, 29.98694
182.7236, 29.58899
183.2057, 28.46692
183.6878, 27.10718
184.1699, 26.24292
184.6520, 26.17407
185.1342, 26.05713
185.6163, 25.75977
186.0984, 25.49011
186.5805, 25.72742
187.0626, 26.66785
187.5447, 27.45557
188.0269, 26.24854
188.5090, 22.38391
188.9911, 19.59558
189.4732, 19.49609
189.9553, 20.83936
190.4374, 21.58008
190.9196, 21.06531
191.4017, 19.91980
191.8838, 18.95203
192.3659, 18.16919
192.8480, 17.41968
193.3301, 16.69861
193.8123, 15.96094
194.2944, 14.93823
194.7765, 13.14514
195.2586, 11.59436
195.7407, 11.69067
196.2228, 13.47717
196.7050, 14.66711
197.1871, 13.02490
197.6692, 8.702637
198.1513, 5.295898
198.6334, 3.789429
199.1155, 3.294067
199.5977, 3.464111
200.0798, 4.205933
200.5619, 4.985474
201.0440, 5.206299
201.5261, 4.755127
202.0082, 4.537231
202.4904, 5.467651
202.9725, 6.067505
203.4546, 5.126221
203.9367, 2.704590
204.4188, 0.2197270
204.9009, 0.4129640
205.3831, 1.554077
205.8652, 3.095703
206.3473, 4.319092
206.8294, 4.981812
207.3115, 4.764404
207.7936, 3.701050
208.2758, 2.198364
208.7579, 0.7056880
209.2400, 1.270996
209.7221, 2.033813
210.2042, 0.8177490
210.6863, 0.8616940
211.1685, 2.154663
211.6506, 2.811523
212.1327, 2.891479
212.6148, 2.417358
213.0969, 0.9119870
213.5790, 8.3007999E-02
214.0612, 0.2607420
214.5433, 0.1575930
215.0254, 0.2088620
215.5075, 0.5058590
215.9896, 0.9005130
216.4717, 1.225098
216.9539, 1.702515
217.4360, 1.450439
217.9181, 0.3127440
218.4002, 2.428101
218.8823, 3.710938
219.3644, 3.873901
219.8466, 3.531250
220.3287, 3.550293
220.8108, 4.074707
221.2929, 4.090088
221.7750, 3.238525
222.2571, 1.894653
222.7393, 0.3010250
223.2214, 1.583984
223.7035, 3.129028
224.1856, 3.164307
224.6677, 1.818970
225.1498, 0.7564700
225.6320, 0.3448490
226.1141, 0.4897460
226.5962, 1.327271
227.0783, 3.231445
227.5604, 4.783813
228.0425, 4.075439
228.5247, 1.635864
229.0068, 0.4492190
229.4889, 1.252686
229.9710, 1.155884
230.4531, 0.9187010
230.9352, 0.4821780
231.4174, 0.2009280
231.8995, 0.4329830
232.3816, 1.034546
232.8637, 1.643555
233.3458, 2.056030
233.8279, 2.336426
234.3101, 2.775391
234.7922, 3.754883
235.2743, 4.216553
235.7564, 3.097900
236.2385, 1.096802
236.7206, 0.3646240
237.2028, 0.2042240
237.6849, 1.164063
238.1670, 1.870117
238.6491, 1.298584
239.1312, 0.9836430
239.6133, 1.839233
240.0955, 3.302246
240.5776, 4.376099
241.0597, 4.315674
241.5418, 3.439209
242.0239, 3.355469
242.5060, 4.880493
242.9882, 6.092529
243.4703, 6.181274
243.9524, 5.678101
244.4345, 5.473999
244.9166, 6.215820
245.3987, 7.492554
245.8809, 7.226196
246.3630, 3.103027
246.8451, 0.4547120
247.3272, 1.093750
247.8093, 3.536255
248.2914, 6.016846
248.7736, 7.622192
249.2557, 8.392822
249.7378, 8.461426
250.2199, 6.986450
250.7020, 5.813965
251.1841, 5.281250
251.6663, 5.147827
252.1484, 5.162720
252.6305, 5.198853
253.1126, 5.251831
253.5947, 5.281982
254.0768, 5.048157
254.5590, 5.136841
255.0411, 5.957336
255.5232, 6.944519
256.0053, 7.372681
256.4874, 6.947388
256.9695, 6.121521
257.4517, 5.990662
257.9338, 7.504700
258.4159, 8.620422
258.8980, 8.874817
259.3801, 8.905884
259.8622, 9.492676
260.3444, 10.89386
260.8265, 12.59900
261.3086, 13.63763
261.7907, 13.42896
262.2728, 13.35901
262.7549, 13.48895
263.2371, 13.81641
263.7192, 14.31653
264.2013, 14.97070
264.6834, 15.51300
265.1655, 15.47711
265.6476, 14.38684
266.1298, 13.89642
266.6119, 14.75067
267.0940, 15.72888
267.5761, 15.61859
268.0582, 14.33801
268.5403, 13.00250
269.0225, 12.92621
269.5046, 14.50372
269.9867, 15.59509
270.4688, 15.83563
270.9509, 15.75531
271.4330, 15.81036
271.9152, 16.08105
272.3973, 16.32910
272.8794, 16.24756
273.3615, 15.79169
273.8436, 15.61536
274.3257, 15.88495
274.8079, 16.31311
275.2900, 16.72754
275.7721, 17.20874
276.2542, 17.84644
276.7363, 18.89398
277.2184, 20.19208
277.7006, 20.76965
278.1827, 20.05560
278.6648, 19.07764
279.1469, 18.30823
279.6290, 17.80017
280.1111, 17.93213
280.5933, 19.28381
281.0754, 21.25226
281.5575, 22.05585
282.0396, 21.09937
282.5217, 20.02557
283.0038, 19.75983
283.4860, 20.15527
283.9681, 20.63116
284.4502, 21.00696
284.9323, 21.10687
285.4144, 20.70404
285.8965, 19.67950
286.3787, 19.04126
286.8608, 19.32495
287.3429, 20.28394
287.8250, 21.44348
288.3071, 22.80920
288.7892, 24.08405
289.2714, 24.83405
289.7535, 25.04742
290.2356, 25.18121
290.7177, 25.41925
291.1998, 25.72540
291.6819, 26.04730
292.1641, 26.43701
292.6462, 26.71460
293.1283, 26.52264
293.6104, 25.91815
294.0925, 25.51208
294.5746, 25.70691
295.0568, 26.27930
295.5389, 26.65186
296.0210, 26.63696
296.5031, 26.58588
296.9852, 27.16418
297.4673, 28.06213
297.9495, 28.22882
298.4316, 26.34491
298.9137, 23.89276
299.3958, 23.29065
299.8779, 24.89838
300.3600, 26.91992
300.8422, 28.40192
301.3243, 29.43549
301.8064, 30.10425
302.2885, 30.35297
302.7706, 30.32892
303.2527, 30.08258
303.7349, 29.57886
304.2170, 29.19092
304.6991, 29.12067
305.1812, 29.32751
305.6633, 29.68762
306.1454, 30.17792
306.6276, 30.79742
307.1097, 31.70129
307.5918, 32.85590
308.0739, 33.67627
308.5560, 33.82281
309.0381, 33.66785
309.5203, 33.69897
310.0024, 33.95282
310.4845, 34.08240
310.9666, 33.42163
311.4487, 32.28033
311.9308, 32.42657
312.4130, 35.01898
312.8951, 37.79706
313.3772, 38.47125
313.8593, 37.29504
314.3414, 36.27655
314.8235, 36.68494
315.3057, 38.15002
315.7878, 39.95288
316.2699, 42.25952
316.7520, 44.20654
317.2341, 44.79266
317.7162, 44.53387
318.1984, 44.54657
318.6805, 45.41382
319.1626, 46.89490
319.6447, 48.56158
320.1268, 50.43530
320.6089, 51.78436
321.0911, 51.67987
321.5732, 50.96661
322.0553, 50.80945
322.5374, 51.57886
323.0195, 52.78339
323.5016, 54.09979
323.9838, 55.54840
324.4659, 56.59088
324.9480, 56.81158
325.4301, 56.64020
325.9122, 56.51959
326.3943, 56.39734
326.8765, 56.60638
327.3586, 57.60388
327.8407, 59.21936
328.3228, 60.58313
328.8049, 61.45624
329.2870, 62.15570
329.7692, 63.23071
330.2513, 64.54675
330.7334, 65.01227
331.2155, 63.79169
331.6976, 61.47955
332.1797, 59.29401
332.6619, 57.26666
333.1440, 55.55920
333.6261, 54.44995
334.1082, 53.75952
334.5903, 53.09753
335.0724, 52.32397
335.5546, 51.57208
336.0367, 50.99896
336.5188, 50.56958
337.0009, 50.08051
337.4830, 49.49023
337.9651, 48.77545
338.4473, 47.89062
338.9294, 46.77185
339.4115, 45.58356
339.8936, 44.49939
340.3757, 43.48853
340.8578, 42.31152
341.3400, 40.66388
341.8221, 39.03406
342.3042, 38.33765
342.7863, 38.83185
343.2684, 38.78363
343.7505, 36.86169
344.2327, 33.78375
344.7148, 31.25818
345.1969, 29.66724
345.6790, 28.62494
346.1611, 27.84821
346.6432, 27.29504
347.1254, 26.78595
347.6075, 26.52686
348.0896, 26.16541
348.5717, 25.11029
349.0538, 23.27820
349.5359, 21.53284
350.0181, 20.57391
350.5002, 20.25122
350.9823, 19.76672
351.4644, 19.21838
351.9465, 18.38354
352.4286, 16.71613
352.9108, 14.47504
353.3929, 12.92041
353.8750, 12.83545
354.3571, 13.66498
354.8392, 14.03546
355.3214, 13.92493
355.8035, 13.51740
356.2856, 12.41357
356.7677, 11.14185
357.2498, 10.89191
357.7319, 12.14795
358.2141, 13.68030
358.6962, 13.71350
359.1783, 12.02338
359.6604, 10.31604
360.1425, 8.611145
360.6246, 7.069641
361.1068, 5.758301
361.5889, 4.701477
362.0710, 4.188477
362.5531, 4.634277
363.0352, 6.006348
363.5173, 6.582092
363.9995, 5.994080
364.4816, 5.062988
364.9637, 3.930847
365.4458, 2.751038
365.9279, 1.840332
366.4100, 1.362366
366.8922, 1.263611
367.3743, 1.417664
367.8564, 2.025635
368.3385, 2.573792
368.8206, 3.369080
369.3027, 3.908264
369.7849, 3.244141
370.2670, 1.194641
370.7491, 0.9642940
371.2312, 1.332581
371.7133, 1.122803
372.1954, 2.222473
372.6776, 0.9519040
373.1597, 0.7075200
373.6418, 1.683228
374.1239, 1.912109
374.6060, 1.716797
375.0881, 1.262024
375.5703, 0.5758060
376.0524, 0.6939700
376.5345, 2.847900
377.0166, 4.380066
377.4987, 4.413391
377.9808, 3.525208
378.4630, 2.500610
378.9451, 1.697815
379.4272, 1.117249
379.9093, 0.7685550
380.3914, 0.7357790
380.8735, 0.8233640
381.3557, 1.074585
381.8378, 1.393982
382.3199, 1.772644
382.8020, 2.181824
383.2841, 2.516418
383.7662, 2.649292
384.2484, 2.563843
384.7305, 2.434204
385.2126, 2.059509
385.6947, 1.850281
386.1768, 2.262573
386.6589, 2.927856
387.1411, 3.061951
387.6232, 2.088928
388.1053, 0.4114380
388.5874, 0.4407960
389.0695, 0.2052000
389.5516, 0.4041140
390.0338, 0.8740840
390.5159, 2.421326
390.9980, 3.108704
391.4801, 2.627014
391.9622, 1.556396
392.4443, 0.3762210
392.9265, 0.9898070
393.4086, 1.662292
393.8907, 1.059814
394.3728, 0.1267090
394.8549, 0.7629390
395.3370, 1.541626
395.8192, 2.077881
396.3013, 2.173645
396.7834, 1.966553
397.2655, 1.974365
397.7476, 2.366760
398.2297, 2.532288
398.7119, 1.634521
399.1940, 0.4679570
399.6761, 8.8134997E-02
400.1582, 0.8279420
400.6403, 2.258789
401.1224, 4.263062
401.6046, 6.790771
402.0867, 8.933411
402.5688, 10.89172
403.0509, 11.72003
403.5330, 9.686523
404.0151, 4.691833
404.4973, 1.112427
404.9794, 1.837830
405.4615, 4.943176
405.9436, 7.318115
406.4257, 8.625671
406.9078, 8.965454
407.3900, 7.867126
407.8721, 5.723267
408.3542, 4.572876
408.8363, 5.335144
409.3184, 6.439026
409.8005, 6.676636
410.2827, 6.368042
410.7648, 6.771606
411.2469, 8.618286
411.7290, 11.13434
412.2111, 12.45050
412.6932, 11.99829
413.1754, 11.96112
413.6575, 13.23969
414.1396, 14.82452
414.6217, 15.47656
415.1038, 15.05444
415.5859, 14.54987
416.0681, 14.93268
416.5502, 16.27460
417.0323, 17.83594
417.5144, 20.12653
417.9965, 22.07025
418.4786, 22.93286
418.9608, 23.15924
419.4429, 23.59406
419.9250, 24.66809
420.4071, 26.26880
420.8892, 28.12421
421.3713, 30.76868
421.8535, 32.82599
422.3356, 33.79712
422.8177, 34.54181
423.2998, 35.62134
423.7819, 37.16132
424.2640, 39.08081
424.7462, 41.40881
425.2283, 44.21619
425.7104, 46.49933
426.1925, 47.77734
426.6746, 49.01050
427.1567, 50.29840
427.6389, 51.75983
428.1210, 53.57019
428.6031, 55.74567
429.0852, 58.18298
429.5673, 60.55231
430.0494, 62.53064
430.5316, 65.07294
431.0137, 69.04883
431.4958, 73.11865
431.9779, 76.34686
432.4600, 78.74756
432.9421, 81.14624
433.4243, 84.08765
433.9064, 87.48730
434.3885, 91.10345
434.8706, 95.04578
435.3527, 99.16833
435.8348, 103.4244
436.3170, 107.8226
436.7991, 112.4150
437.2812, 117.2181
437.7633, 122.1439
438.2454, 127.2233
438.7275, 132.4080
439.2097, 137.2467
439.6918, 141.4488
440.1739, 145.3903
440.6560, 149.4200
441.1381, 153.4341
441.6202, 158.3477
442.1024, 165.5176
442.5845, 173.1273
443.0666, 178.9822
443.5487, 182.9319
444.0308, 186.1281
444.5129, 189.2372
444.9951, 192.3622
445.4772, 196.3082
445.9593, 201.3865
446.4414, 206.7678
446.9235, 212.1365
447.4056, 217.6547
447.8878, 223.8696
448.3699, 230.9118
448.8520, 237.8806
449.3341, 243.3429
449.8162, 246.5178
450.2983, 250.3187
450.7805, 255.0063
451.2626, 259.9086
451.7447, 265.0452
452.2268, 270.1840
452.7089, 274.8346
453.1910, 278.6077
453.6732, 281.7515
454.1553, 285.3179
454.6374, 289.7521
455.1195, 293.8411
455.6016, 297.0315
456.0837, 300.0626
456.5659, 303.8485
457.0480, 308.4521
457.5301, 312.6006
458.0122, 314.6010
458.4943, 314.5107
458.9764, 315.3630
459.4586, 317.9808
459.9407, 320.4461
460.4228, 321.6188
460.9049, 321.9959
461.3870, 322.3912
461.8691, 322.9069
462.3513, 323.8499
462.8334, 325.8723
463.3155, 328.9222
463.7976, 331.6147
464.2797, 333.3502
464.7618, 334.7492
465.2440, 336.5104
465.7261, 338.6162
466.2082, 341.1100
466.6903, 344.0524
467.1724, 347.3693
467.6545, 351.1796
468.1367, 355.4272
468.6188, 359.4824
469.1009, 362.9247
469.5830, 365.7994
470.0651, 368.4184
470.5472, 370.0358
471.0294, 372.3470
471.5115, 376.2549
471.9936, 380.8889
472.4757, 385.3931
472.9578, 389.4738
473.4399, 392.8766
473.9221, 395.1917
474.4042, 396.1503
474.8863, 397.5509
475.3684, 400.2820
475.8505, 402.4703
476.3326, 403.4174
476.8148, 403.3425
477.2969, 402.7719
477.7790, 401.9877
478.2611, 400.5964
478.7432, 397.6015
479.2253, 392.4114
479.7075, 387.4010
480.1896, 382.9913
480.6717, 378.6691
481.1538, 374.8933
481.6359, 371.1474
482.1180, 365.6048
482.6002, 356.0995
483.0823, 344.2344
483.5644, 334.7584
484.0465, 328.6514
484.5286, 321.7816
485.0107, 311.3804
485.4929, 299.6394
485.9750, 289.0870
486.4571, 280.1854
486.9392, 271.7960
487.4213, 263.4629
487.9034, 255.1002
488.3856, 246.5283
488.8677, 237.5955
489.3498, 228.7385
489.8319, 220.4061
490.3140, 212.5403
490.7961, 204.5908
491.2783, 196.1988
491.7604, 188.0873
492.2425, 180.6658
492.7246, 173.7141
493.2067, 166.8567
493.6888, 159.9489
494.1710, 152.8931
494.6531, 145.6539
495.1352, 138.0092
495.6173, 131.2689
496.0994, 125.9034
496.5815, 120.8574
497.0637, 115.7255
497.5458, 110.6103
498.0279, 105.6403
498.5100, 100.9023
498.9921, 96.38989
499.4742, 91.68536
499.9564, 86.32727
500.4385, 81.98871
500.9206, 80.34534
501.4027, 78.60327
501.8848, 74.49658
502.3669, 68.39618
502.8491, 62.97498
503.3312, 60.52972
503.8133, 60.00397
504.2954, 58.43848
504.7775, 55.61847
505.2596, 52.80664
505.7418, 50.58228
506.2239, 48.75854
506.7060, 47.17627
507.1881, 46.02795
507.6702, 44.42938
508.1523, 41.60944
508.6345, 38.07477
509.1166, 34.30249
509.5987, 30.42200
510.0808, 27.75397
510.5629, 27.79529
511.0450, 30.20789
511.5272, 30.78796
512.0093, 27.94415
512.4914, 25.27734
512.9735, 24.13666
513.4556, 23.72614
513.9377, 22.91815
514.4199, 21.41742
514.9020, 19.61145
515.3841, 17.94684
515.8662, 16.37061
516.3483, 15.34174
516.8304, 15.44232
517.3126, 15.46667
517.7947, 15.21606
518.2768, 14.64221
518.7589, 13.62921
519.2410, 12.11261
519.7231, 10.46466
520.2053, 9.267578
520.6874, 8.589172
521.1695, 7.674072
521.6516, 5.820557
522.1337, 4.311218
522.6158, 4.636658
523.0980, 6.131592
523.5801, 6.768494
524.0622, 5.134949
524.5443, 3.051758
525.0264, 2.360840
525.5085, 2.892212
525.9907, 4.111450
526.4728, 6.224915
526.9549, 8.142761
527.4370, 7.940063
527.9191, 5.183838
528.4012, 3.177002
528.8834, 2.549561
529.3655, 2.520447
529.8476, 2.876343
530.3297, 3.388245
530.8118, 3.584656
531.2939, 3.198914
531.7761, 2.404846
532.2582, 1.608826
532.7403, 0.4768680
533.2224, 2.4901999E-02
533.7045, 0.6808470
534.1866, 1.464661
534.6688, 2.069336
535.1509, 2.359009
535.6330, 2.074890
536.1151, 0.8217770
536.5972, 0.8273930
537.0793, 1.225647
537.5615, 5.7372998E-02
538.0436, 1.104492
538.5257, 2.024109
539.0078, 2.592834
539.4899, 2.750793
539.9720, 2.493774
540.4542, 1.808960
540.9363, 0.2504270
541.4184, 1.510010
541.9005, 2.425537
542.3826, 2.490356
542.8647, 2.429016
543.3469, 2.593689
543.8290, 2.897766
544.3111, 3.172180
544.7932, 3.483704
545.2753, 3.697327
545.7574, 3.937256
546.2396, 3.964294
546.7217, 3.468994
547.2038, 2.535217
547.6859, 1.520935
548.1680, 0.6478880
548.6501, 4.1565001E-02
549.1323, 0.3658450
549.6144, 0.2897340
550.0965, 0.1085210
550.5786, 1.584290
551.0607, 2.775208
551.5428, 2.369446
552.0250, 0.5291750
552.5071, 1.334778
552.9892, 2.363525
553.4713, 2.600281
553.9534, 1.866272
554.4355, 0.1587520
554.9177, 1.491821
555.3998, 0.9415890
555.8819, 0.4291990
556.3640, 1.122803
556.8461, 1.034241
557.3282, 0.9795530
557.8104, 1.382080
558.2925, 1.914978
558.7746, 2.262085
559.2567, 2.381226
559.7388, 2.195557
560.2209, 1.586426
560.7031, 0.7390140
561.1852, 0.2437130
561.6673, 0.3310550
562.1494, 0.4696660
562.6315, 0.7911990
563.1136, 1.014709
563.5958, 0.9437260
564.0779, 0.5835570
564.5600, 3.2776002E-02
565.0421, 1.005066
565.5242, 2.014465
566.0063, 1.822021
566.4885, 0.1229250
566.9706, 1.645264
567.4527, 2.198425
567.9348, 2.161987
568.4169, 1.354736
568.8990, 1.5320000E-02
569.3812, 0.7695920
569.8633, 0.2470700
570.3454, 1.977356
570.8275, 2.949890
571.3096, 3.176392
571.7917, 3.055115
572.2739, 2.653992
572.7560, 2.137207
573.2381, 1.755798
573.7202, 1.456665
574.2023, 1.469849
574.6844, 1.854248
575.1666, 2.519714
575.6487, 3.878784
576.1308, 5.467346
576.6129, 6.110413
577.0950, 5.163574
577.5771, 3.276733
578.0593, 1.751648
578.5414, 0.3451540
579.0235, 3.2166000E-02
579.5056, 1.931274
579.9877, 3.756531
580.4698, 4.247192
580.9520, 3.722290
581.4341, 2.985718
581.9162, 2.213135
582.3983, 1.766296
582.8804, 2.394897
583.3625, 3.974182
583.8447, 5.096252
584.3268, 5.262939
584.8089, 5.296814
585.2910, 6.369995
585.7731, 8.296692
586.2552, 9.054443
586.7374, 7.545105
587.2195, 5.798096
587.7016, 4.706848
588.1837, 4.141174
588.6658, 3.951599
589.1479, 4.061646
589.6301, 4.124817
590.1122, 3.563721
590.5943, 2.184387
591.0764, 2.090881
591.5585, 4.976196
592.0406, 7.182129
592.5228, 7.469543
593.0049, 6.795288
593.4870, 6.211670
593.9691, 5.999939
594.4512, 5.991760
594.9333, 6.221558
595.4155, 6.610657
595.8976, 6.462646
596.3797, 5.570923
596.8618, 4.909119
597.3439, 5.126770
597.8260, 5.955322
598.3082, 6.746033
598.7903, 7.699097
599.2724, 8.060059
599.7545, 7.334961
600.2366, 6.133484
600.7188, 4.670898
601.2009, 3.203369
601.6830, 2.712585
602.1651, 4.001099
602.6472, 6.434204
603.1293, 7.642090
603.6115, 6.910217
604.0936, 6.241821
604.5757, 5.717712
605.0578, 5.429443
605.5399, 5.618225
606.0220, 6.092041
606.5042, 6.238220
606.9863, 5.443909
607.4684, 4.498657
607.9505, 4.990417
608.4326, 6.788086
608.9147, 7.722351
609.3969, 7.111084
609.8790, 6.055908
610.3611, 5.506165
610.8432, 5.375732
611.3253, 5.347717
611.8074, 5.325195
612.2896, 5.429504
612.7717, 6.007507
613.2538, 6.807922
613.7359, 7.075500
614.2180, 6.648987
614.7001, 5.951294
615.1823, 5.473572
615.6644, 5.225525
616.1465, 4.934631
616.6286, 4.493652
617.1107, 4.177124
617.5928, 4.324585
618.0750, 4.471863
618.5571, 3.837769
619.0392, 2.345032
619.5213, 1.335510
620.0034, 2.069397
620.4855, 3.928772
620.9677, 5.851257
621.4498, 7.813843
621.9319, 8.753174
622.4140, 7.807983
622.8961, 5.819641
623.3782, 4.664185
623.8604, 4.737366
624.3425, 4.709290
624.8246, 3.856018
625.3067, 3.186279
625.7888, 3.702271
626.2709, 4.951904
626.7531, 5.681824
627.2352, 5.304199
627.7173, 4.548584
628.1994, 4.659851
628.6815, 5.805481
629.1636, 6.356873
629.6458, 5.921692
630.1279, 5.275879
630.6100, 4.553711
631.0921, 3.916748
631.5742, 3.910706
632.0563, 4.894104
632.5385, 5.931580
633.0206, 6.341309
633.5027, 6.320068
633.9848, 6.137695
634.4669, 5.850891
634.9490, 5.855103
635.4312, 6.548584
635.9133, 7.669983
636.3954, 8.042603
636.8775, 6.688171
637.3596, 6.102844
637.8417, 7.017212
638.3239, 8.082886
638.8060, 8.341980
639.2881, 7.843445
639.7702, 7.121033
640.2523, 6.379578
640.7344, 5.896301
641.2166, 6.352661
641.6987, 7.794067
642.1808, 8.706543
642.6629, 8.593323
643.1450, 8.208557
643.6271, 8.267883
644.1093, 8.619324
644.5914, 8.729797
645.0735, 8.312805
645.5556, 7.887756
646.0377, 7.652161
646.5198, 7.557983
647.0020, 7.581482
647.4841, 7.710815
647.9662, 7.905334
648.4483, 8.121033
648.9304, 8.369507
649.4125, 8.678955
649.8947, 9.457031
650.3768, 9.394043
650.8589, 6.964050
651.3410, 4.693176
651.8231, 4.855957
652.3052, 7.037903
652.7874, 8.569336
653.2695, 7.499573
653.7516, 5.711182
654.2337, 5.831238
654.7158, 7.377625
655.1979, 8.036255
655.6801, 7.070313
656.1622, 5.502197
656.6443, 4.300598
657.1264, 3.443054
657.6085, 3.414368
658.0906, 5.147156
658.5728, 6.422363
659.0549, 6.420898
659.5370, 5.882690
660.0191, 5.630920
660.5012, 5.749023
660.9833, 5.753906
661.4655, 5.194763
661.9476, 4.258240
662.4297, 3.480652
662.9118, 2.818420
663.3939, 2.514160
663.8760, 2.926880
664.3582, 3.412292
664.8403, 2.931702
665.3224, 1.581665
665.8045, 0.9370120
666.2866, 1.957214
666.7687, 3.005737
667.2509, 3.063599
667.7330, 2.577515
668.2151, 2.455505
668.6972, 2.871826
669.1793, 3.000977
669.6614, 1.742676
670.1436, 0.7089230
670.6257, 1.433777
671.1078, 0.5668330
671.5899, 2.219177
672.0720, 2.266357
672.5541, 1.910095
673.0363, 2.306519
673.5184, 3.384277
674.0005, 3.806274
674.4826, 2.292358
674.9647, 0.4245610
675.4468, 0.1289670
675.9290, 0.2839970
676.4111, 0.5078130
676.8932, 0.1725460
677.3753, 0.1153560
677.8574, 0.4779660
678.3395, 2.014648
678.8217, 2.858521
679.3038, 2.286133
679.7859, 1.918335
680.2680, 2.336487
680.7501, 2.870728
681.2322, 2.855896
681.7144, 2.285156
682.1965, 1.672729
682.6786, 1.335876
683.1607, 1.177551
683.6428, 1.118591
684.1249, 1.162720
684.6071, 0.9702150
685.0892, 0.2839970
685.5713, 0.1966550
686.0534, 0.5322270
686.5355, 2.618652
687.0176, 3.273804
687.4998, 0.9251710
687.9819, 0.7462770
688.4640, 0.2205810
688.9461, 1.039673
689.4282, 1.470337
689.9103, 0.9587400
690.3925, 0.5178830
690.8746, 1.044556
691.3567, 2.046448
691.8388, 2.223877
692.3209, 1.537476
692.8030, 1.133728
693.2852, 1.454407
693.7673, 1.895691
694.2494, 1.865784
694.7315, 1.380371
695.2136, 0.7471310
695.6957, 0.4172970
696.1779, 1.234680
696.6600, 1.461731
697.1421, 1.204651
697.6242, 0.3788450
698.1063, 0.8626710
698.5884, 1.933167
699.0706, 2.357544
699.5527, 2.338867
700.0348, 2.455048
700.5169, 2.689789
700.9990, 3.015289
701.4811, 3.735718
701.9633, 4.193054
702.4454, 3.281494
702.9275, 1.563507
703.4096, 1.007690
703.8917, 2.985229
704.3738, 4.628387
704.8560, 4.275665
705.3381, 3.209076
705.8202, 3.049561
706.3023, 3.849182
706.7844, 4.591003
707.2665, 4.578369
707.7487, 4.028564
708.2308, 3.446228
708.7129, 2.726013
709.1950, 2.444122
709.6771, 2.549286
710.1592, 3.288879
710.6414, 5.932465
711.1235, 9.135040
711.6056, 9.750580
712.0877, 6.148224
712.5698, 2.584778
713.0519, 0.8505550
713.5341, 0.4639590
714.0162, 1.382263
714.4983, 3.208801
714.9804, 4.746124
715.4625, 5.325439
715.9446, 5.194214
716.4268, 4.765442
716.9089, 3.903839
717.3910, 3.383484
717.8731, 3.700500
718.3552, 3.684082
718.8373, 2.110718
719.3195, 0.1526490
719.8016, 0.2475280
720.2837, 1.504578
720.7658, 2.873993
721.2479, 1.862854
721.7300, 0.4236760
722.2122, 0.9863280
722.6943, 3.093842
723.1764, 4.729218
723.6585, 5.016937
724.1406, 4.586273
724.6227, 4.376648
725.1049, 4.427368
725.5870, 4.222015
726.0691, 3.520996
726.5512, 2.961823
727.0333, 2.956940
727.5154, 3.064301
727.9976, 2.658661
728.4797, 1.725128
728.9618, 1.298859
729.4439, 2.093445
729.9260, 3.098114
730.4081, 3.370941
730.8903, 3.135498
731.3724, 2.938934
731.8545, 2.944519
732.3366, 3.075073
732.8187, 3.285828
733.3008, 3.555054
733.7830, 3.589264
734.2651, 3.083771
734.7472, 2.986725
735.2293, 4.136871
735.7114, 5.259369
736.1935, 5.342773
736.6757, 4.553619
737.1578, 3.773926
737.6399, 3.227966
738.1220, 2.832458
738.6041, 2.658081
739.0862, 2.545258
739.5684, 2.239105
740.0505, 1.711792
740.5326, 1.021118
741.0147, 0.1452640
741.4968, 0.6835630
741.9789, 0.7141420
742.4611, 0.2357790
742.9432, 1.344391
743.4253, 3.046082
743.9074, 4.234741
744.3895, 3.917084
744.8716, 2.761597
745.3538, 1.962097
745.8359, 1.669678
746.3180, 1.772308
746.8001, 2.566132
747.2822, 3.395325
747.7643, 3.518921
748.2465, 3.060852
748.7286, 2.539764
749.2107, 2.194214
749.6928, 1.988983
750.1749, 1.859039
750.6570, 1.800781
751.1392, 2.023010
751.6213, 2.882477
752.1034, 3.172791
752.5855, 1.779846
753.0676, 3.1740000E-03
753.5497, 0.5180360
754.0319, 0.2385860
754.5140, 0.9925840
754.9961, 1.763031
755.4782, 2.197876
755.9603, 1.804321
756.4424, 0.9663090
756.9246, 5.8288999E-02
757.4067, 0.7313230
757.8888, 0.8396910
758.3709, 0.4500120
758.8530, 2.602539
759.3351, 3.543732
759.8173, 3.008850
760.2994, 3.149414
760.7815, 4.912048
761.2636, 6.534485
761.7457, 6.193390
762.2278, 4.362396
762.7100, 3.444794
763.1921, 3.977264
763.6742, 4.685577
764.1563, 5.667206
764.6384, 6.411560
765.1205, 6.403229
765.6027, 5.780212
766.0848, 4.980255
766.5669, 4.194641
767.0490, 3.460144
767.5311, 2.588562
768.0132, 1.749664
768.4954, 2.201233
768.9775, 4.230316
769.4596, 5.615967
769.9417, 5.094849
770.4238, 3.592468
770.9059, 2.637695
771.3881, 2.252289
771.8702, 2.469147
772.3523, 3.835724
772.8344, 5.118286
773.3165, 5.795380
773.7986, 6.233887
774.2808, 7.061676
774.7629, 8.222504
775.2450, 8.767609
775.7271, 7.576996
776.2092, 5.886688
776.6913, 5.824799
777.1735, 6.924011
777.6556, 7.002594
778.1377, 5.536957
778.6198, 4.427399
779.1019, 5.465942
779.5840, 8.102142
780.0662, 9.500793
780.5483, 9.078888
781.0304, 8.522369
781.5125, 7.215302
781.9946, 6.518372
782.4767, 7.732422
782.9589, 9.876892
783.4410, 10.88770
783.9231, 9.975830
784.4052, 9.397522
784.8873, 11.11191
785.3694, 13.51117
785.8516, 14.64905
786.3337, 14.65466
786.8158, 14.46915
787.2979, 14.47009
787.7800, 14.25226
788.2621, 13.09406
788.7443, 11.06564
789.2264, 10.12384
789.7085, 10.71033
790.1906, 11.15424
790.6727, 10.86823
791.1548, 10.35144
791.6370, 9.945190
792.1191, 9.684753
792.6012, 9.890015
793.0833, 11.11908
793.5654, 12.16870
794.0475, 12.53003
794.5297, 12.53427
795.0118, 12.37186
795.4939, 12.17230
795.9760, 12.24139
796.4581, 12.81738
796.9402, 13.26663
797.4224, 12.40079
797.9045, 10.44659
798.3866, 8.899567
798.8687, 7.869446
799.3508, 7.465240
799.8329, 8.062469
800.3151, 8.951874
800.7972, 8.642181
801.2793, 6.657776
801.7614, 5.351501
802.2435, 5.293213
802.7256, 5.149445
803.2078, 4.281372
803.6899, 3.302612
804.1720, 2.724701
804.6541, 2.670166
805.1362, 3.260742
805.6183, 5.321320
806.1005, 7.183472
806.5826, 6.621582
807.0647, 4.632111
807.5468, 3.531525
808.0289, 3.650879
808.5110, 3.857635
808.9932, 3.338959
809.4753, 2.405609
809.9574, 1.863007
810.4395, 1.759827
810.9216, 1.836548
811.4037, 2.347046
811.8859, 2.602417
812.3680, 2.000549
812.8501, 1.006683
813.3322, 0.2456970
813.8143, 0.2508850
814.2964, 0.5668950
814.7786, 0.5182500
815.2607, 0.5486760
815.7428, 1.235016
816.2249, 1.920349
816.7070, 1.489990
817.1891, 4.3152001E-02
817.6713, 1.315247
818.1534, 1.104126
818.6355, 0.2685550
819.1176, 0.5907900
819.5997, 1.906219
820.0818, 3.029266
820.5640, 3.791840
821.0461, 3.890411
821.5282, 2.888123
822.0103, 1.313782
822.4924, 0.8225100
822.9745, 2.121002
823.4567, 2.896912
823.9388, 2.939270
824.4209, 2.717010
824.9030, 2.258759
825.3851, 1.695404
825.8672, 1.095245
826.3494, 0.4857180
826.8315, 0.2423100
827.3136, 1.052734
827.7957, 1.820679
828.2778, 1.205811
828.7599, 2.3833999E-02
829.2421, 5.4260001E-02
829.7242, 1.441681
830.2063, 2.542877
830.6884, 2.018585
831.1705, 0.6062320
831.6526, 0.1940610
832.1348, 0.7952270
832.6169, 1.013031
833.0990, 0.5385740
833.5811, 0.1526180
834.0632, 0.3293460
834.5453, 0.8802800
835.0275, 1.402039
835.5096, 1.870819
835.9917, 2.345001
836.4738, 3.157562
836.9559, 3.584961
837.4380, 2.842621
837.9202, 1.904175
838.4023, 2.152863
838.8844, 3.477173
839.3665, 4.249847
839.8486, 3.133118
840.3307, 1.692139
840.8129, 1.576019
841.2950, 2.253632
841.7771, 3.096619
842.2592, 3.908661
842.7413, 4.021210
843.2234, 2.940125
843.7056, 1.356781
844.1877, 0.6505130
844.6698, 0.8639220
845.1519, 1.571594
845.6340, 2.996338
846.1161, 4.391174
846.5983, 5.606934
847.0804, 6.155426
847.5625, 5.188629
848.0446, 2.548462
848.5267, 1.225861
849.0089, 2.769104
849.4910, 3.784821
849.9731, 2.288788
850.4552, 0.6717830
850.9373, 1.790344
851.4194, 4.814545
851.9016, 6.321014
852.3837, 4.464478
852.8658, 2.112274
853.3479, 1.951843
853.8300, 2.974213
854.3121, 3.397430
854.7943, 3.213531
855.2764, 3.162567
855.7585, 3.567444
856.2406, 4.175629
856.7227, 4.657471
857.2048, 4.969574
857.6870, 5.205414
858.1691, 5.479034
858.6512, 5.221802
859.1333, 3.914551
859.6154, 2.647278
860.0975, 2.495117
860.5797, 3.238342
861.0618, 3.596008
861.5439, 3.055847
862.0260, 2.994873
862.5081, 4.013855
862.9902, 5.100555
863.4724, 5.779327
863.9545, 6.062714
864.4366, 6.016235
864.9187, 5.655396
865.4008, 5.109558
865.8829, 4.113739
866.3651, 3.248962
866.8472, 3.291290
867.3293, 3.971893
867.8114, 4.805176
868.2935, 5.607178
868.7756, 5.948547
869.2578, 5.433716
869.7399, 4.439453
870.2220, 3.949280
870.7041, 3.997955
871.1862, 3.730103
871.6683, 2.876160
872.1505, 2.411835
872.6326, 3.029419
873.1147, 4.147339
873.5968, 4.791351
874.0789, 4.915588
874.5610, 4.867615
875.0432, 4.462372
875.5253, 4.184174
876.0074, 4.189453
876.4895, 4.340881
876.9716, 4.671539
877.4537, 5.058716
877.9359, 5.116791
878.4180, 4.654999
878.9001, 3.980072
879.3822, 2.926147
879.8643, 2.010040
880.3464, 2.052338
880.8286, 2.747681
881.3107, 3.066895
881.7928, 2.666718
882.2749, 2.279114
882.7570, 2.847778
883.2391, 2.738556
883.7213, 3.021698
884.2034, 3.710266
884.6855, 3.885651
885.1676, 5.262207
885.6497, 6.305054
886.1318, 5.726166
886.6140, 3.976379
887.0961, 2.570740
887.5782, 1.535797
888.0603, 0.7783810
888.5424, 0.1602780
889.0245, 9.0030003E-03
889.5067, 0.7505490
889.9888, 1.814209
890.4709, 2.508118
890.9530, 2.800598
891.4351, 2.836334
891.9172, 2.210022
892.3994, 1.874786
892.8815, 2.562500
893.3636, 3.468231
893.8457, 3.980011
894.3278, 3.996643
894.8099, 3.222778
895.2921, 1.388489
895.7742, 3.0823000E-02
896.2563, 1.548187
896.7384, 4.018005
897.2205, 3.612030
897.7026, 1.000244
898.1848, 0.5922550
898.6669, 0.1754460
899.1490, 0.9177550
899.6311, 1.413391
900.1132, 1.516327
900.5953, 2.083130
901.0775, 3.153503
901.5596, 3.719421
902.0417, 3.721924
902.5238, 3.058319
903.0059, 1.192688
903.4880, 0.9000550
903.9702, 1.049591
904.4523, 1.510284
904.9344, 2.901154
905.4165, 2.055511
905.8986, 1.409637
906.3807, 1.769409
906.8629, 2.339386
907.3450, 2.443604
907.8271, 2.104248
908.3092, 1.649841
908.7913, 1.103668
909.2734, 0.6177670
909.7556, 7.5866997E-02
910.2377, 0.4100650
910.7198, 0.4954530
911.2019, 2.048920
911.6840, 3.136505
912.1661, 3.388123
912.6483, 2.996765
913.1304, 1.741364
913.6125, 0.3189090
914.0946, 0.1675110
914.5767, 0.2069700
915.0588, 1.308167
915.5410, 2.951843
916.0231, 4.173523
916.5052, 4.330292
916.9873, 3.968201
917.4694, 4.238098
917.9515, 5.237823
918.4337, 6.344727
918.9158, 7.720917
919.3979, 7.960876
919.8800, 6.194885
920.3621, 3.914917
920.8442, 2.505615
921.3264, 2.015625
921.8085, 2.628937
922.2906, 5.853851
922.7727, 7.554504
923.2548, 6.423798
923.7369, 5.037689
924.2191, 4.683441
924.7012, 4.797974
925.1833, 4.300171
925.6654, 3.014771
926.1475, 2.494690
926.6296, 4.182098
927.1118, 5.594818
927.5939, 5.266815
928.0760, 4.158173
928.5581, 2.969818
929.0402, 2.037109
929.5223, 2.014099
930.0045, 3.347504
930.4866, 4.556976
930.9687, 3.828979
931.4508, 2.391815
931.9329, 2.328735
932.4150, 3.278503
932.8972, 3.817505
933.3793, 3.566101
933.8614, 3.080658
934.3435, 2.782623
934.8256, 2.727783
935.3077, 3.233795
935.7899, 4.233398
936.2720, 4.652069
936.7541, 4.327454
937.2362, 3.977905
937.7183, 3.965485
938.2004, 4.095856
938.6826, 4.078217
939.1647, 3.907990
939.6468, 3.704529
940.1289, 3.330658
940.6110, 3.295349
941.0931, 4.082428
941.5753, 4.717285
942.0574, 4.273376
942.5395, 3.202942
943.0216, 2.793091
943.5037, 3.375732
943.9858, 3.608551
944.4680, 3.062958
944.9501, 2.541351
945.4322, 2.412018
945.9143, 2.407227
946.3964, 2.163635
946.8785, 1.747986
947.3607, 1.635406
947.8428, 2.166687
948.3249, 2.546509
948.8070, 2.024780
949.2891, 1.426636
949.7712, 1.807343
950.2534, 2.636871
950.7355, 2.623352
951.2176, 1.534485
951.6997, 0.5550540
952.1818, 0.7151180
952.6639, 1.286011
953.1461, 1.197540
953.6282, 0.7481080
954.1103, 0.8449100
954.5924, 1.461548
955.0745, 1.904968
955.5566, 1.828461
956.0388, 1.383789
956.5209, 0.8624880
957.0030, 0.3217470
957.4851, 0.1236880
957.9672, 0.4763490
958.4493, 0.2345890
958.9315, 0.8008120
959.4136, 1.760529
959.8957, 1.968872
960.3778, 2.499634
960.8599, 2.698242
961.3420, 2.420807
961.8242, 2.461731
962.3063, 1.794220
962.7884, 1.322327
963.2705, 1.449890
963.7526, 1.769562
964.2347, 1.843658
964.7169, 1.734619
965.1990, 1.905212
965.6811, 2.820099
966.1632, 3.293030
966.6453, 3.075653
967.1274, 2.689331
967.6096, 2.279358
968.0917, 1.843658
968.5738, 1.224701
969.0559, 0.4458920
969.5380, 0.4573360
970.0201, 2.723816
970.5023, 4.160614
970.9844, 3.208435
971.4665, 1.406067
971.9486, 0.4914250
972.4307, 2.052704
972.9128, 2.771545
973.3950, 2.543213
973.8771, 1.930756
974.3592, 0.8667910
974.8413, 3.3202998E-02
975.3234, 0.1145320
975.8055, 0.5724790
976.2877, 4.4128001E-02
976.7698, 1.477417
977.2519, 2.173431
977.7340, 1.388275
978.2161, 0.1899110
978.6982, 0.6412660
979.1804, 0.8931270
979.6625, 0.3258670
980.1446, 2.504791
980.6267, 3.862488
981.1088, 4.060242
981.5909, 3.903992
982.0731, 3.947235
982.5552, 3.968903
983.0373, 3.259918
983.5194, 2.050842
984.0015, 2.451233
984.4836, 4.516663
984.9658, 5.376740
985.4479, 4.028748
985.9300, 2.090729
986.4121, 0.9661870
986.8942, 0.5847170
987.3763, 0.7266540
987.8585, 1.444489
988.3406, 2.643890
988.8227, 4.685333
989.3048, 5.844635
989.7869, 5.111023
990.2690, 3.751068
990.7512, 3.274139
991.2333, 3.597626
991.7154, 3.586029
992.1975, 2.802399
992.6796, 2.516663
993.1617, 3.197357
993.6439, 3.958679
994.1260, 4.504669
994.6081, 4.816528
995.0902, 4.865112
995.5723, 4.650574
996.0544, 4.267517
996.5366, 3.594147
997.0187, 2.930939
997.5008, 1.948120
997.9829, 1.374878
998.4650, 1.964600
998.9471, 3.142944
999.4293, 4.030060
999.9114, 4.523071
1000.393, 4.428925
1000.876, 2.978790
1001.358, 1.852478
1001.840, 1.931610
1002.322, 2.482635
1002.804, 3.073883
1003.286, 3.536652
1003.768, 3.575989
1004.250, 3.076904
1004.733, 2.804169
1005.215, 3.429138
1005.697, 4.159210
1006.179, 4.428131
1006.661, 4.420959
1007.143, 4.425018
1007.625, 4.417206
1008.107, 4.101776
1008.589, 3.323059
1009.072, 2.610474
1009.554, 2.508118
1010.036, 2.632965
1010.518, 2.294037
1011.000, 1.862518
1011.482, 2.423615
1011.964, 3.849579
1012.446, 4.565643
1012.929, 3.610931
1013.411, 2.465729
1013.893, 3.288055
1014.375, 5.005554
1014.857, 5.493683
1015.339, 4.907898
1015.821, 3.722443
1016.303, 2.256195
1016.785, 1.661072
1017.268, 2.749603
1017.750, 4.483917
1018.232, 5.339905
1018.714, 5.393280
1019.196, 4.599518
1019.678, 3.147949
1020.160, 2.809967
1020.642, 4.060699
1021.125, 5.082214
1021.607, 4.328033
1022.089, 2.691864
1022.571, 2.306305
1023.053, 3.088745
1023.535, 3.354828
1024.017, 3.004456
1024.499, 3.260132
1024.981, 4.605164
1025.464, 5.962799
1025.946, 6.395813
1026.428, 6.010590
1026.910, 4.902740
1027.392, 2.903748
1027.874, 1.992676
1028.356, 2.380707
1028.838, 3.131348
1029.321, 4.027557
1029.803, 4.828339
1030.285, 5.386566
1030.767, 5.674072
1031.249, 5.372650
1031.731, 4.389832
1032.213, 3.201752
1032.695, 1.417847
1033.177, 0.4122310
1033.660, 1.019409
1034.142, 2.123322
1034.624, 2.469574
1035.106, 2.186035
1035.588, 2.210541
1036.070, 2.880707
1036.552, 2.962219
1037.034, 2.206635
1037.516, 1.397888
1037.999, 0.3617250
1038.481, 0.2767030
1038.963, 0.4068600
1039.445, 2.191895
1039.927, 3.360840
1040.409, 3.625641
1040.891, 3.787323
1041.373, 3.988434
1041.855, 3.911072
1042.338, 3.379425
1042.820, 2.560333
1043.302, 1.237335
1043.784, 0.3810120
1044.266, 0.7274480
1044.748, 1.716736
1045.230, 2.954468
1045.712, 1.666687
1046.195, 0.4814450
1046.677, 0.7968750
1047.159, 1.478882
1047.641, 1.203888
1048.123, 8.0932997E-02
1048.605, 0.8256840
1049.087, 1.757782
1049.569, 1.830902
1050.052, 9.5123000E-02
1050.534, 1.708984
1051.016, 1.554016
1051.498, 0.8154910
1051.980, 0.9310000
1052.462, 1.793945
1052.944, 2.180328
1053.426, 1.469757
1053.908, 1.097443
1054.391, 1.418304
1054.873, 2.112610
1055.355, 3.605530
1055.837, 4.978577
1056.319, 4.939667
1056.801, 3.737732
1057.283, 2.974457
1057.765, 2.805786
1058.248, 3.622772
1058.730, 6.862762
1059.212, 9.620331
1059.694, 10.36374
1060.176, 9.688171
1060.658, 7.832367
1061.140, 5.251709
1061.622, 3.297882
1062.104, 2.295898
1062.587, 2.073975
1063.069, 3.608032
1063.551, 4.732788
1064.033, 3.523438
1064.515, 1.679596
1064.997, 1.143829
1065.479, 1.879761
1065.961, 2.905487
1066.443, 4.052307
1066.926, 5.056915
1067.408, 5.848663
1067.890, 6.422028
1068.372, 6.861542
1068.854, 7.017853
1069.336, 6.464630
1069.818, 5.482391
1070.300, 4.954865
1070.782, 5.147980
1071.265, 5.734283
1071.747, 7.165527
1072.229, 8.257050
1072.711, 8.145508
1073.193, 7.434906
1073.675, 6.669769
1074.157, 5.937469
1074.639, 5.039215
1075.122, 3.777893
1075.604, 3.493042
1076.086, 6.136688
1076.568, 8.344269
1077.050, 7.349823
1077.532, 5.561493
1078.014, 5.680450
1078.496, 7.159698
1078.979, 7.886230
1079.461, 7.262848
1079.943, 7.007019
1080.425, 8.869293
1080.907, 10.11917
1081.389, 8.405212
1081.871, 6.092407
1082.353, 5.263947
1082.835, 5.725250
1083.318, 6.717010
1083.800, 8.053284
1084.282, 9.411591
1084.764, 11.32886
1085.246, 12.36942
1085.728, 11.27353
1086.210, 9.497833
1086.692, 7.694458
1087.175, 6.406281
1087.657, 6.701752
1088.139, 8.621399
1088.621, 10.08121
1089.103, 9.931915
1089.585, 9.608704
1090.067, 9.529755
1090.549, 9.705841
1091.031, 10.70126
1091.514, 11.66037
1091.996, 10.83459
1092.478, 8.363770
1092.960, 7.097961
1093.442, 8.602234
1093.924, 10.28586
1094.406, 11.59271
1094.888, 12.33533
1095.370, 12.25549
1095.853, 11.63535
1096.335, 10.64725
1096.817, 9.440674
1097.299, 8.460449
1097.781, 7.803345
1098.263, 7.443665
1098.745, 7.518677
1099.227, 7.725494
1099.709, 7.962830
1100.192, 8.210602
1100.674, 8.536987
1101.156, 8.860352
1101.638, 8.873016
1102.120, 8.374542
1102.602, 8.113617
1103.084, 8.438599
1103.566, 8.766296
1104.049, 9.056702
1104.531, 9.100800
1105.013, 8.504150
1105.495, 7.575775
1105.977, 6.955200
1106.459, 6.646698
1106.941, 7.014557
1107.423, 9.137329
1107.906, 10.62180
1108.388, 10.27701
1108.870, 9.579773
1109.352, 9.520386
1109.834, 9.764221
1110.316, 9.737213
1110.798, 9.415924
1111.280, 8.752380
1111.762, 6.990021
1112.245, 6.023163
1112.727, 6.801514
1113.209, 7.595917
1113.691, 7.309326
1114.173, 6.771393
1114.655, 7.050385
1115.137, 8.053467
1115.619, 8.868713
1116.102, 9.785065
1116.584, 9.963074
1117.066, 8.596222
1117.548, 7.687744
1118.030, 8.447998
1118.512, 9.373383
1118.994, 8.895477
1119.476, 7.403473
1119.958, 6.420837
1120.441, 5.826843
1120.923, 6.369415
1121.405, 8.963898
1121.887, 10.18301
1122.369, 8.671722
1122.851, 6.631958
1123.333, 5.503906
1123.815, 5.126465
1124.297, 5.181122
1124.780, 5.691559
1125.262, 6.371735
1125.744, 7.385986
1126.226, 7.986359
1126.708, 7.792053
1127.190, 7.656921
1127.672, 8.080078
1128.154, 8.636566
1128.636, 8.747833
1129.119, 8.409698
1129.601, 7.352081
1130.083, 5.384277
1130.565, 5.007294
1131.047, 6.703522
1131.529, 7.682587
1132.011, 6.712769
1132.493, 5.437653
1132.976, 5.538055
1133.458, 6.620789
1133.940, 7.738434
1134.422, 8.859558
1134.904, 8.915710
1135.386, 7.914154
1135.868, 6.782196
1136.350, 5.790649
1136.833, 5.750336
1137.315, 7.359589
1137.797, 9.411285
1138.279, 9.588531
1138.761, 10.63098
1139.243, 11.08905
1139.725, 10.67786
1140.207, 10.83545
1140.689, 9.352264
1141.172, 7.707764
1141.654, 6.605255
1142.136, 5.743042
1142.618, 4.701050
1143.100, 3.812134
1143.582, 3.813141
1144.064, 4.324097
1144.546, 4.701447
1145.029, 4.820190
1145.511, 4.443848
1145.993, 3.594055
1146.475, 2.931915
1146.957, 2.861298
1147.439, 3.267365
1147.921, 4.369598
1148.403, 5.609131
1148.885, 6.405731
1149.368, 6.825867
1149.850, 6.731384
1150.332, 6.337433
1150.814, 6.532532
1151.296, 7.911224
1151.778, 8.490021
1152.260, 6.428467
1152.742, 3.920502
1153.224, 1.626495
1153.707, 0.3225100
1154.189, 1.746033
1154.671, 4.491364
1155.153, 5.144745
1155.635, 2.997894
1156.117, 1.271606
1156.599, 1.200623
1157.081, 1.388092
1157.563, 1.546661
1158.046, 1.670532
1158.528, 1.937134
1159.010, 2.057343
1159.492, 1.265472
1159.974, 0.2157590
1160.456, 0.3740840
1160.938, 2.075928
1161.420, 3.678314
1161.903, 4.138336
1162.385, 3.942047
1162.867, 2.499359
1163.349, 1.287811
1163.831, 1.372772
1164.313, 2.592377
1164.795, 4.872406
1165.277, 8.646851
1165.760, 9.749390
1166.242, 7.363434
1166.724, 4.819977
1167.206, 2.393921
1167.688, 0.6311650
1168.170, 0.1563110
1168.652, 0.1264340
1169.134, 0.7138370
1169.616, 2.028412
1170.099, 2.074280
1170.581, 0.8322450
1171.063, 0.1390990
1171.545, 0.7493900
1172.027, 0.6346440
1172.509, 0.3275450
1172.991, 1.110962
1173.473, 0.8766170
1173.956, 0.3435970
1174.438, 1.095764
1174.920, 2.475098
1175.402, 1.850830
1175.884, 2.492859
1176.366, 2.750641
1176.848, 1.770935
1177.330, 2.346741
1177.813, 0.4304810
1178.295, 1.539276
1178.777, 1.227539
1179.259, 0.1141660
1179.741, 0.1078190
1180.223, 0.1453250
1180.705, 0.3691100
1181.187, 0.5408020
1181.669, 0.7124020
1182.151, 0.8276670
1182.634, 0.8695980
1183.116, 1.349579
1183.598, 1.462250
1184.080, 0.2934270
1184.562, 2.030731
1185.044, 2.502441
1185.526, 2.349762
1186.008, 2.145630
1186.490, 2.110016
1186.973, 2.476959
1187.455, 3.340759
1187.937, 4.099518
1188.419, 4.879150
1188.901, 4.856720
1189.383, 3.220520
1189.865, 1.608978
1190.347, 0.4552000
1190.830, 7.7301003E-02
1191.312, 1.336151
1191.794, 3.685455
1192.276, 4.397308
1192.758, 2.650604
1193.240, 2.194794
1193.722, 3.660828
1194.204, 4.492920
1194.687, 3.947662
1195.169, 3.180267
1195.651, 2.928528
1196.133, 2.827332
1196.615, 2.190552
1197.097, 2.306244
1197.579, 1.228210
1198.061, 2.172546
1198.543, 2.547333
1199.026, 2.248932
1199.508, 1.906677
1199.990, 1.746124
1200.472, 1.756592
1200.954, 1.898499
1201.436, 2.375458
1201.918, 4.050934
1202.400, 5.963837
1202.883, 5.884888
1203.365, 4.556549
1203.847, 3.697540
1204.329, 3.428009
1204.811, 3.294159
1205.293, 3.109161
1205.775, 2.645660
1206.257, 1.253143
1206.740, 0.2354430
1207.222, 1.025146
1207.704, 2.145477
1208.186, 2.152069
1208.668, 1.650269
1209.150, 1.689392
1209.632, 2.242950
1210.114, 2.548401
1210.596, 2.227783
1211.078, 2.349304
1211.561, 3.656372
1212.043, 4.697113
1212.525, 5.062225
1213.007, 4.977753
1213.489, 4.318695
1213.971, 3.512177
1214.453, 3.245239
1214.935, 3.486755
1215.417, 3.733643
1215.900, 4.071899
1216.382, 3.992584
1216.864, 3.287811
1217.346, 3.086578
1217.828, 3.891510
1218.310, 4.348969
1218.792, 3.289276
1219.274, 1.871368
1219.757, 2.617706
1220.239, 4.833832
1220.721, 4.832520
1221.203, 3.160370
1221.685, 2.714111
1222.167, 3.559265
1222.649, 3.698425
1223.131, 2.518738
1223.614, 1.516754
1224.096, 1.816498
1224.578, 2.729523
1225.060, 3.984619
1225.542, 4.979126
1226.024, 4.630463
1226.506, 3.725525
1226.988, 3.522003
1227.470, 3.937408
1227.953, 4.223206
1228.435, 4.233154
1228.917, 4.140900
1229.399, 4.229156
1229.881, 4.223724
1230.363, 3.933228
1230.845, 3.664795
1231.327, 3.572601
1231.810, 3.617340
1232.292, 3.556427
1232.774, 3.757568
1233.256, 4.097137
1233.738, 4.715790
1234.220, 4.719818
1234.702, 3.875885
1235.184, 3.227783
1235.667, 2.575317
1236.149, 2.277649
1236.631, 2.562775
1237.113, 3.188385
1237.595, 4.009277
1238.077, 4.663971
1238.559, 4.140167
1239.041, 2.652374
1239.523, 0.1444700
1240.005, 3.453033
1240.488, 2.441193
1240.970, 2.842041
1241.452, 5.690338
1241.934, 2.774811
1242.416, 0.8668210
1242.898, 0.5091550
1243.380, 1.178406
1243.862, 2.158264
1244.344, 2.451752
1244.827, 1.167511
1245.309, 0.2856750
1245.791, 0.9180300
1246.273, 4.316223
1246.755, 6.579437
1247.237, 6.619080
1247.719, 5.946686
1248.201, 3.853577
1248.684, 2.605225
1249.166, 3.489990
1249.648, 4.703705
1250.130, 5.267914
1250.612, 5.577637
1251.094, 6.242737
1251.576, 7.098694
1252.058, 7.130066
1252.541, 6.141876
1253.023, 5.331787
1253.505, 4.677368
1253.987, 4.707489
1254.469, 5.574585
1254.951, 6.088928
1255.433, 5.726715
1255.915, 5.186249
1256.397, 5.334320
1256.880, 5.932159
1257.362, 6.603180
1257.844, 7.258942
1258.326, 7.765533
1258.808, 8.084137
1259.290, 8.378510
1259.772, 8.481781
1260.254, 7.297150
1260.737, 4.039581
1261.219, 2.014221
1261.701, 4.210510
1262.183, 6.504913
1262.665, 6.551910
1263.147, 4.910095
1263.629, 4.845795
1264.111, 4.689636
1264.594, 5.262054
1265.076, 6.568817
1265.558, 5.638824
1266.040, 1.844727
1266.522, 1.131622
1267.004, 4.616577
1267.486, 6.254761
1267.968, 4.628815
1268.450, 2.945923
1268.932, 2.832886
1269.415, 3.652161
1269.897, 4.902679
1270.379, 6.052185
1270.861, 5.419647
1271.343, 3.670166
1271.825, 2.720245
1272.307, 2.497375
1272.789, 2.499176
1273.271, 2.648285
1273.754, 3.144867
1274.236, 4.388000
1274.718, 5.633698
1275.200, 6.828125
1275.682, 7.274780
1276.164, 6.099976
1276.646, 4.499634
1277.128, 2.280670
1277.611, 0.6666560
1278.093, 1.765106
1278.575, 4.545715
1279.057, 5.437073
1279.539, 4.147491
1280.021, 2.629944
1280.503, 6.6530001E-03
1280.985, 0.2230220
1281.468, 3.353241
1281.950, 5.481506
1282.432, 3.972076
1282.914, 1.962555
1283.396, 1.888245
1283.878, 2.910248
1284.360, 2.514435
1284.842, 1.198944
1285.324, 0.0000000E+00
##END=



