##NAMES=Clinoptilolite-Ca
##RRUFFID=R061098
##IDEAL CHEMISTRY=Ca_3_(Si_30_Al_6_)O_72_&#183;20H_2_O
##LOCALITY=Fish Creek Quarry, Clackamas River, Estacada, Clackamas County, Oregon, USA
##OWNER=RRUFF
##SOURCE=Michael Scott
##DESCRIPTION=Druse of colorless, clear tabular somewhat pseudohexagonal crystals in vug
##STATUS=The identification of this mineral is confirmed by single-crystal X-ray diffraction and chemical analysis.
##URL=rruff.info/R061098
##MEASURED CHEMISTRY=(Ca_1.90_K_1.85_Na_0.23_Mg_0.11_)_Σ=4.09_(Si_29.90_Al_6.10_)_Σ=36_O_72_·21.90H_2_O; H_2_O estimated by difference
128.8611, 0.0000000E+00
129.3432, 99.50171
129.8254, 203.9607
130.3075, 312.8459
130.7896, 397.5964
131.2717, 445.2244
131.7538, 455.2559
132.2359, 449.5601
132.7181, 447.0115
133.2002, 475.0566
133.6823, 454.7795
134.1644, 387.4097
134.6465, 308.8672
135.1286, 221.6560
135.6108, 131.6499
136.0929, 53.55640
136.5750, 0.7175290
137.0571, 23.58423
137.5392, 31.83203
138.0213, 21.94434
138.5035, 0.6740720
138.9856, 28.39844
139.4677, 61.87476
139.9498, 113.6721
140.4319, 198.7200
140.9140, 324.3142
141.3961, 449.5400
141.8783, 577.4966
142.3604, 702.8384
142.8425, 815.5522
143.3246, 913.9094
143.8067, 1016.373
144.2888, 1144.998
144.7710, 1301.175
145.2531, 1463.713
145.7352, 1637.080
146.2173, 1758.662
146.6994, 1796.044
147.1815, 1788.074
147.6637, 1760.319
148.1458, 1739.513
148.6279, 1725.258
149.1100, 1698.366
149.5921, 1643.276
150.0742, 1575.002
150.5564, 1518.950
151.0385, 1480.124
151.5206, 1448.293
152.0027, 1410.374
152.4848, 1366.202
152.9669, 1328.010
153.4491, 1301.889
153.9312, 1283.899
154.4133, 1266.841
154.8954, 1250.108
155.3775, 1231.152
155.8596, 1204.380
156.3418, 1169.854
156.8239, 1139.920
157.3060, 1123.169
157.7881, 1116.071
158.2702, 1105.866
158.7523, 1087.976
159.2345, 1069.583
159.7166, 1057.747
160.1987, 1052.226
160.6808, 1047.712
161.1629, 1041.458
161.6451, 1033.903
162.1272, 1026.950
162.6093, 1023.606
163.0914, 1018.493
163.5735, 1011.237
164.0556, 1001.806
164.5378, 982.2327
165.0199, 939.4116
165.5020, 876.5029
165.9841, 827.9795
166.4662, 806.5676
166.9483, 795.0969
167.4305, 783.6562
167.9126, 771.5071
168.3947, 755.0969
168.8768, 725.2490
169.3589, 682.1741
169.8410, 656.6526
170.3232, 674.5049
170.8053, 692.7861
171.2874, 678.6382
171.7695, 631.6262
172.2516, 582.9067
172.7337, 563.5110
173.2159, 575.0051
173.6980, 580.0447
174.1801, 570.3140
174.6622, 553.9114
175.1443, 533.6028
175.6264, 509.5168
176.1085, 488.6882
176.5907, 479.0894
177.0728, 481.8372
177.5549, 486.5869
178.0370, 485.0420
178.5191, 481.3452
179.0012, 482.3472
179.4834, 488.4194
179.9655, 496.1282
180.4476, 497.7056
180.9297, 488.6790
181.4118, 476.5757
181.8939, 445.6887
182.3761, 418.1462
182.8582, 409.0454
183.3403, 417.6575
183.8224, 429.3643
184.3045, 425.4221
184.7866, 402.4443
185.2688, 387.0845
185.7509, 389.2837
186.2330, 393.8740
186.7151, 393.9285
187.1972, 389.5923
187.6793, 383.2114
188.1615, 378.8110
188.6436, 378.2424
189.1257, 368.7410
189.6078, 332.2319
190.0899, 300.0500
190.5720, 291.2629
191.0542, 304.2151
191.5363, 319.8088
192.0184, 313.6360
192.5005, 278.8447
192.9826, 263.8350
193.4647, 296.8379
193.9469, 329.0815
194.4290, 337.2014
194.9111, 321.2917
195.3932, 299.8833
195.8753, 292.1614
196.3574, 301.1357
196.8396, 305.6799
197.3217, 305.6487
197.8038, 300.8140
198.2859, 288.5869
198.7680, 270.3745
199.2501, 251.2712
199.7323, 235.7102
200.2144, 223.7244
200.6965, 214.2883
201.1786, 208.5610
201.6607, 204.5916
202.1428, 203.9299
202.6250, 205.0436
203.1071, 203.5687
203.5892, 194.1368
204.0713, 175.8264
204.5534, 162.6862
205.0355, 158.8950
205.5177, 156.8926
205.9998, 154.2079
206.4819, 151.0557
206.9640, 149.2103
207.4461, 152.5881
207.9282, 161.1742
208.4104, 156.3004
208.8925, 117.8085
209.3746, 85.74341
209.8567, 77.98071
210.3388, 87.66858
210.8209, 97.49133
211.3030, 93.82178
211.7852, 78.09644
212.2673, 69.15027
212.7494, 69.61121
213.2315, 74.88721
213.7136, 89.38843
214.1957, 107.1145
214.6779, 117.1531
215.1600, 110.5912
215.6421, 90.49207
216.1242, 76.81702
216.6063, 76.68311
217.0884, 73.74634
217.5706, 57.61462
218.0527, 36.64807
218.5348, 25.28857
219.0169, 34.79041
219.4990, 57.35754
219.9811, 61.30371
220.4633, 31.91650
220.9454, 6.567627
221.4275, 3.058838
221.9096, 3.462036
222.3917, 2.734619
222.8738, 4.659790
223.3560, 8.022705
223.8381, 9.112305
224.3202, 5.281982
224.8023, 4.552856
225.2844, 13.64990
225.7665, 24.69849
226.2487, 28.92383
226.7308, 22.41406
227.2129, 9.658569
227.6950, 1.163696
228.1771, 9.790771
228.6592, 16.91992
229.1414, 27.48010
229.6235, 34.30029
230.1056, 27.98120
230.5877, 4.743042
231.0698, 22.22339
231.5519, 32.12317
232.0341, 19.59167
232.5162, 10.85315
232.9983, 17.54541
233.4804, 26.65222
233.9625, 29.13269
234.4446, 23.05066
234.9268, 13.86523
235.4089, 8.654785
235.8910, 8.317749
236.3731, 3.458984
236.8552, 13.07800
237.3373, 30.84241
237.8195, 43.62427
238.3016, 50.77454
238.7837, 54.47327
239.2658, 56.21448
239.7479, 56.02014
240.2300, 53.67493
240.7122, 45.62939
241.1943, 39.25757
241.6764, 39.95300
242.1585, 47.21912
242.6406, 56.08008
243.1227, 66.65356
243.6049, 77.77441
244.0870, 80.97131
244.5691, 69.88257
245.0512, 61.25330
245.5333, 62.79126
246.0154, 72.86194
246.4975, 83.80798
246.9797, 92.57397
247.4618, 98.38770
247.9439, 106.5980
248.4260, 118.8868
248.9081, 128.8014
249.3902, 133.0328
249.8724, 132.1014
250.3545, 132.6797
250.8366, 139.2365
251.3187, 147.4583
251.8008, 148.8673
252.2829, 141.7986
252.7651, 138.5564
253.2472, 150.8674
253.7293, 171.5404
254.2114, 189.0111
254.6935, 198.8254
255.1756, 201.5991
255.6578, 194.0173
256.1399, 161.0569
256.6220, 188.7100
257.1041, 207.1237
257.5862, 216.8458
258.0684, 189.8755
258.5505, 208.8024
259.0326, 226.3911
259.5147, 232.3912
259.9968, 228.8887
260.4789, 227.2039
260.9611, 232.6644
261.4432, 240.9250
261.9253, 244.2208
262.4074, 242.5314
262.8895, 237.3275
263.3716, 227.5391
263.8537, 214.8381
264.3358, 201.7035
264.8180, 188.2665
265.3001, 176.6912
265.7822, 171.3955
266.2643, 173.3881
266.7464, 174.3771
267.2285, 170.0341
267.7107, 165.0883
268.1928, 167.7822
268.6749, 179.5967
269.1570, 189.3669
269.6391, 183.4495
270.1212, 157.1172
270.6034, 138.2483
271.0855, 130.8501
271.5676, 127.9968
272.0497, 124.6416
272.5318, 120.7180
273.0139, 120.0917
273.4961, 127.5122
273.9782, 143.1899
274.4603, 146.5626
274.9424, 123.9945
275.4245, 104.6805
275.9066, 103.6379
276.3888, 115.9171
276.8709, 128.6265
277.3530, 134.3059
277.8351, 133.6349
278.3172, 130.4603
278.7993, 119.4695
279.2815, 111.3973
279.7636, 110.4911
280.2457, 113.3916
280.7278, 115.4720
281.2099, 114.7444
281.6920, 112.3232
282.1742, 110.8456
282.6563, 111.8633
283.1384, 110.2843
283.6205, 105.6077
284.1026, 98.95764
284.5847, 90.77917
285.0669, 81.79224
285.5490, 73.52612
286.0311, 67.69458
286.5132, 63.67310
286.9953, 63.52808
287.4774, 71.93225
287.9596, 79.62756
288.4417, 81.03430
288.9238, 75.65076
289.4059, 68.83557
289.8880, 65.93518
290.3701, 66.74622
290.8523, 66.17261
291.3344, 63.70447
291.8165, 60.32861
292.2986, 56.99854
292.7807, 53.63086
293.2628, 49.06421
293.7450, 41.33215
294.2271, 32.79346
294.7092, 31.54919
295.1913, 41.53674
295.6734, 48.57654
296.1555, 45.40247
296.6377, 37.33643
297.1198, 30.14514
297.6019, 25.80957
298.0840, 22.32336
298.5661, 15.44653
299.0482, 4.366821
299.5304, 0.8122560
300.0125, 8.835815
300.4946, 21.74060
300.9767, 28.05566
301.4588, 27.20435
301.9409, 18.39001
302.4231, 24.66187
302.9052, 2.097534
303.3873, 11.07617
303.8694, 15.36829
304.3515, 15.81482
304.8336, 1.205566
305.3158, 4.959839
305.7979, 9.475098
306.2800, 11.55640
306.7621, 14.50708
307.2442, 6.104248
307.7263, 11.64014
308.2085, 15.12354
308.6906, 11.94446
309.1727, 2.559204
309.6548, 5.136108
310.1369, 10.84509
310.6190, 14.86890
311.1012, 20.76782
311.5833, 46.27417
312.0654, 22.85901
312.5475, 8.842163
313.0296, 3.711304
313.5117, 34.05713
313.9939, 18.61572
314.4760, 21.54333
314.9581, 25.23511
315.4402, 3.384521
315.9223, 5.676514
316.4044, 1.230225
316.8866, 9.064453
317.3687, 15.96582
317.8508, 22.73535
318.3329, 26.51367
318.8150, 24.67920
319.2971, 21.99731
319.7793, 21.11035
320.2614, 22.60034
320.7435, 26.32617
321.2256, 32.44678
321.7077, 41.29492
322.1898, 49.23022
322.6720, 60.84497
323.1541, 66.93701
323.6362, 62.47070
324.1183, 50.62427
324.6004, 36.02759
325.0826, 20.07544
325.5647, 5.705811
326.0468, 5.664307
326.5289, 33.22119
327.0110, 49.31665
327.4931, 34.13281
327.9753, 9.841064
328.4574, 1.767578
328.9395, 6.094482
329.4216, 20.83594
329.9037, 27.02856
330.3858, 24.01904
330.8680, 22.95581
331.3501, 28.63721
331.8322, 34.29053
332.3143, 34.15698
332.7964, 28.49536
333.2785, 22.32349
333.7606, 17.04517
334.2427, 13.47852
334.7249, 14.76123
335.2070, 22.59497
335.6891, 30.36353
336.1712, 32.20483
336.6533, 29.77637
337.1354, 27.94946
337.6176, 27.47803
338.0997, 27.96826
338.5818, 28.31519
339.0639, 28.92505
339.5460, 33.00537
340.0281, 43.64673
340.5103, 57.60034
340.9924, 64.79932
341.4745, 60.84888
341.9566, 58.48267
342.4387, 68.27661
342.9208, 79.33838
343.4030, 72.21069
343.8851, 41.55713
344.3672, 5.800537
344.8493, 8.588379
345.3314, 7.696045
345.8135, 19.59058
346.2957, 27.20044
346.7778, 30.85571
347.2599, 26.97705
347.7420, 18.44946
348.2241, 14.57129
348.7062, 23.86670
349.1884, 44.87036
349.6705, 55.69849
350.1526, 41.92310
350.6347, 34.43945
351.1168, 46.76880
351.5989, 65.80444
352.0811, 72.78613
352.5632, 59.48511
353.0453, 39.54858
353.5274, 39.81641
354.0095, 68.03491
354.4916, 87.84229
354.9738, 80.42944
355.4559, 71.33496
355.9380, 79.46411
356.4201, 104.2412
356.9022, 125.2505
357.3843, 121.0430
357.8665, 99.38086
358.3486, 91.18066
358.8307, 100.2573
359.3128, 118.2261
359.7949, 146.3245
360.2770, 177.1460
360.7592, 201.4219
361.2413, 212.9995
361.7234, 217.1025
362.2055, 215.8975
362.6876, 212.0154
363.1697, 207.7454
363.6519, 203.6113
364.1340, 202.0723
364.6161, 204.5173
365.0982, 214.9321
365.5803, 225.5859
366.0624, 231.9043
366.5446, 238.4578
367.0267, 253.0942
367.5088, 276.8049
367.9909, 301.3433
368.4730, 317.1497
368.9551, 322.9312
369.4373, 323.9385
369.9194, 317.4922
370.4015, 314.3845
370.8836, 319.3220
371.3657, 329.4292
371.8478, 345.0876
372.3300, 364.4844
372.8121, 385.8203
373.2942, 403.5125
373.7763, 410.3352
374.2584, 422.1301
374.7405, 445.9827
375.2227, 471.5854
375.7048, 488.8120
376.1869, 495.7690
376.6690, 501.3127
377.1511, 518.0383
377.6332, 546.4888
378.1154, 564.8398
378.5975, 562.6038
379.0796, 561.0247
379.5617, 575.6680
380.0438, 601.3984
380.5259, 623.0959
381.0081, 626.8616
381.4902, 626.7603
381.9723, 648.2588
382.4544, 692.5903
382.9365, 732.3914
383.4186, 752.2891
383.9008, 760.2419
384.3829, 775.0432
384.8650, 799.7852
385.3471, 824.6482
385.8292, 841.7661
386.3113, 856.9417
386.7935, 881.4160
387.2756, 918.0056
387.7577, 959.5708
388.2398, 998.4258
388.7219, 1034.796
389.2040, 1067.161
389.6862, 1086.137
390.1683, 1110.514
390.6504, 1155.473
391.1325, 1213.774
391.6146, 1266.264
392.0967, 1301.685
392.5789, 1324.862
393.0610, 1352.142
393.5431, 1381.810
394.0252, 1419.475
394.5073, 1470.868
394.9894, 1525.984
395.4716, 1576.387
395.9537, 1620.717
396.4358, 1664.769
396.9179, 1718.335
397.4000, 1780.962
397.8821, 1828.352
398.3643, 1847.005
398.8464, 1869.032
399.3285, 1918.093
399.8106, 1982.993
400.2927, 2040.124
400.7748, 2077.981
401.2570, 2107.854
401.7391, 2145.772
402.2212, 2190.404
402.7033, 2223.455
403.1854, 2235.335
403.6675, 2234.986
404.1497, 2237.761
404.6317, 2243.433
405.1139, 2251.827
405.5960, 2267.243
406.0781, 2282.953
406.5602, 2293.493
407.0423, 2297.461
407.5244, 2292.557
408.0066, 2276.368
408.4887, 2248.893
408.9708, 2216.017
409.4529, 2173.651
409.9350, 2131.123
410.4171, 2094.357
410.8993, 2057.720
411.3814, 2011.888
411.8635, 1953.374
412.3456, 1890.721
412.8277, 1840.042
413.3098, 1807.235
413.7920, 1765.271
414.2741, 1700.922
414.7562, 1636.730
415.2383, 1585.444
415.7204, 1544.249
416.2025, 1501.413
416.6847, 1447.929
417.1668, 1389.085
417.6489, 1336.698
418.1310, 1291.754
418.6131, 1246.953
419.0952, 1200.265
419.5774, 1150.805
420.0595, 1096.123
420.5416, 1031.567
421.0237, 973.8130
421.5058, 937.6648
421.9879, 911.4639
422.4701, 874.4280
422.9522, 822.3037
423.4343, 766.5383
423.9164, 718.5378
424.3985, 679.1797
424.8806, 637.5956
425.3628, 590.9351
425.8449, 545.1732
426.3270, 498.3112
426.8091, 454.9043
427.2912, 424.1541
427.7733, 410.5818
428.2555, 404.5055
428.7376, 385.4131
429.2197, 346.6666
429.7018, 312.0508
430.1839, 284.0942
430.6660, 259.7285
431.1482, 237.3348
431.6303, 217.1306
432.1124, 200.4714
432.5945, 191.0292
433.0766, 184.9395
433.5587, 170.2661
434.0409, 144.4642
434.5230, 122.4641
435.0051, 112.4225
435.4872, 109.8698
435.9693, 108.7683
436.4514, 111.5897
436.9336, 107.6461
437.4157, 83.79175
437.8978, 52.19299
438.3799, 35.12073
438.8620, 36.72278
439.3441, 41.28015
439.8263, 33.22961
440.3084, 11.60510
440.7905, 2.361084
441.2726, 3.220215
441.7547, 3.807251
442.2368, 10.44165
442.7190, 19.03625
443.2011, 23.21887
443.6832, 20.48975
444.1653, 13.04712
444.6474, 2.546997
445.1295, 14.82141
445.6117, 21.45850
446.0938, 5.810547
446.5759, 11.46741
447.0580, 23.24048
447.5401, 28.97949
448.0222, 28.90247
448.5044, 21.58643
448.9865, 9.874146
449.4686, 2.574951
449.9507, 15.90417
450.4328, 26.31555
450.9149, 30.22485
451.3971, 33.93713
451.8792, 48.53064
452.3613, 78.02722
452.8434, 102.6005
453.3255, 110.5160
453.8076, 114.8322
454.2898, 130.7356
454.7719, 157.9919
455.2540, 184.5425
455.7361, 202.1887
456.2182, 213.3096
456.7003, 230.1680
457.1825, 263.0559
457.6646, 290.4191
458.1467, 302.5776
458.6288, 311.4702
459.1109, 330.1935
459.5930, 361.0095
460.0752, 395.0767
460.5573, 423.7378
461.0394, 446.9740
461.5215, 471.0394
462.0036, 494.9133
462.4857, 521.4348
462.9679, 557.9723
463.4500, 596.4758
463.9321, 622.8899
464.4142, 627.7886
464.8963, 631.2593
465.3784, 654.2480
465.8606, 690.3208
466.3427, 718.5947
466.8248, 733.1150
467.3069, 743.7537
467.7890, 760.5365
468.2711, 784.1978
468.7533, 812.6946
469.2354, 857.5079
469.7175, 895.4690
470.1996, 905.3809
470.6817, 901.8948
471.1638, 916.2590
471.6460, 962.4622
472.1281, 1022.356
472.6102, 1061.745
473.0923, 1071.372
473.5744, 1085.901
474.0565, 1109.270
474.5387, 1137.257
475.0208, 1168.632
475.5029, 1203.572
475.9850, 1243.716
476.4671, 1296.661
476.9492, 1349.119
477.4313, 1374.848
477.9135, 1373.416
478.3956, 1377.937
478.8777, 1406.221
479.3598, 1438.573
479.8419, 1440.536
480.3240, 1409.029
480.8062, 1384.063
481.2883, 1381.796
481.7704, 1382.777
482.2525, 1372.246
482.7346, 1350.031
483.2167, 1320.656
483.6989, 1287.039
484.1810, 1249.590
484.6631, 1210.210
485.1452, 1171.888
485.6273, 1125.361
486.1094, 1063.432
486.5916, 999.5806
487.0737, 941.4346
487.5558, 890.0930
488.0379, 843.1436
488.5200, 798.9636
489.0021, 758.2098
489.4843, 724.9729
489.9664, 701.2378
490.4485, 673.2262
490.9306, 636.7075
491.4127, 590.8516
491.8948, 530.2063
492.3770, 446.8350
492.8591, 383.3766
493.3412, 367.1735
493.8233, 370.3291
494.3054, 367.4991
494.7875, 354.4871
495.2697, 327.7543
495.7518, 281.7777
496.2339, 223.0361
496.7160, 185.9822
497.1981, 188.7048
497.6802, 188.5599
498.1624, 180.8895
498.6445, 169.5613
499.1266, 157.4197
499.6087, 145.2299
500.0908, 132.7861
500.5729, 118.5073
501.0551, 104.0520
501.5372, 97.17456
502.0193, 100.7722
502.5014, 99.72925
502.9835, 81.27100
503.4656, 57.60999
503.9478, 50.11121
504.4299, 64.59180
504.9120, 73.06030
505.3941, 59.29883
505.8762, 37.42517
506.3583, 24.89685
506.8405, 22.51404
507.3226, 18.90564
507.8047, 4.711792
508.2868, 16.31995
508.7689, 23.85730
509.2510, 2.164063
509.7332, 10.11804
510.2153, 3.675171
510.6974, 8.296021
511.1795, 18.75012
511.6616, 25.53284
512.1437, 24.64819
512.6259, 6.409790
513.1080, 20.85913
513.5901, 26.77625
514.0722, 7.139282
514.5543, 9.909180
515.0364, 12.00696
515.5186, 3.309814
516.0007, 8.216675
516.4828, 23.89294
516.9649, 31.17285
517.4470, 18.11621
517.9291, 0.1992190
518.4113, 8.461060
518.8934, 6.616089
519.3755, 2.724609
519.8576, 1.949097
520.3397, 3.332153
520.8218, 3.758423
521.3040, 6.552124
521.7861, 2.057007
522.2682, 21.36279
522.7503, 42.73120
523.2324, 44.71057
523.7145, 30.01660
524.1967, 16.25439
524.6788, 16.29187
525.1609, 23.28088
525.6430, 23.22241
526.1251, 16.01050
526.6072, 9.995239
527.0894, 7.004883
527.5715, 8.308716
528.0536, 20.02747
528.5357, 46.46960
529.0178, 57.41406
529.4999, 32.12866
529.9821, 4.272461
530.4642, 1.300171
530.9463, 15.89990
531.4284, 24.72803
531.9105, 15.50037
532.3926, 3.126343
532.8748, 12.41138
533.3569, 9.545898
533.8390, 6.789185
534.3211, 9.596313
534.8032, 7.908447
535.2853, 9.345337
535.7675, 35.30859
536.2496, 51.53162
536.7317, 47.47717
537.2138, 35.45959
537.6959, 26.31360
538.1780, 19.86621
538.6602, 15.25769
539.1423, 12.07397
539.6244, 12.09424
540.1065, 19.00952
540.5886, 34.73315
541.0707, 40.46094
541.5529, 27.48218
542.0350, 15.38708
542.5171, 10.00464
542.9992, 9.994141
543.4813, 13.58167
543.9634, 20.03699
544.4456, 28.09436
544.9277, 37.30334
545.4098, 47.53442
545.8919, 54.36475
546.3740, 57.66772
546.8561, 57.51807
547.3383, 50.56189
547.8204, 41.12732
548.3025, 37.18311
548.7846, 42.23511
549.2667, 46.03320
549.7488, 40.35864
550.2310, 32.46204
550.7131, 33.77295
551.1952, 44.53442
551.6773, 54.51001
552.1594, 55.34973
552.6415, 49.58032
553.1237, 51.92603
553.6058, 76.32788
554.0879, 84.91541
554.5700, 57.01624
555.0521, 26.51733
555.5342, 19.51843
556.0164, 35.03003
556.4985, 53.18750
556.9806, 65.49756
557.4627, 70.94019
557.9448, 64.02649
558.4269, 45.77795
558.9091, 32.93579
559.3912, 32.77710
559.8733, 38.13696
560.3554, 37.49878
560.8375, 26.91248
561.3196, 26.84766
561.8018, 50.41174
562.2839, 71.52722
562.7660, 77.12573
563.2481, 71.01404
563.7302, 60.25500
564.2123, 47.67920
564.6945, 35.13525
565.1766, 23.33179
565.6587, 11.86511
566.1408, 11.08142
566.6229, 30.53137
567.1050, 47.90051
567.5872, 40.05908
568.0693, 19.98816
568.5514, 12.41357
569.0335, 25.38440
569.5156, 41.11414
569.9977, 56.79822
570.4799, 69.39368
570.9620, 72.29541
571.4441, 64.35828
571.9262, 47.95593
572.4083, 21.34363
572.8904, 8.992188
573.3726, 12.31055
573.8547, 32.30737
574.3368, 63.84705
574.8189, 67.63257
575.3010, 60.92334
575.7831, 51.34326
576.2653, 40.65881
576.7474, 31.61841
577.2295, 23.77576
577.7116, 19.31433
578.1937, 23.43872
578.6758, 34.33386
579.1580, 41.57288
579.6401, 41.54810
580.1222, 41.44458
580.6042, 50.54297
581.0864, 72.60205
581.5685, 81.46387
582.0506, 68.37097
582.5327, 53.92627
583.0148, 39.59753
583.4969, 30.05823
583.9791, 34.58862
584.4612, 54.70544
584.9433, 73.75684
585.4254, 72.17871
585.9075, 55.51184
586.3896, 45.59839
586.8718, 43.71912
587.3539, 45.95105
587.8360, 51.90833
588.3181, 59.11938
588.8002, 60.49438
589.2823, 51.02271
589.7645, 48.27039
590.2466, 61.80029
590.7287, 76.41870
591.2108, 79.77075
591.6929, 75.01404
592.1750, 74.39172
592.6572, 85.46082
593.1393, 99.50684
593.6214, 94.89929
594.1035, 68.33313
594.5856, 52.74927
595.0677, 56.41589
595.5499, 64.13635
596.0320, 62.66138
596.5141, 57.35657
596.9962, 61.88354
597.4783, 85.97375
597.9604, 108.2830
598.4426, 120.4960
598.9247, 124.1945
599.4068, 117.1400
599.8889, 101.5663
600.3710, 90.18896
600.8531, 94.21094
601.3353, 109.7227
601.8174, 118.3140
602.2995, 117.4689
602.7816, 114.5448
603.2637, 104.0427
603.7458, 97.60095
604.2280, 107.2214
604.7101, 129.4271
605.1922, 145.9280
605.6743, 144.9032
606.1564, 140.0415
606.6385, 143.7867
607.1207, 152.6930
607.6028, 157.3816
608.0849, 155.3500
608.5670, 153.9111
609.0491, 161.7821
609.5313, 178.9928
610.0134, 190.0771
610.4955, 188.5449
610.9776, 190.3040
611.4597, 200.2928
611.9418, 213.5703
612.4240, 227.4720
612.9061, 240.8407
613.3882, 249.5696
613.8703, 249.1505
614.3524, 244.4716
614.8345, 242.6787
615.3167, 242.9434
615.7988, 238.4049
616.2809, 225.2501
616.7630, 213.8977
617.2451, 221.2742
617.7272, 252.9637
618.2094, 273.3932
618.6915, 273.6656
619.1736, 272.7836
619.6557, 279.5946
620.1378, 286.1747
620.6199, 279.5704
621.1021, 257.4319
621.5842, 239.0277
622.0663, 245.7958
622.5484, 264.2981
623.0305, 265.8105
623.5126, 250.2451
623.9948, 237.3409
624.4769, 237.4459
624.9590, 242.4149
625.4411, 236.1349
625.9232, 209.0654
626.4053, 198.4246
626.8875, 223.8860
627.3696, 243.3672
627.8517, 234.4695
628.3338, 210.5946
628.8159, 192.8772
629.2980, 188.3472
629.7802, 186.4739
630.2623, 175.4343
630.7444, 158.6742
631.2265, 150.6947
631.7086, 153.9156
632.1907, 152.4675
632.6729, 136.3330
633.1550, 114.1097
633.6371, 105.7992
634.1192, 124.0571
634.6013, 129.2574
635.0834, 110.3802
635.5656, 90.03955
636.0477, 79.32581
636.5298, 75.56494
637.0119, 71.68372
637.4940, 64.98486
637.9761, 58.87280
638.4583, 58.29895
638.9404, 60.86560
639.4225, 57.49292
639.9046, 47.29053
640.3867, 37.09448
640.8688, 30.46167
641.3510, 26.92554
641.8331, 25.40784
642.3152, 24.86047
642.7973, 28.63904
643.2794, 42.28333
643.7615, 54.67920
644.2437, 61.24426
644.7258, 61.97827
645.2079, 56.32849
645.6900, 43.33850
646.1721, 30.47314
646.6542, 27.78406
647.1364, 31.37634
647.6185, 26.62305
648.1006, 11.74072
648.5827, 3.254883
649.0648, 12.40466
649.5469, 32.77258
650.0291, 47.15723
650.5112, 55.58838
650.9933, 57.48499
651.4754, 47.72217
651.9575, 36.98962
652.4396, 30.46362
652.9218, 26.94116
653.4039, 23.33777
653.8860, 18.48450
654.3681, 14.12244
654.8502, 12.91370
655.3323, 13.63403
655.8145, 12.08301
656.2966, 7.300171
656.7787, 3.767944
657.2608, 6.330322
657.7429, 11.63940
658.2250, 10.77942
658.7072, 3.291870
659.1893, 7.997559
659.6714, 3.760254
660.1535, 16.62317
660.6356, 27.30896
661.1177, 33.49622
661.5999, 30.40515
662.0820, 15.35693
662.5641, 0.9642330
663.0462, 3.521973
663.5283, 0.1593020
664.0104, 11.51318
664.4926, 29.60840
664.9747, 39.10864
665.4568, 30.88074
665.9389, 14.14978
666.4210, 7.705200
666.9031, 14.09851
667.3853, 22.76685
667.8674, 41.58093
668.3495, 53.66992
668.8316, 49.44177
669.3137, 36.63086
669.7958, 25.47278
670.2780, 18.00317
670.7601, 12.55603
671.2422, 8.104980
671.7243, 5.173096
672.2064, 5.387695
672.6885, 8.019897
673.1707, 10.04700
673.6528, 9.916138
674.1349, 8.684814
674.6170, 9.961548
675.0991, 14.47461
675.5812, 18.82690
676.0634, 24.28162
676.5455, 27.52808
677.0276, 25.64319
677.5097, 21.80444
677.9918, 19.36365
678.4739, 18.66272
678.9561, 18.49268
679.4382, 19.67590
679.9203, 20.10400
680.4024, 17.62659
680.8845, 13.11743
681.3666, 8.081299
681.8488, 3.134277
682.3309, 0.7724610
682.8130, 2.256714
683.2951, 1.587280
683.7772, 1.715454
684.2593, 2.846191
684.7415, 4.486206
685.2236, 8.619995
685.7057, 11.15857
686.1878, 3.459595
686.6699, 13.44128
687.1520, 23.21191
687.6342, 21.76599
688.1163, 18.53845
688.5984, 18.44421
689.0805, 18.72388
689.5626, 11.96069
690.0447, 1.079102
690.5269, 4.579102
691.0090, 21.05237
691.4911, 58.66882
691.9732, 63.45984
692.4553, 36.09851
692.9374, 10.95398
693.4196, 4.556519
693.9017, 11.45874
694.3838, 8.517700
694.8659, 3.615479
695.3480, 9.483643
695.8301, 0.7203370
696.3123, 2.612183
696.7944, 5.457275
697.2765, 17.19397
697.7586, 29.35913
698.2407, 39.78198
698.7228, 43.91138
699.2050, 37.47400
699.6871, 28.01135
700.1692, 22.16125
700.6513, 19.98657
701.1334, 22.93835
701.6155, 30.91467
702.0977, 39.15527
702.5798, 44.84741
703.0619, 47.44519
703.5440, 44.58826
704.0261, 32.78467
704.5082, 24.35669
704.9904, 21.02588
705.4725, 19.98572
705.9546, 20.62476
706.4367, 22.33850
706.9188, 24.17346
707.4009, 25.98157
707.8831, 27.75610
708.3652, 30.91882
708.8473, 32.99084
709.3294, 28.65698
709.8115, 20.91357
710.2936, 20.78430
710.7758, 33.06335
711.2579, 45.86584
711.7400, 39.45728
712.2221, 14.69519
712.7042, 3.094849
713.1863, 14.42395
713.6685, 15.18042
714.1506, 1.211914
714.6327, 24.44666
715.1148, 40.73230
715.5969, 50.51208
716.0790, 50.56006
716.5612, 28.49609
717.0433, 10.51086
717.5254, 9.263550
718.0075, 16.88489
718.4896, 25.89551
718.9717, 33.88538
719.4539, 38.53967
719.9360, 36.42810
720.4181, 31.50012
720.9002, 30.22534
721.3823, 32.08484
721.8644, 34.97412
722.3465, 38.56433
722.8286, 38.21411
723.3107, 27.55847
723.7928, 9.721313
724.2750, 8.324219
724.7571, 39.13037
725.2392, 55.52942
725.7213, 39.27979
726.2034, 18.72327
726.6855, 8.360840
727.1677, 6.200317
727.6498, 5.409790
728.1319, 4.332886
728.6140, 4.599731
729.0961, 10.66956
729.5782, 16.04565
730.0604, 9.442871
730.5425, 5.067261
731.0246, 11.81836
731.5067, 2.901489
731.9888, 13.81055
732.4709, 29.08105
732.9531, 42.46887
733.4352, 45.81311
733.9173, 36.44019
734.3994, 28.73035
734.8815, 29.24268
735.3636, 35.08289
735.8458, 42.88525
736.3279, 55.45007
736.8100, 57.71912
737.2921, 37.62329
737.7742, 22.04956
738.2563, 23.98694
738.7385, 32.44836
739.2206, 35.18970
739.7027, 30.77319
740.1848, 25.14917
740.6669, 14.95081
741.1490, 11.59534
741.6312, 43.85620
742.1133, 90.90955
742.5954, 91.40234
743.0775, 35.97949
743.5596, 17.91614
744.0417, 21.15918
744.5239, 11.64795
745.0060, 28.74512
745.4881, 27.21924
745.9702, 21.14941
746.4523, 6.755981
746.9344, 3.168701
747.4166, 5.356079
747.8987, 23.79163
748.3808, 29.13367
748.8629, 12.69885
749.3450, 2.872314
749.8271, 11.77283
750.3093, 22.61316
750.7914, 23.27148
751.2735, 17.58044
751.7556, 12.72632
752.2377, 11.82764
752.7198, 17.68994
753.2020, 40.80701
753.6841, 68.28723
754.1662, 70.95410
754.6483, 51.92542
755.1304, 30.34277
755.6125, 12.18738
756.0947, 1.272217
756.5768, 3.503662
757.0589, 17.92688
757.5410, 25.98035
758.0231, 23.01672
758.5052, 24.02344
758.9874, 35.64600
759.4695, 48.66504
759.9516, 57.73706
760.4337, 62.52124
760.9158, 61.64771
761.3979, 48.73230
761.8801, 39.80627
762.3622, 44.93555
762.8443, 52.59692
763.3264, 51.75659
763.8085, 44.32434
764.2906, 37.34436
764.7728, 33.69568
765.2549, 33.95898
765.7370, 42.79382
766.2191, 55.41357
766.7012, 55.58582
767.1833, 43.66101
767.6655, 37.06836
768.1476, 43.81689
768.6297, 55.33557
769.1118, 59.17651
769.5939, 54.71887
770.0760, 54.79810
770.5582, 63.60266
771.0403, 67.79138
771.5224, 57.79590
772.0045, 49.45996
772.4866, 58.24023
772.9688, 79.59192
773.4509, 94.62268
773.9330, 106.1886
774.4151, 105.1410
774.8972, 71.71497
775.3793, 36.25269
775.8615, 31.85229
776.3436, 52.87402
776.8257, 73.08728
777.3078, 80.26086
777.7899, 80.47546
778.2720, 77.08337
778.7542, 72.89795
779.2363, 77.41968
779.7184, 90.31372
780.2005, 100.8604
780.6826, 104.2349
781.1647, 102.9496
781.6469, 100.0922
782.1290, 95.36072
782.6111, 95.32104
783.0932, 101.9656
783.5753, 109.1040
784.0574, 119.1567
784.5396, 125.1501
785.0217, 117.0583
785.5038, 97.26025
785.9859, 83.82483
786.4680, 79.88232
786.9501, 81.21045
787.4323, 91.72766
787.9144, 102.7509
788.3965, 107.1838
788.8786, 105.6021
789.3607, 102.4490
789.8428, 98.76514
790.3250, 93.87073
790.8071, 85.78992
791.2892, 77.71265
791.7713, 75.45642
792.2534, 78.68640
792.7355, 84.86829
793.2177, 93.07861
793.6998, 100.8921
794.1819, 103.6296
794.6640, 100.4481
795.1461, 96.22729
795.6282, 90.83508
796.1104, 85.13696
796.5925, 78.68372
797.0746, 73.11462
797.5567, 70.23730
798.0388, 69.81226
798.5209, 69.40759
799.0031, 68.78735
799.4852, 68.52979
799.9673, 68.74170
800.4494, 69.25037
800.9315, 67.36108
801.4136, 65.17883
801.8958, 72.89355
802.3779, 97.09558
802.8600, 112.4928
803.3421, 95.59827
803.8242, 70.67700
804.3063, 64.65283
804.7885, 70.01196
805.2706, 68.07397
805.7527, 54.16858
806.2348, 43.44458
806.7169, 52.29504
807.1990, 72.44409
807.6812, 82.68457
808.1633, 83.17261
808.6454, 74.83264
809.1275, 56.69824
809.6096, 37.82849
810.0917, 23.70996
810.5739, 15.79065
811.0560, 20.20056
811.5381, 44.53015
812.0202, 61.89014
812.5023, 72.03394
812.9844, 74.87061
813.4666, 65.22925
813.9487, 50.99817
814.4308, 41.47546
814.9129, 37.18555
815.3950, 38.30469
815.8771, 50.81604
816.3593, 61.84375
816.8414, 64.48108
817.3235, 62.93872
817.8056, 63.45667
818.2877, 65.22449
818.7698, 60.41406
819.2520, 41.39050
819.7341, 22.27771
820.2162, 19.26709
820.6983, 26.10767
821.1804, 32.01147
821.6625, 35.67212
822.1447, 38.23193
822.6268, 40.24500
823.1089, 40.80859
823.5910, 37.30847
824.0731, 30.38452
824.5552, 30.16919
825.0374, 38.20374
825.5195, 40.02734
826.0016, 28.74023
826.4837, 16.00830
826.9658, 14.77136
827.4479, 23.82544
827.9301, 28.98352
828.4122, 32.70020
828.8943, 28.19482
829.3764, 7.3974997E-02
829.8585, 21.54639
830.3406, 14.77478
830.8228, 8.587280
831.3049, 27.67310
831.7870, 40.95703
832.2691, 43.73389
832.7512, 23.85474
833.2333, 4.173828
833.7155, 2.169678
834.1976, 1.479126
834.6797, 12.74963
835.1618, 28.92407
835.6439, 40.34961
836.1260, 40.31812
836.6082, 33.33350
837.0903, 20.57288
837.5724, 6.179321
838.0545, 0.6789550
838.5366, 0.6430660
839.0187, 6.307251
839.5009, 14.50073
839.9830, 22.76929
840.4651, 25.03699
840.9472, 22.22913
841.4293, 30.87366
841.9114, 53.54773
842.3936, 65.72412
842.8757, 57.22021
843.3578, 38.95349
843.8399, 20.98376
844.3220, 3.933228
844.8041, 1.595825
845.2863, 14.23950
845.7684, 21.91003
846.2505, 10.06580
846.7326, 2.378784
847.2147, 6.770874
847.6968, 3.115356
848.1790, 11.31445
848.6611, 44.10986
849.1432, 62.90320
849.6253, 55.23145
850.1074, 38.93237
850.5895, 13.23718
851.0717, 10.10767
851.5538, 14.06616
852.0359, 0.9821780
852.5180, 15.66077
853.0001, 19.83508
853.4822, 19.94116
853.9644, 20.17615
854.4465, 20.33569
854.9286, 19.85596
855.4107, 19.20996
855.8928, 20.60059
856.3749, 26.63037
856.8571, 33.00793
857.3392, 35.13318
857.8213, 33.12317
858.3034, 23.41187
858.7855, 7.829102
859.2676, 6.648193
859.7498, 26.75952
860.2319, 44.14551
860.7140, 33.69812
861.1961, 3.965576
861.6782, 5.252563
862.1603, 10.99170
862.6425, 18.45374
863.1245, 9.830566
863.6066, 1.447632
864.0887, 1.457397
864.5709, 8.232178
865.0530, 20.40527
865.5351, 41.96985
866.0172, 52.06067
866.4993, 38.77844
866.9814, 27.39526
867.4636, 25.60669
867.9457, 26.28076
868.4278, 22.30823
868.9099, 15.18909
869.3920, 12.94055
869.8741, 19.81641
870.3563, 26.46838
870.8384, 28.83789
871.3205, 31.13989
871.8026, 40.28564
872.2847, 50.13501
872.7668, 46.97192
873.2490, 28.39709
873.7311, 14.52002
874.2132, 24.94592
874.6953, 40.15161
875.1774, 41.30347
875.6595, 32.86475
876.1417, 22.38184
876.6238, 13.56982
877.1059, 12.03394
877.5880, 21.78601
878.0701, 33.58411
878.5522, 33.31958
879.0344, 24.92529
879.5165, 19.45532
879.9986, 17.49255
880.4807, 19.29773
880.9628, 25.02966
881.4449, 31.33740
881.9271, 34.82703
882.4092, 35.94531
882.8913, 35.24915
883.3734, 31.88062
883.8555, 34.46655
884.3376, 46.62451
884.8198, 54.73926
885.3019, 48.42651
885.7840, 36.67920
886.2661, 39.06494
886.7482, 60.30701
887.2303, 67.75439
887.7125, 51.85986
888.1946, 37.32361
888.6767, 29.99622
889.1588, 26.35254
889.6409, 24.21765
890.1230, 23.76135
890.6052, 26.12646
891.0873, 34.13330
891.5694, 40.00183
892.0515, 43.53333
892.5336, 44.55701
893.0157, 42.97229
893.4979, 38.89392
893.9800, 30.99890
894.4621, 19.45813
894.9442, 11.30054
895.4263, 8.526367
895.9084, 10.26550
896.3906, 19.14685
896.8727, 30.20056
897.3548, 37.96570
897.8369, 43.30139
898.3190, 52.68823
898.8011, 69.74561
899.2833, 77.97607
899.7654, 53.55688
900.2475, 21.89709
900.7296, 15.72852
901.2117, 25.73120
901.6938, 29.56995
902.1760, 23.22510
902.6581, 17.21570
903.1402, 19.50891
903.6223, 25.42273
904.1044, 27.94348
904.5865, 28.39111
905.0687, 30.95642
905.5508, 36.27905
906.0329, 44.58472
906.5150, 55.72534
906.9971, 60.81128
907.4792, 46.47363
907.9614, 19.45923
908.4435, 8.572937
908.9256, 12.97412
909.4077, 21.63806
909.8898, 34.74268
910.3719, 43.44299
910.8541, 42.66211
911.3362, 34.10681
911.8183, 18.43469
912.3004, 6.828064
912.7825, 11.94922
913.2646, 10.12415
913.7468, 31.56573
914.2289, 44.00531
914.7110, 52.36108
915.1931, 60.82214
915.6752, 68.22064
916.1573, 68.35248
916.6395, 55.05750
917.1216, 47.20996
917.6037, 50.46375
918.0858, 51.89490
918.5679, 44.32953
919.0500, 33.61438
919.5322, 26.08856
920.0143, 22.67719
920.4964, 20.21814
920.9785, 19.44098
921.4606, 18.18896
921.9427, 17.34711
922.4249, 14.98901
922.9070, 4.561218
923.3891, 6.417969
923.8712, 1.769348
924.3533, 22.96277
924.8354, 40.61133
925.3176, 40.23419
925.7997, 34.32330
926.2818, 23.16644
926.7639, 13.59247
927.2460, 13.94696
927.7281, 21.95959
928.2103, 28.04053
928.6924, 27.81891
929.1745, 30.80969
929.6566, 51.07672
930.1387, 68.92041
930.6208, 66.42926
931.1030, 49.89948
931.5851, 24.63300
932.0672, 3.966919
932.5493, 19.91437
933.0314, 11.05426
933.5135, 5.645203
933.9957, 17.60950
934.4778, 25.03027
934.9599, 25.53870
935.4420, 22.02826
935.9241, 21.12830
936.4063, 25.08459
936.8884, 33.67432
937.3705, 51.25549
937.8526, 66.98877
938.3347, 59.54236
938.8168, 37.12317
939.2990, 17.68524
939.7811, 4.514221
940.2632, 0.6043090
940.7453, 6.796448
941.2274, 18.51892
941.7095, 34.51166
942.1917, 51.89899
942.6738, 61.93848
943.1559, 64.96539
943.6380, 61.23456
944.1201, 51.13708
944.6022, 40.52679
945.0844, 32.99341
945.5665, 27.93219
946.0486, 23.80988
946.5307, 20.91876
947.0128, 25.83002
947.4949, 38.83661
947.9771, 40.87256
948.4592, 25.43994
948.9413, 9.489868
949.4234, 6.693665
949.9055, 13.63947
950.3876, 22.09344
950.8698, 32.47302
951.3519, 38.14893
951.8340, 37.06323
952.3161, 42.92981
952.7982, 64.40277
953.2803, 81.92041
953.7625, 71.89862
954.2446, 41.80688
954.7267, 33.79279
955.2088, 56.18427
955.6909, 67.32343
956.1730, 60.76196
956.6552, 52.64618
957.1373, 49.97968
957.6194, 49.04974
958.1015, 43.57117
958.5836, 34.05719
959.0657, 37.55560
959.5479, 67.78247
960.0300, 77.80804
960.5121, 50.92181
960.9942, 22.04572
961.4763, 7.287720
961.9584, 3.249695
962.4406, 5.952271
962.9227, 16.40851
963.4048, 23.35248
963.8869, 19.47131
964.3690, 24.24066
964.8511, 55.09045
965.3333, 79.27380
965.8154, 68.27386
966.2975, 39.06189
966.7796, 27.94263
967.2617, 40.47485
967.7438, 46.15283
968.2260, 37.56653
968.7081, 31.37000
969.1902, 37.66187
969.6723, 41.64148
970.1544, 23.95001
970.6365, 4.516968
971.1187, 9.674438
971.6008, 18.37775
972.0829, 39.29071
972.5650, 45.13513
973.0471, 47.63721
973.5292, 52.47015
974.0114, 54.11572
974.4935, 44.93567
974.9756, 28.23657
975.4577, 15.53217
975.9398, 7.972107
976.4219, 5.594177
976.9041, 14.88379
977.3862, 21.53827
977.8683, 13.61182
978.3504, 4.040894
978.8325, 9.176880
979.3146, 25.97998
979.7968, 35.99774
980.2789, 32.72388
980.7610, 28.29291
981.2431, 21.38409
981.7252, 19.20172
982.2073, 30.43256
982.6895, 44.70227
983.1716, 48.34692
983.6537, 42.47174
984.1358, 40.66730
984.6179, 48.48480
985.1000, 56.78278
985.5822, 66.09497
986.0643, 70.92712
986.5464, 65.09613
987.0285, 54.00916
987.5106, 44.62500
987.9927, 37.78876
988.4749, 31.21747
988.9570, 24.20825
989.4391, 17.25000
989.9212, 7.226746
990.4033, 0.7935180
990.8854, 1.570190
991.3676, 9.037231
991.8497, 11.33990
992.3318, 7.802673
992.8139, 7.455872
993.2960, 18.28229
993.7781, 25.97681
994.2603, 22.36371
994.7424, 14.79663
995.2245, 6.906799
995.7066, 0.1413570
996.1887, 3.477905
996.6708, 3.891052
997.1530, 4.175232
997.6351, 9.943115
998.1172, 10.07043
998.5993, 8.906189
999.0814, 29.10730
999.5635, 31.04089
1000.046, 23.62427
1000.528, 25.41785
1001.010, 39.12000
1001.492, 49.43829
1001.974, 49.71997
1002.456, 45.10291
1002.938, 32.81519
1003.420, 21.47192
1003.903, 19.95984
1004.385, 24.27722
1004.867, 26.27588
1005.349, 24.49207
1005.831, 23.49561
1006.313, 25.11853
1006.795, 28.14746
1007.277, 31.65027
1007.759, 36.76501
1008.242, 50.16248
1008.724, 63.52441
1009.206, 56.74292
1009.688, 27.66968
1010.170, 11.96216
1010.652, 41.69019
1011.134, 66.21997
1011.616, 52.74561
1012.099, 32.37463
1012.581, 31.19629
1013.063, 43.44702
1013.545, 53.50842
1014.027, 57.74475
1014.509, 57.84827
1014.991, 50.31433
1015.473, 44.46692
1015.955, 46.69482
1016.438, 49.97656
1016.920, 47.65869
1017.402, 42.75037
1017.884, 42.24255
1018.366, 47.01953
1018.848, 48.01086
1019.330, 35.74084
1019.812, 28.24878
1020.294, 41.78149
1020.777, 53.40015
1021.259, 39.43164
1021.741, 14.38806
1022.223, 3.856567
1022.705, 11.19348
1023.187, 20.24683
1023.669, 27.87292
1024.151, 34.39294
1024.634, 42.81165
1025.116, 47.11401
1025.598, 41.73523
1026.080, 30.42090
1026.562, 15.84827
1027.044, 0.8397220
1027.526, 6.793884
1028.008, 8.612549
1028.490, 23.11340
1028.973, 33.15283
1029.455, 40.93481
1029.937, 44.67346
1030.419, 46.60620
1030.901, 52.58142
1031.383, 62.26233
1031.865, 59.95422
1032.347, 23.53027
1032.830, 6.395264
1033.312, 34.37939
1033.794, 63.12256
1034.276, 70.92139
1034.758, 66.35657
1035.240, 58.78064
1035.722, 49.05469
1036.204, 42.10376
1036.687, 38.15698
1037.169, 37.50085
1037.651, 44.42847
1038.133, 49.44617
1038.615, 48.42419
1039.097, 43.93591
1039.579, 38.52612
1040.061, 32.09314
1040.543, 23.47144
1041.026, 0.4765630
1041.508, 0.9180910
1041.990, 36.82739
1042.472, 68.94629
1042.954, 82.28516
1043.436, 81.07520
1043.918, 64.72839
1044.400, 37.62354
1044.882, 20.19897
1045.365, 12.75354
1045.847, 15.58728
1046.329, 37.57141
1046.811, 48.20471
1047.293, 31.95825
1047.775, 13.31250
1048.257, 13.21643
1048.739, 27.06726
1049.222, 40.91968
1049.704, 57.01843
1050.186, 58.82349
1050.668, 42.26794
1051.150, 26.99292
1051.632, 17.32410
1052.114, 12.36572
1052.596, 11.44800
1053.078, 14.95166
1053.561, 25.96741
1054.043, 44.67639
1054.525, 49.13416
1055.007, 38.37085
1055.489, 22.33716
1055.971, 2.328247
1056.453, 8.933228
1056.935, 3.979614
1057.417, 10.03357
1057.900, 23.87366
1058.382, 36.21045
1058.864, 35.87122
1059.346, 24.22253
1059.828, 20.17871
1060.310, 26.33569
1060.792, 31.60950
1061.274, 30.38123
1061.757, 26.87366
1062.239, 25.97400
1062.721, 27.04041
1063.203, 30.60266
1063.685, 34.49670
1064.167, 27.73792
1064.649, 11.75000
1065.131, 1.089600
1065.614, 1.207153
1066.096, 6.036865
1066.578, 10.86243
1067.060, 15.69910
1067.542, 19.79272
1068.024, 24.26257
1068.506, 37.12622
1068.988, 51.76831
1069.470, 43.23120
1069.953, 8.887451
1070.435, 18.90118
1070.917, 17.43152
1071.399, 4.642456
1071.881, 6.316528
1072.363, 14.71387
1072.845, 17.25732
1073.327, 17.61902
1073.809, 24.18701
1074.292, 36.16016
1074.774, 43.49670
1075.256, 42.22632
1075.738, 34.00342
1076.220, 10.96777
1076.702, 9.076416
1077.184, 9.792969
1077.666, 2.178589
1078.148, 0.9865720
1078.631, 0.1770020
1079.113, 0.3156740
1079.595, 4.488525
1080.077, 7.253174
1080.559, 4.461914
1081.041, 3.229248
1081.523, 10.17798
1082.005, 16.32410
1082.488, 10.34583
1082.970, 0.4450680
1083.452, 1.457520
1083.934, 19.70032
1084.416, 29.27771
1084.898, 20.12390
1085.380, 13.56323
1085.862, 15.18433
1086.344, 18.27429
1086.827, 23.18054
1087.309, 25.05847
1087.791, 14.56079
1088.273, 6.829102
1088.755, 15.04358
1089.237, 3.705322
1089.719, 2.362549
1090.201, 0.1151120
1090.683, 3.659668
1091.166, 9.506714
1091.648, 7.070313
1092.130, 18.08167
1092.612, 53.86865
1093.094, 56.41113
1093.576, 22.69653
1094.058, 10.99597
1094.540, 23.84033
1095.023, 30.65845
1095.505, 23.32544
1095.987, 17.38135
1096.469, 23.91199
1096.951, 35.40942
1097.433, 40.48682
1097.915, 39.71802
1098.397, 31.32397
1098.880, 18.61975
1099.362, 18.94934
1099.844, 33.15723
1100.326, 48.41895
1100.808, 58.80469
1101.290, 64.50830
1101.772, 64.05725
1102.254, 61.10852
1102.736, 60.76917
1103.219, 61.86938
1103.701, 61.83533
1104.183, 61.58630
1104.665, 65.69543
1105.147, 74.06067
1105.629, 77.16614
1106.111, 66.47607
1106.593, 56.47070
1107.075, 60.82031
1107.558, 66.79272
1108.040, 60.71753
1108.522, 51.17847
1109.004, 49.43726
1109.486, 56.27625
1109.968, 69.76538
1110.450, 94.50378
1110.932, 106.4473
1111.415, 88.24341
1111.897, 70.22534
1112.379, 64.07617
1112.861, 62.50586
1113.343, 58.77283
1113.825, 55.51416
1114.307, 60.43713
1114.789, 76.11353
1115.271, 82.53345
1115.754, 75.88379
1116.236, 66.31140
1116.718, 49.15930
1117.200, 41.39746
1117.682, 53.78503
1118.164, 73.55884
1118.646, 86.84216
1119.128, 94.13660
1119.610, 98.00146
1120.093, 98.46667
1120.575, 92.56836
1121.057, 79.22888
1121.539, 77.41785
1122.021, 93.07544
1122.503, 108.0736
1122.985, 109.2493
1123.467, 101.7463
1123.950, 91.78186
1124.432, 80.96875
1124.914, 72.91833
1125.396, 68.93701
1125.878, 76.19312
1126.360, 92.85388
1126.842, 107.0280
1127.324, 113.7080
1127.807, 115.0157
1128.289, 110.4990
1128.771, 103.1377
1129.253, 94.00916
1129.735, 84.62134
1130.217, 74.34302
1130.699, 66.71106
1131.181, 70.61694
1131.663, 84.88733
1132.146, 94.11694
1132.628, 92.00232
1133.110, 85.66711
1133.592, 74.70520
1134.074, 64.16675
1134.556, 54.05713
1135.038, 47.41064
1135.520, 48.57227
1136.002, 55.12341
1136.485, 61.77185
1136.967, 69.30127
1137.449, 70.81262
1137.931, 55.86719
1138.413, 56.44922
1138.895, 86.89050
1139.377, 113.1858
1139.859, 119.1036
1140.342, 112.4156
1140.824, 100.2103
1141.306, 85.43054
1141.788, 84.35376
1142.270, 97.69922
1142.752, 102.2697
1143.234, 96.95361
1143.716, 93.82642
1144.198, 96.17346
1144.681, 101.4215
1145.163, 108.2983
1145.645, 113.0573
1146.127, 108.1095
1146.609, 97.66272
1147.091, 89.83691
1147.573, 85.85303
1148.055, 92.76550
1148.537, 106.7911
1149.020, 113.4363
1149.502, 108.7905
1149.984, 102.8829
1150.466, 99.33789
1150.948, 100.5637
1151.430, 120.5931
1151.912, 133.5676
1152.394, 103.0656
1152.877, 61.30933
1153.359, 56.65979
1153.841, 84.36096
1154.323, 100.6930
1154.805, 92.10461
1155.287, 91.58716
1155.769, 115.7710
1156.251, 130.3107
1156.734, 120.8766
1157.216, 109.3961
1157.698, 108.2483
1158.180, 113.1321
1158.662, 118.4077
1159.144, 123.7196
1159.626, 124.0029
1160.108, 117.9141
1160.590, 120.0453
1161.073, 131.7471
1161.555, 139.0470
1162.037, 137.9625
1162.519, 126.2749
1163.001, 100.3562
1163.483, 73.37866
1163.965, 68.24414
1164.447, 77.91492
1164.929, 88.10168
1165.412, 97.65588
1165.894, 106.1548
1166.376, 111.8004
1166.858, 107.7126
1167.340, 92.30334
1167.822, 77.92151
1168.304, 72.08667
1168.786, 70.46533
1169.269, 73.79175
1169.751, 76.38770
1170.233, 68.34644
1170.715, 60.48071
1171.197, 72.85669
1171.679, 99.18530
1172.161, 106.7812
1172.643, 80.95349
1173.125, 71.04016
1173.608, 92.36371
1174.090, 108.2350
1174.572, 111.1381
1175.054, 110.2596
1175.536, 109.8284
1176.018, 109.4696
1176.500, 108.9069
1176.982, 108.2737
1177.464, 105.6536
1177.947, 100.6905
1178.429, 91.48315
1178.911, 78.85840
1179.393, 78.22498
1179.875, 92.49109
1180.357, 107.0633
1180.839, 113.4747
1181.321, 112.7870
1181.804, 101.7674
1182.286, 76.60223
1182.768, 97.23749
1183.250, 108.4764
1183.732, 111.3672
1184.214, 78.68579
1184.696, 91.37885
1185.178, 85.71790
1185.661, 79.30396
1186.143, 98.45435
1186.625, 70.51862
1187.107, 89.27271
1187.589, 89.39172
1188.071, 98.04260
1188.553, 88.23413
1189.035, 96.02283
1189.517, 106.7964
1190.000, 107.8185
1190.482, 99.00830
1190.964, 86.30353
1191.446, 68.69672
1191.928, 50.19366
1192.410, 29.75739
1192.892, 22.90009
1193.374, 36.04565
1193.856, 50.63367
1194.339, 51.02197
1194.821, 46.97766
1195.303, 56.94275
1195.785, 73.80286
1196.267, 83.41876
1196.749, 85.65302
1197.231, 76.71912
1197.713, 61.22736
1198.196, 55.01196
1198.678, 61.56201
1199.160, 62.23572
1199.642, 41.48175
1200.124, 23.31268
1200.606, 19.16895
1201.088, 21.79126
1201.570, 31.60217
1202.052, 42.03461
1202.535, 48.59686
1203.017, 49.80377
1203.499, 40.96588
1203.981, 20.02203
1204.463, 11.86609
1204.945, 21.63623
1205.427, 26.03503
1205.909, 21.25977
1206.391, 16.77271
1206.874, 15.96191
1207.356, 18.26648
1207.838, 23.36127
1208.320, 30.53137
1208.802, 41.52881
1209.284, 52.25745
1209.766, 48.07251
1210.248, 35.58789
1210.731, 32.43250
1211.213, 37.77747
1211.695, 40.95563
1212.177, 38.57458
1212.659, 33.24194
1213.141, 22.36530
1213.623, 16.47510
1214.105, 28.05762
1214.588, 37.50464
1215.070, 31.62836
1215.552, 19.42841
1216.034, 8.394043
1216.516, 1.078552
1216.998, 9.786560
1217.480, 18.01898
1217.962, 18.56543
1218.444, 9.139893
1218.927, 1.752625
1219.409, 2.603149
1219.891, 3.396545
1220.373, 0.1712650
1220.855, 2.288635
1221.337, 0.1866460
1221.819, 4.495544
1222.301, 8.957703
1222.783, 13.57056
1223.266, 21.50171
1223.748, 28.77594
1224.230, 23.77710
1224.712, 12.31750
1225.194, 1.070068
1225.676, 22.27216
1226.158, 34.09271
1226.640, 37.03497
1227.122, 4.508667
1227.605, 17.78973
1228.087, 12.71991
1228.569, 6.901489
1229.051, 26.64417
1229.533, 0.7006230
1230.015, 18.64764
1230.497, 19.36554
1230.979, 28.61926
1231.462, 19.40875
1231.944, 15.91248
1232.426, 30.90027
1232.908, 34.47485
1233.390, 37.23615
1233.872, 15.55499
1234.354, 3.063599
1234.836, 2.906311
1235.318, 3.924133
1235.801, 6.733276
1236.283, 7.591187
1236.765, 7.280334
1237.247, 7.578003
1237.729, 10.86414
1238.211, 15.96155
1238.693, 22.46301
1239.175, 28.89502
1239.657, 29.69513
1240.140, 18.27380
1240.622, 7.020630
1241.104, 5.977966
1241.586, 4.242432
1242.068, 21.71838
1242.550, 44.79449
1243.032, 52.55591
1243.514, 50.52795
1243.997, 43.22827
1244.479, 32.89404
1244.961, 23.75549
1245.443, 15.90271
1245.925, 8.681458
1246.407, 2.546753
1246.889, 1.368286
1247.371, 5.059021
1247.854, 16.12781
1248.336, 34.03290
1248.818, 44.03101
1249.300, 47.73273
1249.782, 45.32202
1250.264, 31.74463
1250.746, 20.29602
1251.228, 19.82898
1251.710, 21.71124
1252.193, 12.60333
1252.675, 6.357971
1253.157, 3.226929
1253.639, 3.139771
1254.121, 5.294434
1254.603, 8.841797
1255.085, 18.55054
1255.567, 35.95618
1256.049, 42.82599
1256.532, 35.97797
1257.014, 26.87750
1257.496, 21.64526
1257.978, 17.62671
1258.460, 11.31396
1258.942, 6.145935
1259.424, 4.304688
1259.906, 6.152283
1260.389, 18.35175
1260.871, 30.13678
1261.353, 22.72333
1261.835, 3.052795
1262.317, 0.0000000E+00
##END=



