##NAMES=Clinozoisite
##RRUFFID=R040085
##IDEAL CHEMISTRY=Ca_2_Al_3_(Si_2_O_7_)(SiO_4_)O(OH)
##LOCALITY=Alamos, Sonora, Mexico
##OWNER=RRUFF
##SOURCE=University of Arizona Mineral Museum
##DESCRIPTION=Divergent aggregate of red thin prismatic crystals
##STATUS=The identification of this mineral has been confirmed by X-ray diffraction and chemical analysis
##URL=rruff.info/R040085
##MEASURED CHEMISTRY=Ca_2.03_(Al_0.90_Fe_0.13_)_3_(Si_1.00_O_4_)(Si_2.00_O_7_)O(OH)
155.3218, 0.0000000E+00
155.8039, 54.66992
156.2860, 94.76367
156.7682, 89.91992
157.2503, 65.61133
157.7324, 65.56055
158.2145, 127.6328
158.6966, 177.3359
159.1787, 183.2383
159.6609, 122.5547
160.1430, 155.7676
160.6251, 209.6016
161.1072, 297.9824
161.5893, 364.7930
162.0714, 418.4961
162.5536, 433.7969
163.0357, 392.1465
163.5178, 211.9512
163.9999, 46.10742
164.4820, 26.26172
164.9641, 15.99023
165.4463, 11.93555
165.9284, 34.66602
166.4105, 54.99414
166.8926, 75.62891
167.3747, 104.3789
167.8568, 128.0195
168.3390, 137.1758
168.8211, 130.3223
169.3032, 115.8047
169.7853, 104.9180
170.2674, 75.27539
170.7495, 56.76562
171.2317, 70.91992
171.7138, 98.95312
172.1959, 124.4082
172.6780, 147.0879
173.1601, 162.9922
173.6422, 161.5977
174.1244, 149.0645
174.6065, 144.0684
175.0886, 159.4238
175.5707, 189.2266
176.0528, 227.5430
176.5349, 280.6230
177.0171, 332.2812
177.4992, 363.7871
177.9813, 365.8457
178.4634, 357.0801
178.9455, 319.5645
179.4276, 258.5762
179.9098, 217.2285
180.3919, 211.0938
180.8740, 227.2520
181.3561, 260.3340
181.8382, 311.7754
182.3203, 337.3691
182.8025, 262.8105
183.2846, 114.3438
183.7667, 4.685547
184.2488, 34.42773
184.7309, 0.3085940
185.2130, 36.79883
185.6951, 69.90820
186.1773, 98.05469
186.6594, 124.4141
187.1415, 147.9922
187.6236, 172.5176
188.1057, 203.6250
188.5878, 237.8535
189.0700, 257.9727
189.5521, 256.1387
190.0342, 247.1855
190.5163, 266.5723
190.9984, 314.4590
191.4805, 351.4688
191.9627, 336.3496
192.4448, 273.6855
192.9269, 229.2988
193.4090, 218.1523
193.8911, 229.1621
194.3732, 229.9961
194.8554, 219.4844
195.3375, 207.6348
195.8196, 213.4238
196.3017, 238.4805
196.7838, 234.7910
197.2659, 179.0527
197.7481, 82.49414
198.2302, 16.06250
198.7123, 16.82227
199.1944, 26.93945
199.6765, 18.50000
200.1586, 13.27734
200.6408, 31.15430
201.1229, 8.601563
201.6050, 55.69922
202.0871, 65.85352
202.5692, 3.943359
203.0513, 83.41602
203.5335, 110.2969
204.0156, 60.35938
204.4977, 15.50586
204.9798, 18.66211
205.4619, 77.94336
205.9440, 118.7090
206.4262, 131.5254
206.9083, 128.5918
207.3904, 143.8320
207.8725, 183.8145
208.3546, 222.0352
208.8367, 244.9043
209.3189, 252.9297
209.8010, 239.8730
210.2831, 194.6211
210.7652, 129.3359
211.2473, 101.9395
211.7294, 127.2852
212.2116, 162.9414
212.6937, 181.0918
213.1758, 187.2070
213.6579, 163.8281
214.1400, 95.08789
214.6221, 12.81836
215.1043, 71.51562
215.5864, 63.38867
216.0685, 30.28516
216.5506, 17.72070
217.0327, 42.28320
217.5148, 42.05469
217.9970, 7.650391
218.4791, 111.1641
218.9612, 176.2461
219.4433, 185.1992
219.9254, 171.0547
220.4075, 178.9180
220.8897, 222.7344
221.3718, 255.9551
221.8539, 256.0840
222.3360, 207.5371
222.8181, 190.6367
223.3002, 220.5547
223.7824, 272.5762
224.2645, 303.0645
224.7466, 306.5859
225.2287, 298.8027
225.7108, 280.1406
226.1929, 234.2402
226.6750, 227.7969
227.1572, 284.2012
227.6393, 373.5527
228.1214, 416.8652
228.6035, 390.4512
229.0856, 353.3496
229.5677, 329.3984
230.0499, 308.2617
230.5320, 325.1055
231.0141, 399.0547
231.4962, 512.0938
231.9783, 594.0449
232.4604, 639.6914
232.9426, 659.0254
233.4247, 652.1250
233.9068, 590.8262
234.3889, 562.6016
234.8710, 589.8184
235.3531, 664.4141
235.8353, 707.9844
236.3174, 711.3457
236.7995, 695.0215
237.2816, 672.8496
237.7637, 640.9336
238.2458, 611.5879
238.7280, 586.6250
239.2101, 566.1191
239.6922, 547.9004
240.1743, 529.9355
240.6564, 516.0566
241.1385, 507.9453
241.6207, 495.5117
242.1028, 501.6055
242.5849, 530.9531
243.0670, 557.9629
243.5491, 580.0605
244.0313, 598.7656
244.5134, 597.8398
244.9955, 620.7656
245.4776, 634.1387
245.9597, 647.1484
246.4418, 673.5176
246.9240, 675.3496
247.4061, 701.5605
247.8882, 718.0820
248.3703, 771.9180
248.8524, 813.7129
249.3345, 815.5723
249.8167, 817.3828
250.2988, 830.0020
250.7809, 853.7461
251.2630, 887.4785
251.7451, 935.7168
252.2272, 990.1758
252.7094, 1037.762
253.1915, 1084.635
253.6736, 1113.025
254.1557, 1107.562
254.6378, 1042.266
255.1199, 1030.605
255.6021, 1106.988
256.0842, 1220.381
256.5663, 1249.316
257.0484, 1145.447
257.5305, 1043.807
258.0126, 1008.820
258.4948, 1071.787
258.9769, 1112.064
259.4590, 1128.520
259.9411, 1120.994
260.4232, 1083.656
260.9053, 996.4629
261.3875, 909.8438
261.8696, 846.8672
262.3517, 809.3574
262.8338, 793.7598
263.3159, 808.7637
263.7980, 843.4043
264.2802, 857.1113
264.7623, 839.6934
265.2444, 821.1055
265.7265, 822.2148
266.2086, 850.9531
266.6907, 864.6211
267.1729, 850.0625
267.6550, 818.1914
268.1371, 813.1484
268.6192, 838.7891
269.1013, 880.8594
269.5834, 942.2773
270.0656, 1037.193
270.5477, 1075.633
271.0298, 1023.336
271.5119, 909.6602
271.9940, 867.5566
272.4761, 919.3750
272.9583, 984.8164
273.4404, 1007.420
273.9225, 980.7656
274.4046, 955.7734
274.8867, 945.9434
275.3688, 943.2246
275.8510, 900.5234
276.3331, 806.5195
276.8152, 702.7949
277.2973, 615.8281
277.7794, 543.5293
278.2615, 512.8301
278.7437, 550.4180
279.2258, 630.9727
279.7079, 624.0391
280.1900, 509.5918
280.6721, 385.8340
281.1542, 359.0469
281.6364, 435.1270
282.1185, 467.8926
282.6006, 406.8086
283.0827, 282.5742
283.5648, 224.1191
284.0469, 240.2266
284.5291, 277.5547
285.0112, 288.9570
285.4933, 274.8809
285.9754, 250.0430
286.4575, 205.4648
286.9396, 155.1250
287.4217, 157.3047
287.9038, 216.8535
288.3860, 288.8047
288.8681, 335.1191
289.3502, 355.4648
289.8323, 354.1504
290.3144, 318.5098
290.7965, 265.8379
291.2787, 249.2051
291.7608, 270.9297
292.2429, 302.6895
292.7250, 330.1211
293.2071, 349.4297
293.6892, 337.5137
294.1714, 260.4863
294.6535, 160.0859
295.1356, 142.8203
295.6177, 213.1504
296.0998, 286.8848
296.5819, 273.0176
297.0641, 195.7090
297.5462, 134.2266
298.0283, 120.1504
298.5104, 135.4199
298.9925, 164.2246
299.4746, 206.9258
299.9568, 224.6621
300.4389, 142.4023
300.9210, 7.300781
301.4031, 71.02734
301.8852, 11.19531
302.3673, 100.9531
302.8495, 151.2480
303.3316, 139.7402
303.8137, 122.3379
304.2958, 149.6016
304.7779, 201.5840
305.2600, 242.4727
305.7422, 262.2656
306.2243, 262.6094
306.7064, 232.6836
307.1885, 174.4062
307.6706, 128.4492
308.1527, 143.0918
308.6349, 183.9824
309.1170, 202.9199
309.5991, 146.0234
310.0812, 88.32227
310.5633, 99.55469
311.0454, 175.6816
311.5276, 238.8535
312.0097, 227.5527
312.4918, 184.3770
312.9739, 155.8906
313.4560, 177.7598
313.9381, 199.2168
314.4203, 189.1621
314.9024, 149.4336
315.3845, 105.2559
315.8666, 47.16406
316.3487, 5.044922
316.8308, 34.40820
317.3130, 12.28516
317.7951, 13.55078
318.2772, 9.074219
318.7593, 21.88086
319.2414, 25.45117
319.7235, 45.30664
320.2057, 135.3867
320.6878, 201.2773
321.1699, 231.0215
321.6520, 240.6562
322.1341, 222.4531
322.6162, 178.3496
323.0984, 137.6836
323.5805, 89.69727
324.0626, 59.63086
324.5447, 64.47461
325.0268, 157.0215
325.5089, 229.5742
325.9911, 258.2793
326.4732, 246.9453
326.9553, 243.3008
327.4374, 250.1797
327.9195, 264.1035
328.4016, 282.9219
328.8838, 308.8477
329.3659, 334.7754
329.8480, 358.9004
330.3301, 381.1660
330.8122, 405.0645
331.2943, 431.3691
331.7765, 457.9570
332.2586, 484.4707
332.7407, 518.1719
333.2228, 541.3105
333.7049, 556.5957
334.1870, 564.2812
334.6692, 562.1855
335.1513, 544.0371
335.6334, 527.9863
336.1155, 525.9648
336.5976, 544.8477
337.0797, 556.1680
337.5619, 553.6309
338.0440, 544.3945
338.5261, 551.0879
339.0082, 578.3496
339.4903, 605.9375
339.9724, 622.3984
340.4546, 626.9590
340.9367, 627.5742
341.4188, 626.3574
341.9009, 621.3555
342.3830, 593.8125
342.8651, 539.7480
343.3473, 503.1289
343.8294, 526.7578
344.3115, 604.3652
344.7936, 634.3301
345.2757, 602.8418
345.7578, 548.4258
346.2400, 522.8730
346.7221, 526.3652
347.2042, 554.8301
347.6863, 626.1191
348.1684, 720.9551
348.6505, 775.3340
349.1327, 779.6660
349.6148, 773.8125
350.0969, 811.1914
350.5790, 885.1289
351.0611, 952.0195
351.5432, 984.9219
352.0254, 997.9707
352.5075, 1013.201
352.9896, 1030.164
353.4717, 1038.811
353.9538, 1035.740
354.4359, 1024.928
354.9181, 1010.371
355.4002, 1002.562
355.8823, 991.1094
356.3644, 963.9668
356.8465, 921.7090
357.3286, 872.9980
357.8108, 811.9648
358.2929, 748.1074
358.7750, 693.0078
359.2571, 669.5098
359.7392, 644.5176
360.2213, 594.2422
360.7035, 519.7930
361.1856, 443.0586
361.6677, 359.2305
362.1498, 283.7910
362.6319, 229.1914
363.1140, 203.8926
363.5962, 193.6895
364.0783, 209.6875
364.5604, 244.9316
365.0425, 252.4512
365.5246, 186.7949
366.0067, 111.9922
366.4889, 67.56641
366.9710, 81.72461
367.4531, 98.88672
367.9352, 129.7148
368.4173, 165.1641
368.8994, 163.2402
369.3815, 66.44336
369.8636, 17.69531
370.3458, 38.11719
370.8279, 75.16211
371.3100, 129.8672
371.7921, 92.55273
372.2742, 4.132813
372.7563, 29.69336
373.2385, 27.48242
373.7206, 78.67383
374.2027, 76.64062
374.6848, 1.451172
375.1669, 38.06055
375.6490, 21.53320
376.1312, 23.56641
376.6133, 63.89062
377.0954, 104.7461
377.5775, 120.4219
378.0596, 88.20117
378.5417, 10.91016
379.0239, 32.36914
379.5060, 37.67773
379.9881, 19.35938
380.4702, 8.683594
380.9523, 46.60742
381.4344, 88.64844
381.9166, 142.7832
382.3987, 197.4180
382.8808, 213.5703
383.3629, 188.4844
383.8450, 157.9707
384.3271, 162.5371
384.8093, 189.8945
385.2914, 202.2500
385.7735, 183.2871
386.2556, 147.9414
386.7377, 108.0664
387.2198, 65.90234
387.7020, 38.41602
388.1841, 59.64062
388.6662, 97.04492
389.1483, 100.7754
389.6304, 28.20117
390.1125, 28.88086
390.5947, 24.13477
391.0768, 155.8320
391.5589, 264.6816
392.0410, 300.5273
392.5231, 294.6758
393.0052, 262.1992
393.4874, 187.5918
393.9695, 132.0938
394.4516, 137.9746
394.9337, 176.2930
395.4158, 194.3301
395.8979, 136.2129
396.3801, 88.51367
396.8622, 99.44336
397.3443, 202.3887
397.8264, 253.2969
398.3085, 182.9199
398.7906, 66.76953
399.2728, 3.744141
399.7549, 5.087891
400.2370, 25.19141
400.7191, 51.63672
401.2012, 86.66797
401.6833, 99.44531
402.1655, 79.17188
402.6476, 48.59766
403.1297, 26.21875
403.6118, 12.85938
404.0939, 6.539063
404.5760, 3.300781
405.0582, 6.691406
405.5403, 49.39453
406.0224, 153.1875
406.5045, 231.2344
406.9866, 199.1758
407.4688, 47.53906
407.9509, 48.81641
408.4330, 61.47656
408.9151, 26.30859
409.3972, 22.74609
409.8793, 51.03906
410.3615, 61.48438
410.8436, 4.667969
411.3257, 115.1680
411.8078, 148.7109
412.2899, 87.12891
412.7720, 1.269531
413.2542, 35.22266
413.7363, 28.58203
414.2184, 23.27734
414.7005, 56.39453
415.1826, 92.25781
415.6647, 84.30469
416.1469, 31.14844
416.6290, 32.51953
417.1111, 98.19922
417.5932, 154.0742
418.0753, 182.6523
418.5574, 145.3789
419.0396, 108.5898
419.5217, 112.3320
420.0038, 150.1484
420.4859, 180.9609
420.9680, 183.5898
421.4501, 176.9453
421.9323, 173.8555
422.4144, 181.4414
422.8965, 188.2695
423.3786, 189.3477
423.8607, 189.5859
424.3428, 201.3516
424.8250, 227.2266
425.3071, 266.8828
425.7892, 329.0977
426.2713, 450.0938
426.7534, 496.1836
427.2355, 413.5938
427.7177, 287.9531
428.1998, 252.1406
428.6819, 349.0430
429.1640, 444.2539
429.6461, 497.2656
430.1282, 507.4805
430.6104, 544.2109
431.0925, 623.3906
431.5746, 694.7344
432.0567, 694.9648
432.5388, 620.5898
433.0209, 567.4805
433.5031, 561.7773
433.9852, 591.5117
434.4673, 643.1992
434.9494, 716.0156
435.4315, 756.2227
435.9136, 691.2266
436.3958, 564.9258
436.8779, 493.0195
437.3600, 509.2344
437.8421, 548.0039
438.3242, 523.5898
438.8063, 459.1914
439.2885, 422.5391
439.7706, 484.5703
440.2527, 568.8945
440.7348, 595.5781
441.2169, 551.8789
441.6990, 519.4336
442.1812, 552.7031
442.6633, 619.1602
443.1454, 680.6406
443.6275, 725.6289
444.1096, 761.9570
444.5917, 777.3242
445.0739, 775.6484
445.5560, 809.4062
446.0381, 952.1055
446.5202, 1090.410
447.0023, 1157.223
447.4844, 1073.391
447.9666, 1011.770
448.4487, 984.0586
448.9308, 982.5273
449.4129, 991.2812
449.8950, 1003.227
450.3771, 1037.824
450.8593, 1117.875
451.3413, 1262.293
451.8235, 1333.090
452.3056, 1311.332
452.7877, 1246.473
453.2698, 1201.957
453.7519, 1179.555
454.2340, 1157.820
454.7162, 1125.062
455.1983, 1088.984
455.6804, 1089.004
456.1625, 1127.906
456.6446, 1151.324
457.1267, 1099.590
457.6089, 996.1758
458.0910, 894.4453
458.5731, 798.3203
459.0552, 721.3828
459.5373, 686.7891
460.0194, 687.8555
460.5016, 701.8984
460.9837, 752.2344
461.4658, 788.3320
461.9479, 753.0273
462.4300, 627.0820
462.9121, 505.0352
463.3943, 429.0234
463.8764, 387.6445
464.3585, 368.5391
464.8406, 387.5117
465.3227, 409.0039
465.8048, 428.3672
466.2870, 448.6680
466.7691, 434.0547
467.2512, 319.2773
467.7333, 205.0977
468.2154, 156.2070
468.6975, 224.8828
469.1797, 282.6406
469.6618, 314.9375
470.1439, 332.4609
470.6260, 368.9219
471.1081, 441.2344
471.5902, 493.6289
472.0724, 485.7734
472.5545, 407.7422
473.0366, 381.6172
473.5187, 431.6992
474.0008, 494.4961
474.4829, 472.8867
474.9651, 374.1055
475.4472, 302.6523
475.9293, 304.3047
476.4114, 346.5078
476.8935, 368.5312
477.3756, 371.1680
477.8578, 360.8516
478.3399, 329.4844
478.8220, 292.6484
479.3041, 275.7773
479.7862, 291.0586
480.2683, 309.5586
480.7505, 300.6875
481.2326, 278.8633
481.7147, 274.7031
482.1968, 306.1211
482.6789, 353.6680
483.1610, 417.5586
483.6432, 501.8906
484.1253, 555.6172
484.6074, 545.7812
485.0895, 507.9531
485.5716, 473.0391
486.0537, 428.4180
486.5359, 404.8633
487.0180, 422.8320
487.5001, 467.3789
487.9822, 463.5195
488.4643, 378.2461
488.9464, 299.2969
489.4286, 281.5586
489.9107, 347.3633
490.3928, 351.3242
490.8749, 274.7070
491.3570, 170.2070
491.8391, 116.0195
492.3213, 112.8320
492.8034, 115.1641
493.2855, 110.1602
493.7676, 99.61328
494.2497, 84.42578
494.7318, 65.26953
495.2140, 51.17578
495.6961, 50.81250
496.1782, 60.44531
496.6603, 73.59766
497.1424, 90.43359
497.6245, 107.0312
498.1067, 119.0117
498.5888, 127.6016
499.0709, 136.4648
499.5530, 131.4961
500.0351, 137.7695
500.5172, 174.1055
500.9994, 244.9766
501.4815, 308.9180
501.9636, 381.2969
502.4457, 429.4141
502.9278, 423.7500
503.4099, 286.8594
503.8921, 191.8594
504.3742, 163.6055
504.8563, 190.4648
505.3384, 227.0898
505.8205, 290.0352
506.3026, 335.6992
506.7848, 335.9648
507.2669, 282.8906
507.7490, 259.5352
508.2311, 277.8594
508.7132, 301.2461
509.1953, 254.7227
509.6775, 148.8203
510.1596, 111.1406
510.6417, 227.3281
511.1238, 406.8008
511.6059, 459.7539
512.0880, 394.9180
512.5701, 319.5117
513.0522, 307.1680
513.5344, 327.9531
514.0165, 347.0508
514.4986, 360.2500
514.9807, 363.3047
515.4628, 350.0078
515.9449, 325.6484
516.4271, 299.3516
516.9092, 265.6250
517.3913, 240.1172
517.8734, 236.7344
518.3555, 257.9180
518.8376, 263.1797
519.3198, 240.9805
519.8019, 207.9766
520.2840, 172.1797
520.7661, 123.8320
521.2482, 93.49609
521.7303, 86.42578
522.2125, 95.53516
522.6946, 108.7148
523.1767, 129.4727
523.6588, 138.0430
524.1409, 120.3750
524.6230, 80.94141
525.1052, 54.44141
525.5873, 41.87891
526.0694, 34.57031
526.5515, 33.49219
527.0336, 31.90625
527.5157, 4.687500
527.9979, 69.64062
528.4800, 142.9414
528.9621, 166.4141
529.4442, 146.6719
529.9263, 103.7148
530.4084, 7.324219
530.8906, 78.98828
531.3727, 93.94531
531.8548, 20.95703
532.3369, 23.96094
532.8190, 26.47656
533.3011, 107.3516
533.7833, 158.6289
534.2654, 149.7500
534.7475, 137.5000
535.2296, 126.5391
535.7117, 115.8125
536.1938, 102.4570
536.6760, 87.17188
537.1581, 67.82422
537.6402, 35.48438
538.1223, 13.50781
538.6044, 13.37109
539.0865, 49.35938
539.5687, 123.8047
540.0508, 149.0977
540.5329, 131.4648
541.0150, 109.1094
541.4971, 91.77344
541.9792, 75.52734
542.4614, 49.96484
542.9435, 18.34375
543.4256, 4.886719
543.9077, 5.859375
544.3898, 2.710938
544.8719, 6.824219
545.3541, 3.390625
545.8362, 7.257813
546.3183, 35.71875
546.8004, 70.89844
547.2825, 93.53125
547.7646, 87.76172
548.2468, 80.68359
548.7289, 78.89844
549.2110, 79.92578
549.6931, 72.44141
550.1752, 44.34375
550.6573, 24.07031
551.1395, 25.39062
551.6216, 52.78906
552.1037, 75.96484
552.5858, 93.60938
553.0679, 110.9297
553.5500, 143.3477
554.0322, 189.1289
554.5143, 201.3555
554.9964, 153.9219
555.4785, 86.65625
555.9606, 68.59766
556.4427, 95.71484
556.9249, 146.4492
557.4070, 231.6289
557.8891, 320.9570
558.3712, 374.6289
558.8533, 384.5781
559.3354, 395.8633
559.8176, 434.4453
560.2997, 485.8242
560.7818, 535.3359
561.2639, 571.5977
561.7460, 612.0859
562.2281, 671.5625
562.7103, 739.5469
563.1924, 775.0742
563.6745, 735.4297
564.1566, 719.9922
564.6387, 772.4609
565.1208, 903.0234
565.6030, 1003.008
566.0851, 1060.375
566.5672, 1114.840
567.0493, 1217.016
567.5314, 1362.648
568.0135, 1484.754
568.4957, 1566.906
568.9778, 1626.078
569.4599, 1678.121
569.9420, 1727.168
570.4241, 1787.547
570.9063, 1881.766
571.3884, 1982.332
571.8705, 2069.949
572.3526, 2142.422
572.8347, 2190.035
573.3168, 2231.117
573.7990, 2231.094
574.2811, 2157.594
574.7632, 1944.070
575.2453, 1740.770
575.7274, 1570.250
576.2095, 1423.051
576.6917, 1283.004
577.1738, 1138.125
577.6559, 1021.004
578.1380, 953.9688
578.6201, 935.5781
579.1022, 892.9180
579.5844, 811.4375
580.0665, 733.5820
580.5486, 708.4688
581.0307, 728.8906
581.5128, 709.5898
581.9949, 634.5938
582.4771, 541.0547
582.9592, 463.1523
583.4413, 402.3008
583.9234, 361.9062
584.4055, 346.1172
584.8876, 349.6953
585.3698, 380.8906
585.8519, 431.3945
586.3340, 467.6367
586.8161, 467.8008
587.2982, 465.1133
587.7803, 478.9102
588.2625, 523.2930
588.7446, 555.7031
589.2267, 563.3594
589.7088, 565.4844
590.1909, 584.6016
590.6730, 633.6367
591.1552, 666.0117
591.6373, 665.4414
592.1194, 648.2227
592.6015, 665.7969
593.0836, 719.7930
593.5657, 779.5703
594.0479, 829.6055
594.5300, 872.7695
595.0121, 921.1172
595.4942, 975.3320
595.9763, 1014.426
596.4584, 997.1133
596.9406, 963.2070
597.4227, 969.3281
597.9048, 1064.867
598.3869, 1140.305
598.8690, 1118.703
599.3511, 1044.699
599.8333, 1005.035
600.3154, 1064.531
600.7975, 1112.762
601.2796, 1116.465
601.7617, 1077.617
602.2438, 1046.887
602.7260, 1018.969
603.2081, 1010.363
603.6902, 1047.484
604.1723, 1138.992
604.6544, 1171.094
605.1365, 1130.203
605.6187, 1056.129
606.1008, 992.4258
606.5829, 939.2500
607.0650, 896.7812
607.5471, 864.6719
608.0292, 842.7070
608.5114, 832.9023
608.9935, 833.2383
609.4756, 837.7109
609.9577, 858.1289
610.4398, 868.9648
610.9219, 850.7031
611.4041, 797.5625
611.8862, 742.1250
612.3683, 682.9453
612.8504, 627.7812
613.3325, 580.5820
613.8146, 529.0312
614.2968, 511.5742
614.7789, 544.7617
615.2610, 599.7734
615.7431, 619.0977
616.2252, 599.9922
616.7073, 572.1406
617.1895, 545.9492
617.6716, 518.6016
618.1537, 477.6836
618.6358, 424.5469
619.1179, 380.1055
619.6000, 377.4531
620.0822, 383.9766
620.5643, 347.6562
621.0464, 250.3125
621.5285, 180.8164
622.0106, 215.1484
622.4927, 291.5742
622.9749, 343.9961
623.4570, 364.2656
623.9391, 351.9336
624.4212, 277.3828
624.9033, 173.2148
625.3854, 128.1836
625.8676, 174.3320
626.3497, 208.3711
626.8318, 185.6484
627.3139, 114.4727
627.7960, 80.00000
628.2781, 84.60156
628.7603, 103.5352
629.2424, 127.8633
629.7245, 150.2695
630.2066, 144.2109
630.6887, 98.26562
631.1708, 62.44141
631.6530, 107.2500
632.1351, 185.0703
632.6172, 224.0078
633.0993, 157.8633
633.5814, 90.45312
634.0635, 74.05859
634.5457, 90.17969
635.0278, 65.33594
635.5099, 70.80469
635.9920, 176.9219
636.4741, 206.9180
636.9562, 157.0859
637.4384, 81.05078
637.9205, 39.76562
638.4026, 138.5547
638.8847, 135.6172
639.3668, 45.16797
639.8489, 9.835938
640.3311, 56.21875
640.8132, 117.7656
641.2953, 114.2891
641.7774, 66.28906
642.2595, 18.33594
642.7416, 26.29688
643.2238, 51.32812
643.7059, 29.48438
644.1880, 24.01562
644.6701, 58.33984
645.1522, 27.35156
645.6343, 1.484375
646.1165, 14.95703
646.5986, 73.39844
647.0807, 117.1445
647.5628, 146.3320
648.0449, 162.2227
648.5270, 161.7188
649.0092, 143.2344
649.4913, 134.7266
649.9734, 140.5781
650.4555, 150.7969
650.9376, 148.6953
651.4197, 138.7891
651.9019, 136.7227
652.3840, 148.7188
652.8661, 168.9961
653.3482, 199.7930
653.8303, 234.9023
654.3124, 256.1953
654.7946, 223.1289
655.2767, 202.2734
655.7588, 241.3750
656.2409, 351.5586
656.7230, 407.3438
657.2051, 360.1562
657.6872, 304.8008
658.1693, 304.4609
658.6514, 380.3672
659.1335, 417.6367
659.6157, 410.6797
660.0978, 375.3984
660.5799, 318.9375
661.0620, 248.5938
661.5441, 205.2656
662.0262, 209.3164
662.5084, 231.4688
662.9905, 233.7422
663.4726, 225.0547
663.9547, 229.2305
664.4368, 276.3633
664.9189, 321.5742
665.4011, 333.5547
665.8832, 312.0508
666.3653, 302.9062
666.8474, 321.6133
667.3295, 344.1953
667.8116, 360.8516
668.2938, 370.8672
668.7759, 373.9688
669.2580, 371.1328
669.7401, 359.6055
670.2222, 331.6445
670.7043, 290.1641
671.1865, 259.0625
671.6686, 245.0430
672.1507, 241.1133
672.6328, 249.4844
673.1149, 262.3125
673.5970, 259.2461
674.0792, 217.2578
674.5613, 171.4062
675.0434, 131.3945
675.5255, 102.1406
676.0076, 102.2695
676.4897, 166.3398
676.9719, 226.1992
677.4540, 253.4453
677.9361, 242.5273
678.4182, 247.1172
678.9003, 275.2656
679.3824, 301.3633
679.8646, 290.6172
680.3467, 247.0000
680.8288, 245.2500
681.3109, 298.3594
681.7930, 355.0625
682.2751, 357.9883
682.7573, 324.0469
683.2394, 284.6328
683.7215, 235.2500
684.2036, 205.9062
684.6857, 236.4023
685.1678, 300.9531
685.6500, 337.9258
686.1321, 299.1055
686.6142, 264.6953
687.0963, 263.3867
687.5784, 291.3047
688.0605, 297.5508
688.5427, 274.9570
689.0248, 242.1055
689.5069, 192.4492
689.9890, 132.7266
690.4711, 147.3594
690.9532, 243.2109
691.4354, 340.8867
691.9175, 358.8828
692.3996, 331.8711
692.8817, 317.3203
693.3638, 329.4219
693.8459, 331.4023
694.3281, 296.1094
694.8102, 249.9414
695.2923, 223.7930
695.7744, 239.0312
696.2565, 252.8984
696.7386, 261.3242
697.2208, 265.8008
697.7029, 268.5586
698.1850, 268.8594
698.6671, 276.5625
699.1492, 294.6445
699.6313, 316.9727
700.1135, 317.2852
700.5956, 297.1992
701.0777, 290.1445
701.5598, 355.8203
702.0419, 434.6172
702.5240, 429.3633
703.0062, 328.2891
703.4883, 244.9844
703.9704, 240.2656
704.4525, 271.8711
704.9346, 309.8008
705.4167, 358.5664
705.8989, 400.4375
706.3810, 434.6289
706.8631, 461.4258
707.3452, 484.0547
707.8273, 507.0586
708.3094, 495.7227
708.7916, 435.3320
709.2737, 353.3359
709.7558, 283.8867
710.2379, 233.1562
710.7200, 220.9609
711.2021, 302.9414
711.6843, 391.5156
712.1664, 400.0508
712.6485, 344.6055
713.1306, 294.5977
713.6127, 263.7305
714.0948, 253.6055
714.5770, 274.6406
715.0591, 328.9219
715.5412, 358.1992
716.0233, 346.0156
716.5054, 336.7930
716.9875, 378.3359
717.4697, 469.5078
717.9518, 476.2266
718.4339, 382.1602
718.9160, 271.8828
719.3981, 236.9922
719.8802, 251.5000
720.3624, 267.7969
720.8445, 279.2812
721.3266, 282.4336
721.8087, 260.9062
722.2908, 234.3398
722.7729, 231.1094
723.2551, 287.7266
723.7372, 330.5430
724.2193, 348.0078
724.7014, 344.2539
725.1835, 326.7188
725.6656, 289.4727
726.1478, 260.1523
726.6299, 252.9648
727.1120, 256.9883
727.5941, 235.1836
728.0762, 190.1094
728.5583, 152.9648
729.0405, 149.4727
729.5226, 160.4961
730.0047, 169.5625
730.4868, 176.0664
730.9689, 181.7383
731.4510, 209.1055
731.9332, 222.1836
732.4153, 188.4180
732.8974, 72.52734
733.3795, 25.08203
733.8616, 79.24219
734.3438, 155.4844
734.8259, 173.4961
735.3080, 136.1484
735.7901, 87.55859
736.2722, 28.99219
736.7543, 24.76562
737.2365, 60.33984
737.7186, 77.17578
738.2007, 72.12891
738.6828, 31.64844
739.1649, 13.14062
739.6470, 46.14844
740.1292, 70.91406
740.6113, 97.17969
741.0934, 154.2148
741.5755, 176.0547
742.0576, 132.4922
742.5397, 44.33594
743.0219, 10.04688
743.5040, 38.85938
743.9861, 65.00781
744.4682, 45.00391
744.9503, 1.5625000E-02
745.4324, 12.91406
745.9146, 4.671875
746.3967, 39.28906
746.8788, 104.4414
747.3609, 166.6562
747.8430, 194.5586
748.3251, 181.1680
748.8073, 163.1484
749.2894, 154.3672
749.7715, 139.3320
750.2536, 104.5781
750.7357, 32.14453
751.2178, 1.886719
751.7000, 8.820313
752.1821, 43.44531
752.6642, 85.66797
753.1463, 132.7812
753.6284, 175.3906
754.1105, 219.3438
754.5927, 234.9336
755.0748, 163.5977
755.5569, 51.69531
756.0390, 25.47656
756.5211, 31.67188
757.0032, 17.85547
757.4854, 34.89453
757.9675, 102.3711
758.4496, 117.3242
758.9317, 36.14844
759.4138, 13.39453
759.8959, 15.69141
760.3781, 93.35156
760.8602, 129.7148
761.3423, 126.3086
761.8244, 102.0430
762.3065, 34.02344
762.7886, 28.89844
763.2708, 14.94141
763.7529, 65.00781
764.2350, 146.9102
764.7171, 208.7344
765.1992, 256.1836
765.6813, 293.4648
766.1635, 319.2461
766.6456, 318.1758
767.1277, 273.3750
767.6098, 227.9727
768.0919, 205.5664
768.5740, 205.8438
769.0562, 234.9570
769.5383, 296.5977
770.0204, 354.1758
770.5025, 372.0898
770.9846, 364.0742
771.4667, 349.6406
771.9489, 330.5430
772.4310, 312.7109
772.9131, 301.3086
773.3952, 291.6953
773.8773, 278.9805
774.3594, 254.2930
774.8416, 241.3672
775.3237, 247.8633
775.8058, 259.4805
776.2879, 255.0820
776.7700, 234.8281
777.2521, 217.0156
777.7343, 205.6562
778.2164, 202.6133
778.6985, 211.5469
779.1806, 223.8906
779.6627, 228.1914
780.1448, 202.1406
780.6270, 188.7383
781.1091, 230.2969
781.5912, 300.6836
782.0733, 315.4453
782.5554, 226.9336
783.0375, 150.3828
783.5197, 109.1328
784.0018, 97.54297
784.4839, 107.7773
784.9660, 139.7734
785.4481, 181.1641
785.9302, 241.2344
786.4124, 299.6406
786.8945, 321.3359
787.3766, 310.2461
787.8587, 281.8984
788.3408, 220.1172
788.8229, 165.7695
789.3051, 154.9570
789.7872, 194.7773
790.2693, 188.6953
790.7514, 99.31641
791.2335, 20.91016
791.7156, 12.46484
792.1978, 72.39453
792.6799, 111.3711
793.1620, 127.4492
793.6441, 143.8945
794.1262, 193.4453
794.6083, 246.9922
795.0905, 261.2305
795.5726, 229.6133
796.0547, 186.3984
796.5368, 109.1484
797.0189, 54.17969
797.5010, 75.30859
797.9832, 227.1836
798.4653, 314.6523
798.9474, 317.5742
799.4295, 286.9609
799.9116, 271.4062
800.3937, 269.1836
800.8759, 264.8164
801.3580, 258.2930
801.8401, 253.1953
802.3222, 261.5547
802.8043, 270.4805
803.2864, 259.9922
803.7686, 208.7109
804.2507, 174.0586
804.7328, 205.1875
805.2149, 250.6055
805.6970, 231.1680
806.1791, 90.87891
806.6613, 30.54688
807.1434, 98.16016
807.6255, 216.6523
808.1076, 245.3359
808.5897, 197.3047
809.0718, 158.8320
809.5540, 162.8711
810.0361, 180.5781
810.5182, 184.1367
811.0003, 179.8633
811.4824, 180.8672
811.9645, 239.3203
812.4467, 247.3828
812.9288, 133.1641
813.4109, 40.76562
813.8930, 109.3125
814.3751, 38.87891
814.8572, 13.84375
815.3394, 7.277344
815.8215, 61.71875
816.3036, 47.58984
816.7857, 19.98828
817.2678, 72.14844
817.7499, 75.08594
818.2321, 59.82812
818.7142, 37.33594
819.1963, 10.40625
819.6784, 7.734375
820.1605, 22.91406
820.6426, 23.35938
821.1248, 9.125000
821.6068, 66.34766
822.0889, 73.20703
822.5710, 22.96484
823.0532, 15.50781
823.5353, 0.4960940
824.0174, 49.74609
824.4995, 92.10547
824.9816, 130.2461
825.4637, 187.6680
825.9459, 321.4492
826.4280, 438.1328
826.9101, 478.6836
827.3922, 436.4062
827.8743, 400.6094
828.3564, 379.2852
828.8386, 351.7852
829.3207, 299.1484
829.8028, 228.8164
830.2849, 208.9492
830.7670, 238.6055
831.2491, 252.6797
831.7313, 180.2422
832.2134, 81.29297
832.6955, 18.87109
833.1776, 2.675781
833.6597, 3.339844
834.1418, 53.10547
834.6240, 88.89453
835.1061, 53.00000
835.5882, 67.26172
836.0703, 122.6406
836.5524, 100.6875
837.0345, 57.77344
837.5167, 37.67188
837.9988, 28.05859
838.4809, 23.59375
838.9630, 119.0938
839.4451, 179.3047
839.9272, 98.82031
840.4094, 4.484375
840.8915, 31.18359
841.3736, 50.80078
841.8557, 113.5039
842.3378, 149.9648
842.8199, 163.1719
843.3021, 143.7539
843.7842, 88.96875
844.2663, 71.16016
844.7484, 93.44531
845.2305, 118.6719
845.7126, 105.3203
846.1948, 78.35156
846.6769, 76.72266
847.1590, 109.3008
847.6411, 135.0469
848.1232, 120.6094
848.6053, 107.3516
849.0875, 131.7539
849.5696, 222.0391
850.0517, 242.1914
850.5338, 169.2461
851.0159, 86.53516
851.4980, 83.37891
851.9802, 133.8242
852.4623, 145.6094
852.9444, 107.8008
853.4265, 66.96484
853.9086, 48.92578
854.3907, 49.06250
854.8729, 65.77344
855.3550, 105.6562
855.8371, 139.3477
856.3192, 162.0898
856.8013, 180.4570
857.2834, 197.8398
857.7656, 213.9961
858.2477, 229.7656
858.7298, 243.8711
859.2119, 267.4336
859.6940, 333.6328
860.1761, 406.2852
860.6583, 430.5391
861.1404, 389.7031
861.6225, 347.8672
862.1046, 337.6172
862.5867, 328.9453
863.0688, 294.7305
863.5510, 216.2383
864.0331, 188.1250
864.5152, 221.5625
864.9973, 265.5820
865.4794, 267.2344
865.9615, 241.7617
866.4437, 232.3906
866.9258, 244.2422
867.4079, 261.5547
867.8900, 295.9219
868.3721, 317.4844
868.8542, 294.8438
869.3364, 196.4336
869.8185, 140.0547
870.3006, 142.9336
870.7827, 163.6602
871.2648, 172.1484
871.7469, 167.8320
872.2291, 145.7539
872.7112, 101.3594
873.1933, 76.53516
873.6754, 121.0625
874.1575, 200.3477
874.6396, 284.9609
875.1218, 371.7500
875.6039, 427.3711
876.0860, 412.6602
876.5681, 390.5156
877.0502, 395.9023
877.5323, 431.1328
878.0145, 458.9922
878.4966, 479.1797
878.9787, 496.9609
879.4608, 509.2031
879.9429, 521.4492
880.4250, 541.8320
880.9072, 570.1445
881.3893, 610.6914
881.8714, 697.2773
882.3535, 768.3047
882.8356, 773.8945
883.3177, 702.9648
883.7999, 671.1055
884.2820, 687.4453
884.7641, 715.1523
885.2462, 741.6016
885.7283, 758.3594
886.2104, 727.2031
886.6926, 650.6367
887.1747, 588.0391
887.6568, 608.4375
888.1389, 632.9297
888.6210, 597.1133
889.1031, 489.7812
889.5853, 415.4336
890.0674, 376.0430
890.5495, 374.4219
891.0316, 437.5547
891.5137, 545.7539
891.9958, 545.2617
892.4780, 444.2031
892.9601, 367.7773
893.4422, 419.4570
893.9243, 511.1602
894.4064, 579.0156
894.8885, 620.3789
895.3707, 648.0039
895.8528, 633.9805
896.3349, 642.7188
896.8170, 708.4961
897.2991, 812.3164
897.7813, 843.0039
898.2634, 799.4727
898.7455, 747.2969
899.2276, 712.9609
899.7097, 698.7461
900.1918, 726.2148
900.6740, 781.9727
901.1561, 814.8008
901.6382, 780.3320
902.1203, 752.2500
902.6024, 761.6367
903.0845, 794.3906
903.5667, 783.2891
904.0488, 718.1875
904.5309, 707.9258
905.0130, 817.6602
905.4951, 969.5352
905.9772, 1035.398
906.4594, 1042.980
906.9415, 1067.020
907.4236, 1169.551
907.9057, 1256.938
908.3878, 1284.070
908.8699, 1276.578
909.3521, 1288.156
909.8342, 1329.305
910.3163, 1341.941
910.7984, 1300.180
911.2805, 1253.324
911.7626, 1304.512
912.2448, 1415.094
912.7269, 1489.691
913.2090, 1471.496
913.6911, 1453.164
914.1732, 1488.770
914.6553, 1546.422
915.1375, 1579.055
915.6196, 1570.270
916.1017, 1581.582
916.5838, 1629.199
917.0659, 1669.102
917.5480, 1622.723
918.0302, 1520.453
918.5123, 1456.500
918.9944, 1457.715
919.4765, 1463.340
919.9586, 1425.203
920.4407, 1378.188
920.9229, 1358.582
921.4050, 1385.348
921.8871, 1400.758
922.3692, 1413.367
922.8513, 1397.414
923.3334, 1309.555
923.8156, 1172.367
924.2977, 1071.758
924.7798, 1015.102
925.2619, 965.2852
925.7440, 887.2461
926.2261, 812.0195
926.7083, 765.2656
927.1904, 753.3945
927.6725, 753.7578
928.1546, 778.7305
928.6367, 791.3633
929.1188, 754.2109
929.6010, 684.8789
930.0831, 694.1836
930.5652, 773.0078
931.0473, 823.7969
931.5294, 754.2422
932.0115, 657.7266
932.4937, 592.5898
932.9758, 560.9531
933.4579, 556.7188
933.9400, 599.5469
934.4221, 627.5469
934.9042, 620.5234
935.3864, 584.5117
935.8685, 524.0469
936.3506, 451.5352
936.8327, 407.0664
937.3148, 431.5469
937.7969, 469.9180
938.2791, 490.4375
938.7612, 491.8164
939.2433, 469.5430
939.7254, 408.4844
940.2075, 350.1016
940.6896, 294.1641
941.1718, 251.8320
941.6539, 252.3164
942.1360, 287.9141
942.6181, 317.7188
943.1002, 337.0703
943.5823, 332.6289
944.0645, 268.9102
944.5466, 185.8633
945.0287, 132.4609
945.5108, 132.1445
945.9929, 137.9531
946.4750, 154.5039
946.9572, 168.0508
947.4393, 157.5156
947.9214, 129.3164
948.4035, 120.5703
948.8856, 134.6094
949.3677, 154.4922
949.8499, 175.4102
950.3320, 191.8750
950.8141, 194.4180
951.2962, 175.8711
951.7783, 186.2266
952.2604, 248.4258
952.7426, 295.9414
953.2247, 279.0977
953.7068, 214.7930
954.1889, 188.0156
954.6710, 196.9688
955.1531, 205.0898
955.6353, 190.6016
956.1174, 166.2852
956.5995, 138.4883
957.0816, 107.7891
957.5637, 74.59766
958.0458, 33.89062
958.5280, 3.082031
959.0101, 11.50781
959.4922, 13.78125
959.9743, 8.453125
960.4564, 2.226563
960.9385, 8.289063
961.4207, 2.332031
961.9028, 5.777344
962.3849, 31.83594
962.8670, 80.81641
963.3491, 83.85938
963.8312, 0.6406250
964.3134, 26.35547
964.7955, 41.03906
965.2776, 128.5469
965.7597, 127.6094
966.2418, 69.78516
966.7239, 32.27734
967.2061, 27.63672
967.6882, 51.08984
968.1703, 142.9609
968.6524, 231.1758
969.1345, 251.2500
969.6166, 186.9844
970.0988, 139.3320
970.5809, 106.2891
971.0630, 98.17969
971.5451, 143.3086
972.0272, 201.8984
972.5093, 200.9453
972.9915, 146.7852
973.4736, 98.10938
973.9557, 93.98438
974.4378, 89.55469
974.9199, 48.82422
975.4020, 10.23828
975.8842, 10.21094
976.3663, 120.8594
976.8484, 214.8477
977.3305, 243.3750
977.8126, 243.4766
978.2947, 275.2500
978.7769, 320.4453
979.2590, 336.8516
979.7411, 259.4414
980.2232, 216.7383
980.7053, 239.9180
981.1874, 300.8789
981.6696, 369.9844
982.1517, 447.0195
982.6338, 509.0664
983.1159, 553.3008
983.5980, 571.9336
984.0801, 523.7305
984.5623, 462.3984
985.0444, 459.1172
985.5265, 550.1445
986.0085, 596.8711
986.4907, 566.8320
986.9728, 517.1211
987.4549, 488.5547
987.9370, 475.7617
988.4191, 403.8320
988.9012, 278.3516
989.3834, 173.5781
989.8655, 161.0391
990.3476, 169.5586
990.8297, 140.0430
991.3118, 81.68750
991.7939, 63.09375
992.2761, 127.8789
992.7582, 139.3203
993.2403, 33.66406
993.7224, 111.1602
994.2045, 100.8086
994.6866, 20.11328
995.1688, 107.4102
995.6509, 86.57031
996.1330, 57.65234
996.6151, 71.97266
997.0972, 104.6836
997.5793, 130.2578
998.0615, 151.1328
998.5436, 152.0391
999.0257, 124.4492
999.5078, 105.8789
999.9899, 135.4648
1000.472, 197.0039
1000.954, 283.0391
1001.436, 391.6797
1001.918, 444.7617
1002.401, 360.9180
1002.883, 260.3945
1003.365, 201.5664
1003.847, 177.9258
1004.329, 130.9531
1004.811, 60.50781
1005.293, 4.148438
1005.775, 15.91797
1006.257, 17.27734
1006.740, 10.14062
1007.222, 3.015625
1007.704, 13.80859
1008.186, 15.87891
1008.668, 24.46094
1009.150, 50.13672
1009.632, 73.24609
1010.114, 43.88281
1010.596, 23.33594
1011.079, 31.01172
1011.561, 49.63281
1012.043, 126.5938
1012.525, 113.3359
1013.007, 70.48438
1013.489, 54.14844
1013.971, 74.83594
1014.453, 87.67188
1014.936, 92.52734
1015.418, 92.03516
1015.900, 78.07031
1016.382, 60.77344
1016.864, 74.66406
1017.346, 112.3320
1017.828, 131.4141
1018.310, 102.4688
1018.792, 60.93750
1019.275, 9.847656
1019.757, 40.75781
1020.239, 67.82812
1020.721, 71.44531
1021.203, 49.10938
1021.685, 6.824219
1022.167, 68.52344
1022.649, 120.9180
1023.132, 153.6797
1023.614, 146.3438
1024.096, 55.16016
1024.578, 22.83594
1025.060, 94.83984
1025.542, 169.5859
1026.024, 157.5781
1026.506, 75.02734
1026.989, 26.24219
1027.471, 11.67969
1027.953, 3.027344
1028.435, 43.26953
1028.917, 67.12891
1029.399, 6.402344
1029.881, 118.0898
1030.363, 178.6562
1030.845, 151.2734
1031.328, 156.2266
1031.810, 246.9492
1032.292, 349.6328
1032.774, 332.1406
1033.256, 239.6797
1033.738, 161.8906
1034.220, 122.4570
1034.702, 107.9297
1035.184, 129.7344
1035.667, 161.7148
1036.149, 187.0977
1036.631, 206.2422
1037.113, 205.1484
1037.595, 183.0078
1038.077, 162.8164
1038.559, 161.4805
1039.041, 170.4141
1039.524, 186.2930
1040.006, 207.3320
1040.488, 223.5938
1040.970, 242.4805
1041.452, 230.8047
1041.934, 155.5430
1042.416, 72.95703
1042.898, 131.1836
1043.380, 275.0391
1043.863, 350.7070
1044.345, 262.8555
1044.827, 180.8008
1045.309, 198.9023
1045.791, 232.5430
1046.273, 191.5273
1046.755, 62.80078
1047.237, 1.914063
1047.719, 4.660156
1048.202, 43.91016
1048.684, 118.9648
1049.166, 186.6328
1049.648, 185.2031
1050.130, 118.9453
1050.612, 89.06641
1051.094, 142.3867
1051.576, 154.8633
1052.059, 83.92969
1052.541, 21.85156
1053.023, 70.74609
1053.505, 70.44531
1053.987, 42.94531
1054.469, 25.40625
1054.951, 77.76172
1055.433, 78.08594
1055.916, 55.03125
1056.398, 34.26172
1056.880, 13.25000
1057.362, 8.730469
1057.844, 21.06641
1058.326, 43.58594
1058.808, 86.87109
1059.290, 125.9961
1059.772, 123.5781
1060.255, 84.33594
1060.737, 66.21484
1061.219, 99.16016
1061.701, 112.9688
1062.183, 81.03516
1062.665, 31.75781
1063.147, 30.26562
1063.629, 62.22656
1064.111, 83.55469
1064.594, 77.11719
1065.076, 74.96484
1065.558, 106.4336
1066.040, 132.2578
1066.522, 116.1562
1067.004, 49.35547
1067.486, 12.64062
1067.968, 7.984375
1068.450, 9.492188
1068.933, 0.1210940
1069.415, 5.730469
1069.897, 1.347656
1070.379, 14.65625
1070.861, 48.53125
1071.343, 135.3281
1071.825, 170.0078
1072.307, 112.9414
1072.790, 30.23438
1073.272, 48.70703
1073.754, 132.3711
1074.236, 175.9766
1074.718, 141.3164
1075.200, 129.2617
1075.682, 230.8438
1076.164, 329.7695
1076.646, 341.2734
1077.129, 264.5352
1077.611, 218.6797
1078.093, 204.3672
1078.575, 221.9219
1079.057, 305.9062
1079.539, 394.4961
1080.021, 429.0352
1080.503, 420.4336
1080.985, 396.4883
1081.468, 340.1602
1081.950, 329.7109
1082.432, 394.0938
1082.914, 457.5586
1083.396, 392.6797
1083.878, 264.5508
1084.360, 208.6836
1084.842, 248.6133
1085.325, 301.3398
1085.807, 352.5508
1086.289, 389.0430
1086.771, 405.6836
1087.253, 410.0820
1087.735, 399.0781
1088.217, 375.8711
1088.699, 391.6523
1089.182, 507.5547
1089.664, 613.4492
1090.146, 596.9844
1090.628, 540.9648
1091.110, 572.3203
1091.592, 736.7031
1092.074, 828.0938
1092.556, 833.9531
1093.038, 800.3203
1093.521, 744.3359
1094.003, 688.8438
1094.485, 667.4883
1094.967, 679.3047
1095.449, 693.3203
1095.931, 710.0664
1096.413, 716.1523
1096.895, 708.2383
1097.377, 687.4805
1097.860, 657.4570
1098.342, 616.4375
1098.824, 552.6797
1099.306, 444.5195
1099.788, 370.3281
1100.270, 400.2891
1100.752, 453.3906
1101.234, 467.7656
1101.717, 442.1367
1102.199, 436.6250
1102.681, 450.6523
1103.163, 439.3047
1103.645, 331.1445
1104.127, 225.1484
1104.609, 217.9258
1105.091, 273.8945
1105.573, 303.2148
1106.056, 299.1250
1106.538, 276.1406
1107.020, 228.4961
1107.502, 186.9375
1107.984, 187.5312
1108.466, 218.8906
1108.948, 278.2070
1109.430, 365.7422
1109.912, 410.0273
1110.395, 371.5234
1110.877, 311.4375
1111.359, 236.7461
1111.841, 170.0430
1112.323, 199.4336
1112.805, 296.0781
1113.287, 368.5586
1113.769, 371.5469
1114.252, 364.1914
1114.734, 388.8633
1115.216, 403.3906
1115.698, 366.0664
1116.180, 273.7148
1116.662, 177.9023
1117.144, 79.27344
1117.626, 23.78906
1118.109, 91.53125
1118.591, 174.5352
1119.073, 176.0391
1119.555, 118.2695
1120.037, 105.4180
1120.519, 163.8242
1121.001, 169.8867
1121.483, 91.03125
1121.965, 4.136719
1122.448, 39.02344
1122.930, 29.80078
1123.412, 14.22266
1123.894, 100.1328
1124.376, 137.5938
1124.858, 86.45312
1125.340, 40.22266
1125.822, 37.79297
1126.304, 71.15625
1126.787, 132.2539
1127.269, 209.0586
1127.751, 265.6328
1128.233, 284.5781
1128.715, 286.5391
1129.197, 245.1367
1129.679, 217.6289
1130.161, 278.3008
1130.644, 416.8672
1131.126, 451.0273
1131.608, 380.4922
1132.090, 311.5625
1132.572, 325.9297
1133.054, 351.2812
1133.536, 338.4805
1134.018, 302.0195
1134.500, 287.2109
1134.983, 296.5781
1135.465, 298.6680
1135.947, 286.1641
1136.429, 274.0312
1136.911, 291.4688
1137.393, 309.9336
1137.875, 295.3359
1138.357, 241.4727
1138.839, 183.9688
1139.322, 122.3594
1139.804, 62.87891
1140.286, 0.1093750
1140.768, 47.07422
1141.250, 35.57812
1141.732, 14.59375
1142.214, 66.70703
1142.696, 125.7461
1143.179, 154.7148
1143.661, 140.2812
1144.143, 116.4453
1144.625, 102.9961
1145.107, 102.5078
1145.589, 135.3789
1146.071, 193.9297
1146.553, 235.4883
1147.036, 212.7930
1147.518, 204.4062
1148.000, 244.2734
1148.482, 298.0156
1148.964, 303.1055
1149.446, 266.8750
1149.928, 236.7773
1150.410, 219.9609
1150.892, 206.3125
1151.375, 184.3320
1151.857, 169.5469
1152.339, 182.0938
1152.821, 212.5039
1153.303, 200.5898
1153.785, 147.5664
1154.267, 114.7344
1154.749, 136.2578
1155.231, 153.6641
1155.714, 85.84375
1156.196, 1.058594
1156.678, 18.70703
1157.160, 34.03125
1157.642, 126.7422
1158.124, 270.5938
1158.606, 364.3906
1159.088, 296.6328
1159.571, 180.1328
1160.053, 146.7734
1160.535, 166.9023
1161.017, 166.2422
1161.499, 119.4805
1161.981, 86.81250
1162.463, 74.22266
1162.945, 72.82031
1163.427, 76.53125
1163.910, 84.07812
1164.392, 103.8008
1164.874, 132.2227
1165.356, 123.0898
1165.838, 23.02344
1166.320, 44.21484
1166.802, 47.25781
1167.284, 13.13672
1167.766, 25.91016
1168.249, 61.71094
1168.731, 70.87891
1169.213, 40.64844
1169.695, 29.72266
1170.177, 74.10547
1170.659, 122.7305
1171.141, 160.6875
1171.623, 186.6133
1172.106, 165.7383
1172.588, 109.6133
1173.070, 74.07031
1173.552, 96.82031
1174.034, 118.0898
1174.516, 98.61719
1174.998, 81.82031
1175.480, 111.3203
1175.963, 183.5742
1176.445, 201.0273
1176.927, 169.3281
1177.409, 157.0508
1177.891, 266.5156
1178.373, 338.1250
1178.855, 241.0352
1179.337, 79.94531
1179.819, 4.250000
1180.302, 14.84766
1180.784, 88.46875
1181.266, 231.1836
1181.748, 329.9258
1182.230, 256.1289
1182.712, 145.3828
1183.194, 80.12109
1183.676, 63.46484
1184.158, 105.2266
1184.641, 212.6367
1185.123, 285.8281
1185.605, 292.4258
1186.087, 287.3750
1186.569, 322.1875
1187.051, 371.3164
1187.533, 410.3477
1188.015, 436.0273
1188.498, 452.0469
1188.980, 456.1953
1189.462, 457.8320
1189.944, 462.3906
1190.426, 463.4180
1190.908, 450.9297
1191.390, 431.4570
1191.872, 419.8164
1192.354, 444.1758
1192.837, 386.4375
1193.319, 229.7930
1193.801, 79.68750
1194.283, 4.824219
1194.765, 29.73047
1195.247, 30.60156
1195.729, 142.4961
1196.211, 215.0859
1196.693, 223.4180
1197.176, 215.5391
1197.658, 187.1094
1198.140, 166.5586
1198.622, 195.2031
1199.104, 241.8438
1199.586, 250.2734
1200.068, 223.5352
1200.550, 223.3711
1201.033, 295.1719
1201.515, 311.9414
1201.997, 230.3672
1202.479, 135.8867
1202.961, 163.5938
1203.443, 256.7461
1203.925, 333.7539
1204.407, 384.1875
1204.890, 381.2070
1205.372, 273.3320
1205.854, 214.0078
1206.336, 268.0586
1206.818, 377.9844
1207.300, 448.8984
1207.782, 481.4805
1208.264, 466.3516
1208.746, 379.7031
1209.229, 322.2656
1209.711, 318.5703
1210.193, 322.1484
1210.675, 308.5156
1211.157, 285.0977
1211.639, 251.7773
1212.121, 226.1250
1212.603, 256.0625
1213.085, 443.7461
1213.568, 535.9922
1214.050, 477.5469
1214.532, 379.7305
1215.014, 331.4375
1215.496, 314.1328
1215.978, 255.4453
1216.460, 173.9414
1216.942, 147.7930
1217.425, 284.6484
1217.907, 369.2070
1218.389, 347.8750
1218.871, 294.1133
1219.353, 298.8359
1219.835, 338.3945
1220.317, 349.5742
1220.799, 330.6758
1221.281, 307.5430
1221.764, 297.6680
1222.246, 272.0625
1222.728, 210.7344
1223.210, 142.5820
1223.692, 109.1172
1224.174, 108.3828
1224.656, 142.7070
1225.138, 213.3711
1225.620, 278.7539
1226.103, 352.5195
1226.585, 374.9727
1227.067, 316.5781
1227.549, 207.3516
1228.031, 88.62109
1228.513, 23.46484
1228.995, 81.84766
1229.477, 72.81641
1229.960, 26.37109
1230.442, 94.46484
1230.924, 189.3164
1231.406, 209.5820
1231.888, 176.3047
1232.370, 118.8477
1232.852, 57.78516
1233.334, 55.89844
1233.816, 186.0078
1234.299, 248.1602
1234.781, 159.5000
1235.263, 66.16406
1235.745, 76.82812
1236.227, 150.7266
1236.709, 127.5312
1237.191, 42.18750
1237.673, 7.500000
1238.156, 106.0664
1238.638, 203.8594
1239.120, 290.1523
1239.602, 356.7852
1240.084, 382.0898
1240.566, 384.2695
1241.048, 431.3594
1241.530, 505.4062
1242.012, 524.6562
1242.495, 403.4570
1242.977, 299.9219
1243.459, 238.1992
1243.941, 199.6953
1244.423, 164.1172
1244.905, 137.1445
1245.387, 138.0195
1245.869, 163.9062
1246.351, 183.8633
1246.834, 178.1602
1247.316, 180.3633
1247.798, 194.7227
1248.280, 220.8281
1248.762, 261.5000
1249.244, 312.4531
1249.726, 383.5000
1250.208, 473.9375
1250.691, 485.6250
1251.173, 341.4297
1251.655, 252.0625
1252.137, 285.1211
1252.619, 358.4805
1253.101, 331.9648
1253.583, 280.2227
1254.065, 250.6211
1254.547, 252.3438
1255.030, 241.6562
1255.512, 206.6016
1255.994, 183.6523
1256.476, 184.4805
1256.958, 207.0547
1257.440, 281.1836
1257.922, 360.1875
1258.404, 365.2305
1258.886, 256.8984
1259.369, 185.4258
1259.851, 155.6523
1260.333, 148.8555
1260.815, 162.7422
1261.297, 185.0195
1261.779, 202.1211
1262.261, 215.8828
1262.743, 232.5625
1263.226, 262.5469
1263.708, 246.9570
1264.190, 177.1992
1264.672, 125.1562
1265.154, 150.9258
1265.636, 197.0977
1266.118, 210.3750
1266.600, 202.8281
1267.083, 194.4648
1267.565, 190.6719
1268.047, 170.2188
1268.529, 132.0469
1269.011, 89.08984
1269.493, 34.37109
1269.975, 6.722656
1270.457, 10.32812
1270.939, 12.69922
1271.422, 40.03906
1271.904, 71.44531
1272.386, 107.5820
1272.868, 148.5039
1273.350, 161.7891
1273.832, 170.5898
1274.314, 182.6914
1274.796, 111.2070
1275.278, 14.59375
1275.761, 3.9062999E-02
1276.243, 0.0000000E+00
##END=



