##NAMES=Colemanite
##RRUFFID=R050331
##IDEAL CHEMISTRY=CaB_3_O_4_(OH)_3_&#183;H_2_O
##LOCALITY=Thompson mine, Death Valley, Inyo County, California, USA
##OWNER=RRUFF
##SOURCE=California Institute of Technology
##DESCRIPTION=Colorless fragment
##STATUS=The identification of this mineral has been confirmed by X-ray diffraction and chemical analysis
##URL=rruff.info/R050331
##MEASURED CHEMISTRY=Ca_1.00_B_3.00_O_4_(OH)_3_·H_2_O ; B not measured but assumed by stoichiometry and charge balance.
114.2187, 0.0000000E+00
114.7008, 0.6428220
115.1829, 1.588379
115.6650, 3.038086
116.1471, 4.613281
116.6293, 6.699707
117.1114, 8.648438
117.5935, 9.951904
118.0756, 10.67944
118.5577, 9.808105
119.0398, 6.690674
119.5220, 3.939209
120.0041, 2.286621
120.4862, 1.672852
120.9683, 1.064941
121.4504, 0.2519530
121.9325, 0.4298100
122.4147, 0.7521970
122.8968, 0.3679200
123.3789, 0.4284670
123.8610, 1.368652
124.3431, 2.918457
124.8252, 4.969727
125.3074, 8.964844
125.7895, 13.98010
126.2716, 17.32092
126.7537, 17.60425
127.2358, 17.84753
127.7179, 19.17615
128.2001, 21.15295
128.6822, 23.12378
129.1643, 24.85779
129.6464, 26.24341
130.1285, 25.84729
130.6107, 21.64148
131.0928, 17.44849
131.5749, 14.20581
132.0570, 11.77930
132.5391, 9.431885
133.0212, 6.392090
133.5034, 2.254028
133.9855, 0.7929690
134.4676, 3.651489
134.9497, 7.358887
135.4318, 10.31128
135.9139, 12.22900
136.3960, 13.25671
136.8782, 13.24084
137.3603, 11.72778
137.8424, 11.81323
138.3245, 14.53284
138.8066, 18.56970
139.2887, 22.37927
139.7709, 25.52869
140.2530, 28.78003
140.7351, 32.88367
141.2172, 37.68018
141.6993, 43.68237
142.1814, 52.35767
142.6636, 62.70776
143.1457, 70.90417
143.6278, 74.86609
144.1099, 77.77271
144.5920, 82.23755
145.0741, 88.30579
145.5563, 95.23779
146.0384, 102.4862
146.5205, 110.0406
147.0026, 117.9270
147.4847, 127.3938
147.9668, 136.4122
148.4490, 143.8812
148.9311, 149.5679
149.4132, 154.1622
149.8953, 158.9635
150.3774, 164.7686
150.8595, 169.0684
151.3417, 170.5107
151.8238, 171.6814
152.3059, 174.2043
152.7880, 177.7590
153.2701, 182.4008
153.7522, 187.2970
154.2344, 192.1798
154.7165, 197.4675
155.1986, 203.3301
155.6807, 209.5594
156.1628, 216.4591
156.6449, 224.8883
157.1271, 233.7799
157.6092, 241.4229
158.0913, 246.6442
158.5734, 252.3047
159.0555, 260.4116
159.5376, 269.9738
160.0198, 278.9387
160.5019, 286.4729
160.9840, 293.5616
161.4661, 300.7784
161.9482, 307.5955
162.4303, 313.7626
162.9125, 320.0164
163.3946, 326.3123
163.8767, 331.9574
164.3588, 337.2489
164.8409, 341.2505
165.3230, 342.4773
165.8052, 340.1862
166.2873, 335.5442
166.7694, 329.9963
167.2515, 323.5408
167.7336, 316.0514
168.2157, 306.9144
168.6979, 296.9113
169.1800, 286.7870
169.6621, 276.7883
170.1442, 266.9220
170.6263, 257.1047
171.1084, 247.1754
171.5906, 237.6377
172.0727, 229.6199
172.5548, 221.9874
173.0369, 214.5585
173.5190, 207.1427
174.0011, 199.8384
174.4833, 193.5109
174.9654, 189.8411
175.4475, 185.4601
175.9296, 180.1827
176.4117, 173.6604
176.8938, 165.2675
177.3760, 154.3823
177.8581, 140.9272
178.3402, 128.0360
178.8223, 115.8406
179.3044, 104.0271
179.7865, 92.16223
180.2687, 80.53687
180.7508, 70.08167
181.2329, 61.75000
181.7150, 55.73499
182.1971, 49.32910
182.6792, 41.25671
183.1614, 33.91638
183.6435, 29.04834
184.1256, 26.57678
184.6077, 24.75659
185.0898, 22.03687
185.5719, 18.36365
186.0541, 15.35388
186.5362, 13.36292
187.0183, 11.84497
187.5004, 10.45667
187.9825, 9.169189
188.4646, 7.676758
188.9468, 5.055908
189.4289, 1.781494
189.9110, 4.8950002E-02
190.3931, 1.208496
190.8752, 3.831055
191.3573, 5.201294
191.8395, 5.015869
192.3216, 4.029907
192.8037, 2.286011
193.2858, 0.1156010
193.7679, 1.716064
194.2500, 2.572021
194.7322, 2.784302
195.2143, 3.554565
195.6964, 5.421509
196.1785, 6.953369
196.6606, 7.099731
197.1427, 6.374512
197.6249, 5.920288
198.1070, 6.795410
198.5891, 8.786865
199.0712, 9.727173
199.5533, 8.790283
200.0354, 7.646729
200.5176, 6.871948
200.9997, 6.410400
201.4818, 6.006958
201.9639, 5.344482
202.4460, 4.392700
202.9281, 4.338867
203.4103, 6.823364
203.8924, 8.741455
204.3745, 9.030640
204.8566, 7.914673
205.3387, 6.079346
205.8208, 3.960693
206.3030, 1.383057
206.7851, 0.1333010
207.2672, 1.343262
207.7493, 2.653931
208.2314, 3.554932
208.7135, 3.801147
209.1957, 3.003906
209.6778, 0.6171880
210.1599, 3.730591
210.6420, 6.575928
211.1241, 6.543335
211.6062, 6.483887
212.0884, 7.896973
212.5705, 10.73950
213.0526, 14.05530
213.5347, 17.01697
214.0168, 19.55908
214.4989, 22.45239
214.9811, 25.93311
215.4632, 29.55286
215.9453, 33.00879
216.4274, 36.30273
216.9095, 39.62939
217.3916, 43.19592
217.8737, 47.03406
218.3559, 50.70825
218.8380, 54.15002
219.3201, 57.51746
219.8022, 61.15723
220.2843, 65.10437
220.7664, 68.55090
221.2486, 69.99146
221.7307, 70.25623
222.2128, 72.77283
222.6949, 80.34729
223.1770, 89.21436
223.6591, 94.64697
224.1413, 96.05676
224.6234, 97.27759
225.1055, 101.4639
225.5876, 107.3710
226.0697, 112.8368
226.5518, 117.0927
227.0340, 120.6774
227.5161, 124.2000
227.9982, 127.5137
228.4803, 131.2676
228.9624, 136.3646
229.4445, 141.9758
229.9267, 146.9681
230.4088, 150.3511
230.8909, 153.3195
231.3730, 158.2970
231.8551, 165.9941
232.3372, 173.9366
232.8194, 180.5651
233.3015, 187.0474
233.7836, 194.9467
234.2657, 205.1573
234.7478, 216.7544
235.2299, 227.6892
235.7121, 237.9016
236.1942, 247.6210
236.6763, 257.4530
237.1584, 266.7415
237.6405, 274.7310
238.1227, 281.0603
238.6048, 286.1980
239.0869, 291.4199
239.5690, 297.5439
240.0511, 302.1646
240.5332, 304.7523
241.0154, 305.9263
241.4975, 306.5139
241.9796, 306.9016
242.4617, 306.3027
242.9438, 302.5894
243.4259, 293.7479
243.9081, 284.6378
244.3902, 276.0875
244.8723, 267.4806
245.3544, 258.2834
245.8365, 248.2401
246.3186, 237.4634
246.8008, 226.0341
247.2829, 213.4280
247.7650, 200.8110
248.2471, 187.2784
248.7292, 174.5258
249.2113, 164.4377
249.6935, 157.5156
250.1756, 152.1251
250.6577, 145.0032
251.1398, 133.2451
251.6219, 123.9888
252.1040, 119.4344
252.5862, 116.2609
253.0683, 111.3276
253.5504, 103.7249
254.0325, 94.94189
254.5146, 87.44507
254.9967, 82.05115
255.4789, 76.84058
255.9610, 71.10583
256.4431, 65.78345
256.9252, 62.07251
257.4073, 60.29395
257.8894, 59.39929
258.3716, 57.95557
258.8537, 55.65137
259.3358, 53.50330
259.8179, 51.56091
260.3000, 49.79529
260.7821, 48.05579
261.2643, 46.17883
261.7464, 44.34558
262.2285, 42.76331
262.7106, 41.51160
263.1927, 40.98975
263.6748, 41.45679
264.1570, 42.53662
264.6391, 43.96716
265.1212, 45.53113
265.6033, 46.89563
266.0854, 47.74316
266.5675, 48.06348
267.0497, 48.37292
267.5318, 48.99377
268.0139, 49.53308
268.4960, 49.17126
268.9781, 47.94128
269.4602, 47.27295
269.9424, 48.49768
270.4245, 51.39600
270.9066, 53.71509
271.3887, 56.25146
271.8708, 57.56921
272.3529, 55.66943
272.8351, 50.85559
273.3172, 46.71509
273.7993, 45.83655
274.2814, 47.19446
274.7635, 47.16455
275.2456, 44.93079
275.7278, 42.15137
276.2099, 39.54419
276.6920, 37.19666
277.1741, 35.89954
277.6562, 36.50891
278.1383, 38.15503
278.6205, 38.77185
279.1026, 37.67517
279.5847, 37.02832
280.0668, 38.51831
280.5489, 41.85193
281.0310, 45.26453
281.5132, 48.08813
281.9953, 50.76929
282.4774, 53.78345
282.9595, 57.06873
283.4416, 60.95898
283.9237, 65.92725
284.4059, 71.73352
284.8880, 77.22888
285.3701, 81.36951
285.8522, 86.24121
286.3343, 94.29700
286.8164, 105.3662
287.2986, 116.5725
287.7807, 125.9801
288.2628, 134.2920
288.7449, 143.8254
289.2270, 155.4102
289.7091, 167.4092
290.1913, 178.7369
290.6734, 189.4352
291.1555, 199.8749
291.6376, 210.2783
292.1197, 220.4625
292.6018, 229.9304
293.0840, 238.1261
293.5661, 246.7603
294.0482, 256.9215
294.5303, 268.2350
295.0124, 280.3748
295.4945, 293.3281
295.9767, 306.8770
296.4588, 320.5120
296.9409, 334.0693
297.4230, 348.3357
297.9051, 363.4601
298.3872, 379.7506
298.8694, 398.0361
299.3515, 419.0861
299.8336, 441.3137
300.3157, 462.6794
300.7978, 483.1208
301.2799, 503.9080
301.7621, 525.3953
302.2442, 547.6661
302.7263, 570.7988
303.2084, 594.7396
303.6905, 619.8229
304.1726, 647.4810
304.6548, 677.8701
305.1369, 706.8420
305.6190, 734.0468
306.1011, 758.8651
306.5832, 781.0781
307.0653, 800.6362
307.5475, 817.1406
308.0296, 832.6837
308.5117, 846.5077
308.9938, 849.1123
309.4759, 836.8586
309.9580, 814.5792
310.4402, 785.0024
310.9223, 749.1902
311.4044, 710.5483
311.8865, 669.9347
312.3686, 628.1331
312.8507, 587.5454
313.3329, 547.2522
313.8150, 510.1116
314.2971, 477.1942
314.7792, 447.7974
315.2613, 420.5095
315.7434, 394.2129
316.2256, 369.7826
316.7077, 349.5178
317.1898, 334.3462
317.6719, 320.3130
318.1540, 304.7234
318.6361, 289.5977
319.1183, 277.4501
319.6004, 269.2804
320.0825, 263.4136
320.5646, 258.0912
321.0467, 253.5378
321.5288, 248.0879
322.0110, 240.0806
322.4931, 231.6385
322.9752, 224.4929
323.4573, 218.9594
323.9394, 213.9889
324.4215, 209.5262
324.9037, 205.5437
325.3858, 198.5170
325.8679, 185.6307
326.3500, 171.6284
326.8321, 159.5126
327.3142, 149.2758
327.7964, 140.3292
328.2785, 132.8575
328.7606, 126.5278
329.2427, 119.5917
329.7248, 111.7196
330.2069, 103.6740
330.6891, 95.47180
331.1712, 87.45532
331.6533, 80.42114
332.1354, 75.43762
332.6175, 71.30725
333.0996, 65.26538
333.5818, 56.51880
334.0639, 48.31665
334.5460, 42.01880
335.0281, 37.29187
335.5102, 34.24890
335.9923, 33.32153
336.4745, 33.08374
336.9566, 31.71521
337.4387, 29.13013
337.9208, 26.99487
338.4029, 26.27222
338.8850, 25.94214
339.3671, 24.79919
339.8492, 22.65930
340.3314, 20.93237
340.8135, 20.98328
341.2956, 22.51721
341.7777, 23.69885
342.2598, 24.10461
342.7419, 24.21204
343.2241, 24.46741
343.7062, 24.82544
344.1883, 25.05212
344.6704, 24.86475
345.1525, 24.49573
345.6346, 24.43066
346.1168, 24.69836
346.5989, 25.25928
347.0810, 26.05396
347.5631, 27.12903
348.0452, 28.76379
348.5273, 32.18506
349.0095, 35.16162
349.4916, 34.08362
349.9737, 28.83374
350.4558, 25.42163
350.9379, 28.30554
351.4200, 33.72986
351.9022, 35.71375
352.3843, 33.50403
352.8664, 29.31702
353.3485, 23.68237
353.8306, 17.05371
354.3127, 11.18738
354.7949, 6.472534
355.2770, 2.831299
355.7591, 0.1936040
356.2412, 1.500610
356.7233, 2.687256
357.2054, 2.956421
357.6876, 2.803223
358.1697, 3.366577
358.6518, 5.077393
359.1339, 7.054321
359.6160, 8.787964
360.0981, 10.01160
360.5803, 9.666138
361.0624, 6.470703
361.5445, 2.492432
362.0266, 0.3518070
362.5087, 2.192871
362.9908, 4.498413
363.4730, 8.014648
363.9551, 12.60950
364.4372, 17.77832
364.9193, 24.24182
365.4014, 30.62903
365.8835, 35.61511
366.3657, 39.88013
366.8478, 44.95740
367.3299, 51.36658
367.8120, 58.75427
368.2941, 66.73059
368.7762, 75.35583
369.2584, 84.21680
369.7405, 93.33044
370.2226, 102.5962
370.7047, 111.9286
371.1868, 121.3621
371.6689, 130.7848
372.1511, 140.0934
372.6332, 149.3040
373.1153, 159.0234
373.5974, 168.8856
374.0795, 179.6298
374.5616, 191.6755
375.0438, 204.9122
375.5259, 219.1868
376.0080, 234.3628
376.4901, 250.4203
376.9722, 267.2793
377.4543, 285.0087
377.9365, 303.3585
378.4186, 321.5604
378.9007, 340.7148
379.3828, 362.4302
379.8649, 387.0090
380.3470, 412.5950
380.8292, 436.4899
381.3113, 457.8765
381.7934, 480.2567
382.2755, 504.2698
382.7576, 528.6088
383.2397, 553.2656
383.7219, 577.7264
384.2040, 600.8007
384.6861, 621.8201
385.1682, 640.6201
385.6503, 653.5752
386.1324, 658.6553
386.6146, 659.6143
387.0967, 657.3171
387.5788, 651.0698
388.0609, 639.8467
388.5430, 623.2319
389.0251, 601.7253
389.5073, 575.6897
389.9894, 542.5562
390.4715, 509.9691
390.9536, 477.8043
391.4357, 446.6503
391.9178, 416.7397
392.4000, 388.1754
392.8821, 360.7117
393.3642, 333.9626
393.8463, 307.8630
394.3284, 283.7225
394.8105, 261.7196
395.2927, 241.4603
395.7748, 223.0331
396.2569, 206.1688
396.7390, 190.2194
397.2211, 174.7944
397.7032, 160.2789
398.1854, 147.9651
398.6675, 138.5985
399.1496, 129.0515
399.6317, 117.7371
400.1138, 106.2788
400.5959, 96.04089
401.0781, 87.26343
401.5602, 78.93311
402.0423, 69.70215
402.5244, 59.81726
403.0065, 51.98755
403.4886, 47.45813
403.9708, 43.79858
404.4529, 39.22729
404.9350, 34.07593
405.4171, 29.22046
405.8992, 24.89124
406.3813, 21.17383
406.8635, 18.38525
407.3456, 16.62476
407.8277, 14.79382
408.3098, 12.13879
408.7919, 9.155640
409.2740, 6.691162
409.7562, 4.867920
410.2383, 3.336304
410.7204, 1.947632
411.2025, 0.6750490
411.6846, 0.5758060
412.1667, 1.831787
412.6489, 3.077881
413.1310, 4.083740
413.6131, 4.846069
414.0952, 6.453247
414.5773, 10.79932
415.0594, 14.91760
415.5416, 15.50659
416.0237, 12.76855
416.5058, 9.784668
416.9879, 8.493042
417.4700, 8.647583
417.9521, 8.839355
418.4343, 9.478882
418.9164, 9.529297
419.3985, 8.925659
419.8806, 7.568115
420.3627, 4.643188
420.8448, 8.2275003E-02
421.3270, 4.558960
421.8091, 5.461670
422.2912, 0.6521000
422.7733, 1.604248
423.2554, 0.2204590
423.7375, 3.039063
424.2197, 5.384155
424.7018, 7.115234
425.1839, 8.532227
425.6660, 9.832397
426.1481, 11.02197
426.6302, 12.12329
427.1124, 12.63440
427.5945, 13.71948
428.0766, 15.51465
428.5587, 17.94287
429.0408, 21.24243
429.5229, 25.38306
430.0051, 29.54272
430.4872, 32.14966
430.9693, 32.33679
431.4514, 34.58313
431.9335, 42.54431
432.4156, 49.48303
432.8978, 52.10132
433.3799, 51.39062
433.8620, 50.46558
434.3441, 51.40662
434.8262, 53.31775
435.3083, 53.51318
435.7905, 51.51575
436.2726, 49.11414
436.7547, 46.89502
437.2368, 44.77600
437.7189, 42.43054
438.2010, 39.61426
438.6832, 36.99902
439.1653, 35.69836
439.6474, 35.44653
440.1295, 34.38623
440.6116, 31.97021
441.0938, 29.23096
441.5759, 26.57397
442.0580, 24.18188
442.5401, 22.93823
443.0222, 24.28333
443.5043, 26.13757
443.9865, 26.34302
444.4686, 25.02454
444.9507, 23.35828
445.4328, 21.76282
445.9149, 20.27747
446.3970, 18.95508
446.8792, 17.68188
447.3613, 16.83081
447.8434, 17.20740
448.3255, 17.73718
448.8076, 16.65405
449.2897, 13.77966
449.7719, 11.13391
450.2540, 10.72607
450.7361, 12.69702
451.2182, 14.15527
451.7003, 14.71814
452.1824, 15.27893
452.6646, 16.15344
453.1467, 17.25415
453.6288, 18.54297
454.1109, 20.00220
454.5930, 21.28650
455.0751, 21.63110
455.5573, 20.24097
456.0394, 19.44226
456.5215, 19.83484
457.0036, 20.19580
457.4857, 19.49109
457.9678, 18.01074
458.4500, 16.90698
458.9321, 17.11340
459.4142, 18.41931
459.8963, 19.58972
460.3784, 20.53345
460.8605, 21.49280
461.3427, 22.39673
461.8248, 23.42407
462.3069, 25.08801
462.7890, 27.50964
463.2711, 29.37280
463.7532, 28.60156
464.2354, 25.47583
464.7175, 24.00195
465.1996, 24.83862
465.6817, 27.13513
466.1638, 31.18335
466.6459, 36.16150
467.1281, 39.89880
467.6102, 41.20312
468.0923, 41.31580
468.5744, 41.22314
469.0565, 40.97754
469.5386, 41.16858
470.0208, 42.08838
470.5029, 43.47461
470.9850, 45.12537
471.4671, 47.29980
471.9492, 48.45056
472.4313, 47.37280
472.9135, 45.31787
473.3956, 43.50525
473.8777, 42.36316
474.3598, 42.37268
474.8419, 43.97559
475.3240, 46.88989
475.8062, 49.06360
476.2883, 50.41333
476.7704, 51.25879
477.2525, 51.68140
477.7346, 51.71985
478.2167, 51.52112
478.6989, 51.18750
479.1810, 50.46252
479.6631, 48.73645
480.1452, 45.43140
480.6273, 42.57690
481.1094, 41.76135
481.5916, 40.31360
482.0737, 36.64062
482.5558, 31.72656
483.0379, 27.48584
483.5200, 24.90503
484.0021, 22.94128
484.4843, 19.22449
484.9664, 13.00256
485.4485, 8.358032
485.9306, 7.307861
486.4127, 7.063965
486.8948, 5.699585
487.3770, 3.362549
487.8591, 1.427246
488.3412, 1.037476
488.8233, 1.468140
489.3054, 1.100586
489.7875, 0.2104490
490.2697, 0.8870850
490.7518, 0.2254640
491.2339, 2.319702
491.7160, 3.873657
492.1981, 5.124268
492.6802, 5.140869
493.1624, 2.953979
493.6445, 0.5057370
494.1266, 4.393066
494.6087, 8.516846
495.0908, 11.38757
495.5729, 11.43054
496.0551, 8.672485
496.5372, 6.789429
497.0193, 6.231445
497.5014, 5.875366
497.9835, 5.673828
498.4656, 5.359985
498.9478, 4.521606
499.4299, 3.045410
499.9120, 1.259521
500.3941, 0.3930660
500.8762, 1.965942
501.3583, 3.211182
501.8405, 3.728394
502.3226, 4.315063
502.8047, 5.178101
503.2868, 6.330444
503.7689, 7.645142
504.2510, 9.001343
504.7331, 10.77832
505.2152, 14.16602
505.6974, 19.69141
506.1795, 23.62427
506.6616, 23.95471
507.1437, 23.53052
507.6258, 24.27698
508.1079, 26.20654
508.5901, 28.79407
509.0722, 31.10449
509.5543, 34.17859
510.0364, 39.94031
510.5185, 48.35205
511.0006, 57.58533
511.4828, 67.46497
511.9649, 76.97156
512.4470, 83.52087
512.9291, 86.09143
513.4113, 89.74463
513.8934, 96.01086
514.3755, 103.7982
514.8576, 111.9625
515.3397, 120.4368
515.8218, 129.7172
516.3040, 140.3075
516.7861, 152.0331
517.2682, 163.4579
517.7503, 173.4268
518.2324, 184.5358
518.7145, 198.4913
519.1967, 212.9027
519.6788, 224.8999
520.1609, 234.4148
520.6430, 244.4132
521.1251, 258.1871
521.6072, 275.6738
522.0894, 291.6595
522.5715, 304.0757
523.0536, 318.4266
523.5357, 337.2742
524.0178, 358.4988
524.4999, 379.6370
524.9821, 400.0497
525.4642, 420.9502
525.9463, 443.8141
526.4284, 468.1876
526.9105, 492.7241
527.3926, 517.0281
527.8748, 541.6873
528.3569, 567.3020
528.8390, 593.7202
529.3211, 620.7595
529.8032, 649.9271
530.2853, 677.8750
530.7675, 703.4268
531.2496, 726.2642
531.7317, 745.9928
532.2138, 762.5857
532.6959, 775.4058
533.1780, 783.9683
533.6602, 788.7434
534.1423, 785.6455
534.6244, 773.5364
535.1065, 756.1622
535.5886, 734.1992
536.0707, 708.1602
536.5529, 678.1472
537.0350, 644.4651
537.5171, 608.0575
537.9992, 570.2063
538.4813, 530.1868
538.9634, 492.7706
539.4456, 458.9551
539.9277, 427.2878
540.4098, 397.2312
540.8919, 368.9867
541.3740, 343.0353
541.8561, 319.7509
542.3383, 298.4763
542.8204, 278.9196
543.3025, 260.9796
543.7846, 243.4524
544.2667, 225.5408
544.7488, 208.9707
545.2310, 196.0823
545.7131, 186.5098
546.1952, 177.6288
546.6773, 168.5734
547.1594, 160.6108
547.6415, 154.7186
548.1237, 150.5609
548.6058, 147.2787
549.0879, 144.5287
549.5700, 142.2903
550.0521, 140.5785
550.5342, 139.5682
551.0164, 138.6328
551.4985, 137.7380
551.9806, 136.8209
552.4627, 135.3411
552.9448, 133.9204
553.4269, 133.7314
553.9091, 135.4204
554.3912, 138.4064
554.8733, 141.6709
555.3554, 145.1132
555.8375, 149.4518
556.3196, 154.6913
556.8018, 161.0582
557.2839, 168.5018
557.7660, 177.0771
558.2481, 186.9392
558.7302, 198.7134
559.2123, 211.0406
559.6945, 222.4382
560.1766, 233.1198
560.6587, 243.9148
561.1408, 255.0806
561.6229, 266.5690
562.1050, 279.0532
562.5872, 293.0209
563.0693, 302.9902
563.5514, 308.7893
564.0335, 310.6461
564.5156, 308.8455
564.9977, 303.1327
565.4799, 292.4832
565.9620, 276.5669
566.4441, 257.1575
566.9262, 236.7239
567.4083, 214.8531
567.8904, 193.5969
568.3726, 172.2012
568.8547, 152.2990
569.3368, 134.6254
569.8189, 118.7671
570.3010, 104.1123
570.7831, 90.23279
571.2653, 77.71973
571.7474, 67.36890
572.2295, 59.05664
572.7116, 51.43054
573.1937, 44.32593
573.6758, 37.87158
574.1580, 32.15247
574.6401, 27.20569
575.1222, 23.16528
575.6043, 20.44617
576.0864, 18.23120
576.5685, 16.36243
577.0507, 14.66431
577.5328, 12.63879
578.0149, 10.22522
578.4970, 8.288696
578.9791, 7.799316
579.4612, 8.921021
579.9434, 10.73938
580.4255, 13.96411
580.9076, 16.93958
581.3897, 18.56934
581.8718, 20.08118
582.3539, 23.01575
582.8361, 27.65051
583.3182, 32.74976
583.8003, 36.88977
584.2824, 40.29944
584.7645, 44.71143
585.2466, 50.28040
585.7288, 56.54553
586.2108, 64.13354
586.6929, 72.02136
587.1750, 78.07446
587.6572, 81.33032
588.1393, 86.05017
588.6214, 94.01294
589.1035, 104.6896
589.5856, 117.7915
590.0677, 133.0858
590.5499, 149.3175
591.0320, 165.6910
591.5141, 182.2974
591.9962, 199.5604
592.4783, 218.3882
592.9604, 237.0850
593.4426, 254.9563
593.9247, 273.3019
594.4068, 293.6693
594.8889, 315.4146
595.3710, 336.4106
595.8531, 354.9513
596.3353, 372.2852
596.8174, 391.5187
597.2995, 412.6750
597.7816, 435.2889
598.2637, 459.7427
598.7458, 485.1320
599.2280, 510.0261
599.7101, 534.8689
600.1922, 562.4062
600.6743, 592.9702
601.1564, 626.9434
601.6385, 665.2876
602.1207, 707.4294
602.6028, 751.6223
603.0849, 796.9929
603.5670, 845.4159
604.0491, 899.5734
604.5313, 960.3824
605.0134, 1021.258
605.4955, 1081.920
605.9776, 1143.135
606.4597, 1206.460
606.9418, 1270.077
607.4240, 1332.552
607.9061, 1392.872
608.3882, 1447.135
608.8703, 1493.354
609.3524, 1530.781
609.8345, 1549.750
610.3167, 1550.114
610.7988, 1531.974
611.2809, 1492.224
611.7630, 1434.625
612.2451, 1361.791
612.7272, 1271.850
613.2094, 1176.910
613.6915, 1078.931
614.1736, 980.7448
614.6557, 884.6228
615.1378, 791.1985
615.6199, 705.2661
616.1021, 630.0947
616.5842, 564.1685
617.0663, 504.4240
617.5484, 451.4625
618.0305, 403.2639
618.5126, 359.6411
618.9948, 320.4562
619.4769, 286.3741
619.9590, 256.7230
620.4411, 230.7277
620.9232, 208.0581
621.4053, 187.9303
621.8875, 169.0261
622.3696, 151.3899
622.8517, 135.8123
623.3338, 122.7853
623.8159, 111.2589
624.2980, 100.6174
624.7802, 90.86646
625.2623, 82.13403
625.7444, 74.69946
626.2265, 68.01416
626.7086, 61.86853
627.1907, 56.26538
627.6729, 51.20581
628.1550, 46.68079
628.6371, 42.81140
629.1192, 39.86316
629.6013, 37.59241
630.0834, 34.07825
630.5656, 28.36145
631.0477, 22.93799
631.5298, 18.09387
632.0119, 13.71741
632.4940, 9.467163
632.9761, 5.508301
633.4583, 2.573486
633.9404, 1.250610
634.4225, 1.073975
634.9046, 1.903442
635.3867, 3.579102
635.8688, 3.838501
636.3510, 1.685913
636.8331, 1.441528
637.3152, 4.061523
637.7973, 6.175537
638.2794, 7.411377
638.7615, 7.104004
639.2437, 6.661377
639.7258, 6.661133
640.2079, 6.892456
640.6900, 7.039307
641.1721, 7.019897
641.6542, 6.889404
642.1364, 6.502319
642.6185, 5.969849
643.1006, 7.021484
643.5827, 10.84607
644.0648, 13.62366
644.5469, 13.06531
645.0291, 11.42700
645.5112, 10.68701
645.9933, 10.98376
646.4754, 11.22534
646.9575, 11.04810
647.4396, 10.47888
647.9218, 9.930176
648.4039, 9.090820
648.8860, 6.250610
649.3681, 0.4766850
649.8502, 5.732788
650.3323, 8.302002
650.8145, 5.895508
651.2966, 6.007568
651.7787, 10.99548
652.2608, 15.66980
652.7429, 17.98499
653.2250, 19.31177
653.7072, 21.43762
654.1893, 24.81860
654.6714, 28.57886
655.1535, 31.95654
655.6356, 35.05225
656.1177, 37.80225
656.5999, 39.96460
657.0820, 44.04810
657.5641, 52.14294
658.0462, 61.95898
658.5283, 69.00940
659.0104, 72.62610
659.4926, 77.43896
659.9747, 84.48120
660.4568, 92.49951
660.9389, 100.6373
661.4210, 109.1583
661.9031, 118.9717
662.3853, 130.4203
662.8674, 142.0741
663.3495, 151.7965
663.8316, 159.4299
664.3137, 167.8059
664.7958, 177.4989
665.2780, 186.8503
665.7601, 195.4064
666.2422, 203.1293
666.7243, 210.0070
667.2064, 216.0996
667.6885, 220.7908
668.1707, 224.8622
668.6528, 226.6901
669.1349, 223.5474
669.6170, 216.1978
670.0991, 208.2567
670.5812, 201.4839
671.0634, 194.5874
671.5455, 185.1342
672.0276, 172.5125
672.5097, 159.9150
672.9918, 147.8989
673.4739, 135.3232
673.9561, 120.5168
674.4382, 105.6539
674.9203, 93.78540
675.4024, 85.71423
675.8845, 78.45947
676.3666, 69.43481
676.8488, 59.62598
677.3309, 50.83936
677.8130, 43.20129
678.2951, 37.28552
678.7772, 33.66125
679.2593, 31.28540
679.7415, 28.15112
680.2236, 23.69617
680.7057, 20.26270
681.1878, 18.21692
681.6699, 16.73950
682.1520, 15.76746
682.6342, 14.98401
683.1163, 13.62610
683.5984, 11.55969
684.0805, 10.30896
684.5626, 12.53162
685.0447, 17.24500
685.5269, 18.78687
686.0090, 16.58618
686.4911, 13.97314
686.9732, 11.93677
687.4553, 10.68384
687.9374, 10.65869
688.4196, 11.89429
688.9017, 13.61194
689.3838, 16.40271
689.8659, 18.95020
690.3480, 20.89246
690.8301, 21.91211
691.3123, 21.14282
691.7944, 18.45764
692.2765, 15.48669
692.7586, 14.10034
693.2407, 14.20715
693.7228, 14.42847
694.2050, 14.64417
694.6871, 14.94421
695.1692, 15.67041
695.6513, 16.37671
696.1334, 16.53638
696.6155, 16.24292
697.0977, 16.14990
697.5798, 16.35522
698.0619, 16.84424
698.5440, 17.83630
699.0261, 19.08740
699.5082, 20.08606
699.9904, 20.70947
700.4725, 21.25146
700.9546, 22.05957
701.4367, 22.85938
701.9188, 21.97546
702.4009, 18.58032
702.8831, 15.85205
703.3652, 14.54077
703.8473, 14.04187
704.3294, 14.25012
704.8115, 15.05847
705.2936, 15.85571
705.7758, 16.09485
706.2579, 16.52039
706.7400, 18.02747
707.2221, 20.45642
707.7042, 22.96008
708.1863, 25.16479
708.6685, 27.17896
709.1506, 29.19153
709.6327, 31.18005
710.1148, 32.70117
710.5969, 33.53577
711.0790, 34.27576
711.5612, 34.85120
712.0433, 35.48999
712.5254, 36.44800
713.0075, 37.60339
713.4896, 38.55127
713.9717, 39.04224
714.4539, 39.45178
714.9360, 40.15759
715.4181, 41.02612
715.9002, 41.64771
716.3823, 41.98694
716.8644, 42.58350
717.3466, 43.86841
717.8287, 45.65881
718.3108, 47.32166
718.7929, 49.04163
719.2750, 50.24817
719.7571, 49.32800
720.2393, 49.50354
720.7214, 53.77734
721.2035, 59.99976
721.6856, 63.71851
722.1677, 63.03369
722.6498, 62.04126
723.1320, 64.41553
723.6141, 68.85095
724.0962, 72.46301
724.5783, 75.15063
725.0604, 78.90881
725.5425, 85.00439
726.0247, 92.25720
726.5068, 98.21387
726.9889, 102.0879
727.4710, 107.0914
727.9531, 113.5186
728.4352, 120.7102
728.9174, 128.4744
729.3995, 136.8741
729.8816, 146.0482
730.3637, 156.0071
730.8458, 166.1344
731.3279, 175.4244
731.8101, 184.9589
732.2922, 196.7970
732.7743, 210.6605
733.2564, 224.5217
733.7385, 237.6064
734.2206, 250.6907
734.7028, 264.8348
735.1849, 280.1364
735.6670, 295.0116
736.1491, 307.3013
736.6312, 322.0048
737.1133, 341.6038
737.5955, 362.8323
738.0776, 382.0736
738.5597, 399.8523
739.0418, 420.1378
739.5239, 446.9690
740.0060, 475.1659
740.4882, 498.1721
740.9703, 517.7102
741.4524, 539.5718
741.9345, 564.9043
742.4166, 588.9934
742.8987, 608.2930
743.3809, 622.6313
743.8630, 631.1274
744.3451, 633.0251
744.8272, 630.2081
745.3093, 623.9390
745.7914, 612.2184
746.2736, 592.3669
746.7557, 566.6670
747.2378, 538.7896
747.7199, 509.3977
748.2020, 480.5126
748.6841, 453.4340
749.1663, 427.5117
749.6484, 402.1765
750.1305, 377.4115
750.6126, 353.2368
751.0947, 329.5275
751.5768, 306.7979
752.0590, 285.8322
752.5411, 266.4363
753.0232, 249.5272
753.5053, 237.8531
753.9874, 225.2576
754.4695, 207.2511
754.9517, 188.7321
755.4338, 175.9711
755.9159, 169.5455
756.3980, 163.5215
756.8801, 154.8862
757.3622, 145.4727
757.8444, 136.7134
758.3265, 128.4373
758.8086, 120.1715
759.2907, 112.0703
759.7728, 105.3633
760.2549, 101.5052
760.7371, 99.76062
761.2192, 95.94885
761.7013, 89.20605
762.1834, 83.21729
762.6655, 78.67627
763.1476, 74.56372
763.6298, 70.06677
764.1119, 65.71826
764.5940, 62.71704
765.0761, 61.92212
765.5582, 61.30579
766.0403, 60.03137
766.5225, 58.11938
767.0046, 55.05591
767.4867, 51.35425
767.9688, 49.02698
768.4509, 49.10339
768.9330, 49.81238
769.4152, 47.69971
769.8973, 42.54724
770.3794, 39.96460
770.8615, 41.06396
771.3436, 41.94934
771.8257, 40.34753
772.3079, 38.06421
772.7900, 37.80054
773.2721, 39.67834
773.7542, 41.57373
774.2363, 43.31519
774.7184, 44.83533
775.2006, 45.95630
775.6827, 46.91235
776.1648, 47.89294
776.6469, 49.00940
777.1290, 50.44153
777.6111, 52.24255
778.0933, 54.58533
778.5754, 58.09265
779.0575, 62.71790
779.5396, 67.01184
780.0217, 70.64355
780.5038, 74.14905
780.9860, 77.91516
781.4681, 81.90894
781.9502, 86.04639
782.4323, 89.99072
782.9144, 94.64062
783.3965, 100.5822
783.8787, 106.6754
784.3608, 112.8751
784.8429, 118.6088
785.3250, 122.9310
785.8071, 125.5465
786.2892, 127.2141
786.7714, 128.7810
787.2535, 129.7566
787.7356, 129.3677
788.2177, 127.5526
788.6998, 123.9968
789.1819, 118.5269
789.6641, 111.7953
790.1462, 104.4353
790.6283, 96.45374
791.1104, 89.04785
791.5925, 82.77258
792.0746, 76.20264
792.5568, 68.25134
793.0389, 60.64062
793.5210, 54.95715
794.0031, 50.68811
794.4852, 45.97681
794.9673, 39.71680
795.4495, 33.94238
795.9316, 30.42529
796.4137, 27.85864
796.8958, 24.28149
797.3779, 19.87268
797.8600, 16.16321
798.3422, 13.94226
798.8243, 12.70776
799.3064, 11.90161
799.7885, 11.55188
800.2706, 10.24841
800.7527, 7.454346
801.2349, 5.430664
801.7170, 5.795166
802.1991, 6.728149
802.6812, 5.400513
803.1633, 1.822144
803.6454, 0.9321290
804.1276, 2.146729
804.6097, 2.993530
805.0918, 4.307983
805.5739, 5.152710
806.0560, 3.832520
806.5381, 0.9143070
807.0203, 0.8922120
807.5024, 0.2170410
807.9845, 2.429932
808.4666, 3.446411
808.9487, 3.421021
809.4308, 2.680664
809.9130, 1.252441
810.3951, 0.3931880
810.8772, 1.001709
811.3593, 2.181396
811.8414, 1.959717
812.3235, 0.4252930
812.8057, 1.295532
813.2878, 0.4860840
813.7699, 2.414917
814.2520, 4.509888
814.7341, 5.994019
815.2162, 5.634155
815.6984, 3.580200
816.1805, 2.079224
816.6626, 2.819336
817.1447, 3.629028
817.6268, 2.123413
818.1089, 3.2593001E-02
818.5911, 0.4202880
819.0732, 3.372070
819.5553, 5.437378
820.0374, 4.293457
820.5195, 1.578247
821.0016, 0.6802980
821.4838, 1.648926
821.9659, 2.869019
822.4480, 4.562866
822.9301, 5.403687
823.4122, 4.514771
823.8943, 2.554932
824.3765, 0.4669190
824.8586, 1.928223
825.3407, 3.473633
825.8228, 2.852539
826.3049, 2.917969
826.7870, 5.031738
827.2692, 8.062134
827.7513, 11.94543
828.2334, 15.78699
828.7155, 16.29236
829.1976, 9.872437
829.6797, 2.795288
830.1619, 3.026489
830.6440, 7.837036
831.1261, 10.71631
831.6082, 10.99731
832.0903, 11.15601
832.5724, 12.60522
833.0546, 14.84521
833.5367, 16.95593
834.0188, 18.95435
834.5009, 20.75427
834.9830, 22.54797
835.4651, 23.71143
835.9473, 23.28052
836.4294, 22.67517
836.9115, 23.77063
837.3936, 26.44873
837.8757, 28.28149
838.3578, 28.04297
838.8400, 27.97913
839.3221, 29.10803
839.8042, 30.69067
840.2863, 32.15381
840.7684, 33.36475
841.2505, 34.15051
841.7327, 34.33887
842.2148, 34.72595
842.6969, 36.65186
843.1790, 39.46631
843.6611, 41.40161
844.1432, 42.36255
844.6254, 42.54614
845.1075, 41.91858
845.5896, 41.27368
846.0717, 41.77869
846.5538, 43.43750
847.0359, 44.32080
847.5181, 44.02502
848.0002, 43.71899
848.4823, 43.08960
848.9644, 43.03223
849.4465, 44.90942
849.9286, 47.84045
850.4108, 49.04834
850.8929, 47.09705
851.3750, 45.66443
851.8571, 46.78381
852.3392, 48.28406
852.8214, 47.86682
853.3035, 46.55066
853.7856, 46.91736
854.2677, 49.64673
854.7498, 52.42798
855.2319, 52.52820
855.7141, 51.39709
856.1962, 52.70093
856.6783, 56.05261
857.1604, 58.74939
857.6425, 60.11487
858.1246, 60.75330
858.6068, 60.95276
859.0889, 61.07166
859.5710, 62.68579
860.0531, 67.00061
860.5352, 69.57349
861.0173, 69.08276
861.4995, 68.28967
861.9816, 68.08093
862.4637, 68.45618
862.9458, 69.54395
863.4279, 71.43274
863.9100, 73.18079
864.3922, 74.60925
864.8743, 75.82788
865.3564, 76.43176
865.8385, 76.93054
866.3206, 78.29199
866.8027, 80.47144
867.2849, 82.53223
867.7670, 83.82849
868.2491, 85.25635
868.7312, 88.96704
869.2133, 93.48962
869.6954, 93.85791
870.1776, 90.24963
870.6597, 88.29382
871.1418, 90.65417
871.6239, 94.17456
872.1060, 94.27771
872.5881, 91.04382
873.0703, 90.10925
873.5524, 92.97046
874.0345, 94.63855
874.5166, 93.17822
874.9987, 90.88416
875.4808, 89.77722
875.9630, 89.55737
876.4451, 88.80957
876.9272, 86.68958
877.4093, 85.10022
877.8914, 85.33899
878.3735, 85.78394
878.8557, 84.97070
879.3378, 83.53296
879.8199, 83.06042
880.3020, 83.67529
880.7841, 83.37061
881.2662, 80.27002
881.7484, 76.29004
882.2305, 73.48828
882.7126, 71.64575
883.1947, 70.34961
883.6768, 69.43054
884.1589, 68.27979
884.6411, 66.45337
885.1232, 64.61670
885.6053, 64.45264
886.0874, 66.04065
886.5695, 65.91833
887.0516, 63.53601
887.5338, 61.44592
888.0159, 60.80322
888.4980, 60.69775
888.9801, 60.11121
889.4622, 59.03564
889.9443, 57.54016
890.4265, 54.56750
890.9086, 52.70386
891.3907, 53.09033
891.8728, 53.77368
892.3549, 53.88208
892.8370, 53.30750
893.3192, 51.63904
893.8013, 48.52356
894.2834, 46.54089
894.7655, 48.35156
895.2476, 50.47803
895.7297, 49.87585
896.2119, 47.57959
896.6940, 45.27930
897.1761, 43.42749
897.6582, 41.93762
898.1403, 40.72852
898.6224, 39.87402
899.1046, 39.54272
899.5867, 39.66418
900.0688, 40.20300
900.5509, 41.11108
901.0330, 40.97668
901.5151, 39.00708
901.9973, 36.35022
902.4794, 34.75403
902.9615, 34.22253
903.4436, 32.92236
903.9257, 30.09229
904.4078, 28.60278
904.8900, 30.38647
905.3721, 31.93909
905.8542, 29.76379
906.3363, 25.29749
906.8184, 23.13965
907.3005, 24.70642
907.7827, 25.30981
908.2648, 23.61194
908.7469, 21.69556
909.2290, 20.26770
909.7111, 19.37451
910.1932, 18.98499
910.6754, 19.08777
911.1575, 19.69592
911.6396, 21.40356
912.1217, 22.72571
912.6038, 22.30579
913.0859, 20.83643
913.5681, 18.83020
914.0502, 16.69836
914.5323, 15.47913
915.0144, 15.60620
915.4965, 16.02966
915.9786, 15.23889
916.4607, 13.75977
916.9428, 14.03467
917.4249, 15.83325
917.9070, 15.56531
918.3892, 12.20068
918.8713, 8.468018
919.3534, 6.443970
919.8355, 5.857300
920.3176, 6.118042
920.7997, 7.782471
921.2819, 8.161011
921.7640, 6.654175
922.2461, 4.930298
922.7282, 3.107666
923.2103, 1.829102
923.6924, 2.352539
924.1746, 4.534668
924.6567, 5.700684
925.1388, 5.271851
925.6209, 4.448242
926.1030, 3.039429
926.5851, 1.667969
927.0673, 0.5488280
927.5494, 0.1610110
928.0315, 3.6986999E-02
928.5136, 1.058838
928.9957, 1.789673
929.4778, 0.6202390
929.9600, 0.3492430
930.4421, 1.401733
930.9242, 4.100098
931.4063, 4.999390
931.8884, 3.877197
932.3705, 1.835571
932.8527, 0.6430660
933.3348, 2.843628
933.8169, 3.929810
934.2990, 3.994873
934.7811, 2.836304
935.2632, 0.7095950
935.7454, 0.6048580
936.2275, 0.5185550
936.7096, 0.1495360
937.1917, 0.7711180
937.6738, 1.078247
938.1559, 0.4106450
938.6381, 4.113892
939.1202, 5.848267
939.6023, 4.563477
940.0844, 3.392700
940.5665, 4.103394
941.0486, 5.548584
941.5308, 5.785034
942.0129, 4.601196
942.4950, 4.547485
942.9771, 6.800415
943.4592, 8.399414
943.9413, 7.808960
944.4235, 7.563599
944.9056, 10.25659
945.3877, 14.22913
945.8698, 15.42102
946.3519, 12.40112
946.8340, 10.87671
947.3162, 13.76648
947.7983, 16.83069
948.2804, 17.56604
948.7625, 17.47571
949.2446, 18.09863
949.7267, 19.70496
950.2089, 22.39954
950.6910, 26.78430
951.1731, 30.43237
951.6552, 30.95178
952.1373, 30.02295
952.6194, 28.97095
953.1016, 28.39502
953.5837, 29.57336
954.0658, 32.67480
954.5479, 36.10388
955.0300, 38.55823
955.5121, 40.65283
955.9943, 43.33862
956.4764, 46.43481
956.9585, 49.46155
957.4406, 52.33044
957.9227, 54.81262
958.4048, 56.81494
958.8870, 58.75256
959.3691, 61.28662
959.8512, 64.19519
960.3333, 65.39062
960.8154, 64.45190
961.2975, 65.26379
961.7797, 69.04211
962.2618, 73.12585
962.7439, 75.70996
963.2260, 77.32080
963.7081, 79.21716
964.1902, 81.69507
964.6724, 82.80457
965.1545, 81.73779
965.6366, 80.76147
966.1187, 80.31641
966.6008, 80.15015
967.0829, 80.59045
967.5651, 81.15063
968.0472, 80.14685
968.5293, 76.52478
969.0114, 73.98572
969.4935, 74.69031
969.9756, 74.90186
970.4578, 71.54822
970.9399, 67.53613
971.4220, 66.62988
971.9041, 68.50842
972.3862, 69.37000
972.8683, 67.59277
973.3505, 65.41272
973.8326, 63.91699
974.3147, 62.44128
974.7968, 60.29260
975.2789, 57.75183
975.7610, 55.43103
976.2432, 53.48596
976.7253, 51.45886
977.2074, 48.73120
977.6895, 46.20642
978.1716, 45.06824
978.6537, 44.82690
979.1359, 44.70825
979.6180, 44.36572
980.1001, 42.82117
980.5822, 39.80750
981.0643, 36.86328
981.5464, 35.80798
982.0286, 35.64746
982.5107, 33.50269
982.9928, 30.07861
983.4749, 29.20703
983.9570, 31.26550
984.4391, 33.16821
984.9213, 33.32715
985.4034, 32.19470
985.8855, 30.11072
986.3676, 27.27673
986.8497, 25.82690
987.3318, 25.92139
987.8140, 25.44446
988.2961, 23.78638
988.7782, 22.61853
989.2603, 23.18079
989.7424, 24.65820
990.2245, 25.32544
990.7067, 25.03540
991.1888, 25.15942
991.6709, 26.00720
992.1530, 26.59009
992.6351, 26.42261
993.1172, 26.43091
993.5994, 27.46228
994.0815, 29.09058
994.5636, 30.10303
995.0457, 30.64368
995.5278, 30.12402
996.0099, 26.66016
996.4921, 24.61572
996.9742, 27.01746
997.4563, 29.64709
997.9384, 28.19702
998.4205, 23.90625
998.9026, 21.61230
999.3848, 23.00574
999.8669, 23.55225
1000.349, 21.65381
1000.831, 19.58044
1001.313, 18.31628
1001.795, 17.52710
1002.277, 16.91113
1002.760, 16.37122
1003.242, 15.75745
1003.724, 15.19177
1004.206, 14.14490
1004.688, 11.46545
1005.170, 9.120972
1005.652, 9.223633
1006.134, 10.35535
1006.617, 10.07507
1007.099, 8.299805
1007.581, 7.091553
1008.063, 7.763550
1008.545, 8.553345
1009.027, 7.701172
1009.509, 6.457153
1009.991, 6.663940
1010.473, 7.581787
1010.956, 7.385498
1011.438, 5.711304
1011.920, 3.514160
1012.402, 1.184570
1012.884, 0.7672120
1013.366, 1.706177
1013.848, 1.821655
1014.330, 1.094971
1014.813, 0.1154790
1015.295, 0.6729740
1015.777, 0.2662350
1016.259, 0.4382320
1016.741, 1.003906
1017.223, 1.201782
1017.705, 7.2144002E-02
1018.187, 1.755615
1018.669, 1.770874
1019.152, 3.1005999E-02
1019.634, 1.522827
1020.116, 2.157227
1020.598, 1.998657
1021.080, 0.9802860
1021.562, 0.4197390
1022.044, 0.6632690
1022.526, 0.1080320
1023.008, 0.3963010
1023.491, 5.6701999E-02
1023.973, 0.3029790
1024.455, 0.4178470
1024.937, 0.5618900
1025.419, 1.219360
1025.901, 2.007324
1026.383, 0.6838990
1026.865, 3.018250
1027.348, 4.637878
1027.830, 3.536987
1028.312, 1.429810
1028.794, 1.282593
1029.276, 3.391541
1029.758, 3.138062
1030.240, 0.9383540
1030.722, 0.2260130
1031.204, 1.422852
1031.687, 2.287109
1032.169, 2.707031
1032.651, 2.464661
1033.133, 1.257874
1033.615, 0.3533940
1034.097, 1.893799
1034.579, 3.260132
1035.061, 2.567261
1035.544, 1.354248
1036.026, 4.301331
1036.508, 5.891235
1036.990, 6.499756
1037.472, 5.746094
1037.954, 4.683167
1038.436, 4.973083
1038.918, 6.522522
1039.401, 6.474792
1039.883, 3.088928
1040.365, 1.405701
1040.847, 3.289063
1041.329, 4.832031
1041.811, 3.880676
1042.293, 1.961121
1042.775, 0.9121090
1043.257, 0.7306520
1043.740, 0.9605100
1044.222, 1.672791
1044.704, 2.700745
1045.186, 4.835388
1045.668, 6.361694
1046.150, 5.669861
1046.632, 4.512817
1047.114, 5.515442
1047.596, 8.471863
1048.079, 9.737122
1048.561, 7.454285
1049.043, 5.808777
1049.525, 5.435425
1050.007, 5.617432
1050.489, 6.015503
1050.971, 6.767456
1051.453, 8.248230
1051.936, 10.35388
1052.418, 12.16046
1052.900, 13.66113
1053.382, 14.62073
1053.864, 14.27185
1054.346, 14.20581
1054.828, 15.64520
1055.310, 17.56543
1055.792, 18.28436
1056.275, 18.11664
1056.757, 19.69092
1057.239, 25.45050
1057.721, 29.08948
1058.203, 26.60535
1058.685, 24.17010
1059.167, 25.86084
1059.649, 29.01355
1060.131, 30.39050
1060.614, 30.02692
1061.096, 29.64636
1061.578, 29.19977
1062.060, 30.08777
1062.542, 34.30835
1063.024, 38.25055
1063.506, 39.77881
1063.988, 39.97314
1064.471, 39.21649
1064.953, 38.35278
1065.435, 39.89642
1065.917, 45.38257
1066.399, 50.24481
1066.881, 52.50806
1067.363, 53.83148
1067.845, 54.58356
1068.328, 55.35974
1068.810, 56.70099
1069.292, 58.59839
1069.774, 60.84235
1070.256, 63.39337
1070.738, 66.09241
1071.220, 69.10455
1071.702, 72.13342
1072.184, 75.01721
1072.667, 77.89618
1073.149, 80.59698
1073.631, 83.31708
1074.113, 86.78693
1074.595, 91.31952
1075.077, 95.11206
1075.559, 96.90698
1076.041, 98.39099
1076.523, 100.1700
1077.006, 102.2030
1077.488, 103.8329
1077.970, 105.8967
1078.452, 111.0363
1078.934, 119.8904
1079.416, 126.0398
1079.898, 124.4905
1080.380, 122.0404
1080.862, 122.1469
1081.345, 123.1273
1081.827, 123.8812
1082.309, 124.1021
1082.791, 123.4514
1083.273, 121.9319
1083.755, 120.2288
1084.237, 118.0601
1084.719, 116.2880
1085.202, 116.6365
1085.684, 116.8198
1086.166, 114.5532
1086.648, 111.0359
1087.130, 107.9156
1087.612, 105.5206
1088.094, 103.7272
1088.576, 103.1963
1089.058, 101.9637
1089.541, 98.85400
1090.023, 94.95874
1090.505, 90.81903
1090.987, 86.49536
1091.469, 81.27539
1091.951, 75.67047
1092.433, 72.12195
1092.915, 72.13904
1093.397, 72.72174
1093.880, 74.32397
1094.362, 73.74927
1094.844, 66.85486
1095.326, 58.46680
1095.808, 54.21088
1096.290, 53.26556
1096.772, 51.18250
1097.254, 46.51013
1097.737, 42.73175
1098.219, 41.44788
1098.701, 40.82269
1099.183, 40.83838
1099.665, 40.38995
1100.147, 38.39954
1100.629, 35.23242
1101.111, 31.53687
1101.594, 27.30365
1102.076, 24.20215
1102.558, 23.47656
1103.040, 22.81854
1103.522, 21.44452
1104.004, 19.89337
1104.486, 18.40509
1104.968, 17.09076
1105.450, 16.13635
1105.932, 15.53680
1106.415, 14.92950
1106.897, 13.95703
1107.379, 13.40393
1107.861, 14.62689
1108.343, 14.91583
1108.825, 11.89575
1109.307, 7.814819
1109.789, 5.313477
1110.272, 4.376892
1110.754, 3.714783
1111.236, 3.189575
1111.718, 2.978027
1112.200, 3.567627
1112.682, 3.876465
1113.164, 3.120483
1113.646, 2.281799
1114.129, 2.255676
1114.611, 2.879272
1115.093, 3.685974
1115.575, 5.095581
1116.057, 5.335999
1116.539, 3.312012
1117.021, 1.778015
1117.503, 1.453003
1117.985, 1.546509
1118.468, 1.791199
1118.950, 1.960144
1119.432, 1.368469
1119.914, 0.1865230
1120.396, 9.5764004E-02
1120.878, 4.104309
1121.360, 5.682678
1121.842, 2.390686
1122.324, 0.1850590
1122.807, 1.090637
1123.289, 3.930603
1123.771, 5.569641
1124.253, 6.075500
1124.735, 6.031067
1125.217, 5.220886
1125.699, 4.652588
1126.181, 4.455017
1126.664, 4.232605
1127.146, 3.690552
1127.628, 3.484009
1128.110, 4.410339
1128.592, 5.905212
1129.074, 6.180542
1129.556, 5.079346
1130.038, 4.320984
1130.521, 3.871521
1131.003, 4.083862
1131.485, 5.155396
1131.967, 6.195618
1132.449, 6.694214
1132.931, 6.546326
1133.413, 5.235413
1133.895, 3.127319
1134.377, 3.163513
1134.859, 5.248108
1135.342, 6.638855
1135.824, 7.009644
1136.306, 6.475403
1136.788, 5.120605
1137.270, 3.903442
1137.752, 3.953918
1138.234, 4.899353
1138.716, 5.666687
1139.199, 6.313843
1139.681, 7.708069
1140.163, 9.657288
1140.645, 10.42352
1141.127, 9.642944
1141.609, 8.684143
1142.091, 8.472168
1142.573, 8.698853
1143.056, 8.984253
1143.538, 9.387756
1144.020, 10.00940
1144.502, 10.82819
1144.984, 12.10242
1145.466, 13.69556
1145.948, 14.50793
1146.430, 14.20087
1146.912, 13.70190
1147.395, 13.82825
1147.877, 13.99744
1148.359, 13.11444
1148.841, 12.17786
1149.323, 12.77802
1149.805, 14.57489
1150.287, 16.24951
1150.769, 17.51093
1151.251, 18.50525
1151.734, 19.33160
1152.216, 19.76233
1152.698, 19.59381
1153.180, 19.05359
1153.662, 17.73932
1154.144, 16.58130
1154.626, 17.14526
1155.108, 19.00726
1155.591, 20.22675
1156.073, 20.40613
1156.555, 20.52191
1157.037, 21.21399
1157.519, 21.53088
1158.001, 20.48773
1158.483, 19.47906
1158.965, 19.87537
1159.448, 20.91406
1159.930, 21.20087
1160.412, 20.62866
1160.894, 20.00195
1161.376, 18.91516
1161.858, 18.58215
1162.340, 20.54663
1162.822, 21.36334
1163.304, 18.80957
1163.786, 15.62683
1164.269, 14.19751
1164.751, 14.31903
1165.233, 15.23889
1165.715, 17.68494
1166.197, 17.56256
1166.679, 13.20044
1167.161, 11.15100
1167.643, 13.55157
1168.126, 16.33423
1168.608, 17.21655
1169.090, 16.83563
1169.572, 15.99091
1170.054, 14.80328
1170.536, 14.29004
1171.018, 14.48608
1171.500, 14.49060
1171.983, 14.23059
1172.465, 13.56268
1172.947, 12.40118
1173.429, 11.62445
1173.911, 12.04523
1174.393, 12.95392
1174.875, 12.61884
1175.357, 11.66638
1175.839, 13.22485
1176.322, 16.41278
1176.804, 17.12427
1177.286, 15.03137
1177.768, 12.67767
1178.250, 11.25482
1178.732, 10.26538
1179.214, 9.434265
1179.696, 8.463806
1180.178, 6.302673
1180.661, 4.161316
1181.143, 4.152588
1181.625, 5.641724
1182.107, 7.495422
1182.589, 9.064514
1183.071, 8.699524
1183.553, 4.886597
1184.035, 2.017090
1184.518, 4.291931
1185.000, 6.857056
1185.482, 6.017334
1185.964, 3.902161
1186.446, 2.298401
1186.928, 1.576965
1187.410, 2.139771
1187.892, 4.074890
1188.375, 5.973694
1188.857, 8.701416
1189.339, 9.559570
1189.821, 6.361206
1190.303, 3.119141
1190.785, 1.981018
1191.267, 1.580017
1191.749, 0.1002200
1192.231, 0.1132200
1192.714, 6.2987998E-02
1193.196, 0.4852910
1193.678, 0.6993410
1194.160, 1.314575
1194.642, 0.8805540
1195.124, 1.249756
1195.606, 2.791626
1196.088, 2.300781
1196.570, 0.8766480
1197.053, 3.0517999E-02
1197.535, 0.3858030
1198.017, 1.330078
1198.499, 2.760559
1198.981, 2.817566
1199.463, 1.434814
1199.945, 7.5011998E-02
1200.427, 1.318542
1200.910, 2.040588
1201.392, 2.083313
1201.874, 1.422974
1202.356, 0.9161380
1202.838, 3.435120
1203.320, 1.921204
1203.802, 1.600098
1204.284, 2.368530
1204.766, 0.5902100
1205.249, 1.379150
1205.731, 2.640564
1206.213, 2.644226
1206.695, 0.3295290
1207.177, 1.598145
1207.659, 0.3483890
1208.141, 1.461487
1208.623, 1.154297
1209.105, 0.2894290
1209.588, 1.460449
1210.070, 3.924438
1210.552, 4.781677
1211.034, 3.292786
1211.516, 1.600647
1211.998, 0.8989870
1212.480, 1.931946
1212.962, 0.6645510
1213.445, 2.972229
1213.927, 2.459045
1214.409, 0.9767460
1214.891, 0.3213500
1215.373, 0.4350590
1215.855, 1.201843
1216.337, 3.034363
1216.819, 3.522278
1217.302, 2.168213
1217.784, 1.482422
1218.266, 2.158875
1218.748, 2.398193
1219.230, 0.8739010
1219.712, 0.3331300
1220.194, 5.249451
1220.676, 3.031311
1221.158, 2.707275
1221.641, 3.349854
1222.123, 8.6731002E-02
1222.605, 0.8618770
1223.087, 1.435791
1223.569, 0.6140140
1224.051, 0.2485960
1224.533, 1.393738
1225.015, 2.808716
1225.497, 3.171387
1225.980, 3.184265
1226.462, 3.664307
1226.944, 4.315796
1227.426, 4.826721
1227.908, 5.138184
1228.390, 5.099304
1228.872, 4.781433
1229.354, 4.831299
1229.837, 5.441101
1230.319, 5.984924
1230.801, 6.197205
1231.283, 6.366699
1231.765, 6.217590
1232.247, 6.469727
1232.729, 8.905884
1233.211, 11.50372
1233.693, 10.05298
1234.176, 4.779602
1234.658, 2.101807
1235.140, 2.635376
1235.622, 3.949402
1236.104, 6.383789
1236.586, 8.149963
1237.068, 8.630737
1237.550, 8.986572
1238.032, 9.975342
1238.515, 11.35809
1238.997, 12.80829
1239.479, 14.32697
1239.961, 16.42609
1240.443, 18.77966
1240.925, 19.01398
1241.407, 17.12677
1241.889, 15.41589
1242.372, 14.28760
1242.854, 14.17657
1243.336, 15.39410
1243.818, 16.92139
1244.300, 19.21106
1244.782, 21.23645
1245.264, 20.14886
1245.746, 18.22247
1246.229, 18.72528
1246.711, 20.71918
1247.193, 22.62866
1247.675, 24.58899
1248.157, 25.50317
1248.639, 24.64648
1249.121, 23.93835
1249.603, 23.10901
1250.085, 23.22211
1250.568, 24.34424
1251.050, 25.56616
1251.532, 26.33246
1252.014, 27.04321
1252.496, 28.58118
1252.978, 29.09937
1253.460, 29.74542
1253.942, 30.56543
1254.424, 30.10938
1254.907, 30.41852
1255.389, 29.48621
1255.871, 26.94971
1256.353, 24.77972
1256.835, 24.28955
1257.317, 23.20618
1257.799, 23.98669
1258.281, 23.42120
1258.764, 24.67279
1259.246, 26.30560
1259.728, 24.99786
1260.210, 22.12750
1260.692, 21.83582
1261.174, 24.18848
1261.656, 24.72272
1262.138, 21.05621
1262.620, 18.36572
1263.103, 20.47900
1263.585, 22.17169
1264.067, 21.23737
1264.549, 18.93939
1265.031, 15.18604
1265.513, 11.27283
1265.995, 8.789429
1266.477, 7.656921
1266.959, 7.558594
1267.442, 9.044373
1267.924, 9.144531
1268.406, 7.509460
1268.888, 6.027100
1269.370, 4.969543
1269.852, 4.967896
1270.334, 6.483521
1270.816, 7.652588
1271.299, 6.286316
1271.781, 3.806519
1272.263, 3.021667
1272.745, 3.429260
1273.227, 4.228455
1273.709, 5.007507
1274.191, 4.564270
1274.673, 3.247803
1275.156, 3.018005
1275.638, 4.418823
1276.120, 5.178406
1276.602, 3.434631
1277.084, 1.843628
1277.566, 2.045715
1278.048, 2.402588
1278.530, 1.932007
1279.012, 1.135864
1279.495, 0.1942140
1279.977, 0.5222170
1280.459, 6.4025998E-02
1280.941, 1.544373
1281.423, 2.119934
1281.905, 1.396057
1282.387, 1.053528
1282.869, 1.076538
1283.351, 0.7604980
1283.834, 1.798584
1284.316, 2.869324
1284.798, 2.268433
1285.280, 1.209167
1285.762, 0.1065670
1286.244, 0.0000000E+00
##END=



