##NAMES=Fizelyite
##RRUFFID=R060175
##IDEAL CHEMISTRY=Ag_5_Pb_14_Sb_21_S_48_
##LOCALITY=Van Silver mine, Squamish, British Columbia, Canada
##OWNER=RRUFF
##SOURCE=Ty Balacko
##DESCRIPTION=Dark gray deeply-striated single crystals
##STATUS=The identification of this mineral is confirmed by single-crystal X-ray diffraction and chemical analysis.
##URL=rruff.info/R060175
##MEASURED CHEMISTRY=Pb_13.74_Ag_5.94_Sb_20.87_S_48.00_
178.900, 0.000
179.382, 36.006
179.864, 101.988
180.346, 174.703
180.828, 249.422
181.310, 317.520
181.792, 359.730
182.274, 371.219
182.757, 458.553
183.239, 629.096
183.721, 869.814
184.203, 1179.779
184.685, 1555.662
185.167, 1982.291
185.649, 2481.594
186.131, 3052.961
186.613, 3448.953
187.096, 3665.312
187.578, 3709.016
188.060, 3527.314
188.542, 3129.195
189.024, 2678.355
189.506, 2287.256
189.988, 1964.023
190.470, 1678.178
190.952, 1441.193
191.435, 1235.855
191.917, 1042.629
192.399, 862.041
192.881, 722.549
193.363, 655.939
193.845, 660.230
194.327, 661.004
194.809, 657.221
195.292, 649.734
195.774, 633.797
196.256, 610.766
196.738, 597.422
197.220, 606.834
197.702, 638.363
198.184, 672.965
198.666, 714.393
199.148, 756.061
199.631, 795.311
200.113, 831.691
200.595, 860.848
201.077, 882.258
201.559, 892.174
202.041, 884.760
202.523, 833.027
203.005, 785.699
203.488, 793.266
203.970, 846.043
204.452, 868.420
204.934, 802.959
205.416, 675.258
205.898, 587.387
206.380, 553.826
206.862, 543.215
207.344, 546.734
207.827, 560.736
208.309, 564.998
208.791, 545.068
209.273, 510.010
209.755, 487.389
210.237, 481.822
210.719, 481.314
211.201, 481.145
211.684, 480.953
212.166, 480.240
212.648, 479.406
213.130, 477.098
213.612, 469.793
214.094, 452.080
214.576, 439.988
215.058, 437.668
215.540, 446.688
216.023, 474.709
216.505, 531.521
216.987, 600.506
217.469, 654.240
217.951, 702.908
218.433, 717.525
218.915, 649.455
219.397, 539.967
219.880, 489.066
220.362, 540.779
220.844, 638.842
221.326, 685.756
221.808, 675.600
222.290, 662.527
222.772, 662.383
223.254, 670.480
223.736, 678.410
224.219, 683.379
224.701, 688.990
225.183, 708.670
225.665, 749.963
226.147, 754.656
226.629, 669.990
227.111, 554.764
227.593, 492.857
228.076, 503.705
228.558, 542.432
229.040, 557.496
229.522, 546.402
230.004, 541.119
230.486, 551.146
230.968, 565.924
231.450, 567.381
231.932, 553.107
232.415, 552.197
232.897, 600.367
233.379, 702.354
233.861, 778.082
234.343, 811.320
234.825, 826.479
235.307, 832.066
235.789, 831.986
236.271, 849.521
236.754, 909.650
237.236, 1012.178
237.718, 1081.291
238.200, 1087.018
238.682, 1087.541
239.164, 1116.387
239.646, 1171.275
240.128, 1232.266
240.611, 1282.742
241.093, 1328.678
241.575, 1413.846
242.057, 1541.051
242.539, 1697.365
243.021, 1870.049
243.503, 2067.666
243.985, 2312.771
244.467, 2621.867
244.950, 2983.961
245.432, 3358.643
245.914, 3715.824
246.396, 4118.486
246.878, 4635.408
247.360, 5198.484
247.842, 5727.670
248.324, 6194.281
248.807, 6563.309
249.289, 6741.346
249.771, 6693.129
250.253, 6499.676
250.735, 6096.486
251.217, 5578.678
251.699, 5024.336
252.181, 4458.822
252.663, 3909.301
253.146, 3420.568
253.628, 3001.492
254.110, 2639.807
254.592, 2334.168
255.074, 2080.920
255.556, 1888.123
256.038, 1752.121
256.520, 1651.826
257.003, 1568.889
257.485, 1516.871
257.967, 1426.031
258.449, 1234.049
258.931, 1064.352
259.413, 1002.188
259.895, 1030.645
260.377, 1069.041
260.859, 1045.688
261.342, 956.359
261.824, 893.219
262.306, 880.904
262.788, 868.605
263.270, 843.268
263.752, 806.422
264.234, 759.867
264.716, 701.469
265.198, 638.195
265.681, 616.047
266.163, 694.305
266.645, 744.207
267.127, 734.559
267.609, 689.281
268.091, 635.891
268.573, 586.656
269.056, 540.828
269.538, 494.367
270.020, 432.742
270.502, 400.641
270.984, 425.992
271.466, 464.816
271.948, 477.555
272.430, 454.180
272.912, 417.832
273.395, 404.668
273.877, 425.418
274.359, 429.191
274.841, 375.738
275.323, 330.297
275.805, 338.102
276.287, 396.754
276.769, 461.277
277.251, 481.438
277.734, 456.008
278.216, 459.164
278.698, 516.148
279.180, 577.242
279.662, 618.816
280.144, 643.344
280.626, 660.629
281.108, 675.469
281.591, 687.566
282.073, 695.516
282.555, 696.637
283.037, 698.660
283.519, 707.723
284.001, 719.824
284.483, 726.605
284.965, 714.184
285.447, 706.855
285.930, 756.922
286.412, 875.789
286.894, 959.547
287.376, 939.820
287.858, 867.781
288.340, 809.109
288.822, 772.020
289.304, 747.914
289.786, 735.980
290.269, 734.078
290.751, 727.520
291.233, 710.051
291.715, 689.113
292.197, 676.680
292.679, 674.688
293.161, 668.676
293.643, 641.223
294.125, 608.379
294.608, 607.719
295.090, 652.324
295.572, 697.094
296.054, 679.168
296.536, 596.254
297.018, 550.586
297.500, 582.074
297.983, 637.309
298.465, 665.625
298.947, 665.488
299.429, 670.348
299.911, 708.930
300.393, 777.699
300.875, 821.535
301.357, 790.008
301.839, 785.824
302.322, 886.410
302.804, 1048.172
303.286, 1172.188
303.768, 1207.211
304.250, 1172.609
304.732, 1132.879
305.214, 1056.707
305.696, 1015.520
306.178, 1048.355
306.661, 1104.371
307.143, 1130.320
307.625, 1110.148
308.107, 1061.699
308.589, 1009.934
309.071, 947.742
309.553, 900.137
310.035, 883.957
310.517, 866.395
311.000, 826.746
311.482, 765.773
311.964, 697.379
312.446, 634.375
312.928, 577.152
313.410, 516.160
313.892, 441.258
314.374, 373.617
314.857, 311.816
315.339, 262.965
315.821, 240.715
316.303, 256.895
316.785, 297.387
317.267, 323.969
317.749, 337.969
318.231, 334.844
318.714, 303.473
319.196, 261.238
319.678, 221.688
320.160, 188.016
320.642, 160.438
321.124, 137.609
321.606, 119.152
322.088, 110.570
322.570, 108.551
323.052, 121.770
323.535, 157.641
324.017, 214.727
324.499, 279.309
324.981, 357.262
325.463, 434.586
325.945, 471.512
326.427, 453.254
326.909, 431.473
327.392, 456.133
327.874, 511.512
328.356, 548.215
328.838, 543.141
329.320, 526.512
329.802, 519.918
330.284, 523.742
330.766, 541.062
331.249, 582.578
331.731, 632.281
332.213, 638.539
332.695, 580.652
333.177, 521.098
333.659, 483.262
334.141, 455.070
334.623, 412.895
335.105, 349.414
335.588, 286.656
336.070, 259.992
336.552, 296.340
337.034, 299.562
337.516, 248.578
337.998, 183.125
338.480, 117.504
338.962, 59.988
339.444, 26.887
339.927, 35.078
340.409, 83.727
340.891, 120.035
341.373, 130.844
341.855, 142.602
342.337, 163.945
342.819, 188.504
343.301, 202.887
343.784, 199.199
344.266, 193.551
344.748, 229.078
345.230, 337.586
345.712, 407.641
346.194, 393.707
346.676, 358.867
347.158, 341.691
347.641, 348.531
348.123, 368.305
348.605, 395.984
349.087, 430.664
349.569, 456.492
350.051, 469.820
350.533, 477.715
351.015, 480.305
351.497, 481.223
351.979, 490.574
352.462, 524.387
352.944, 562.863
353.426, 579.000
353.908, 572.598
354.390, 548.121
354.872, 494.746
355.354, 431.250
355.836, 398.227
356.319, 411.848
356.801, 422.402
357.283, 406.070
357.765, 369.355
358.247, 320.113
358.729, 257.969
359.211, 199.902
359.693, 170.527
360.176, 178.926
360.658, 182.051
361.140, 185.191
361.622, 178.047
362.104, 144.500
362.586, 90.871
363.068, 42.609
363.550, 17.805
364.032, 15.234
364.515, 23.031
364.997, 59.066
365.479, 84.672
365.961, 78.375
366.443, 64.504
366.925, 73.059
367.407, 114.406
367.889, 174.031
368.371, 231.102
368.854, 288.359
369.336, 332.504
369.818, 361.691
370.300, 378.301
370.782, 374.301
371.264, 355.785
371.746, 343.469
372.228, 354.082
372.711, 382.973
373.193, 413.395
373.675, 450.293
374.157, 476.480
374.639, 487.219
375.121, 481.047
375.603, 447.852
376.085, 369.984
376.568, 296.703
377.050, 276.703
377.532, 302.141
378.014, 333.629
378.496, 364.840
378.978, 388.395
379.460, 401.273
379.942, 409.785
380.424, 370.480
380.906, 213.727
381.389, 40.734
381.871, 43.051
382.353, 32.621
382.835, 19.992
383.317, 85.418
383.799, 160.406
384.281, 190.715
384.763, 150.781
385.246, 104.527
385.728, 61.293
386.210, 23.605
386.692, 5.148
387.174, 23.871
387.656, 37.070
388.138, 54.125
388.620, 83.066
389.103, 95.324
389.585, 91.227
390.067, 71.391
390.549, 24.840
391.031, 39.566
391.513, 94.988
391.995, 117.184
392.477, 116.719
392.959, 139.238
393.442, 195.406
393.924, 248.746
394.406, 279.562
394.888, 301.422
395.370, 330.473
395.852, 372.812
396.334, 411.703
396.816, 432.562
397.298, 437.984
397.781, 436.699
398.263, 427.613
398.745, 419.156
399.227, 426.668
399.709, 449.172
400.191, 453.297
400.673, 419.805
401.155, 376.629
401.638, 343.715
402.120, 321.039
402.602, 302.230
403.084, 283.320
403.566, 266.016
404.048, 256.730
404.530, 275.629
405.012, 277.461
405.495, 254.043
405.977, 216.090
406.459, 173.188
406.941, 127.727
407.423, 74.680
407.905, 3.145
408.387, 114.781
408.869, 147.684
409.351, 5.414
409.833, 110.637
410.316, 105.562
410.798, 35.770
411.280, 0.777
411.762, 51.426
412.244, 134.461
412.726, 158.023
413.208, 115.594
413.690, 100.945
414.173, 145.758
414.655, 222.801
415.137, 306.520
415.619, 397.320
416.101, 471.406
416.583, 513.633
417.065, 536.090
417.547, 548.965
418.030, 553.895
418.512, 568.852
418.994, 612.938
419.476, 677.324
419.958, 704.941
420.440, 658.102
420.922, 626.227
421.404, 644.348
421.886, 685.684
422.369, 717.668
422.851, 730.695
423.333, 733.504
423.815, 735.672
424.297, 734.137
424.779, 746.543
425.261, 788.562
425.743, 829.238
426.225, 856.559
426.708, 874.285
427.190, 892.719
427.672, 919.859
428.154, 944.082
428.636, 930.246
429.118, 864.895
429.600, 842.105
430.082, 930.059
430.565, 1035.723
431.047, 1055.789
431.529, 988.617
432.011, 960.441
432.493, 1082.047
432.975, 1260.609
433.457, 1340.262
433.939, 1309.047
434.422, 1262.773
434.904, 1256.242
435.386, 1287.910
435.868, 1345.883
436.350, 1427.570
436.832, 1534.840
437.314, 1726.465
437.796, 1919.508
438.278, 1990.363
438.760, 1916.332
439.243, 1800.848
439.725, 1769.555
440.207, 1837.352
440.689, 1890.895
441.171, 1906.961
441.653, 1931.480
442.135, 1980.344
442.617, 2045.898
443.100, 2121.551
443.582, 2208.559
444.064, 2282.609
444.546, 2286.828
445.028, 2211.910
445.510, 2187.777
445.992, 2279.332
446.474, 2388.242
446.957, 2437.152
447.439, 2428.180
447.921, 2373.570
448.403, 2236.309
448.885, 2081.383
449.367, 1996.926
449.849, 1975.137
450.331, 1930.098
450.813, 1808.680
451.296, 1644.473
451.778, 1536.223
452.260, 1526.176
452.742, 1500.375
453.224, 1442.770
453.706, 1369.852
454.188, 1284.172
454.670, 1193.855
455.152, 1125.504
455.635, 1109.324
456.117, 1137.492
456.599, 1118.062
457.081, 1012.551
457.563, 916.395
458.045, 834.543
458.527, 781.477
459.009, 782.699
459.492, 845.633
459.974, 915.219
460.456, 938.918
460.938, 924.738
461.420, 909.707
461.902, 894.484
462.384, 888.863
462.866, 912.395
463.349, 953.723
463.831, 967.664
464.313, 926.617
464.795, 882.258
465.277, 863.715
465.759, 861.039
466.241, 852.758
466.723, 832.516
467.205, 813.508
467.688, 814.137
468.170, 843.074
468.652, 858.883
469.134, 851.512
469.616, 843.332
470.098, 842.590
470.580, 847.570
471.062, 855.816
471.544, 867.484
472.027, 874.781
472.509, 857.934
472.991, 811.234
473.473, 783.547
473.955, 798.633
474.437, 818.816
474.919, 820.527
475.401, 802.738
475.884, 760.531
476.366, 662.402
476.848, 559.051
477.330, 512.949
477.812, 516.230
478.294, 516.375
478.776, 487.270
479.258, 448.223
479.741, 439.754
480.223, 485.785
480.705, 517.234
481.187, 529.168
481.669, 529.984
482.151, 510.781
482.633, 484.223
483.115, 487.738
483.597, 552.891
484.079, 653.445
484.562, 697.832
485.044, 660.559
485.526, 632.523
486.008, 637.590
486.490, 656.609
486.972, 676.938
487.454, 697.785
487.936, 726.043
488.419, 788.523
488.901, 851.457
489.383, 835.996
489.865, 740.504
490.347, 679.797
490.829, 731.383
491.311, 847.633
491.793, 890.750
492.276, 814.164
492.758, 766.793
493.240, 786.746
493.722, 832.625
494.204, 891.922
494.686, 948.094
495.168, 954.230
495.650, 862.867
496.132, 700.352
496.615, 610.160
497.097, 628.539
497.579, 650.168
498.061, 663.023
498.543, 663.102
499.025, 632.164
499.507, 572.816
499.989, 540.340
500.471, 595.184
500.954, 695.723
501.436, 755.727
501.918, 770.172
502.400, 769.328
502.882, 770.652
503.364, 768.160
503.846, 741.402
504.328, 675.070
504.810, 617.312
505.293, 555.363
505.775, 520.645
506.257, 562.828
506.739, 670.719
507.221, 775.359
507.703, 823.973
508.185, 823.898
508.668, 814.684
509.150, 794.672
509.632, 768.559
510.114, 710.141
510.596, 664.688
511.078, 678.371
511.560, 752.461
512.042, 831.574
512.524, 882.742
513.006, 914.008
513.489, 941.582
513.971, 965.551
514.453, 977.555
514.935, 971.625
515.417, 953.023
515.899, 934.707
516.381, 923.137
516.864, 897.180
517.346, 833.004
517.828, 770.125
518.310, 743.414
518.792, 749.172
519.274, 761.969
519.756, 766.215
520.238, 759.660
520.720, 727.387
521.203, 645.578
521.685, 600.180
522.167, 655.387
522.649, 719.402
523.131, 732.480
523.613, 693.285
524.095, 630.062
524.577, 531.094
525.059, 430.840
525.542, 380.871
526.024, 376.359
526.506, 373.008
526.988, 350.457
527.470, 321.445
527.952, 313.254
528.434, 355.547
528.916, 349.184
529.398, 248.219
529.881, 142.477
530.363, 82.168
530.845, 59.656
531.327, 48.023
531.809, 34.277
532.291, 19.250
532.773, 0.125
533.255, 26.793
533.737, 30.723
534.220, 8.215
534.702, 51.988
535.184, 65.340
535.666, 57.055
536.148, 61.402
536.630, 101.363
537.112, 143.125
537.594, 154.184
538.077, 148.055
538.559, 164.090
539.041, 214.484
539.523, 260.875
540.005, 248.418
540.487, 162.891
540.969, 112.160
541.451, 128.973
541.933, 143.125
542.416, 126.055
542.898, 99.574
543.380, 100.168
543.862, 139.426
544.344, 174.164
544.826, 157.496
545.308, 97.770
545.791, 23.527
546.273, 71.949
546.755, 137.805
547.237, 125.164
547.719, 58.117
548.201, 26.312
548.683, 35.105
549.165, 68.672
549.647, 169.559
550.130, 265.125
550.612, 259.855
551.094, 159.922
551.576, 57.133
552.058, 20.844
552.540, 41.938
553.022, 82.203
553.504, 164.996
553.987, 211.891
554.469, 174.734
554.951, 115.910
555.433, 70.375
555.915, 41.676
556.397, 32.562
556.879, 71.051
557.361, 111.453
557.843, 89.910
558.326, 17.934
558.808, 48.984
559.290, 90.750
559.772, 103.984
560.254, 76.164
560.736, 21.332
561.218, 68.535
561.700, 36.508
562.182, 7.371
562.665, 37.355
563.147, 59.164
563.629, 92.445
564.111, 146.094
564.593, 186.723
565.075, 159.680
565.557, 75.430
566.039, 18.406
566.521, 2.344
567.004, 1.867
567.486, 8.066
567.968, 18.926
568.450, 42.582
568.932, 82.188
569.414, 129.293
569.896, 214.332
570.378, 285.410
570.860, 261.531
571.343, 153.859
571.825, 69.004
572.307, 98.469
572.789, 204.863
573.271, 218.883
573.753, 90.891
574.235, 14.371
574.718, 79.625
575.200, 173.645
575.682, 210.414
576.164, 191.766
576.646, 160.230
577.128, 120.512
577.610, 83.742
578.092, 55.090
578.574, 37.770
579.057, 51.055
579.539, 103.426
580.021, 152.281
580.503, 133.285
580.985, 30.230
581.467, 39.414
581.949, 63.762
582.431, 65.023
582.914, 22.539
583.396, 29.145
583.878, 46.617
584.360, 18.691
584.842, 25.934
585.324, 77.637
585.806, 125.520
586.288, 138.098
586.770, 112.895
587.253, 77.426
587.735, 41.074
588.217, 11.422
588.699, 10.133
589.181, 66.461
589.663, 99.434
590.145, 85.434
590.627, 68.039
591.109, 75.750
591.592, 102.902
592.074, 132.332
592.556, 157.219
593.038, 172.141
593.520, 161.633
594.002, 127.375
594.484, 108.414
594.966, 114.996
595.448, 126.141
595.931, 123.688
596.413, 110.809
596.895, 106.672
597.377, 110.227
597.859, 123.824
598.341, 151.828
598.823, 187.934
599.305, 231.766
599.787, 278.785
600.270, 312.562
600.752, 317.305
601.234, 303.359
601.716, 307.734
602.198, 334.164
602.680, 365.359
603.162, 407.801
603.644, 443.473
604.127, 446.059
604.609, 421.656
605.091, 420.223
605.573, 493.902
606.055, 553.695
606.537, 520.438
607.019, 439.895
607.501, 399.758
607.984, 421.734
608.466, 456.754
608.948, 444.555
609.430, 388.344
609.912, 386.902
610.394, 477.320
610.876, 549.570
611.358, 574.504
611.841, 561.902
612.323, 496.637
612.805, 379.953
613.287, 306.660
613.769, 357.398
614.251, 440.859
614.733, 467.586
615.215, 447.418
615.697, 423.551
616.180, 413.406
616.662, 402.172
617.144, 361.688
617.626, 279.641
618.108, 251.160
618.590, 325.312
619.072, 390.918
619.554, 413.449
620.036, 409.746
620.519, 392.809
621.001, 363.574
621.483, 346.988
621.965, 375.344
622.447, 415.535
622.929, 409.582
623.411, 364.262
623.893, 342.324
624.375, 377.594
624.858, 435.090
625.340, 445.020
625.822, 386.066
626.304, 345.551
626.786, 322.914
627.268, 320.648
627.750, 358.906
628.232, 412.043
628.714, 439.930
629.197, 430.121
629.679, 415.199
630.161, 425.457
630.643, 444.465
631.125, 436.191
631.607, 401.883
632.089, 381.617
632.571, 401.387
633.054, 437.449
633.536, 431.238
634.018, 351.527
634.500, 299.129
634.982, 284.184
635.464, 284.191
635.946, 290.355
636.428, 304.371
636.911, 336.426
637.393, 395.137
637.875, 439.961
638.357, 423.906
638.839, 373.719
639.321, 338.852
639.803, 324.871
640.285, 337.516
640.768, 386.207
641.250, 451.508
641.732, 480.855
642.214, 466.664
642.696, 430.426
643.178, 327.320
643.660, 248.945
644.142, 263.641
644.624, 328.668
645.107, 360.445
645.589, 328.129
646.071, 274.660
646.553, 227.789
647.035, 189.074
647.517, 156.371
647.999, 131.461
648.481, 139.246
648.963, 202.945
649.446, 294.914
649.928, 332.027
650.410, 274.293
650.892, 245.562
651.374, 271.484
651.856, 300.840
652.338, 301.398
652.820, 290.375
653.302, 308.707
653.785, 379.699
654.267, 436.090
654.749, 413.191
655.231, 344.645
655.713, 273.734
656.195, 210.828
656.677, 204.520
657.159, 295.188
657.641, 424.719
658.124, 436.195
658.606, 250.363
659.088, 142.430
659.570, 186.312
660.052, 237.688
660.534, 232.062
661.016, 195.484
661.498, 180.996
661.981, 211.336
662.463, 224.043
662.945, 148.836
663.427, 49.176
663.909, 27.773
664.391, 77.832
664.873, 116.965
665.355, 100.621
665.838, 52.195
666.320, 17.320
666.802, 3.305
667.284, 11.594
667.766, 2.410
668.248, 12.516
668.730, 33.969
669.212, 55.379
669.695, 64.160
670.177, 54.539
670.659, 51.062
671.141, 65.250
671.623, 90.059
672.105, 128.277
672.587, 170.957
673.069, 194.594
673.551, 188.238
674.034, 163.812
674.516, 130.426
674.998, 84.305
675.480, 85.688
675.962, 156.133
676.444, 227.352
676.926, 274.293
677.408, 300.180
677.890, 307.227
678.373, 291.078
678.855, 281.137
679.337, 301.832
679.819, 314.039
680.301, 270.414
680.783, 205.180
681.265, 191.312
681.747, 250.129
682.229, 320.000
682.712, 333.254
683.194, 296.082
683.676, 241.621
684.158, 165.027
684.640, 96.566
685.122, 39.199
685.604, 6.824
686.086, 30.172
686.568, 123.727
687.051, 178.508
687.533, 168.129
688.015, 148.047
688.497, 130.680
688.979, 119.617
689.461, 124.102
689.943, 141.934
690.425, 149.770
690.908, 111.461
691.390, 63.637
691.872, 94.656
692.354, 192.555
692.836, 249.934
693.318, 232.105
693.800, 190.980
694.282, 178.324
694.765, 193.711
695.247, 220.086
695.729, 269.418
696.211, 311.133
696.693, 341.773
697.175, 362.176
697.657, 366.707
698.139, 360.258
698.622, 360.715
699.104, 375.047
699.586, 400.188
700.068, 453.551
700.550, 510.043
701.032, 511.027
701.514, 452.094
701.996, 384.293
702.478, 343.574
702.961, 323.719
703.443, 305.375
703.925, 287.992
704.407, 279.781
704.889, 317.363
705.371, 317.988
705.853, 172.652
706.335, 36.344
706.817, 123.957
707.300, 13.391
707.782, 90.031
708.264, 112.926
708.746, 100.531
709.228, 84.035
709.710, 68.461
710.192, 53.668
710.674, 39.512
711.156, 27.141
711.639, 9.789
712.121, 8.047
712.603, 23.324
713.085, 117.285
713.567, 176.789
714.049, 139.926
714.531, 63.844
715.013, 51.762
715.495, 128.375
715.978, 180.539
716.460, 205.488
716.942, 210.750
717.424, 184.262
717.906, 147.719
718.388, 122.852
718.870, 114.680
719.352, 122.254
719.835, 162.309
720.317, 205.676
720.799, 210.746
721.281, 185.762
721.763, 151.207
722.245, 113.277
722.727, 96.008
723.209, 130.801
723.692, 205.941
724.174, 222.477
724.656, 146.164
725.138, 98.141
725.620, 126.477
726.102, 162.859
726.584, 143.281
727.066, 88.219
727.549, 74.066
728.031, 165.895
728.513, 221.449
728.995, 139.152
729.477, 26.770
729.959, 3.125
730.441, 53.355
730.923, 86.914
731.405, 53.668
731.888, 1.121
732.370, 2.297
732.852, 48.312
733.334, 84.605
733.816, 105.773
734.298, 127.145
734.780, 165.121
735.262, 192.797
735.744, 146.121
736.227, 31.914
736.709, 103.609
737.191, 25.961
737.673, 145.203
738.155, 188.559
738.637, 185.688
739.119, 163.621
739.601, 129.238
740.083, 103.480
740.566, 111.539
741.048, 121.273
741.530, 92.301
742.012, 44.082
742.494, 19.617
742.976, 28.410
743.458, 53.879
743.940, 89.055
744.422, 120.098
744.905, 77.781
745.387, 55.227
745.869, 138.992
746.351, 150.180
746.833, 101.141
747.315, 36.945
747.797, 231.219
748.279, 322.738
748.762, 243.055
749.244, 175.484
749.726, 151.004
750.208, 133.547
750.690, 99.195
751.172, 54.258
751.654, 3.652
752.136, 55.648
752.619, 66.871
753.101, 72.648
753.583, 263.074
754.065, 336.270
754.547, 299.523
755.029, 223.734
755.511, 135.793
755.993, 52.781
756.476, 5.699
756.958, 39.246
757.440, 27.234
757.922, 64.836
758.404, 100.957
758.886, 1.145
759.368, 127.344
759.850, 157.879
760.332, 103.348
760.815, 37.117
761.297, 84.148
761.779, 153.254
762.261, 93.324
762.743, 5.168
763.225, 30.555
763.707, 12.676
764.189, 34.145
764.671, 108.199
765.154, 165.238
765.636, 128.219
766.118, 43.402
766.600, 29.406
767.082, 87.680
767.564, 131.469
768.046, 116.961
768.528, 72.180
769.010, 37.484
769.493, 9.043
769.975, 39.859
770.457, 181.078
770.939, 265.906
771.421, 193.766
771.903, 72.449
772.385, 34.594
772.867, 78.551
773.349, 106.172
773.832, 101.570
774.314, 85.148
774.796, 60.770
775.278, 31.574
775.760, 8.184
776.242, 51.426
776.724, 71.785
777.206, 48.375
777.689, 16.770
778.171, 14.895
778.653, 33.906
779.135, 60.652
779.617, 90.344
780.099, 99.223
780.581, 71.742
781.063, 36.699
781.545, 53.508
782.028, 130.516
782.510, 175.082
782.992, 183.434
783.474, 168.082
783.956, 123.398
784.438, 67.867
784.920, 26.078
785.403, 0.641
785.885, 31.797
786.367, 70.695
786.849, 109.301
787.331, 141.426
787.813, 173.910
788.295, 227.930
788.777, 289.641
789.259, 306.422
789.742, 232.758
790.224, 158.738
790.706, 196.395
791.188, 270.059
791.670, 236.062
792.152, 106.102
792.634, 3.977
793.116, 36.582
793.598, 18.859
794.081, 27.719
794.563, 99.633
795.045, 91.668
795.527, 17.172
796.009, 76.668
796.491, 12.492
796.973, 88.332
797.455, 124.750
797.938, 95.469
798.420, 38.602
798.902, 106.008
799.384, 197.664
799.866, 198.113
800.348, 161.285
800.830, 108.523
801.312, 51.719
801.794, 15.926
802.277, 12.258
802.759, 20.180
803.241, 55.492
803.723, 77.684
804.205, 11.879
804.687, 98.246
805.169, 130.188
805.651, 40.441
806.133, 67.867
806.616, 76.355
807.098, 18.949
807.580, 10.672
808.062, 15.277
808.544, 20.785
809.026, 34.754
809.508, 43.113
809.990, 28.664
810.472, 1.805
810.955, 11.676
811.437, 10.777
811.919, 45.246
812.401, 224.957
812.883, 370.016
813.365, 359.152
813.847, 247.148
814.330, 150.297
814.812, 61.062
815.294, 15.758
815.776, 44.020
816.258, 90.352
816.740, 156.102
817.222, 208.219
817.704, 184.754
818.186, 88.559
818.669, 32.203
819.151, 125.148
819.633, 242.461
820.115, 270.738
820.597, 235.137
821.079, 171.246
821.561, 91.426
822.043, 0.992
822.526, 102.773
823.008, 177.285
823.490, 108.973
823.972, 79.121
824.454, 153.828
824.936, 92.367
825.418, 14.922
825.900, 33.848
826.382, 46.496
826.865, 2.773
827.347, 103.461
827.829, 159.148
828.311, 135.703
828.793, 112.500
829.275, 125.320
829.757, 126.508
830.239, 49.957
830.721, 73.352
831.204, 117.918
831.686, 2.980
832.168, 75.082
832.650, 12.340
833.132, 48.195
833.614, 24.730
834.096, 162.875
834.578, 229.273
835.060, 187.160
835.543, 123.129
836.025, 79.629
836.507, 58.852
836.989, 88.309
837.471, 136.531
837.953, 119.207
838.435, 29.867
838.917, 42.992
839.400, 27.219
839.882, 32.164
840.364, 30.773
840.846, 20.840
841.328, 11.684
841.810, 75.582
842.292, 134.648
842.774, 102.609
843.256, 31.086
843.739, 10.234
844.221, 46.379
844.703, 72.840
845.185, 88.094
845.667, 94.172
846.149, 72.512
846.631, 59.559
847.114, 105.945
847.596, 197.195
848.078, 249.746
848.560, 231.254
849.042, 213.668
849.524, 198.582
850.006, 194.121
850.488, 230.090
850.970, 271.090
851.453, 241.555
851.935, 119.582
852.417, 27.227
852.899, 74.539
853.381, 134.969
853.863, 78.402
854.345, 27.301
854.827, 61.434
855.309, 12.816
855.792, 40.906
856.274, 47.254
856.756, 36.406
857.238, 56.078
857.720, 94.699
858.202, 116.543
858.684, 119.566
859.166, 114.586
859.648, 105.887
860.131, 102.777
860.613, 120.367
861.095, 156.746
861.577, 198.270
862.059, 254.008
862.541, 251.531
863.023, 154.078
863.505, 45.297
863.987, 1.418
864.470, 0.570
864.952, 20.965
865.434, 99.746
865.916, 121.281
866.398, 27.723
866.880, 55.457
867.362, 78.340
867.844, 60.512
868.327, 19.211
868.809, 46.199
869.291, 99.391
869.773, 141.953
870.255, 161.172
870.737, 123.398
871.219, 82.844
871.701, 111.488
872.183, 181.664
872.666, 191.320
873.148, 85.355
873.630, 12.422
874.112, 1.250
874.594, 42.004
875.076, 33.457
875.558, 6.051
876.041, 15.758
876.523, 16.785
877.005, 40.477
877.487, 0.523
877.969, 54.477
878.451, 21.160
878.933, 62.625
879.415, 64.688
879.897, 23.273
880.380, 97.418
880.862, 98.254
881.344, 67.094
881.826, 72.469
882.308, 111.465
882.790, 142.820
883.272, 169.035
883.754, 160.023
884.237, 98.895
884.719, 35.355
885.201, 20.883
885.683, 43.531
886.165, 32.281
886.647, 33.570
887.129, 70.609
887.611, 65.344
888.093, 44.258
888.576, 22.926
889.058, 7.543
889.540, 72.250
890.022, 184.500
890.504, 245.465
890.986, 246.211
891.468, 207.445
891.950, 69.938
892.432, 51.672
892.915, 49.156
893.397, 43.215
893.879, 114.555
894.361, 144.668
894.843, 149.520
895.325, 104.488
895.807, 67.449
896.289, 96.879
896.771, 148.391
897.254, 146.633
897.736, 87.773
898.218, 46.082
898.700, 68.199
899.182, 113.531
899.664, 175.699
900.146, 224.098
900.628, 195.215
901.110, 113.762
901.593, 73.625
902.075, 112.262
902.557, 162.395
903.039, 140.336
903.521, 92.195
904.003, 117.961
904.485, 193.320
904.968, 234.879
905.450, 227.008
905.932, 205.852
906.414, 195.629
906.896, 192.582
907.378, 199.238
907.860, 210.051
908.342, 156.586
908.824, 35.430
909.307, 16.840
909.789, 178.398
910.271, 352.066
910.753, 339.828
911.235, 176.699
911.717, 73.840
912.199, 35.559
912.681, 35.461
913.164, 83.551
913.646, 131.859
914.128, 159.957
914.610, 161.668
915.092, 115.145
915.574, 4.043
916.056, 31.691
916.538, 49.383
917.020, 128.805
917.503, 194.824
917.985, 236.613
918.467, 237.199
918.949, 206.695
919.431, 181.695
919.913, 154.746
920.395, 149.629
920.877, 217.984
921.359, 247.648
921.842, 143.035
922.324, 14.008
922.806, 4.926
923.288, 79.742
923.770, 136.434
924.252, 98.797
924.734, 84.355
925.216, 146.879
925.698, 223.562
926.181, 284.965
926.663, 321.879
927.145, 314.039
927.627, 258.035
928.109, 224.656
928.591, 271.000
929.073, 321.984
929.555, 321.242
930.037, 303.816
930.520, 308.156
931.002, 335.410
931.484, 372.004
931.966, 412.500
932.448, 455.051
932.930, 528.133
933.412, 577.828
933.894, 511.746
934.377, 387.953
934.859, 313.934
935.341, 309.301
935.823, 342.984
936.305, 405.445
936.787, 463.906
937.269, 476.684
937.751, 460.027
938.234, 433.805
938.716, 406.598
939.198, 409.266
939.680, 446.906
940.162, 461.605
940.644, 386.141
941.126, 281.656
941.608, 289.027
942.091, 376.141
942.573, 410.422
943.055, 383.879
943.537, 366.770
944.019, 390.664
944.501, 443.289
944.983, 519.582
945.465, 607.285
945.947, 653.035
946.430, 658.172
946.912, 640.863
947.394, 601.934
947.876, 600.301
948.358, 676.973
948.840, 789.469
949.322, 855.238
949.804, 874.992
950.286, 948.418
950.769, 1090.730
951.251, 1137.848
951.733, 1019.371
952.215, 925.234
952.697, 1022.258
953.179, 1230.672
953.661, 1311.578
954.143, 1227.109
954.625, 1218.402
955.108, 1306.332
955.590, 1397.805
956.072, 1430.594
956.554, 1521.582
957.036, 1471.414
957.518, 1601.609
958.000, 1688.031
958.482, 1733.020
958.964, 1612.488
959.447, 1705.707
959.929, 1713.242
960.411, 1717.277
960.893, 1840.562
961.375, 1744.098
961.857, 1865.484
962.339, 1899.926
962.821, 1974.141
963.304, 1944.379
963.786, 1915.152
964.268, 1882.141
964.750, 1818.000
965.232, 1750.195
965.714, 1725.844
966.196, 1750.133
966.678, 1770.137
967.161, 1809.742
967.643, 1810.160
968.125, 1743.875
968.607, 1656.398
969.089, 1567.289
969.571, 1478.695
970.053, 1388.238
970.535, 1287.938
971.018, 1227.902
971.500, 1243.652
971.982, 1258.707
972.464, 1293.125
972.946, 1284.711
973.428, 1129.988
973.910, 902.703
974.392, 810.199
974.874, 922.633
975.357, 991.402
975.839, 946.418
976.321, 885.738
976.803, 831.746
977.285, 789.477
977.767, 766.547
978.249, 758.164
978.731, 749.484
979.213, 742.906
979.696, 721.387
980.178, 645.531
980.660, 595.027
981.142, 634.105
981.624, 701.684
982.106, 742.008
982.588, 747.629
983.070, 675.742
983.552, 702.844
984.035, 705.914
984.517, 686.246
984.999, 575.754
985.481, 582.547
985.963, 542.344
986.445, 500.215
986.927, 497.645
987.409, 462.953
987.891, 394.887
988.374, 324.438
988.856, 247.055
989.338, 187.434
989.820, 175.910
990.302, 186.254
990.784, 182.055
991.266, 158.551
991.748, 129.941
992.231, 106.270
992.713, 71.332
993.195, 11.988
993.677, 79.367
994.159, 63.758
994.641, 4.879
995.123, 19.727
995.605, 1.801
996.088, 19.031
996.570, 150.801
997.052, 260.867
997.534, 269.957
998.016, 246.211
998.498, 224.238
998.980, 220.102
999.462, 265.137
999.945, 360.422
1000.427, 429.547
1000.909, 400.102
1001.391, 385.520
1001.873, 488.816
1002.355, 588.566
1002.837, 555.164
1003.319, 444.309
1003.801, 370.395
1004.284, 358.727
1004.766, 372.605
1005.248, 416.246
1005.730, 457.004
1006.212, 485.086
1006.694, 498.195
1007.176, 498.078
1007.658, 481.340
1008.140, 432.113
1008.623, 348.375
1009.105, 287.469
1009.587, 303.363
1010.069, 311.074
1010.551, 256.996
1011.033, 185.594
1011.515, 114.582
1011.997, 65.199
1012.479, 87.953
1012.962, 195.043
1013.444, 262.895
1013.926, 192.734
1014.408, 131.824
1014.890, 157.301
1015.372, 215.262
1015.854, 283.816
1016.336, 338.156
1016.819, 328.824
1017.301, 242.762
1017.783, 176.809
1018.265, 186.035
1018.747, 197.234
1019.229, 173.227
1019.711, 142.332
1020.193, 134.484
1020.675, 137.078
1021.158, 115.023
1021.640, 59.871
1022.122, 26.402
1022.604, 56.859
1023.086, 79.020
1023.568, 55.574
1024.050, 22.297
1024.532, 1.148
1025.015, 9.742
1025.497, 8.191
1025.979, 56.906
1026.461, 88.328
1026.943, 78.027
1027.425, 65.609
1027.907, 44.832
1028.389, 43.840
1028.871, 89.082
1029.354, 165.680
1029.836, 265.859
1030.318, 395.707
1030.800, 427.910
1031.282, 223.367
1031.764, 83.398
1032.246, 144.230
1032.728, 224.684
1033.210, 163.023
1033.693, 60.113
1034.175, 124.430
1034.657, 388.992
1035.139, 544.668
1035.621, 524.219
1036.103, 452.125
1036.585, 233.445
1037.067, 91.676
1037.550, 261.707
1038.032, 535.355
1038.514, 556.746
1038.996, 300.449
1039.478, 130.758
1039.960, 22.363
1040.442, 47.133
1040.924, 382.477
1041.406, 624.820
1041.889, 501.164
1042.371, 233.461
1042.853, 129.207
1043.335, 186.277
1043.817, 244.012
1044.299, 322.371
1044.781, 353.809
1045.263, 301.828
1045.745, 263.766
1046.228, 304.945
1046.710, 351.840
1047.192, 298.055
1047.674, 159.645
1048.156, 105.125
1048.638, 169.586
1049.120, 197.750
1049.602, 168.727
1050.085, 138.828
1050.567, 137.559
1051.049, 123.590
1051.531, 41.355
1052.013, 83.914
1052.495, 128.883
1052.977, 86.301
1053.459, 17.027
1053.942, 82.352
1054.424, 168.234
1054.906, 229.391
1055.388, 245.590
1055.870, 185.809
1056.352, 89.074
1056.834, 80.926
1057.316, 158.254
1057.798, 213.555
1058.281, 242.383
1058.763, 263.844
1059.245, 283.684
1059.727, 285.801
1060.209, 255.016
1060.691, 210.035
1061.173, 182.496
1061.655, 174.113
1062.137, 206.715
1062.620, 270.051
1063.102, 296.691
1063.584, 272.754
1064.066, 232.238
1064.548, 198.855
1065.030, 143.453
1065.512, 22.801
1065.994, 219.996
1066.477, 242.406
1066.959, 140.422
1067.441, 55.477
1067.923, 11.836
1068.405, 23.336
1068.887, 65.883
1069.369, 107.434
1069.851, 160.344
1070.333, 190.137
1070.816, 120.680
1071.298, 11.430
1071.780, 47.301
1072.262, 47.137
1072.744, 5.773
1073.226, 107.594
1073.708, 189.086
1074.190, 195.914
1074.672, 171.418
1075.155, 107.082
1075.637, 64.617
1076.119, 160.125
1076.601, 315.039
1077.083, 353.211
1077.565, 241.992
1078.047, 129.344
1078.530, 55.168
1079.012, 26.844
1079.494, 78.766
1079.976, 144.676
1080.458, 185.668
1080.940, 204.805
1081.422, 211.391
1081.904, 206.016
1082.386, 182.195
1082.869, 111.859
1083.351, 71.539
1083.833, 98.734
1084.315, 127.992
1084.797, 152.051
1085.279, 149.676
1085.761, 72.227
1086.243, 53.914
1086.725, 108.730
1087.208, 71.359
1087.690, 12.449
1088.172, 102.133
1088.654, 170.949
1089.136, 138.324
1089.618, 102.074
1090.100, 147.125
1090.582, 226.832
1091.065, 220.652
1091.547, 113.164
1092.029, 115.008
1092.511, 255.367
1092.993, 343.914
1093.475, 340.098
1093.957, 305.910
1094.439, 270.723
1094.922, 248.078
1095.404, 261.031
1095.886, 302.668
1096.368, 336.035
1096.850, 362.566
1097.332, 402.176
1097.814, 454.031
1098.296, 473.953
1098.778, 444.504
1099.260, 398.453
1099.743, 365.203
1100.225, 340.301
1100.707, 325.148
1101.189, 308.285
1101.671, 238.820
1102.153, 144.223
1102.635, 131.062
1103.117, 210.965
1103.600, 277.926
1104.082, 268.965
1104.564, 217.383
1105.046, 110.738
1105.528, 18.641
1106.010, 70.676
1106.492, 160.617
1106.974, 70.504
1107.457, 146.527
1107.939, 206.977
1108.421, 5.238
1108.903, 214.199
1109.385, 311.207
1109.867, 341.754
1110.349, 281.465
1110.831, 207.109
1111.313, 174.762
1111.796, 179.898
1112.278, 217.488
1112.760, 289.820
1113.242, 317.434
1113.724, 223.379
1114.206, 183.262
1114.688, 291.324
1115.170, 369.152
1115.652, 294.336
1116.135, 198.957
1116.617, 265.422
1117.099, 452.164
1117.581, 473.359
1118.063, 255.926
1118.545, 153.578
1119.027, 201.836
1119.509, 268.512
1119.992, 324.680
1120.474, 343.168
1120.956, 290.578
1121.438, 220.965
1121.920, 270.648
1122.402, 420.277
1122.884, 465.594
1123.366, 416.949
1123.849, 369.344
1124.331, 343.879
1124.813, 371.766
1125.295, 468.355
1125.777, 542.559
1126.259, 469.922
1126.741, 341.215
1127.223, 313.758
1127.705, 346.652
1128.188, 371.180
1128.670, 381.438
1129.152, 395.418
1129.634, 412.793
1130.116, 393.199
1130.598, 291.926
1131.080, 200.734
1131.562, 207.742
1132.044, 228.824
1132.527, 180.270
1133.009, 116.184
1133.491, 127.258
1133.973, 192.242
1134.455, 199.766
1134.937, 106.629
1135.419, 45.594
1135.901, 72.473
1136.384, 93.367
1136.866, 53.613
1137.348, 30.723
1137.830, 93.008
1138.312, 188.105
1138.794, 239.242
1139.276, 245.797
1139.758, 189.984
1140.240, 27.297
1140.723, 26.793
1141.205, 73.840
1141.687, 162.637
1142.169, 178.246
1142.651, 158.762
1143.133, 133.934
1143.615, 115.590
1144.097, 146.543
1144.579, 212.590
1145.062, 228.406
1145.544, 195.598
1146.026, 98.914
1146.508, 39.258
1146.990, 32.285
1147.472, 219.871
1147.954, 465.844
1148.436, 400.590
1148.919, 219.676
1149.401, 138.566
1149.883, 124.793
1150.365, 159.125
1150.847, 211.820
1151.329, 228.172
1151.811, 199.543
1152.293, 171.121
1152.776, 174.145
1153.258, 160.008
1153.740, 54.285
1154.222, 7.414
1154.704, 120.273
1155.186, 273.406
1155.668, 236.914
1156.150, 78.879
1156.632, 77.094
1157.115, 296.660
1157.597, 387.379
1158.079, 286.805
1158.561, 195.676
1159.043, 139.242
1159.525, 109.098
1160.007, 98.977
1160.489, 118.141
1160.971, 187.723
1161.454, 288.113
1161.936, 338.320
1162.418, 341.508
1162.900, 336.066
1163.382, 323.996
1163.864, 295.242
1164.346, 248.207
1164.828, 182.891
1165.311, 92.723
1165.793, 38.191
1166.275, 156.914
1166.757, 300.871
1167.239, 231.492
1167.721, 67.453
1168.203, 17.906
1168.685, 17.531
1169.167, 34.133
1169.650, 122.977
1170.132, 184.750
1170.614, 176.203
1171.096, 157.391
1171.578, 166.367
1172.060, 149.945
1172.542, 41.258
1173.024, 80.289
1173.506, 131.953
1173.989, 118.094
1174.471, 52.883
1174.953, 95.633
1175.435, 142.898
1175.917, 45.539
1176.399, 2.859
1176.881, 45.430
1177.363, 85.578
1177.846, 58.422
1178.328, 9.727
1178.810, 7.891
1179.292, 3.906
1179.774, 69.781
1180.256, 159.203
1180.738, 124.000
1181.220, 8.656
1181.703, 90.758
1182.185, 92.289
1182.667, 77.797
1183.149, 81.398
1183.631, 87.352
1184.113, 58.844
1184.595, 51.828
1185.077, 167.578
1185.559, 285.625
1186.042, 244.992
1186.524, 115.617
1187.006, 69.938
1187.488, 127.602
1187.970, 125.906
1188.452, 30.742
1188.934, 138.125
1189.416, 147.656
1189.898, 153.852
1190.381, 191.781
1190.863, 222.016
1191.345, 209.219
1191.827, 173.281
1192.309, 163.891
1192.791, 177.328
1193.273, 122.570
1193.755, 3.320
1194.238, 68.727
1194.720, 79.141
1195.202, 38.875
1195.684, 45.344
1196.166, 117.203
1196.648, 127.484
1197.130, 114.102
1197.612, 119.195
1198.094, 133.133
1198.577, 142.562
1199.059, 151.414
1199.541, 170.992
1200.023, 196.406
1200.505, 205.406
1200.987, 189.328
1201.469, 190.445
1201.951, 265.617
1202.433, 294.156
1202.916, 190.859
1203.398, 103.906
1203.880, 129.578
1204.362, 172.781
1204.844, 132.508
1205.326, 39.148
1205.808, 2.961
1206.290, 13.523
1206.773, 2.117
1207.255, 49.469
1207.737, 139.844
1208.219, 270.062
1208.701, 296.867
1209.183, 154.969
1209.665, 5.578
1210.147, 44.852
1210.630, 6.367
1211.112, 91.805
1211.594, 194.023
1212.076, 230.016
1212.558, 203.719
1213.040, 103.508
1213.522, 41.391
1214.004, 141.953
1214.486, 167.945
1214.969, 181.203
1215.451, 177.719
1215.933, 197.664
1216.415, 290.016
1216.897, 357.211
1217.379, 342.477
1217.861, 293.250
1218.343, 260.242
1218.825, 235.648
1219.308, 175.320
1219.790, 73.320
1220.272, 94.734
1220.754, 235.820
1221.236, 285.688
1221.718, 215.711
1222.200, 167.508
1222.682, 205.266
1223.165, 288.867
1223.647, 409.242
1224.129, 500.867
1224.611, 460.266
1225.093, 363.898
1225.575, 277.133
1226.057, 214.273
1226.539, 213.773
1227.021, 245.984
1227.504, 189.469
1227.986, 10.430
1228.468, 98.656
1228.950, 91.195
1229.432, 197.102
1229.914, 134.977
1230.396, 63.586
1230.878, 41.312
1231.360, 55.680
1231.843, 108.922
1232.325, 160.078
1232.807, 58.375
1233.289, 158.484
1233.771, 158.492
1234.253, 11.016
1234.735, 119.469
1235.217, 140.406
1235.700, 145.844
1236.182, 160.414
1236.664, 149.117
1237.146, 64.516
1237.628, 0.664
1238.110, 44.039
1238.592, 112.578
1239.074, 155.312
1239.557, 183.492
1240.039, 211.367
1240.521, 236.516
1241.003, 251.938
1241.485, 263.766
1241.967, 268.656
1242.449, 264.398
1242.931, 244.891
1243.413, 208.898
1243.896, 191.422
1244.378, 205.523
1244.860, 215.016
1245.342, 193.844
1245.824, 157.016
1246.306, 118.781
1246.788, 86.078
1247.270, 74.758
1247.752, 77.062
1248.235, 98.969
1248.717, 115.828
1249.199, 58.961
1249.681, 65.102
1250.163, 148.984
1250.645, 163.531
1251.127, 121.508
1251.609, 84.055
1252.092, 186.984
1252.574, 33.414
1253.056, 117.406
1253.538, 122.562
1254.020, 71.461
1254.502, 86.484
1254.984, 146.750
1255.466, 192.258
1255.948, 216.562
1256.431, 121.188
1256.913, 53.516
1257.395, 59.094
1257.877, 101.203
1258.359, 164.547
1258.841, 33.633
1259.323, 78.758
1259.805, 4.664
1260.287, 98.648
1260.770, 90.359
1261.252, 43.484
1261.734, 16.984
1262.216, 71.000
1262.698, 112.336
1263.180, 125.688
1263.662, 87.664
1264.144, 2.953
1264.627, 4.102
1265.109, 147.672
1265.591, 213.109
1266.073, 179.305
1266.555, 134.797
1267.037, 91.945
1267.519, 114.648
1268.001, 236.242
1268.484, 334.430
1268.966, 228.297
1269.448, 80.539
1269.930, 103.438
1270.412, 171.047
1270.894, 123.633
1271.376, 23.727
1271.858, 5.070
1272.340, 22.742
1272.823, 0.000
##END=



