##NAMES=Fluorapatite
##RRUFFID=R050529
##IDEAL CHEMISTRY=Ca_5_(PO_4_)_3_F
##LOCALITY=Limburg de an Lahn, Germany
##OWNER=RRUFF
##SOURCE=University of Arizona Mineral Museum
##DESCRIPTION=Botryoidal aggregate
##STATUS=The identification of this mineral has been confirmed by X-ray diffraction and chemical analysis
##URL=rruff.info/R050529
##MEASURED CHEMISTRY=(Ca_4.68_[box]_0.32_)_Σ=5_((PO_4_)_2.36_(CO_3_)_0.64_)_Σ=3_F_1.00_
150.2309, 0.0000000E+00
150.7131, 0.1460570
151.1952, 0.2099460
151.6773, 1.9012000E-02
152.1594, 2.2049000E-02
152.6415, 0.3375700
153.1236, 0.8576970
153.6058, 1.024368
154.0879, 0.8674470
154.5700, 0.6230160
155.0521, 0.3872070
155.5342, 0.1512910
156.0163, 0.1896820
156.4985, 0.8872530
156.9806, 1.768066
157.4627, 2.455383
157.9448, 2.844864
158.4269, 3.070877
158.9090, 3.368393
159.3912, 3.857849
159.8733, 4.099716
160.3554, 3.704742
160.8375, 3.226685
161.3196, 3.140289
161.8017, 3.661835
162.2839, 4.581711
162.7660, 5.291870
163.2481, 5.659195
163.7302, 5.968964
164.2123, 6.226593
164.6944, 6.469330
165.1766, 6.762634
165.6587, 7.153763
166.1408, 7.604095
166.6229, 7.840317
167.1050, 7.650894
167.5871, 7.483688
168.0693, 7.398926
168.5514, 7.438919
169.0335, 7.635193
169.5156, 8.026230
169.9977, 8.587769
170.4798, 9.059021
170.9620, 9.398346
171.4441, 9.802414
171.9262, 10.25328
172.4083, 10.65433
172.8904, 11.08244
173.3725, 11.55780
173.8547, 11.41530
174.3368, 11.24500
174.8189, 11.71594
175.3010, 12.26158
175.7831, 12.32895
176.2652, 11.88828
176.7474, 11.42261
177.2295, 11.30452
177.7116, 11.44215
178.1937, 11.62900
178.6758, 11.95055
179.1579, 12.25250
179.6401, 12.31027
180.1222, 12.10243
180.6043, 11.69705
181.0864, 10.95105
181.5685, 10.06197
182.0506, 9.378082
182.5328, 9.183685
183.0149, 9.296616
183.4970, 9.143768
183.9791, 8.641830
184.4612, 7.969101
184.9433, 7.178604
185.4255, 6.308121
185.9076, 5.403839
186.3897, 4.463226
186.8718, 3.502655
187.3539, 2.725098
187.8360, 2.249435
188.3182, 1.851158
188.8003, 1.534599
189.2824, 1.245743
189.7645, 0.8848040
190.2466, 0.3528290
190.7287, 0.3662190
191.2109, 0.9237290
191.6930, 1.321785
192.1751, 1.565186
192.6572, 1.586136
193.1393, 1.436638
193.6214, 1.216400
194.1036, 0.9852830
194.5857, 0.7044680
195.0678, 0.7635120
195.5499, 1.657112
196.0320, 2.371231
196.5141, 2.311089
196.9963, 1.560753
197.4784, 0.6474610
197.9605, 4.6394002E-02
198.4426, 0.1921080
198.9247, 0.3950650
199.4068, 0.4632570
199.8890, 0.5704350
200.3711, 0.8232040
200.8532, 1.232224
201.3353, 1.763977
201.8174, 2.435104
202.2995, 3.251701
202.7817, 3.921684
203.2638, 4.350105
203.7459, 4.679428
204.2280, 5.012817
204.7101, 5.359695
205.1922, 5.760880
205.6744, 6.277023
206.1565, 6.891350
206.6386, 7.523216
207.1207, 8.339455
207.6028, 9.096848
208.0849, 9.408081
208.5671, 9.021721
209.0492, 8.673195
209.5313, 9.167992
210.0134, 10.16360
210.4955, 10.92242
210.9776, 11.02802
211.4598, 10.72899
211.9419, 10.56747
212.4240, 10.57752
212.9061, 10.67707
213.3882, 10.89365
213.8703, 11.15386
214.3525, 11.31324
214.8346, 11.23814
215.3167, 11.00166
215.7988, 10.89264
216.2809, 11.02769
216.7630, 11.10664
217.2451, 10.87425
217.7273, 10.51470
218.2094, 10.35555
218.6915, 10.64085
219.1736, 11.29117
219.6557, 11.82924
220.1378, 12.15906
220.6200, 12.48355
221.1021, 12.84712
221.5842, 13.24954
222.0663, 13.69572
222.5484, 14.20207
223.0305, 14.75423
223.5127, 15.20801
223.9948, 15.28568
224.4769, 15.56427
224.9590, 16.30415
225.4411, 17.31806
225.9232, 18.29135
226.4054, 19.02022
226.8875, 19.51859
227.3696, 19.98356
227.8517, 20.32146
228.3338, 20.72192
228.8159, 21.27093
229.2981, 21.90735
229.7802, 22.52710
230.2623, 23.06920
230.7444, 23.53448
231.2265, 23.91985
231.7086, 24.23749
232.1908, 24.47569
232.6729, 24.56796
233.1550, 24.57909
233.6371, 24.65416
234.1192, 24.90125
234.6013, 25.26997
235.0835, 25.36477
235.5656, 24.97477
236.0477, 24.59898
236.5298, 24.35990
237.0119, 24.24532
237.4940, 24.23791
237.9762, 24.35672
238.4583, 24.54613
238.9404, 24.54025
239.4225, 24.26871
239.9046, 23.92721
240.3867, 23.55838
240.8689, 23.16816
241.3510, 22.75829
241.8331, 22.30554
242.3152, 21.86222
242.7973, 21.58243
243.2794, 21.56596
243.7616, 21.52692
244.2437, 21.23917
244.7258, 20.81180
245.2079, 20.61156
245.6900, 20.88057
246.1721, 21.35587
246.6543, 21.50058
247.1364, 21.25089
247.6185, 20.89766
248.1006, 20.44647
248.5827, 19.94618
249.0648, 19.68289
249.5470, 19.82458
250.0291, 20.20714
250.5112, 20.60263
250.9933, 21.04699
251.4754, 21.39162
251.9576, 21.43201
252.4397, 21.26633
252.9218, 21.32870
253.4039, 21.82596
253.8860, 22.37003
254.3681, 22.51318
254.8503, 22.30044
255.3324, 22.21532
255.8145, 22.62587
256.2966, 23.39988
256.7787, 23.97142
257.2608, 24.04463
257.7430, 24.15977
258.2251, 24.84528
258.7072, 26.01829
259.1893, 27.11792
259.6714, 27.68674
260.1535, 27.83775
260.6357, 28.21350
261.1178, 28.97850
261.5999, 29.84351
262.0820, 30.68013
262.5641, 31.46822
263.0462, 32.14971
263.5284, 32.65117
264.0105, 32.99870
264.4926, 33.34329
264.9747, 33.62234
265.4568, 33.99654
265.9389, 34.58299
266.4211, 35.30592
266.9032, 36.00904
267.3853, 36.59107
267.8674, 37.07930
268.3495, 37.61259
268.8316, 38.29288
269.3138, 38.85158
269.7959, 39.12854
270.2780, 39.25238
270.7601, 39.42973
271.2422, 39.80118
271.7243, 40.26901
272.2065, 40.47503
272.6886, 40.19093
273.1707, 40.03053
273.6528, 40.20262
274.1349, 40.55312
274.6170, 40.94549
275.0992, 41.33746
275.5813, 41.65804
276.0634, 41.71768
276.5455, 41.41456
277.0276, 41.02280
277.5097, 40.43133
277.9919, 39.87195
278.4740, 39.61378
278.9561, 39.74792
279.4382, 40.04705
279.9203, 40.05042
280.4024, 39.52254
280.8846, 39.20644
281.3667, 39.38589
281.8488, 39.63649
282.3309, 39.61397
282.8130, 39.24612
283.2951, 38.74763
283.7773, 38.43068
284.2594, 38.35313
284.7415, 38.33305
285.2236, 38.55970
285.7057, 38.70604
286.1878, 38.51555
286.6700, 37.99247
287.1521, 37.36777
287.6342, 36.90991
288.1163, 36.67413
288.5984, 36.31549
289.0805, 35.66533
289.5627, 35.07625
290.0448, 34.76923
290.5269, 34.69838
291.0090, 34.64804
291.4911, 34.40747
291.9732, 33.95235
292.4554, 33.62526
292.9375, 33.64333
293.4196, 33.56636
293.9017, 33.22235
294.3838, 32.66350
294.8659, 32.01838
295.3481, 31.37034
295.8302, 30.71490
296.3123, 30.08766
296.7944, 29.36402
297.2765, 28.85626
297.7586, 28.71822
298.2408, 28.80584
298.7229, 28.93034
299.2050, 28.99374
299.6871, 29.00220
300.1692, 28.97903
300.6513, 29.01025
301.1335, 28.91940
301.6156, 28.61053
302.0977, 28.21430
302.5798, 27.84472
303.0619, 27.55220
303.5440, 27.35288
304.0262, 27.27571
304.5083, 27.40310
304.9904, 27.50000
305.4725, 27.53797
305.9546, 27.58977
306.4367, 27.73799
306.9189, 27.97400
307.4010, 28.17068
307.8831, 28.14561
308.3652, 27.74531
308.8473, 27.59827
309.3294, 27.94283
309.8116, 28.26983
310.2937, 28.23550
310.7758, 27.86662
311.2579, 27.43364
311.7400, 27.21037
312.2221, 27.23953
312.7043, 27.15702
313.1864, 26.97248
313.6685, 26.68785
314.1506, 26.23505
314.6327, 25.66685
315.1148, 25.12144
315.5970, 24.70771
316.0791, 24.41284
316.5612, 24.04500
317.0433, 23.73978
317.5254, 23.20923
318.0075, 22.22725
318.4897, 21.01022
318.9718, 19.85789
319.4539, 18.92274
319.9360, 18.18864
320.4181, 17.59798
320.9002, 17.49883
321.3824, 17.10158
321.8645, 16.16270
322.3466, 15.01305
322.8287, 13.93514
323.3108, 13.04117
323.7929, 12.29766
324.2751, 11.67857
324.7572, 11.34846
325.2393, 10.81088
325.7214, 9.835701
326.2035, 8.846756
326.6856, 8.150986
327.1678, 7.769371
327.6499, 7.487740
328.1320, 7.054657
328.6141, 6.395729
329.0962, 5.959274
329.5783, 5.971336
330.0605, 5.959007
330.5426, 5.723831
331.0247, 5.290703
331.5068, 4.768913
331.9889, 4.224747
332.4710, 3.666069
332.9532, 3.224380
333.4353, 3.037628
333.9174, 2.818962
334.3995, 2.398117
334.8816, 1.941521
335.3637, 1.729523
335.8459, 1.913811
336.3280, 2.326561
336.8101, 2.466461
337.2922, 2.176323
337.7743, 1.820679
338.2564, 1.308861
338.7386, 0.8150940
339.2206, 0.5184330
339.7028, 0.4564290
340.1849, 0.5054780
340.6670, 0.4925160
341.1491, 0.4333500
341.6312, 0.2656100
342.1133, 0.1640320
342.5955, 0.5599290
343.0776, 0.7261050
343.5597, 0.6836090
344.0418, 0.6080470
344.5239, 0.6864930
345.0060, 0.9384080
345.4882, 1.002998
345.9703, 0.5971530
346.4524, 0.2718350
346.9345, 0.2078630
347.4166, 0.3283390
347.8987, 0.4847640
348.3809, 0.5907970
348.8630, 0.6563260
349.3451, 0.7174910
349.8272, 0.7852780
350.3093, 0.8329010
350.7914, 0.8670880
351.2736, 0.8771970
351.7557, 0.8527150
352.2378, 0.7905580
352.7199, 0.6921310
353.2020, 0.5282970
353.6841, 0.2255860
354.1663, 8.7471001E-02
354.6484, 0.3400190
355.1305, 0.6149220
355.6126, 0.6939540
356.0947, 0.5648960
356.5768, 0.3579940
357.0590, 0.1641010
357.5411, 2.0287000E-02
358.0232, 0.1035770
358.5053, 2.8411999E-02
358.9874, 9.2681997E-02
359.4695, 0.2254870
359.9517, 0.3648530
360.4338, 0.5128170
360.9159, 0.6945110
361.3980, 0.8694840
361.8801, 0.8870010
362.3622, 0.6379700
362.8444, 0.4728160
363.3265, 0.6347200
363.8086, 0.8847890
364.2907, 0.9524990
364.7728, 0.7370910
365.2549, 0.4395290
365.7371, 0.3576050
366.2192, 0.5285030
366.7013, 0.5694270
367.1834, 0.2868730
367.6655, 7.6270998E-02
368.1476, 0.3788760
368.6298, 0.6068570
369.1119, 0.7325440
369.5940, 0.6908490
370.0761, 0.5170060
370.5582, 0.3660350
371.0403, 0.2176740
371.5225, 0.1588210
372.0046, 0.3076780
372.4867, 0.5849150
372.9688, 0.8105320
373.4509, 0.9178160
373.9330, 0.9350050
374.4152, 0.8226010
374.8973, 0.5420380
375.3794, 0.4750440
375.8615, 0.9952240
376.3436, 1.766449
376.8257, 2.271675
377.3079, 2.400879
377.7900, 2.422806
378.2721, 2.489372
378.7542, 2.601471
379.2363, 2.776611
379.7184, 3.050629
380.2006, 3.338799
380.6827, 3.535294
381.1648, 3.644890
381.6469, 3.714882
382.1290, 3.628380
382.6111, 3.564583
383.0933, 3.870071
383.5754, 4.605598
384.0575, 5.290627
384.5396, 5.521873
385.0217, 5.335266
385.5038, 5.191544
385.9860, 5.041763
386.4681, 4.994705
386.9502, 5.213676
387.4323, 5.613136
387.9144, 5.885078
388.3965, 5.854225
388.8787, 5.650810
389.3608, 5.609718
389.8429, 5.715523
390.3250, 5.965889
390.8071, 6.535774
391.2892, 7.174515
391.7714, 7.525146
392.2535, 7.515617
392.7356, 7.440300
393.2177, 7.664139
393.6998, 8.288414
394.1819, 8.721771
394.6641, 8.809898
395.1462, 8.861290
395.6283, 9.089798
396.1104, 9.437592
396.5925, 9.681549
397.0746, 9.660713
397.5568, 9.443626
398.0389, 9.410065
398.5210, 9.683441
399.0031, 9.999290
399.4852, 10.33657
399.9673, 10.69239
400.4495, 11.09916
400.9316, 11.57121
401.4137, 12.00986
401.8958, 12.20773
402.3779, 11.95438
402.8600, 11.99536
403.3422, 12.43713
403.8243, 13.08241
404.3064, 13.90315
404.7885, 14.81714
405.2706, 15.68281
405.7527, 16.37893
406.2349, 16.94074
406.7170, 17.59315
407.1991, 18.33822
407.6812, 19.17907
408.1633, 20.07742
408.6454, 21.07713
409.1276, 22.26663
409.6097, 23.68076
410.0918, 25.17300
410.5739, 26.47408
411.0560, 27.49584
411.5381, 28.80972
412.0203, 30.67480
412.5024, 32.67771
412.9845, 34.63132
413.4666, 36.52969
413.9487, 38.41524
414.4308, 40.25604
414.9130, 42.09098
415.3951, 44.05095
415.8772, 46.09974
416.3593, 48.33390
416.8414, 50.89913
417.3235, 53.65537
417.8057, 56.41968
418.2878, 59.10698
418.7699, 61.87624
419.2520, 64.81349
419.7341, 67.95026
420.2162, 71.55741
420.6984, 75.80750
421.1805, 80.39360
421.6626, 84.77043
422.1447, 88.95513
422.6268, 93.69453
423.1089, 99.54803
423.5911, 105.9645
424.0732, 112.2084
424.5553, 118.1824
425.0374, 124.3161
425.5195, 130.9185
426.0016, 137.9357
426.4838, 144.9438
426.9659, 152.3503
427.4480, 159.3157
427.9301, 165.6167
428.4122, 171.1738
428.8943, 175.7233
429.3765, 179.1603
429.8586, 181.7732
430.3407, 184.1070
430.8228, 186.6758
431.3049, 187.5804
431.7870, 186.2254
432.2692, 183.6378
432.7513, 180.3571
433.2334, 176.5353
433.7155, 172.1817
434.1976, 167.2563
434.6797, 161.8202
435.1619, 156.6474
435.6440, 151.7612
436.1261, 147.1068
436.6082, 142.6119
437.0903, 138.3779
437.5724, 134.4981
438.0546, 131.0176
438.5367, 127.8859
439.0188, 125.0465
439.5009, 122.5365
439.9830, 120.2065
440.4651, 117.7932
440.9473, 115.7787
441.4294, 114.4949
441.9115, 113.8255
442.3936, 113.4408
442.8757, 113.1812
443.3578, 113.0112
443.8400, 112.8559
444.3221, 112.8013
444.8042, 112.5404
445.2863, 111.9576
445.7684, 111.1235
446.2505, 110.0667
446.7327, 108.7790
447.2148, 107.3536
447.6969, 105.9218
448.1790, 104.4582
448.6611, 102.7698
449.1432, 100.7935
449.6254, 98.66952
450.1075, 96.52538
450.5896, 94.33294
451.0717, 91.96173
451.5538, 89.24398
452.0359, 86.43670
452.5181, 83.89764
453.0002, 81.55631
453.4823, 78.90798
453.9644, 75.61697
454.4465, 72.00999
454.9286, 68.84039
455.4108, 66.23706
455.8929, 63.64632
456.3750, 60.78717
456.8571, 57.93685
457.3392, 55.45040
457.8214, 53.37656
458.3035, 51.42348
458.7856, 49.30505
459.2677, 47.00425
459.7498, 44.85830
460.2319, 42.84978
460.7141, 40.97922
461.1962, 39.27816
461.6783, 37.68156
462.1604, 36.17318
462.6425, 34.75569
463.1246, 33.35223
463.6068, 31.73862
464.0889, 29.63651
464.5710, 28.01951
465.0531, 27.38980
465.5352, 26.77801
466.0173, 25.61622
466.4995, 24.05663
466.9816, 22.61048
467.4637, 21.60202
467.9458, 20.93546
468.4279, 20.34016
468.9100, 19.89653
469.3922, 19.32870
469.8743, 18.28214
470.3564, 17.19032
470.8385, 16.51423
471.3206, 16.31015
471.8027, 16.02225
472.2849, 15.05518
472.7670, 13.63780
473.2491, 12.63840
473.7312, 12.22216
474.2133, 11.92891
474.6954, 11.46319
475.1776, 10.87313
475.6597, 10.25636
476.1418, 9.514267
476.6239, 8.893265
477.1060, 8.687172
477.5881, 8.754868
478.0703, 8.659431
478.5524, 8.244347
479.0345, 7.666321
479.5166, 7.144897
479.9987, 6.694832
480.4808, 6.229767
480.9630, 5.633400
481.4451, 5.114143
481.9272, 4.903595
482.4093, 4.913826
482.8914, 4.824402
483.3735, 4.423912
483.8557, 3.836975
484.3378, 3.514259
484.8199, 3.790245
485.3020, 3.855988
485.7841, 3.451447
486.2662, 2.994835
486.7484, 2.847992
487.2305, 3.018974
487.7126, 3.245255
488.1947, 3.309242
488.6768, 3.212730
489.1589, 2.985466
489.6411, 2.512436
490.1232, 2.088692
490.6053, 1.800591
491.0874, 1.605293
491.5695, 1.453339
492.0516, 1.329872
492.5338, 1.265053
493.0159, 1.344925
493.4980, 1.543571
493.9801, 1.620148
494.4622, 1.518410
494.9443, 1.331558
495.4265, 1.086174
495.9086, 0.8119580
496.3907, 0.6028370
496.8728, 0.5115200
497.3549, 0.4664990
497.8370, 0.3862840
498.3192, 0.2966310
498.8013, 0.3245620
499.2834, 0.5519710
499.7655, 0.8208920
500.2476, 0.8509520
500.7297, 0.5432360
501.2119, 0.3519360
501.6940, 0.4526140
502.1761, 0.5561680
502.6582, 0.3974760
503.1403, 4.7012001E-02
503.6224, 0.2249450
504.1045, 0.2465970
504.5866, 7.7255003E-02
505.0688, 7.6926999E-02
505.5509, 0.2983470
506.0330, 0.3640140
506.5151, 0.1231610
506.9972, 0.1596300
507.4793, 0.3121220
507.9615, 0.3110620
508.4436, 0.2006070
508.9257, 2.9972000E-02
509.4078, 0.3407060
509.8899, 0.4625970
510.3720, 0.3121640
510.8542, 0.1543350
511.3363, 0.1116830
511.8184, 9.8361999E-02
512.3005, 6.5000001E-03
512.7827, 0.1942600
513.2648, 0.3499950
513.7469, 0.2579880
514.2290, 3.0990999E-02
514.7111, 3.4713998E-02
515.1932, 0.3565830
515.6754, 0.7130390
516.1575, 0.9047200
516.6396, 0.9473150
517.1217, 0.9505500
517.6038, 0.9473080
518.0859, 0.8698200
518.5681, 0.5549050
519.0502, 0.1783870
519.5323, 0.1008030
520.0144, 0.4177020
520.4965, 0.8114660
520.9786, 0.8824920
521.4608, 0.5576780
521.9429, 0.3521730
522.4250, 0.4036520
522.9071, 0.4032860
523.3892, 0.2025680
523.8713, 0.1101760
524.3535, 0.4359820
524.8356, 0.7297100
525.3177, 0.9063190
525.7998, 0.7447430
526.2819, 0.1250270
526.7640, 0.2266200
527.2462, 6.1268002E-02
527.7283, 0.1754880
528.2104, 0.3255390
528.6925, 0.3774570
529.1746, 0.3127980
529.6567, 6.7890003E-02
530.1389, 0.2072720
530.6210, 0.3050000
531.1031, 0.2329750
531.5852, 0.1201780
532.0673, 1.5579000E-02
532.5494, 0.1493490
533.0316, 0.2485730
533.5137, 0.3156390
533.9958, 0.3741650
534.4779, 0.4019010
534.9600, 0.4448970
535.4421, 0.5993730
535.9243, 0.8098750
536.4064, 0.8686750
536.8885, 0.6599080
537.3706, 0.3307530
537.8527, 0.1993640
538.3348, 0.4091300
538.8170, 0.5333790
539.2991, 0.4499820
539.7812, 0.3970950
540.2633, 0.5656050
540.7454, 0.8854520
541.2275, 1.133514
541.7097, 1.158215
542.1918, 1.075310
542.6739, 1.207230
543.1560, 1.633259
543.6381, 2.023895
544.1202, 2.332092
544.6024, 2.567951
545.0845, 2.713821
545.5666, 2.783535
546.0487, 2.837646
546.5308, 2.880966
547.0129, 2.942535
547.4951, 3.096161
547.9772, 3.338596
548.4593, 3.525902
548.9414, 3.577873
549.4235, 3.566479
549.9056, 3.597527
550.3878, 3.646671
550.8699, 3.828243
551.3520, 4.279644
551.8341, 4.782574
552.3162, 5.177845
552.7983, 5.460140
553.2805, 5.649780
553.7626, 5.744549
554.2447, 5.814861
554.7268, 6.081360
555.2089, 6.757744
555.6910, 7.246841
556.1732, 7.304070
556.6553, 7.391392
557.1374, 7.838543
557.6195, 8.580357
558.1016, 9.324966
558.5837, 9.880508
559.0659, 10.33897
559.5480, 10.88540
560.0301, 11.49988
560.5122, 12.32370
560.9943, 13.54342
561.4764, 14.84028
561.9586, 15.92212
562.4407, 16.80320
562.9228, 17.62939
563.4049, 18.28235
563.8870, 19.02374
564.3691, 20.16341
564.8513, 21.65479
565.3334, 23.28596
565.8155, 25.00928
566.2976, 26.71651
566.7797, 28.18485
567.2618, 29.20805
567.7440, 30.43841
568.2261, 32.00573
568.7082, 33.64897
569.1903, 35.17846
569.6724, 36.66275
570.1545, 38.28662
570.6367, 40.12563
571.1188, 42.19524
571.6009, 44.49429
572.0830, 47.01249
572.5651, 49.90393
573.0472, 53.37717
573.5294, 57.01437
574.0115, 60.56157
574.4936, 64.11659
574.9757, 67.91274
575.4578, 72.03535
575.9399, 76.46130
576.4221, 81.19898
576.9042, 86.22935
577.3863, 91.53577
577.8684, 97.15360
578.3505, 102.8254
578.8326, 108.4630
579.3148, 114.1255
579.7969, 118.5616
580.2790, 121.7522
580.7611, 123.6445
581.2432, 124.2880
581.7253, 123.6317
582.2075, 121.2834
582.6896, 117.1939
583.1717, 112.2525
583.6538, 107.5360
584.1359, 102.9235
584.6180, 99.37817
585.1002, 97.08254
585.5823, 95.76068
586.0643, 95.55279
586.5464, 96.11857
587.0286, 97.00161
587.5107, 98.05911
587.9928, 99.57085
588.4749, 102.2734
588.9570, 105.7451
589.4391, 108.3493
589.9213, 109.9250
590.4034, 110.6434
590.8855, 110.6694
591.3676, 109.8494
591.8497, 107.9239
592.3318, 104.6407
592.8140, 100.6974
593.2961, 95.60336
593.7782, 90.36893
594.2603, 86.74948
594.7424, 84.55617
595.2245, 81.33725
595.7067, 74.91013
596.1888, 66.07337
596.6709, 59.42336
597.1530, 55.80257
597.6351, 53.00401
598.1172, 50.92801
598.5994, 49.28930
599.0815, 47.87818
599.5636, 46.70390
600.0457, 45.83520
600.5278, 45.32300
601.0099, 44.80004
601.4921, 44.44731
601.9742, 43.88306
602.4563, 43.12833
602.9384, 40.98602
603.4205, 40.56110
603.9026, 39.81207
604.3848, 38.75726
604.8669, 36.42645
605.3490, 35.78629
605.8311, 34.49284
606.3132, 33.18865
606.7953, 32.83478
607.2775, 30.78052
607.7596, 30.45147
608.2417, 29.46049
608.7238, 28.79631
609.2059, 27.47481
609.6880, 26.37800
610.1702, 25.97320
610.6523, 25.23932
611.1344, 23.91280
611.6165, 23.37476
612.0986, 21.47546
612.5807, 20.81432
613.0629, 20.68390
613.5450, 19.48100
614.0271, 19.04688
614.5092, 18.34281
614.9913, 16.35986
615.4734, 16.65233
615.9556, 15.98507
616.4377, 14.33273
616.9198, 14.59966
617.4019, 13.12036
617.8840, 12.28857
618.3661, 11.94835
618.8483, 11.13202
619.3304, 11.11254
619.8125, 10.36082
620.2946, 9.560013
620.7767, 9.069656
621.2589, 7.768219
621.7410, 8.022408
622.2231, 7.244293
622.7052, 7.006130
623.1873, 6.904289
623.6694, 5.914410
624.1516, 5.901596
624.6337, 4.419231
625.1158, 4.199581
625.5979, 3.863750
626.0800, 4.341442
626.5621, 3.388954
627.0443, 2.853897
627.5264, 2.544281
628.0085, 2.527367
628.4906, 2.606846
628.9727, 2.619076
629.4548, 2.563641
629.9370, 2.350571
630.4191, 1.710178
630.9012, 1.276405
631.3833, 1.364613
631.8654, 1.621117
632.3475, 1.668613
632.8297, 1.462048
633.3118, 1.206348
633.7939, 1.062809
634.2760, 1.020168
634.7581, 1.065056
635.2402, 1.240826
635.7224, 1.319126
636.2045, 1.035660
636.6866, 0.8029590
637.1687, 1.160599
637.6508, 2.068584
638.1329, 2.742138
638.6151, 2.834316
639.0972, 2.687035
639.5793, 2.512432
640.0614, 2.332291
640.5435, 2.187088
641.0256, 2.092209
641.5078, 1.989712
641.9899, 1.802479
642.4720, 1.523365
642.9541, 1.217518
643.4362, 0.8078160
643.9183, 0.4630430
644.4005, 0.2541890
644.8826, 0.1129300
645.3647, 7.2521001E-02
645.8468, 0.3117750
646.3289, 0.4371110
646.8110, 0.2311710
647.2932, 0.1763460
647.7753, 0.4714510
648.2574, 0.6439550
648.7395, 0.7527350
649.2216, 0.8249630
649.7037, 0.8452870
650.1859, 0.7704960
650.6680, 0.5737000
651.1501, 0.4079900
651.6322, 0.2779010
652.1143, 0.1876950
652.5964, 0.2012480
653.0786, 0.2426490
653.5607, 0.1656040
654.0428, 8.1202999E-02
654.5249, 0.4002950
655.0070, 0.7275620
655.4891, 1.075630
655.9713, 1.028023
656.4534, 0.3052670
656.9355, 0.2706910
657.4176, 0.1043780
657.8997, 0.3324580
658.3818, 0.4916190
658.8640, 0.2927090
659.3461, 2.2938000E-02
659.8282, 0.2927210
660.3103, 0.5448380
660.7924, 0.5659070
661.2745, 0.3952900
661.7567, 0.2131040
662.2388, 0.1009600
662.7209, 7.0060998E-02
663.2030, 0.1647380
663.6851, 0.4824220
664.1672, 0.6059530
664.6494, 0.2956160
665.1315, 4.9075998E-02
665.6136, 3.3950999E-02
666.0957, 0.1831400
666.5778, 0.4294620
667.0599, 0.7608990
667.5421, 1.042824
668.0242, 0.2966040
668.5063, 0.1854900
668.9884, 0.4725840
669.4705, 0.5751300
669.9526, 5.9315000E-02
670.4348, 0.2576480
670.9169, 0.1931530
671.3990, 0.1129340
671.8811, 0.5233990
672.3632, 0.1699680
672.8453, 0.2775690
673.3275, 0.4920270
673.8096, 0.6349640
674.2917, 0.7439270
674.7738, 0.9481050
675.2559, 1.293400
675.7380, 1.609707
676.2202, 1.643616
676.7023, 1.427170
677.1844, 1.266380
677.6665, 1.147972
678.1486, 1.176582
678.6307, 1.505276
679.1129, 1.960464
679.5950, 2.223301
680.0771, 2.282368
680.5592, 2.222134
681.0413, 1.836781
681.5234, 1.534870
682.0056, 1.694122
682.4877, 2.191277
682.9698, 2.702988
683.4519, 3.089191
683.9340, 3.417480
684.4161, 3.805038
684.8983, 4.265579
685.3804, 4.589931
685.8625, 4.621647
686.3446, 4.786926
686.8267, 5.515568
687.3088, 6.367298
687.7910, 6.724289
688.2731, 6.497715
688.7552, 6.354572
689.2373, 6.744984
689.7194, 7.250225
690.2015, 7.426544
690.6837, 7.316261
691.1658, 7.130211
691.6479, 6.953793
692.1300, 6.786140
692.6121, 6.657520
693.0942, 6.621044
693.5764, 6.228840
694.0585, 5.012188
694.5406, 4.075191
695.0227, 3.933552
695.5048, 4.085823
695.9869, 4.001854
696.4691, 3.605751
696.9512, 3.178391
697.4333, 2.826405
697.9154, 2.547623
698.3975, 2.367416
698.8796, 2.298042
699.3618, 2.294067
699.8439, 2.341442
700.3260, 2.438316
700.8081, 2.613113
701.2902, 2.875111
701.7723, 2.990456
702.2545, 2.812359
702.7366, 2.684917
703.2187, 2.684284
703.7008, 2.739677
704.1829, 2.809734
704.6650, 2.903698
705.1472, 3.008984
705.6293, 3.089020
706.1114, 3.166389
706.5935, 3.267105
707.0756, 3.394310
707.5577, 3.593483
708.0399, 3.897629
708.5220, 4.147652
709.0041, 4.121788
709.4862, 3.820141
709.9683, 3.868317
710.4504, 4.672260
710.9326, 5.245316
711.4147, 5.246735
711.8968, 5.084522
712.3789, 5.109192
712.8610, 5.310120
713.3431, 5.437870
713.8253, 5.336914
714.3074, 5.199425
714.7895, 5.287731
715.2716, 5.534660
715.7537, 5.586689
716.2358, 5.372257
716.7180, 5.079376
717.2001, 4.826927
717.6822, 4.607185
718.1643, 4.441422
718.6464, 4.386417
719.1285, 4.301956
719.6107, 4.161961
720.0928, 4.000843
720.5749, 3.837696
721.0570, 3.679295
721.5391, 3.518982
722.0212, 3.350163
722.5034, 3.181423
722.9855, 3.036446
723.4676, 2.908653
723.9497, 2.763195
724.4318, 2.598270
724.9139, 2.381229
725.3961, 2.045151
725.8782, 1.648834
726.3603, 1.493587
726.8424, 1.665722
727.3245, 1.797539
727.8066, 1.818531
728.2888, 1.845371
728.7709, 1.992443
729.2530, 2.154388
729.7351, 2.117420
730.2172, 1.809025
730.6993, 1.451603
731.1815, 1.278412
731.6636, 1.252693
732.1457, 1.242191
732.6278, 1.243359
733.1099, 1.276619
733.5920, 1.376183
734.0742, 1.469337
734.5563, 1.442619
735.0384, 1.258595
735.5205, 1.147984
736.0026, 1.210316
736.4847, 1.231194
736.9669, 1.102776
737.4490, 0.9067080
737.9311, 0.7345200
738.4132, 0.6060450
738.8953, 0.4858280
739.3774, 0.3002780
739.8596, 0.1438260
740.3417, 0.3149950
740.8238, 0.7806700
741.3059, 0.9506760
741.7880, 0.6014480
742.2701, 0.1794590
742.7523, 0.1491660
743.2344, 0.4711990
743.7165, 0.5414890
744.1986, 6.1070002E-03
744.6807, 0.2798770
745.1628, 0.1218800
745.6450, 0.5946160
746.1271, 0.6259500
746.6092, 0.3139720
747.0913, 6.4335003E-02
747.5734, 7.1239002E-02
748.0555, 0.2246210
748.5377, 0.4778400
749.0198, 0.7712940
749.5019, 0.8378640
749.9840, 0.6369400
750.4661, 0.4205820
750.9482, 0.3260120
751.4304, 0.3374140
751.9125, 0.4317550
752.3946, 0.7326550
752.8767, 0.8170890
753.3588, 0.5514910
753.8409, 0.2353480
754.3231, 0.1649320
754.8052, 0.4705660
755.2873, 0.3478970
755.7694, 0.2604710
756.2515, 0.7905240
756.7336, 0.7554700
757.2158, 0.4014930
757.6979, 5.5080000E-02
758.1800, 0.2494700
758.6621, 0.3303180
759.1442, 0.1048580
759.6263, 0.1814120
760.1085, 0.2184220
760.5906, 4.9319998E-03
761.0727, 7.3509999E-03
761.5548, 0.4087830
762.0369, 0.6889230
762.5190, 0.7116780
763.0012, 0.6080280
763.4833, 0.4142570
763.9654, 0.1742170
764.4475, 5.0349999E-03
764.9296, 3.7430000E-02
765.4117, 1.2161000E-02
765.8939, 0.1181560
766.3760, 0.2531890
766.8581, 0.1211930
767.3402, 0.2634200
767.8223, 0.5014530
768.3044, 0.3220980
768.7866, 9.7622000E-02
769.2687, 0.3125150
769.7508, 0.2724150
770.2329, 0.2091060
770.7150, 8.9236997E-02
771.1971, 9.3500002E-04
771.6793, 2.8309999E-03
772.1614, 4.0461998E-02
772.6435, 9.1605999E-02
773.1256, 0.1497840
773.6077, 0.1795920
774.0898, 0.1189120
774.5720, 6.7988999E-02
775.0541, 0.1655310
775.5362, 0.3226660
776.0183, 0.3244900
776.5004, 0.1244130
776.9825, 8.1340998E-02
777.4647, 7.8925997E-02
777.9468, 8.1202999E-02
778.4289, 0.1317900
778.9110, 4.2778000E-02
779.3931, 9.1779996E-03
779.8752, 9.1503002E-02
780.3574, 0.2219890
780.8395, 0.3974990
781.3216, 0.5830610
781.8037, 0.5899310
782.2858, 0.2311520
782.7679, 4.5329999E-02
783.2501, 0.1083030
783.7322, 6.6303000E-02
784.2143, 3.3813000E-02
784.6964, 0.1569060
785.1785, 0.2457660
785.6606, 0.2733190
786.1428, 0.2834210
786.6249, 0.3303990
787.1070, 0.4065740
787.5891, 0.4881670
788.0712, 0.5744250
788.5533, 0.6475940
789.0355, 0.7171670
789.5176, 0.7250370
789.9997, 0.5527150
790.4818, 0.1419330
790.9639, 8.3111003E-02
791.4460, 3.0331001E-02
791.9282, 8.1894003E-02
792.4103, 0.3009300
792.8924, 0.4901430
793.3745, 0.4529570
793.8566, 0.2411840
794.3387, 0.1786800
794.8209, 0.5014460
795.3030, 0.9173240
795.7851, 1.147434
796.2672, 1.255470
796.7493, 1.374363
797.2314, 1.523838
797.7136, 1.672062
798.1957, 1.805183
798.6778, 1.907963
799.1599, 1.917679
799.6420, 1.783695
800.1241, 1.767101
800.6063, 1.985313
801.0884, 2.150894
801.5705, 2.003120
802.0526, 1.784630
802.5347, 1.806686
803.0168, 2.142548
803.4990, 2.486954
803.9811, 2.802872
804.4632, 3.050949
804.9453, 3.191219
805.4274, 3.255531
805.9095, 3.287403
806.3917, 3.296043
806.8738, 3.267632
807.3559, 3.182590
807.8380, 3.065235
808.3201, 2.932240
808.8022, 2.790894
809.2844, 2.894329
809.7665, 3.375168
810.2486, 3.683212
810.7307, 3.368011
811.2128, 2.636738
811.6949, 2.130852
812.1771, 1.921051
812.6592, 1.766167
813.1413, 1.685814
813.6234, 1.709713
814.1055, 1.936989
814.5876, 2.193031
815.0698, 2.205009
815.5519, 1.936573
816.0340, 1.678913
816.5161, 1.682205
816.9982, 1.793110
817.4803, 1.749462
817.9625, 1.640549
818.4446, 1.782032
818.9267, 2.231483
819.4088, 2.663540
819.8909, 2.786232
820.3730, 2.686169
820.8552, 2.693054
821.3373, 2.864910
821.8194, 2.866379
822.3015, 2.541805
822.7836, 2.241638
823.2657, 2.214668
823.7479, 2.355556
824.2300, 2.449730
824.7121, 2.466419
825.1942, 2.439999
825.6763, 2.370796
826.1584, 2.321877
826.6406, 2.379681
827.1227, 2.434788
827.6048, 2.324787
828.0869, 2.040329
828.5690, 1.757679
829.0511, 1.623550
829.5333, 1.562263
830.0154, 1.381363
830.4975, 1.141842
830.9796, 1.187817
831.4617, 1.594780
831.9438, 2.030842
832.4260, 2.251434
832.9081, 2.284969
833.3902, 2.294621
833.8723, 2.313118
834.3544, 2.229588
834.8365, 1.901894
835.3187, 1.639961
835.8008, 1.549599
836.2829, 1.625126
836.7650, 1.901920
837.2471, 2.351536
837.7292, 2.600689
838.2114, 2.450493
838.6935, 2.206535
839.1756, 1.975117
839.6577, 1.844597
840.1398, 1.889675
840.6219, 2.079185
841.1041, 2.132339
841.5862, 1.865696
842.0683, 1.486633
842.5504, 1.548775
843.0325, 1.974815
843.5146, 2.200401
843.9968, 2.214901
844.4789, 2.142086
844.9610, 2.103668
845.4431, 2.058384
845.9252, 1.935101
846.4073, 1.724037
846.8895, 1.475529
847.3716, 1.062256
847.8537, 0.8214650
848.3358, 0.8506550
848.8179, 0.9753760
849.3000, 1.128609
849.7822, 1.291195
850.2643, 1.418037
850.7464, 1.424072
851.2285, 1.503025
851.7106, 1.949543
852.1927, 2.406639
852.6749, 2.367733
853.1570, 1.944729
853.6391, 1.618103
854.1212, 1.610096
854.6033, 1.746861
855.0854, 1.828865
855.5676, 1.864319
856.0497, 1.905556
856.5318, 1.955288
857.0139, 1.901314
857.4960, 1.675053
857.9781, 1.452789
858.4603, 1.422886
858.9424, 1.572693
859.4245, 1.757782
859.9066, 2.058037
860.3887, 2.254242
860.8708, 2.272549
861.3530, 2.245670
861.8351, 2.161083
862.3172, 2.104427
862.7993, 2.247734
863.2814, 2.654072
863.7635, 3.054920
864.2457, 3.310081
864.7278, 3.544567
865.2099, 3.967697
865.6920, 4.398888
866.1741, 4.492340
866.6563, 4.202873
867.1384, 3.763004
867.6205, 3.304077
868.1026, 2.898071
868.5847, 2.728638
869.0668, 2.756638
869.5490, 2.727070
870.0311, 2.603302
870.5132, 2.475082
870.9953, 2.422901
871.4774, 2.317020
871.9595, 1.837887
872.4417, 0.8246350
872.9238, 0.3298570
873.4059, 0.7587550
873.8880, 1.060551
874.3701, 0.7264940
874.8522, 0.2910650
875.3344, 0.2331960
875.8165, 0.4977000
876.2986, 0.6923940
876.7807, 0.7029840
877.2628, 0.6908450
877.7449, 0.7268100
878.2271, 0.7515950
878.7092, 0.7163660
879.1913, 0.6256070
879.6734, 0.4899020
880.1555, 0.3150440
880.6376, 0.1438980
881.1198, 3.4823999E-02
881.6019, 0.1552890
882.0840, 5.1833998E-02
882.5661, 0.2288510
883.0482, 0.5143700
883.5303, 0.7561650
884.0125, 0.8644640
884.4946, 0.7347340
884.9767, 0.4720990
885.4588, 0.4686970
885.9409, 0.8110200
886.4230, 0.9110030
886.9052, 0.6350440
887.3873, 0.3229410
887.8694, 0.1179120
888.3515, 1.0715000E-02
888.8336, 0.1299970
889.3157, 0.2576560
889.7979, 0.2400400
890.2800, 0.1342890
890.7621, 0.3847390
891.2442, 0.2788700
891.7263, 8.1886001E-02
892.2084, 5.3626999E-02
892.6906, 0.1389470
893.1727, 7.2659001E-02
893.6548, 0.3144650
894.1369, 0.5850140
894.6190, 0.2780300
895.1011, 0.1835480
895.5833, 0.2193830
896.0654, 1.1211000E-02
896.5475, 0.2285920
897.0296, 0.8853230
897.5117, 0.3853870
897.9938, 8.0742002E-02
898.4760, 3.9322000E-02
898.9581, 0.5776410
899.4402, 0.2434430
899.9223, 0.2908330
900.4044, 0.3541370
900.8865, 0.1131480
901.3687, 0.3979300
901.8508, 6.0534999E-02
902.3329, 0.1317210
902.8150, 0.3800580
903.2971, 0.2446400
903.7792, 0.2276800
904.2614, 0.5945360
904.7435, 1.4297000E-02
905.2256, 0.4186440
905.7077, 0.3242420
906.1898, 0.1632580
906.6719, 0.4537320
907.1541, 0.3457260
907.6362, 0.2422180
908.1183, 0.2214390
908.6004, 0.2568780
909.0825, 0.3910520
909.5646, 0.5449680
910.0468, 0.5449790
910.5289, 0.3611560
911.0110, 0.2736590
911.4931, 0.5649220
911.9752, 0.9659420
912.4573, 1.201477
912.9395, 1.320946
913.4216, 1.419865
913.9037, 1.518299
914.3858, 1.627083
914.8679, 1.758953
915.3500, 1.845985
915.8321, 1.700535
916.3142, 1.375847
916.7963, 1.302261
917.2784, 1.500759
917.7606, 1.822983
918.2427, 2.261692
918.7248, 2.624767
919.2069, 2.689697
919.6890, 2.497658
920.1711, 2.359413
920.6533, 2.255852
921.1354, 2.261536
921.6175, 2.511791
922.0996, 2.701370
922.5817, 2.576675
923.0638, 2.336224
923.5460, 2.264275
924.0281, 2.377159
924.5102, 2.579914
924.9923, 2.907673
925.4744, 3.263348
925.9565, 3.670193
926.4387, 4.044701
926.9208, 4.256413
927.4029, 4.370392
927.8850, 4.587017
928.3671, 4.993439
928.8492, 5.433212
929.3314, 5.810551
929.8135, 6.155479
930.2956, 6.417519
930.7777, 6.696857
931.2598, 7.246544
931.7419, 8.098396
932.2241, 9.011761
932.7062, 9.819756
933.1883, 10.52660
933.6704, 11.07319
934.1525, 11.51543
934.6346, 12.08976
935.1168, 12.82993
935.5989, 13.85463
936.0810, 15.18041
936.5631, 16.70197
937.0452, 18.35434
937.5273, 20.13062
938.0095, 21.77713
938.4916, 23.21134
938.9737, 24.92043
939.4558, 27.02400
939.9379, 29.34212
940.4200, 31.80898
940.9022, 34.44067
941.3843, 37.15454
941.8664, 39.66132
942.3485, 42.95002
942.8306, 47.45737
943.3127, 52.19474
943.7949, 56.71335
944.2770, 61.51074
944.7591, 66.86855
945.2412, 72.87403
945.7233, 79.70795
946.2054, 87.38395
946.6876, 95.87648
947.1697, 105.1671
947.6518, 115.3275
948.1339, 126.3641
948.6160, 138.2475
949.0981, 150.8749
949.5803, 164.2661
950.0624, 178.9744
950.5445, 195.5156
951.0266, 213.3217
951.5087, 232.2537
951.9908, 252.0578
952.4730, 272.2945
952.9551, 293.0959
953.4372, 314.8429
953.9193, 337.6918
954.4014, 362.3125
954.8835, 389.1487
955.3657, 418.3677
955.8478, 450.2344
956.3299, 484.6557
956.8120, 521.3173
957.2941, 560.2087
957.7762, 602.5388
958.2584, 649.3197
958.7405, 699.9505
959.2226, 753.3337
959.7047, 809.6944
960.1868, 868.2399
960.6689, 930.5102
961.1511, 989.0679
961.6332, 1040.087
962.1153, 1091.372
962.5974, 1152.547
963.0795, 1219.003
963.5616, 1271.082
964.0438, 1312.117
964.5259, 1332.138
965.0080, 1331.631
965.4901, 1309.104
965.9722, 1259.649
966.4543, 1191.898
966.9365, 1111.162
967.4186, 1018.795
967.9007, 925.5850
968.3828, 828.4447
968.8649, 736.6904
969.3470, 652.1884
969.8292, 574.6240
970.3113, 504.6337
970.7934, 441.5385
971.2755, 384.6713
971.7576, 334.0649
972.2397, 288.9928
972.7219, 250.0672
973.2040, 215.8531
973.6861, 185.8300
974.1682, 159.5437
974.6503, 136.6833
975.1324, 116.9841
975.6146, 100.2493
976.0967, 86.30531
976.5788, 74.40512
977.0609, 64.09078
977.5430, 55.27568
978.0251, 47.97624
978.5073, 42.01130
978.9894, 37.01776
979.4715, 32.83018
979.9536, 29.10912
980.4357, 25.65166
980.9178, 22.58849
981.4000, 20.23797
981.8821, 18.43683
982.3642, 16.57570
982.8463, 14.68613
983.3284, 13.04616
983.8105, 11.73411
984.2927, 10.61993
984.7748, 9.630993
985.2569, 8.691891
985.7390, 7.571156
986.2211, 6.248756
986.7032, 5.237076
987.1854, 4.595001
987.6675, 3.945274
988.1496, 3.129246
988.6317, 2.366520
989.1138, 1.848175
989.5959, 1.563759
990.0781, 1.517811
990.5602, 1.915298
991.0423, 1.945347
991.5244, 1.479908
992.0065, 0.8411060
992.4886, 7.0885003E-02
992.9708, 0.8863140
993.4529, 1.124363
993.9350, 0.8373790
994.4171, 0.6466980
994.8992, 0.5641170
995.3813, 0.5597880
995.8635, 0.7859000
996.3456, 0.9156720
996.8277, 0.6034850
997.3098, 0.2370190
997.7919, 0.4464300
998.2740, 1.198544
998.7562, 1.496902
999.2383, 0.7232400
999.7204, 7.2535999E-02
1000.203, 0.1408770
1000.685, 0.1364710
1001.167, 8.2630003E-03
1001.649, 0.2344090
1002.131, 0.5346260
1002.613, 0.8884470
1003.095, 1.040897
1003.577, 0.7982060
1004.059, 0.4278300
1004.542, 3.1055000E-02
1005.024, 0.4569550
1005.506, 0.6389580
1005.988, 0.7090990
1006.470, 1.019081
1006.952, 1.648617
1007.434, 2.219269
1007.916, 2.543373
1008.398, 2.616306
1008.881, 2.180519
1009.363, 1.637909
1009.845, 1.659653
1010.327, 2.147949
1010.809, 2.548687
1011.291, 2.647690
1011.773, 2.718819
1012.255, 3.025852
1012.738, 3.457104
1013.220, 3.879532
1013.702, 4.276478
1014.184, 4.624977
1014.666, 4.910992
1015.148, 5.068272
1015.630, 5.063969
1016.112, 5.049091
1016.594, 5.165058
1017.077, 5.430363
1017.559, 5.942947
1018.041, 6.661613
1018.523, 7.395451
1019.005, 8.107758
1019.487, 8.822945
1019.969, 9.556549
1020.451, 10.32367
1020.934, 11.15903
1021.416, 12.05316
1021.898, 12.94849
1022.380, 13.85028
1022.862, 14.90220
1023.344, 16.14484
1023.826, 17.39674
1024.308, 18.54617
1024.791, 19.66124
1025.273, 20.84472
1025.755, 22.10371
1026.237, 23.57539
1026.719, 25.29284
1027.201, 26.94904
1027.683, 28.45464
1028.165, 29.99022
1028.647, 31.65655
1029.130, 33.47489
1029.612, 35.49207
1030.094, 37.74125
1030.576, 39.84962
1031.058, 41.83123
1031.540, 43.63473
1032.022, 45.23601
1032.504, 46.67625
1032.986, 47.93586
1033.469, 49.11295
1033.951, 50.45994
1034.433, 52.02185
1034.915, 53.45796
1035.397, 54.75865
1035.879, 55.97323
1036.361, 57.20045
1036.843, 58.21806
1037.326, 58.76502
1037.808, 59.04337
1038.290, 59.54006
1038.772, 60.35052
1039.254, 60.95686
1039.736, 61.14397
1040.218, 61.47144
1040.700, 62.27378
1041.182, 63.00539
1041.665, 63.21227
1042.147, 63.08963
1042.629, 63.11656
1043.111, 63.38544
1043.593, 63.39576
1044.075, 62.92704
1044.557, 62.48838
1045.039, 62.11418
1045.521, 61.86763
1046.004, 61.64472
1046.486, 61.62125
1046.968, 62.25136
1047.450, 63.70509
1047.932, 64.98297
1048.414, 65.63680
1048.896, 66.57897
1049.378, 68.05018
1049.861, 69.88954
1050.343, 72.34519
1050.825, 74.92982
1051.307, 76.76797
1051.789, 77.71483
1052.271, 78.52968
1052.753, 79.52955
1053.235, 80.16293
1053.718, 80.21389
1054.200, 79.85038
1054.682, 79.10938
1055.164, 78.10860
1055.646, 77.00602
1056.128, 75.80440
1056.610, 74.43766
1057.092, 72.51476
1057.574, 71.04097
1058.057, 70.54556
1058.539, 70.40710
1059.021, 70.15876
1059.503, 69.90596
1059.985, 69.92249
1060.467, 70.24881
1060.949, 70.66918
1061.431, 71.05476
1061.913, 71.65007
1062.396, 72.51771
1062.878, 73.64506
1063.360, 74.92666
1063.842, 76.51583
1064.324, 78.68116
1064.806, 81.44633
1065.288, 84.52807
1065.770, 87.84838
1066.253, 91.42270
1066.735, 94.91267
1067.217, 99.00877
1067.699, 104.4930
1068.181, 110.8159
1068.663, 117.3958
1069.145, 124.0115
1069.627, 130.0468
1070.109, 135.4592
1070.592, 139.9774
1071.074, 143.4642
1071.556, 146.0594
1072.038, 148.1641
1072.520, 149.3429
1073.002, 148.9050
1073.484, 146.8291
1073.966, 143.6993
1074.448, 139.5508
1074.931, 134.8146
1075.413, 129.4910
1075.895, 123.8827
1076.377, 118.0066
1076.859, 112.0899
1077.341, 106.3830
1077.823, 100.9404
1078.305, 95.85798
1078.788, 91.27676
1079.270, 86.64681
1079.752, 81.66058
1080.234, 76.63685
1080.716, 71.76580
1081.198, 66.98037
1081.680, 62.00082
1082.162, 56.95764
1082.644, 52.26956
1083.127, 48.11657
1083.609, 44.28494
1084.091, 40.50926
1084.573, 37.15254
1085.055, 34.59666
1085.537, 32.45980
1086.019, 30.43986
1086.501, 28.42845
1086.984, 26.35046
1087.466, 24.17770
1087.948, 22.14937
1088.430, 20.35580
1088.912, 18.73159
1089.394, 17.23399
1089.876, 15.90705
1090.358, 14.86610
1090.840, 14.01313
1091.323, 13.02771
1091.805, 11.84307
1092.287, 11.26756
1092.769, 12.53543
1093.251, 13.22186
1093.733, 11.81210
1094.215, 9.919384
1094.697, 8.641151
1095.179, 7.848900
1095.662, 7.257435
1096.144, 6.790535
1096.626, 6.226437
1097.108, 5.269932
1097.590, 4.560623
1098.072, 4.550095
1098.554, 4.587471
1099.036, 4.202515
1099.519, 3.656555
1100.001, 3.280308
1100.483, 3.104816
1100.965, 3.067436
1101.447, 3.341331
1101.929, 3.340282
1102.411, 2.539406
1102.893, 1.879635
1103.375, 1.885651
1103.858, 2.191521
1104.340, 2.516514
1104.822, 2.789764
1105.304, 2.869282
1105.786, 2.666779
1106.268, 2.513828
1106.750, 2.455029
1107.232, 2.474022
1107.714, 2.648258
1108.197, 2.819118
1108.679, 2.865288
1109.161, 2.812626
1109.643, 2.713257
1110.125, 2.554234
1110.607, 2.465755
1111.089, 2.514275
1111.571, 2.557983
1112.054, 2.652912
1112.536, 2.643227
1113.018, 2.316315
1113.500, 1.896042
1113.982, 1.749233
1114.464, 1.885006
1114.946, 1.969246
1115.428, 2.091923
1115.911, 2.009056
1116.393, 1.574966
1116.875, 1.118481
1117.357, 0.7194710
1117.839, 0.4041250
1118.321, 0.1920620
1118.803, 8.7311000E-02
1119.285, 0.1267320
1119.767, 0.4608040
1120.250, 0.5459980
1120.732, 0.2117690
1121.214, 1.1848000E-02
1121.696, 8.8725999E-02
1122.178, 0.2410430
1122.660, 0.2472690
1123.142, 0.1249660
1123.624, 0.1110650
1124.106, 0.5049710
1124.589, 0.6787910
1125.071, 0.6451720
1125.553, 0.2722050
1126.035, 0.6536450
1126.517, 1.313160
1126.999, 1.152466
1127.481, 0.6074410
1127.963, 0.3726810
1128.446, 0.4100720
1128.928, 0.2562600
1129.410, 0.1195260
1129.892, 0.4363250
1130.374, 0.6802370
1130.856, 0.6739770
1131.338, 0.2970920
1131.820, 5.9512999E-02
1132.302, 5.0903000E-02
1132.785, 0.4464450
1133.267, 0.5559960
1133.749, 0.3974720
1134.231, 0.2304270
1134.713, 7.0556998E-02
1135.195, 3.0941000E-02
1135.677, 0.1417920
1136.159, 0.2494770
1136.641, 0.2357140
1137.124, 0.2067990
1137.606, 0.3908310
1138.088, 0.7159840
1138.570, 0.9657940
1139.052, 1.105560
1139.534, 0.8754010
1140.016, 0.3099940
1140.498, 7.6172002E-02
1140.981, 4.6879001E-02
1141.463, 8.2663998E-02
1141.945, 2.8094999E-02
1142.427, 0.2135660
1142.909, 0.1020130
1143.391, 0.1138110
1143.873, 7.7858001E-02
1144.355, 0.5554700
1144.838, 0.7076110
1145.320, 0.4327350
1145.802, 0.3973310
1146.284, 1.181534
1146.766, 1.939789
1147.248, 1.694275
1147.730, 1.039631
1148.212, 0.5509260
1148.694, 0.2648430
1149.177, 0.1958730
1149.659, 0.3048710
1150.141, 0.4981880
1150.623, 0.7560880
1151.105, 0.9407080
1151.587, 0.9174310
1152.069, 0.8519670
1152.551, 0.8559760
1153.033, 0.8773270
1153.516, 0.8702320
1153.998, 0.8387790
1154.480, 0.7966080
1154.962, 0.7478290
1155.444, 0.7091370
1155.926, 0.6580470
1156.408, 0.6600230
1156.890, 0.7576450
1157.373, 0.8874660
1157.855, 1.075348
1158.337, 1.231575
1158.819, 1.191799
1159.301, 1.017971
1159.783, 1.040192
1160.265, 1.425541
1160.747, 1.632523
1161.229, 1.456566
1161.712, 1.343369
1162.194, 1.461391
1162.676, 1.588272
1163.158, 1.595501
1163.640, 1.504292
1164.122, 1.330425
1164.604, 1.067509
1165.086, 0.9093700
1165.568, 0.8654860
1166.051, 0.8994750
1166.533, 1.011642
1167.015, 1.220295
1167.497, 1.609699
1167.979, 1.865379
1168.461, 1.606590
1168.943, 1.040192
1169.425, 0.8479540
1169.908, 1.042526
1170.390, 1.184769
1170.872, 1.265892
1171.354, 1.280785
1171.836, 1.225040
1172.318, 1.341702
1172.800, 1.804802
1173.282, 2.230038
1173.765, 1.990231
1174.247, 1.362812
1174.729, 1.181335
1175.211, 1.331093
1175.693, 1.429073
1176.175, 1.439648
1176.657, 1.444256
1177.139, 1.463100
1177.621, 1.405140
1178.104, 1.170895
1178.586, 0.9433590
1179.068, 0.9697070
1179.550, 1.115055
1180.032, 1.169903
1180.514, 1.211800
1180.996, 1.482418
1181.478, 1.893627
1181.960, 2.008976
1182.443, 1.677944
1182.925, 1.424664
1183.407, 1.673058
1183.889, 1.980682
1184.371, 2.032940
1184.853, 2.036526
1185.335, 2.227089
1185.817, 2.468990
1186.300, 2.503414
1186.782, 2.327267
1187.264, 2.171459
1187.746, 2.089027
1188.228, 2.007172
1188.710, 2.025192
1189.192, 1.955769
1189.674, 1.611088
1190.156, 1.221272
1190.639, 0.9478720
1191.121, 0.7876820
1191.603, 0.7087170
1192.085, 0.7052690
1192.567, 0.8844680
1193.049, 1.432465
1193.531, 1.538097
1194.013, 0.9375950
1194.495, 0.4483910
1194.978, 0.4362450
1195.460, 0.5868910
1195.942, 0.5945930
1196.424, 0.5030820
1196.906, 0.4530680
1197.388, 0.4605830
1197.870, 0.3222310
1198.352, 4.0970001E-02
1198.835, 0.1005550
1199.317, 4.6410002E-02
1199.799, 0.2052460
1200.281, 0.6536220
1200.763, 0.9600560
1201.245, 0.6342050
1201.727, 7.9696998E-02
1202.209, 9.0180002E-03
1202.692, 0.2051430
1203.174, 0.2546880
1203.656, 0.1725080
1204.138, 6.2694997E-02
1204.620, 2.5208000E-02
1205.102, 3.1498000E-02
1205.584, 0.3219070
1206.066, 0.6181560
1206.548, 0.8308180
1207.031, 0.8997800
1207.513, 0.6108170
1207.995, 0.2964820
1208.477, 0.3352170
1208.959, 0.6169170
1209.441, 0.7431980
1209.923, 0.3445050
1210.405, 0.9068830
1210.887, 1.273506
1211.370, 1.455730
1211.852, 0.9003180
1212.334, 1.295895
1212.816, 1.309521
1213.298, 1.306957
1213.780, 1.834511
1214.262, 1.383522
1214.744, 1.905033
1215.227, 1.623543
1215.709, 1.721867
1216.191, 2.271210
1216.673, 2.459587
1217.155, 2.079365
1217.637, 1.874432
1218.119, 2.189434
1218.601, 2.682365
1219.083, 3.040089
1219.566, 3.240170
1220.048, 3.073242
1220.530, 2.666447
1221.012, 2.626080
1221.494, 2.869389
1221.976, 2.921619
1222.458, 2.727566
1222.940, 2.523422
1223.422, 2.417015
1223.905, 2.343822
1224.387, 2.222874
1224.869, 2.145702
1225.351, 2.279461
1225.833, 2.452827
1226.315, 2.448280
1226.797, 2.336285
1227.279, 2.228233
1227.762, 2.161789
1228.244, 2.190105
1228.726, 2.360710
1229.208, 2.445095
1229.690, 2.376789
1230.172, 2.181553
1230.654, 1.635120
1231.136, 1.212597
1231.619, 1.313164
1232.101, 1.658733
1232.583, 1.951702
1233.065, 2.157585
1233.547, 1.998951
1234.029, 1.289669
1234.511, 0.8361660
1234.993, 0.6309810
1235.475, 0.7518010
1235.958, 1.291870
1236.440, 1.798740
1236.922, 2.015175
1237.404, 2.046665
1237.886, 2.041168
1238.368, 1.950676
1238.850, 1.484474
1239.332, 0.8141140
1239.814, 0.7566570
1240.297, 1.173283
1240.779, 1.180885
1241.261, 0.7036290
1241.743, 0.5088690
1242.225, 1.016689
1242.707, 1.525833
1243.189, 1.403004
1243.671, 1.104439
1244.154, 1.004562
1244.636, 0.9367830
1245.118, 0.6823690
1245.600, 0.3430020
1246.082, 0.1082190
1246.564, 1.7933000E-02
1247.046, 0.1162220
1247.528, 0.5421600
1248.010, 0.7699850
1248.493, 0.5133930
1248.975, 0.3225590
1249.457, 0.4147030
1249.939, 0.4866290
1250.421, 0.3313370
1250.903, 0.1119380
1251.385, 4.6673000E-02
1251.867, 0.1119880
1252.349, 0.1785160
1252.832, 0.2481080
1253.314, 0.3035810
1253.796, 0.3455730
1254.278, 0.3228420
1254.760, 0.2273860
1255.242, 0.2014120
1255.724, 0.3240850
1256.206, 0.4717640
1256.689, 0.5115660
1257.171, 0.4811740
1257.653, 0.3872410
1258.135, 0.3019980
1258.617, 0.4027250
1259.099, 0.5902210
1259.581, 0.6523670
1260.063, 0.5735020
1260.546, 0.4466060
1261.028, 0.2955090
1261.510, 0.1881750
1261.992, 0.1319660
1262.474, 0.1571270
1262.956, 0.4016460
1263.438, 0.5891080
1263.920, 0.4259680
1264.402, 0.2051470
1264.885, 0.3724710
1265.367, 0.7656100
1265.849, 0.7669870
1266.331, 0.2707440
1266.813, 3.1883001E-02
1267.295, 0.1070940
1267.777, 0.2730410
1268.259, 0.5183830
1268.741, 0.7243190
1269.224, 0.8464620
1269.706, 0.8820840
1270.188, 0.8063350
1270.670, 0.6673620
1271.152, 0.5880050
1271.634, 0.5149420
1272.116, 0.1602480
1272.598, 0.2537310
1273.081, 6.8816997E-02
1273.563, 0.5544280
1274.045, 0.8770260
1274.527, 0.7164040
1275.009, 0.5984730
1275.491, 0.8645210
1275.973, 0.9894220
1276.455, 0.3891450
1276.938, 5.1463999E-02
1277.420, 0.4509770
1277.902, 1.136417
1278.384, 1.223915
1278.866, 1.038662
1279.348, 1.245605
1279.830, 1.593750
1280.312, 2.366306
1280.794, 3.640026
1281.276, 3.641724
1281.759, 1.852531
1282.241, 0.6182330
1282.723, 0.3624920
1283.205, 0.4726910
1283.687, 0.5976520
1284.169, 0.6349910
1284.651, 0.4348340
1285.133, 0.1386530
1285.616, 2.3880000E-03
1286.098, 0.0000000E+00
##END=



