##NAMES=Forsterite
##RRUFFID=R040052
##IDEAL CHEMISTRY=Mg_2_SiO_4_
##LOCALITY=Synthetic, Czochralski method
##OWNER=RRUFF
##SOURCE=Hideki Kanazawa of Kyoto University, Japan
##DESCRIPTION=Colorless crystal fragments obtained from a boule.
##STATUS=The identification of this mineral has been confirmed by X-ray diffraction and chemical analysis
##URL=rruff.info/R040052
##MEASURED CHEMISTRY=Mg_2.00_Si_1.00_O_4_
135.9857, 0.0000000E+00
136.4678, 2.565796
136.9499, 1.157593
137.4320, 10.62183
137.9142, 39.71301
138.3963, 56.06531
138.8784, 55.01404
139.3605, 43.28308
139.8426, 37.63647
140.3247, 39.43115
140.8069, 43.66089
141.2890, 47.12781
141.7711, 49.12366
142.2532, 52.87500
142.7353, 59.60730
143.2174, 68.72754
143.6996, 75.61047
144.1817, 80.94592
144.6638, 83.17407
145.1459, 80.16785
145.6280, 65.04456
146.1101, 55.93347
146.5923, 57.56079
147.0744, 71.12170
147.5565, 81.65381
148.0386, 90.82751
148.5207, 95.99951
149.0028, 93.58313
149.4850, 69.94751
149.9671, 52.90955
150.4492, 51.90063
150.9313, 79.40979
151.4134, 92.19861
151.8955, 77.06055
152.3777, 49.01086
152.8598, 34.06519
153.3419, 45.37341
153.8240, 60.62549
154.3061, 72.88794
154.7882, 83.49231
155.2704, 87.59656
155.7525, 79.98230
156.2346, 64.51660
156.7167, 53.00769
157.1988, 44.59106
157.6809, 42.69421
158.1631, 49.23828
158.6452, 79.76025
159.1273, 103.3318
159.6094, 107.1110
160.0915, 93.86182
160.5737, 84.95837
161.0558, 90.35327
161.5379, 101.8516
162.0200, 112.4707
162.5021, 121.2524
162.9842, 127.5089
163.4664, 130.7213
163.9485, 130.8759
164.4306, 128.5396
164.9127, 120.0127
165.3948, 110.0985
165.8769, 105.0514
166.3591, 116.9810
166.8412, 128.3418
167.3233, 124.5049
167.8054, 101.6659
168.2875, 80.92090
168.7696, 79.15820
169.2518, 88.99463
169.7339, 96.09412
170.2160, 88.22937
170.6981, 76.84766
171.1802, 73.87561
171.6623, 83.67920
172.1445, 94.58105
172.6266, 96.02930
173.1087, 90.31311
173.5908, 84.75769
174.0729, 84.70874
174.5550, 87.26147
175.0372, 88.28589
175.5193, 86.40039
176.0014, 83.60034
176.4835, 81.35144
176.9656, 79.78687
177.4477, 79.86426
177.9299, 81.99976
178.4120, 86.31042
178.8941, 93.56372
179.3762, 108.1083
179.8583, 122.3751
180.3404, 121.2117
180.8226, 105.0286
181.3047, 89.06323
181.7868, 89.07153
182.2689, 101.0317
182.7510, 112.0688
183.2331, 116.4766
183.7153, 117.2595
184.1974, 123.0293
184.6795, 134.4966
185.1616, 143.0166
185.6437, 134.8323
186.1258, 112.9231
186.6080, 94.87427
187.0901, 90.69019
187.5722, 96.54590
188.0543, 98.82080
188.5364, 97.07764
189.0186, 92.88428
189.5007, 86.22241
189.9828, 77.46021
190.4649, 72.54175
190.9470, 78.71729
191.4291, 93.21338
191.9113, 97.85913
192.3934, 89.74292
192.8755, 75.71143
193.3576, 66.66382
193.8397, 61.69800
194.3218, 59.50586
194.8040, 60.21338
195.2861, 63.74658
195.7682, 64.72168
196.2503, 62.05859
196.7324, 57.46143
197.2145, 55.30542
197.6967, 56.14771
198.1788, 56.40063
198.6609, 52.05151
199.1430, 42.77710
199.6251, 37.88770
200.1072, 39.73340
200.5894, 46.03516
201.0715, 48.96729
201.5536, 47.39795
202.0357, 46.03174
202.5178, 50.21606
202.9999, 61.35718
203.4821, 66.48438
203.9642, 60.41064
204.4463, 46.30005
204.9284, 43.91577
205.4105, 56.69580
205.8926, 72.64941
206.3748, 80.84399
206.8569, 80.00049
207.3390, 77.42944
207.8211, 74.96289
208.3032, 72.43164
208.7853, 65.78418
209.2675, 52.99414
209.7496, 40.02124
210.2317, 34.66919
210.7138, 40.15869
211.1959, 42.35986
211.6780, 37.07617
212.1602, 23.09570
212.6423, 17.03369
213.1244, 20.93091
213.6065, 31.97241
214.0886, 47.51123
214.5707, 70.89062
215.0529, 88.96167
215.5350, 95.32666
216.0171, 87.40820
216.4992, 87.70166
216.9813, 97.37988
217.4634, 114.0312
217.9456, 134.5476
218.4277, 160.9556
218.9098, 187.0613
219.3919, 210.9246
219.8740, 232.7139
220.3562, 252.0510
220.8383, 267.1599
221.3204, 280.6758
221.8025, 297.3662
222.2846, 317.7385
222.7667, 341.6038
223.2489, 368.0063
223.7310, 393.0188
224.2131, 431.2517
224.6952, 483.3735
225.1773, 548.5847
225.6594, 625.9878
226.1416, 726.9976
226.6237, 823.3562
227.1058, 912.2720
227.5879, 1020.978
228.0700, 1046.009
228.5521, 965.0591
229.0343, 808.4375
229.5164, 646.6194
229.9985, 459.6174
230.4806, 299.8711
230.9627, 196.8589
231.4448, 174.0000
231.9270, 155.6038
232.4091, 141.5566
232.8912, 130.7932
233.3733, 119.3374
233.8554, 104.3184
234.3375, 92.55615
234.8197, 88.35645
235.3018, 96.55713
235.7839, 101.8525
236.2660, 102.6509
236.7481, 99.99048
237.2302, 96.90308
237.7124, 89.13696
238.1945, 86.69238
238.6766, 97.31689
239.1587, 133.1218
239.6408, 156.4639
240.1229, 160.1992
240.6051, 148.8301
241.0872, 143.6035
241.5693, 145.6089
242.0514, 152.2988
242.5335, 163.0881
243.0156, 182.8479
243.4978, 197.1045
243.9799, 205.7766
244.4620, 208.1147
244.9441, 199.4954
245.4262, 174.5337
245.9083, 145.1182
246.3905, 117.1707
246.8726, 86.00952
247.3547, 67.00195
247.8368, 67.64355
248.3189, 83.78760
248.8010, 85.40698
249.2832, 64.13867
249.7653, 39.37573
250.2474, 24.92432
250.7295, 25.46924
251.2116, 26.46997
251.6938, 26.28662
252.1759, 25.28589
252.6580, 26.81763
253.1401, 34.54956
253.6222, 39.94165
254.1043, 35.19556
254.5865, 12.88550
255.0686, 2.081543
255.5507, 4.564209
256.0328, 3.888184
256.5149, 9.995361
256.9970, 13.04028
257.4792, 14.58301
257.9613, 15.72095
258.4434, 16.44336
258.9255, 16.35669
259.4076, 15.03101
259.8897, 12.61621
260.3719, 10.67627
260.8540, 8.947021
261.3361, 7.981689
261.8182, 8.573242
262.3003, 11.70117
262.7824, 13.32544
263.2646, 12.06958
263.7467, 8.511475
264.2288, 7.517334
264.7109, 10.17627
265.1930, 13.47900
265.6751, 14.12720
266.1573, 9.879883
266.6394, 12.10352
267.1215, 28.47070
267.6036, 53.89600
268.0857, 51.09961
268.5678, 7.676025
269.0500, 37.43018
269.5321, 50.47998
270.0142, 22.79761
270.4963, 0.9799800
270.9784, 6.472168
271.4605, 2.235352
271.9427, 0.1433110
272.4248, 0.8415530
272.9069, 0.8200680
273.3890, 7.288086
273.8711, 20.42285
274.3532, 26.90942
274.8354, 22.57617
275.3175, 10.28809
275.7996, 3.345459
276.2817, 3.096924
276.7638, 3.542480
277.2459, 1.517334
277.7281, 13.04590
278.2102, 19.15161
278.6923, 16.46875
279.1744, 7.737061
279.6565, 3.222900
280.1386, 3.693604
280.6208, 4.990723
281.1029, 3.386230
281.5850, 1.184082
282.0671, 4.096191
282.5492, 5.032959
283.0313, 3.603760
283.5135, 4.168945
283.9956, 19.62256
284.4777, 30.51733
284.9598, 24.28345
285.4419, 2.285400
285.9240, 15.75049
286.4062, 26.50000
286.8883, 32.17969
287.3704, 37.18945
287.8525, 41.50146
288.3346, 45.89307
288.8167, 49.70776
289.2989, 53.50977
289.7810, 61.65479
290.2631, 77.11035
290.7452, 93.53687
291.2273, 94.19434
291.7094, 79.88232
292.1916, 71.51929
292.6737, 88.67651
293.1558, 124.2021
293.6379, 151.2776
294.1200, 163.9402
294.6021, 172.9236
295.0843, 197.5701
295.5664, 235.6731
296.0485, 271.6489
296.5306, 289.0928
297.0128, 297.3250
297.4949, 320.8091
297.9770, 365.5439
298.4591, 417.9502
298.9412, 459.4470
299.4233, 493.3201
299.9055, 533.4202
300.3876, 588.9475
300.8697, 655.3430
301.3518, 726.3879
301.8339, 800.8743
302.3160, 881.3545
302.7982, 973.4231
303.2803, 1074.706
303.7624, 1170.103
304.2445, 1284.102
304.7266, 1374.346
305.2087, 1388.032
305.6909, 1315.373
306.1730, 1195.482
306.6551, 1033.388
307.1372, 849.6765
307.6193, 683.4705
308.1014, 554.1262
308.5836, 452.4719
309.0657, 373.2893
309.5478, 317.3086
310.0299, 274.4104
310.5120, 244.8018
310.9941, 223.3850
311.4763, 202.0039
311.9584, 173.1042
312.4405, 146.3914
312.9226, 127.9661
313.4047, 118.0735
313.8868, 113.3857
314.3690, 114.4761
314.8511, 118.8433
315.3332, 123.6572
315.8153, 126.1919
316.2974, 130.4663
316.7795, 142.1619
317.2617, 161.0698
317.7438, 171.1870
318.2259, 156.4128
318.7080, 134.8066
319.1901, 122.5527
319.6722, 129.6736
320.1544, 141.0920
320.6365, 154.5278
321.1186, 169.4231
321.6007, 180.8135
322.0828, 177.1326
322.5649, 175.5767
323.0471, 187.7559
323.5292, 233.4050
324.0113, 273.6487
324.4934, 299.2261
324.9755, 313.2651
325.4576, 332.9658
325.9398, 361.5251
326.4219, 393.2737
326.9040, 424.2422
327.3861, 460.0557
327.8682, 493.9529
328.3503, 525.8257
328.8325, 554.5527
329.3146, 580.2588
329.7967, 615.6819
330.2788, 635.0234
330.7609, 625.9294
331.2430, 568.1863
331.7252, 522.3325
332.2073, 493.5847
332.6894, 475.4275
333.1715, 452.1541
333.6536, 416.5159
334.1357, 387.2114
334.6179, 372.5896
335.1000, 376.7305
335.5821, 377.7600
336.0642, 371.0078
336.5463, 365.3865
337.0284, 377.1741
337.5106, 411.6526
337.9927, 448.0471
338.4748, 481.3474
338.9569, 512.0115
339.4390, 534.3650
339.9211, 549.4419
340.4033, 553.3799
340.8854, 540.1553
341.3675, 508.3716
341.8496, 466.6125
342.3317, 414.2727
342.8138, 355.1904
343.2960, 302.2976
343.7781, 255.0894
344.2602, 213.1279
344.7423, 177.7393
345.2244, 148.8013
345.7065, 122.6033
346.1887, 96.31665
346.6708, 73.71338
347.1529, 70.14551
347.6350, 85.30200
348.1171, 96.14062
348.5992, 75.76196
349.0814, 35.18823
349.5635, 9.936035
350.0456, 8.768311
350.5277, 20.72363
351.0098, 37.54541
351.4919, 57.01855
351.9741, 67.94263
352.4562, 54.20093
352.9383, 30.00708
353.4204, 17.91309
353.9025, 22.88550
354.3846, 33.47388
354.8668, 42.42041
355.3489, 49.22168
355.8310, 52.28760
356.3131, 49.40503
356.7952, 43.39453
357.2773, 36.73438
357.7595, 29.74414
358.2416, 21.23730
358.7237, 1.148926
359.2058, 18.97168
359.6880, 22.60620
360.1701, 21.94263
360.6522, 63.53589
361.1343, 68.61011
361.6164, 35.93237
362.0985, 12.53735
362.5807, 25.75928
363.0628, 51.81958
363.5449, 69.78662
364.0270, 66.75635
364.5091, 63.11157
364.9912, 66.12939
365.4734, 74.42920
365.9555, 77.13135
366.4376, 60.65796
366.9197, 46.27905
367.4018, 45.70703
367.8839, 83.26221
368.3661, 105.9976
368.8482, 100.0845
369.3303, 77.26440
369.8124, 71.12573
370.2945, 97.22144
370.7766, 123.3540
371.2588, 136.3142
371.7409, 127.4507
372.2230, 128.3218
372.7051, 143.1279
373.1872, 164.8010
373.6693, 182.6738
374.1515, 198.0325
374.6336, 205.9231
375.1157, 203.2773
375.5978, 189.6304
376.0799, 177.3872
376.5620, 168.8430
377.0442, 157.4404
377.5263, 132.4644
378.0084, 91.93237
378.4905, 57.14014
378.9726, 32.61133
379.4547, 18.11987
379.9369, 15.81055
380.4190, 27.72803
380.9011, 37.31323
381.3832, 26.23535
381.8653, 1.612061
382.3474, 21.21240
382.8296, 28.70190
383.3117, 25.69922
383.7938, 8.412842
384.2759, 20.90479
384.7580, 42.92969
385.2401, 40.55054
385.7223, 23.85767
386.2044, 11.12451
386.6865, 3.776123
387.1686, 1.953613
387.6507, 9.119385
388.1328, 22.12109
388.6150, 33.25952
389.0971, 37.26685
389.5792, 38.99414
390.0613, 44.58472
390.5434, 54.53369
391.0255, 59.45972
391.5077, 50.12549
391.9898, 34.07397
392.4719, 20.00879
392.9540, 6.142334
393.4361, 0.4411620
393.9182, 8.915771
394.4004, 31.36646
394.8825, 47.37402
395.3646, 47.60425
395.8467, 41.21143
396.3288, 33.68628
396.8109, 24.11865
397.2931, 15.94141
397.7752, 8.471680
398.2573, 2.608887
398.7394, 0.7624510
399.2215, 7.868164
399.7036, 14.62085
400.1858, 17.15918
400.6679, 12.23633
401.1500, 13.33887
401.6321, 23.59399
402.1142, 37.94116
402.5963, 50.51562
403.0785, 63.07080
403.5606, 70.25415
404.0427, 69.68359
404.5248, 61.68091
405.0069, 55.20142
405.4890, 50.24390
405.9712, 45.53931
406.4533, 37.35742
406.9354, 24.12476
407.4175, 24.54297
407.8996, 45.72681
408.3817, 79.30396
408.8639, 102.0332
409.3460, 113.1511
409.8281, 118.5637
410.3102, 117.5652
410.7923, 112.8896
411.2744, 116.8513
411.7566, 131.8555
412.2387, 150.1992
412.7208, 161.5288
413.2029, 167.6816
413.6850, 175.0027
414.1671, 187.3621
414.6493, 201.9993
415.1314, 217.3450
415.6135, 233.1196
416.0956, 244.5686
416.5777, 240.3625
417.0598, 230.6450
417.5420, 230.4165
418.0241, 251.1201
418.5062, 277.0244
418.9883, 303.9290
419.4704, 330.5374
419.9526, 350.7036
420.4347, 354.5823
420.9168, 357.1470
421.3989, 369.9949
421.8810, 404.7590
422.3632, 426.9888
422.8453, 420.9834
423.3274, 398.3081
423.8095, 378.4155
424.2916, 364.0642
424.7737, 352.6008
425.2559, 344.7988
425.7380, 341.8240
426.2201, 333.0652
426.7022, 310.9780
427.1843, 288.7288
427.6664, 277.6633
428.1486, 279.9041
428.6307, 289.0320
429.1128, 306.8687
429.5949, 330.5042
430.0770, 347.9502
430.5591, 357.1594
431.0413, 366.2976
431.5234, 378.4834
432.0055, 393.7188
432.4876, 416.8223
432.9697, 449.5996
433.4518, 485.8906
433.9340, 517.8125
434.4161, 545.3247
434.8982, 565.8083
435.3803, 576.3035
435.8624, 580.3157
436.3445, 583.0840
436.8267, 584.5095
437.3088, 586.0669
437.7909, 591.5122
438.2730, 598.4170
438.7551, 599.6780
439.2372, 593.8667
439.7194, 581.3625
440.2015, 562.4009
440.6836, 538.2273
441.1657, 507.9536
441.6478, 467.8069
442.1299, 424.8196
442.6121, 380.6899
443.0942, 333.9668
443.5763, 294.4390
444.0584, 269.7410
444.5405, 252.6631
445.0226, 233.4465
445.5048, 204.9326
445.9869, 180.3750
446.4690, 165.8804
446.9511, 161.3772
447.4332, 151.3684
447.9153, 130.2839
448.3975, 108.7307
448.8796, 92.30298
449.3617, 80.70288
449.8438, 75.61572
450.3259, 80.21143
450.8080, 89.72559
451.2902, 92.51978
451.7723, 87.53833
452.2544, 80.51050
452.7365, 72.82324
453.2186, 64.50122
453.7007, 57.10767
454.1829, 50.40942
454.6650, 44.79321
455.1471, 42.41797
455.6292, 42.84619
456.1113, 41.76807
456.5934, 37.36987
457.0756, 32.25854
457.5577, 30.48633
458.0398, 31.67627
458.5219, 33.57764
459.0040, 32.30029
459.4861, 32.03540
459.9683, 42.06567
460.4504, 67.63623
460.9325, 85.62085
461.4146, 69.16309
461.8967, 34.78979
462.3788, 9.850342
462.8610, 11.18262
463.3431, 19.25757
463.8252, 27.09692
464.3073, 34.08984
464.7894, 35.40771
465.2715, 19.79004
465.7537, 4.539063
466.2358, 1.112793
466.7179, 24.14087
467.2000, 41.47949
467.6821, 50.87695
468.1642, 53.48657
468.6464, 51.11646
469.1285, 36.65332
469.6106, 27.88818
470.0927, 33.79199
470.5748, 56.94580
471.0569, 62.99341
471.5391, 44.57642
472.0212, 22.36646
472.5033, 20.55688
472.9854, 41.23706
473.4675, 52.54395
473.9496, 45.75122
474.4318, 28.98193
474.9139, 21.71411
475.3960, 23.78369
475.8781, 27.31055
476.3602, 29.30518
476.8423, 29.10498
477.3245, 24.18408
477.8066, 14.01562
478.2887, 2.645752
478.7708, 10.11060
479.2529, 20.95923
479.7350, 23.72852
480.2172, 10.45679
480.6993, 6.510986
481.1814, 22.55371
481.6635, 36.37695
482.1457, 41.95654
482.6278, 27.45459
483.1099, 9.848633
483.5920, 8.6914003E-02
484.0741, 1.598145
484.5562, 5.772949
485.0384, 11.92017
485.5205, 19.35498
486.0026, 27.42285
486.4847, 43.88867
486.9668, 50.87183
487.4489, 39.42456
487.9311, 11.47754
488.4132, 0.9343260
488.8953, 17.33398
489.3774, 35.02588
489.8595, 34.35449
490.3416, 11.18286
490.8238, 0.2568360
491.3059, 6.036865
491.7880, 18.81934
492.2701, 14.44141
492.7522, 6.101563
493.2343, 19.70190
493.7165, 9.762695
494.1986, 11.98608
494.6807, 13.07959
495.1628, 6.083252
495.6449, 22.95972
496.1270, 12.35913
496.6092, 9.685303
497.0913, 17.58813
497.5734, 1.331055
498.0555, 20.39941
498.5376, 17.04102
499.0197, 0.3483890
499.5019, 10.68066
499.9840, 4.680176
500.4661, 5.186035
500.9482, 14.90063
501.4303, 24.40576
501.9124, 28.52246
502.3946, 21.29712
502.8767, 11.36914
503.3588, 5.290039
503.8409, 9.315674
504.3230, 7.692139
504.8051, 3.002441
505.2873, 18.78735
505.7694, 30.72314
506.2515, 40.14526
506.7336, 41.88208
507.2157, 31.02783
507.6978, 8.408447
508.1800, 6.599609
508.6621, 13.33521
509.1442, 15.23145
509.6263, 13.74219
510.1084, 9.616943
510.5905, 7.699463
511.0727, 10.40527
511.5548, 12.51294
512.0369, 3.592529
512.5190, 12.93066
513.0012, 25.15161
513.4833, 23.13818
513.9654, 15.98511
514.4475, 11.38257
514.9296, 9.731445
515.4117, 10.14404
515.8939, 13.48804
516.3760, 17.90283
516.8581, 21.64624
517.3402, 21.57202
517.8223, 24.29810
518.3044, 34.37500
518.7866, 48.29639
519.2687, 56.84766
519.7508, 53.60645
520.2329, 52.40381
520.7150, 60.59912
521.1971, 80.25659
521.6793, 83.64990
522.1614, 63.94946
522.6435, 39.82617
523.1256, 27.34399
523.6077, 27.11011
524.0898, 28.60913
524.5720, 31.47559
525.0541, 35.21851
525.5362, 39.79565
526.0183, 45.22192
526.5004, 52.28027
526.9825, 63.32349
527.4647, 75.45093
527.9468, 84.75610
528.4289, 91.19385
528.9110, 94.13745
529.3931, 91.34619
529.8752, 85.65527
530.3574, 79.46118
530.8395, 70.29150
531.3216, 66.97241
531.8037, 78.87891
532.2858, 98.50122
532.7679, 112.7749
533.2501, 110.8408
533.7322, 110.7102
534.2143, 118.6052
534.6964, 134.9912
535.1785, 150.2283
535.6606, 162.0183
536.1428, 175.3804
536.6249, 193.8291
537.1070, 219.3418
537.5891, 243.5002
538.0712, 266.7788
538.5533, 290.2273
539.0355, 314.4026
539.5176, 339.1694
539.9997, 365.2971
540.4818, 394.5249
540.9639, 424.5979
541.4460, 447.7473
541.9282, 465.0935
542.4103, 486.6025
542.8924, 525.9534
543.3745, 570.3445
543.8566, 603.5762
544.3387, 624.0527
544.8209, 631.8201
545.3030, 626.4966
545.7851, 608.7451
546.2672, 579.1594
546.7493, 529.6172
547.2314, 478.0708
547.7136, 429.7727
548.1957, 384.2742
548.6778, 338.3911
549.1599, 287.0652
549.6420, 240.6382
550.1241, 202.6204
550.6063, 172.6846
551.0884, 150.0703
551.5705, 137.1951
552.0526, 130.8125
552.5347, 129.4138
553.0168, 133.4194
553.4990, 129.7573
553.9811, 116.1289
554.4632, 97.68652
554.9453, 81.87720
555.4274, 68.85449
555.9095, 60.01587
556.3917, 59.58740
556.8738, 65.06250
557.3559, 73.89722
557.8380, 85.61279
558.3201, 91.96655
558.8022, 79.98242
559.2844, 63.47607
559.7665, 56.76074
560.2486, 69.73877
560.7307, 80.89380
561.2128, 81.61523
561.6949, 75.77832
562.1771, 70.70752
562.6592, 62.31348
563.1413, 60.75684
563.6234, 70.70874
564.1055, 90.55786
564.5876, 105.2896
565.0698, 113.0334
565.5519, 119.3665
566.0340, 128.2869
566.5161, 140.0591
566.9982, 146.3552
567.4803, 146.1980
567.9625, 144.4712
568.4446, 146.0417
568.9267, 150.6594
569.4088, 157.8577
569.8909, 168.1365
570.3730, 180.8276
570.8552, 200.0754
571.3373, 222.2590
571.8194, 236.5339
572.3015, 219.2107
572.7836, 205.3567
573.2657, 225.6108
573.7479, 284.1426
574.2300, 332.1719
574.7121, 347.8638
575.1942, 352.8472
575.6763, 362.1414
576.1584, 376.0381
576.6406, 395.9854
577.1227, 423.6765
577.6048, 456.6267
578.0869, 491.5054
578.5690, 530.1140
579.0511, 561.8435
579.5333, 577.0996
580.0154, 585.2385
580.4975, 631.4597
580.9796, 717.5044
581.4617, 801.5713
581.9438, 852.3062
582.4260, 880.5107
582.9081, 907.7983
583.3902, 935.1836
583.8723, 970.5442
584.3544, 1029.804
584.8365, 1098.101
585.3187, 1156.243
585.8008, 1199.972
586.2829, 1229.406
586.7650, 1244.423
587.2471, 1245.110
587.7292, 1231.701
588.2114, 1196.252
588.6935, 1154.512
589.1756, 1109.100
589.6577, 1059.794
590.1398, 1013.119
590.6219, 966.7859
591.1041, 926.6660
591.5862, 899.3706
592.0683, 886.3877
592.5504, 866.2722
593.0325, 836.7046
593.5146, 804.0193
593.9968, 775.4863
594.4789, 750.9214
594.9610, 729.9194
595.4431, 711.4048
595.9252, 697.6406
596.4073, 694.5530
596.8895, 699.0608
597.3716, 701.8882
597.8537, 692.8474
598.3358, 685.0593
598.8179, 687.8682
599.3000, 702.2612
599.7822, 715.8467
600.2643, 719.4812
600.7464, 725.8181
601.2285, 742.6187
601.7106, 771.0056
602.1927, 807.7776
602.6749, 855.1179
603.1570, 909.1348
603.6391, 963.6089
604.1212, 1018.730
604.6033, 1076.747
605.0854, 1141.504
605.5676, 1208.655
606.0497, 1271.558
606.5318, 1329.084
607.0139, 1373.942
607.4960, 1399.498
607.9781, 1414.131
608.4603, 1435.843
608.9424, 1465.168
609.4245, 1471.465
609.9066, 1423.835
610.3887, 1353.007
610.8708, 1285.354
611.3530, 1227.492
611.8351, 1168.342
612.3172, 1107.196
612.7993, 1042.675
613.2814, 973.9639
613.7635, 893.4658
614.2457, 822.8105
614.7278, 767.0674
615.2099, 724.0081
615.6920, 686.7332
616.1741, 656.1509
616.6563, 626.0715
617.1384, 590.1514
617.6205, 551.6611
618.1026, 521.8267
618.5847, 500.9949
619.0668, 487.1797
619.5490, 483.6531
620.0311, 484.5903
620.5132, 480.4937
620.9953, 466.8835
621.4774, 454.0486
621.9595, 452.4705
622.4417, 454.0879
622.9238, 447.9951
623.4059, 418.2937
623.8880, 397.5586
624.3701, 394.9634
624.8522, 402.8894
625.3344, 405.6646
625.8165, 401.9597
626.2986, 397.9709
626.7807, 395.7603
627.2628, 395.0771
627.7449, 395.2380
628.2271, 396.6040
628.7092, 395.8245
629.1913, 389.8557
629.6734, 379.8994
630.1555, 367.9868
630.6376, 353.9329
631.1198, 341.3894
631.6019, 336.2163
632.0840, 333.7019
632.5661, 327.3525
633.0482, 309.3730
633.5303, 294.0872
634.0125, 290.6504
634.4946, 293.2529
634.9767, 289.1223
635.4588, 272.2468
635.9409, 254.4619
636.4231, 236.3315
636.9052, 218.9480
637.3873, 209.7134
637.8694, 211.2019
638.3516, 211.1155
638.8337, 199.6436
639.3158, 179.1201
639.7979, 169.7522
640.2800, 173.1721
640.7621, 173.4099
641.2443, 148.1558
641.7264, 111.9910
642.2085, 89.29321
642.6906, 87.95850
643.1727, 92.64722
643.6548, 98.69214
644.1370, 103.7239
644.6191, 104.2732
645.1012, 94.79443
645.5833, 85.98950
646.0654, 78.17090
646.5475, 72.37036
647.0297, 73.29663
647.5118, 86.57300
647.9939, 94.63916
648.4760, 87.32935
648.9581, 67.37305
649.4402, 66.36572
649.9224, 86.55347
650.4045, 101.2866
650.8866, 81.21631
651.3687, 41.46338
651.8508, 17.20166
652.3329, 12.17798
652.8151, 18.38867
653.2972, 42.15381
653.7793, 68.25146
654.2614, 77.42065
654.7435, 50.02051
655.2256, 29.61279
655.7078, 38.92578
656.1899, 61.47729
656.6720, 68.11548
657.1541, 45.71240
657.6362, 26.44189
658.1183, 15.24072
658.6005, 11.39087
659.0826, 14.35132
659.5647, 25.66284
660.0468, 34.42188
660.5289, 36.20923
661.0110, 31.21289
661.4932, 17.13110
661.9753, 5.423828
662.4574, 25.12939
662.9395, 36.21851
663.4216, 38.13892
663.9037, 26.20044
664.3859, 4.074463
664.8680, 24.87598
665.3501, 14.57495
665.8322, 6.040527
666.3143, 17.82715
666.7964, 13.17749
667.2786, 5.754150
667.7607, 7.430664
668.2428, 20.97046
668.7249, 24.14185
669.2070, 14.22046
669.6891, 6.041016
670.1713, 3.437500
670.6534, 4.747314
671.1355, 7.853760
671.6176, 12.19653
672.0997, 13.42139
672.5818, 6.221191
673.0640, 3.274902
673.5461, 8.949219
674.0282, 10.65576
674.5103, 9.952148
674.9924, 3.318848
675.4745, 2.508789
675.9567, 3.225098
676.4388, 2.715088
676.9209, 9.533203
677.4030, 21.80029
677.8851, 30.61401
678.3672, 28.00903
678.8494, 11.06738
679.3315, 5.096191
679.8136, 21.51245
680.2957, 32.23560
680.7778, 21.70361
681.2599, 4.176025
681.7421, 16.21826
682.2242, 0.4763180
682.7063, 24.19531
683.1884, 30.35254
683.6705, 25.20190
684.1526, 23.03198
684.6348, 32.59448
685.1169, 43.74609
685.5990, 54.09253
686.0811, 63.05347
686.5632, 66.97925
687.0453, 63.59302
687.5275, 58.50195
688.0096, 54.27100
688.4917, 50.96948
688.9738, 41.45532
689.4559, 23.48560
689.9380, 9.883057
690.4202, 14.06982
690.9023, 31.05835
691.3844, 46.38281
691.8665, 59.65649
692.3486, 67.18896
692.8307, 58.34448
693.3129, 42.45557
693.7950, 30.86890
694.2771, 25.07495
694.7592, 24.35352
695.2413, 29.87866
695.7234, 38.70654
696.2056, 47.26367
696.6877, 59.01270
697.1698, 64.77051
697.6519, 61.93237
698.1340, 53.38794
698.6161, 44.44580
699.0983, 34.59888
699.5804, 30.67407
700.0625, 39.14624
700.5446, 53.22046
701.0267, 59.29858
701.5089, 59.37158
701.9910, 58.47485
702.4731, 56.83960
702.9552, 56.16455
703.4373, 58.96094
703.9194, 65.52954
704.4016, 69.59888
704.8837, 65.02612
705.3658, 60.23389
705.8479, 59.72803
706.3300, 65.18359
706.8121, 68.83618
707.2943, 69.10571
707.7764, 70.20581
708.2585, 79.38184
708.7406, 95.90576
709.2227, 101.5225
709.7048, 91.91455
710.1870, 79.50684
710.6691, 76.03906
711.1512, 80.07031
711.6333, 90.00854
712.1154, 111.6904
712.5975, 127.9153
713.0797, 124.2383
713.5618, 110.2825
714.0439, 102.6941
714.5260, 108.8989
715.0081, 115.6604
715.4902, 124.2227
715.9724, 132.2917
716.4545, 127.7432
716.9366, 107.1235
717.4187, 93.10962
717.9008, 96.80176
718.3829, 111.9277
718.8651, 126.5269
719.3472, 139.3953
719.8293, 141.9045
720.3114, 118.6807
720.7935, 89.19482
721.2756, 70.94727
721.7578, 65.24390
722.2399, 63.91504
722.7220, 60.86621
723.2041, 61.74829
723.6862, 72.41089
724.1683, 97.67651
724.6505, 106.0994
725.1326, 90.78784
725.6147, 71.82300
726.0968, 66.04321
726.5789, 72.58765
727.0610, 77.38916
727.5432, 79.43042
728.0253, 78.90674
728.5074, 74.74658
728.9895, 68.50342
729.4716, 61.82739
729.9537, 52.12598
730.4359, 48.97217
730.9180, 63.89941
731.4001, 85.83521
731.8822, 99.81909
732.3643, 102.0676
732.8464, 97.54272
733.3286, 80.48047
733.8107, 59.88110
734.2928, 58.54395
734.7749, 79.54248
735.2570, 93.74243
735.7391, 91.68457
736.2213, 79.97241
736.7034, 68.04541
737.1855, 57.02271
737.6676, 51.09790
738.1497, 60.36084
738.6318, 69.10400
739.1140, 62.40845
739.5961, 43.06714
740.0782, 28.69434
740.5603, 25.11475
741.0424, 24.57397
741.5245, 24.49194
742.0067, 24.84863
742.4888, 26.00781
742.9709, 27.57397
743.4530, 30.52173
743.9351, 35.52563
744.4172, 42.25708
744.8994, 50.79443
745.3815, 61.06714
745.8636, 68.99561
746.3457, 65.43628
746.8278, 60.75635
747.3099, 72.05322
747.7921, 107.7800
748.2742, 123.2041
748.7563, 82.20068
749.2384, 29.18115
749.7205, 0.7187500
750.2026, 14.02490
750.6848, 10.97217
751.1669, 17.27930
751.6490, 46.88794
752.1311, 44.49341
752.6132, 13.75073
753.0953, 7.172363
753.5775, 10.43262
754.0596, 7.189209
754.5417, 8.688232
755.0238, 12.58325
755.5059, 14.63281
755.9880, 9.752197
756.4702, 7.821533
756.9523, 19.83936
757.4344, 35.55542
757.9165, 36.04126
758.3986, 11.14551
758.8807, 11.83960
759.3629, 30.69800
759.8450, 43.97827
760.3271, 44.92212
760.8093, 33.66089
761.2914, 27.75146
761.7735, 37.73486
762.2556, 51.44580
762.7377, 48.31934
763.2198, 33.16846
763.7020, 20.94043
764.1841, 23.62476
764.6662, 26.37158
765.1483, 18.95874
765.6304, 3.675293
766.1125, 1.800537
766.5947, 12.48560
767.0768, 22.73438
767.5589, 20.00317
768.0410, 6.467285
768.5231, 2.997559
769.0052, 8.260498
769.4874, 12.61768
769.9695, 22.87671
770.4516, 31.56885
770.9337, 19.27905
771.4158, 11.35303
771.8979, 31.94897
772.3801, 19.93213
772.8622, 2.151367
773.3443, 24.19775
773.8264, 46.95581
774.3085, 53.93921
774.7906, 36.53320
775.2728, 14.93188
775.7549, 0.6459960
776.2370, 10.07104
776.7191, 11.81543
777.2012, 4.971191
777.6833, 1.801270
778.1655, 4.792236
778.6476, 15.35083
779.1297, 9.963379
779.6118, 15.24146
780.0939, 38.92920
780.5760, 54.36060
781.0582, 59.62891
781.5403, 51.25464
782.0224, 16.65332
782.5045, 4.695313
782.9866, 9.849609
783.4688, 5.620605
783.9509, 4.268799
784.4330, 20.22559
784.9151, 33.31958
785.3972, 42.75952
785.8793, 48.58252
786.3615, 49.90015
786.8436, 47.66284
787.3257, 42.53516
787.8078, 32.03320
788.2899, 25.67090
788.7720, 31.38574
789.2542, 42.66382
789.7363, 51.77808
790.2184, 55.59692
790.7005, 60.68213
791.1826, 66.07104
791.6647, 73.77197
792.1469, 88.87109
792.6290, 111.2734
793.1111, 130.4124
793.5932, 145.4287
794.0753, 153.1750
794.5574, 138.5981
795.0396, 116.6394
795.5217, 115.3147
796.0038, 163.8296
796.4859, 208.6650
796.9680, 235.3862
797.4501, 244.5898
797.9323, 234.5835
798.4144, 185.4961
798.8965, 165.8955
799.3786, 194.1646
799.8607, 247.2271
800.3428, 281.5361
800.8250, 298.8335
801.3071, 315.3008
801.7892, 335.8643
802.2713, 357.9512
802.7534, 373.9321
803.2355, 389.9854
803.7177, 418.9097
804.1998, 477.5391
804.6819, 535.7441
805.1640, 583.9292
805.6461, 626.1846
806.1282, 667.8403
806.6104, 702.8179
807.0925, 758.7085
807.5746, 846.1274
808.0567, 954.5771
808.5388, 1052.900
809.0209, 1144.500
809.5031, 1249.654
809.9852, 1395.127
810.4673, 1547.205
810.9494, 1673.262
811.4315, 1782.402
811.9136, 1901.382
812.3958, 2012.229
812.8779, 2167.357
813.3600, 2390.842
813.8421, 2659.924
814.3242, 2901.171
814.8063, 3108.184
815.2885, 3344.617
815.7706, 3639.235
816.2527, 3972.338
816.7348, 4295.323
817.2169, 4617.833
817.6990, 4977.934
818.1812, 5410.303
818.6633, 5873.399
819.1454, 6342.676
819.6275, 6820.161
820.1096, 7315.975
820.5917, 7825.566
821.0739, 8359.202
821.5560, 8941.544
822.0381, 9541.211
822.5202, 10094.90
823.0023, 10602.69
823.4844, 11001.68
823.9666, 11296.01
824.4487, 11440.64
824.9308, 11378.28
825.4129, 11121.83
825.8950, 10712.73
826.3771, 10082.40
826.8593, 9386.586
827.3414, 8643.255
827.8235, 7876.658
828.3056, 7132.252
828.7877, 6408.189
829.2698, 5754.035
829.7520, 5193.511
830.2341, 4718.853
830.7162, 4336.513
831.1983, 4036.431
831.6804, 3765.318
832.1625, 3493.783
832.6447, 3250.004
833.1268, 3061.711
833.6089, 2922.330
834.0910, 2805.384
834.5731, 2714.661
835.0552, 2637.734
835.5374, 2567.623
836.0195, 2510.021
836.5016, 2493.502
836.9837, 2519.525
837.4658, 2556.230
837.9479, 2590.117
838.4301, 2628.514
838.9122, 2672.306
839.3943, 2729.593
839.8764, 2822.726
840.3585, 2971.357
840.8406, 3147.821
841.3228, 3344.905
841.8049, 3561.453
842.2870, 3789.020
842.7691, 4018.173
843.2512, 4282.328
843.7333, 4591.699
844.2155, 4940.099
844.6976, 5321.339
845.1797, 5735.039
845.6618, 6179.251
846.1439, 6639.725
846.6260, 7144.906
847.1082, 7726.864
847.5903, 8367.132
848.0724, 9037.103
848.5545, 9721.041
849.0366, 10447.63
849.5187, 11211.11
850.0009, 12026.29
850.4830, 12923.48
850.9651, 13913.20
851.4472, 14928.72
851.9293, 15953.60
852.4114, 17007.77
852.8936, 18153.05
853.3757, 19342.50
853.8578, 20499.65
854.3399, 21662.96
854.8220, 22717.93
855.3041, 23689.64
855.7863, 24484.90
856.2684, 24963.37
856.7505, 25163.93
857.2326, 24904.18
857.7147, 24120.89
858.1968, 22920.55
858.6790, 21332.88
859.1611, 19448.97
859.6432, 17560.53
860.1253, 15690.96
860.6074, 13936.09
861.0895, 12314.89
861.5717, 10841.79
862.0538, 9555.876
862.5359, 8503.518
863.0180, 7579.664
863.5001, 6778.279
863.9822, 6090.690
864.4644, 5500.779
864.9465, 5011.633
865.4286, 4596.602
865.9107, 4260.124
866.3928, 3968.445
866.8749, 3680.576
867.3571, 3411.525
867.8392, 3175.766
868.3213, 2979.064
868.8034, 2815.857
869.2855, 2695.122
869.7676, 2601.476
870.2498, 2522.967
870.7319, 2457.684
871.2140, 2404.900
871.6961, 2365.737
872.1782, 2340.615
872.6603, 2328.493
873.1425, 2328.632
873.6246, 2340.370
874.1067, 2363.464
874.5888, 2402.759
875.0709, 2458.470
875.5530, 2533.162
876.0352, 2631.511
876.5173, 2755.305
876.9994, 2887.561
877.4815, 3028.734
877.9636, 3176.929
878.4457, 3332.369
878.9279, 3493.981
879.4100, 3662.819
879.8921, 3838.101
880.3742, 4014.896
880.8563, 4231.014
881.3384, 4416.257
881.8206, 4525.044
882.3027, 4553.060
882.7848, 4485.243
883.2670, 4319.307
883.7491, 4067.925
884.2312, 3714.314
884.7133, 3277.659
885.1954, 2856.206
885.6776, 2455.245
886.1597, 2101.669
886.6418, 1828.391
887.1239, 1599.106
887.6060, 1377.208
888.0881, 1165.828
888.5703, 981.9199
889.0524, 834.1934
889.5345, 715.2852
890.0166, 628.3535
890.4987, 566.4688
890.9808, 504.3481
891.4630, 442.1060
891.9451, 393.5371
892.4272, 367.5361
892.9093, 352.6323
893.3914, 339.9116
893.8735, 325.1016
894.3557, 299.3003
894.8378, 247.0249
895.3199, 197.3994
895.8020, 153.3149
896.2841, 118.5010
896.7662, 105.3828
897.2484, 119.3066
897.7305, 118.1230
898.2126, 91.74463
898.6947, 56.88525
899.1768, 32.43945
899.6589, 16.88525
900.1411, 8.020020
900.6232, 10.04102
901.1053, 7.214844
901.5874, 12.09375
902.0695, 36.26025
902.5516, 53.80811
903.0338, 63.47607
903.5159, 71.19092
903.9980, 77.90723
904.4801, 80.08057
904.9622, 70.50293
905.4443, 54.52393
905.9265, 46.86328
906.4086, 49.47705
906.8907, 47.66016
907.3728, 26.05322
907.8549, 1.934570
908.3370, 11.79785
908.8192, 13.57910
909.3013, 14.65576
909.7834, 12.12061
910.2655, 17.20020
910.7476, 42.28857
911.2297, 79.95654
911.7119, 101.2173
912.1940, 108.6182
912.6761, 118.8745
913.1582, 144.7974
913.6403, 173.7793
914.1224, 196.6284
914.6046, 215.0391
915.0867, 242.7583
915.5688, 283.1919
916.0509, 324.6362
916.5330, 360.8330
917.0151, 399.0054
917.4973, 464.6582
917.9794, 550.6846
918.4615, 625.4634
918.9436, 676.5898
919.4257, 711.8784
919.9078, 743.2090
920.3900, 761.5605
920.8721, 750.2241
921.3542, 708.3926
921.8363, 632.1909
922.3184, 505.3350
922.8005, 367.4443
923.2827, 281.9839
923.7648, 238.2979
924.2469, 192.1636
924.7290, 134.2153
925.2111, 81.04004
925.6932, 48.07666
926.1754, 24.00439
926.6575, 3.672363
927.1396, 44.24268
927.6217, 62.02002
928.1038, 47.07959
928.5859, 26.55029
929.0681, 21.58105
929.5502, 28.51953
930.0323, 21.67822
930.5144, 1.609863
930.9965, 14.55225
931.4786, 12.82422
931.9608, 5.005859
932.4429, 1.388672
932.9250, 5.774902
933.4071, 7.411621
933.8892, 9.919434
934.3713, 3.721191
934.8535, 18.04199
935.3356, 46.12451
935.8177, 54.14990
936.2998, 45.96045
936.7819, 38.95166
937.2640, 39.96387
937.7462, 46.42627
938.2283, 56.39844
938.7104, 70.01123
939.1925, 88.44824
939.6746, 119.0605
940.1567, 140.7559
940.6389, 149.3838
941.1210, 152.6377
941.6031, 159.9531
942.0852, 171.0820
942.5673, 188.5127
943.0494, 214.0498
943.5316, 239.6748
944.0137, 260.0977
944.4958, 277.4580
944.9779, 293.0850
945.4600, 306.1997
945.9421, 321.6470
946.4243, 337.2666
946.9064, 357.5161
947.3885, 386.8232
947.8706, 424.6787
948.3527, 466.9175
948.8348, 513.6069
949.3170, 563.1558
949.7991, 623.9023
950.2812, 678.8145
950.7633, 703.1528
951.2454, 706.5654
951.7275, 758.3521
952.2097, 881.5205
952.6918, 991.1860
953.1739, 1060.224
953.6560, 1106.241
954.1381, 1158.036
954.6202, 1216.451
955.1024, 1285.831
955.5845, 1372.946
956.0666, 1465.291
956.5487, 1554.181
957.0308, 1644.721
957.5129, 1744.563
957.9951, 1855.418
958.4772, 1968.062
958.9593, 2081.328
959.4414, 2200.443
959.9235, 2333.920
960.4056, 2476.696
960.8878, 2622.479
961.3699, 2769.374
961.8520, 2921.846
962.3341, 3090.707
962.8162, 3258.414
963.2983, 3422.291
963.7805, 3582.417
964.2626, 3708.417
964.7447, 3803.682
965.2268, 3856.891
965.7089, 3871.341
966.1910, 3831.083
966.6732, 3694.378
967.1553, 3480.188
967.6374, 3242.159
968.1195, 3001.237
968.6016, 2745.397
969.0837, 2457.741
969.5659, 2162.931
970.0480, 1905.773
970.5301, 1685.406
971.0122, 1486.741
971.4943, 1304.516
971.9764, 1144.187
972.4586, 1010.510
972.9407, 898.9702
973.4228, 809.4209
973.9049, 746.5605
974.3870, 681.7188
974.8691, 602.8813
975.3513, 528.7241
975.8334, 471.7090
976.3155, 430.4233
976.7976, 396.1655
977.2797, 368.3740
977.7618, 340.0068
978.2440, 302.6289
978.7261, 265.5161
979.2082, 235.8369
979.6903, 213.3911
980.1724, 196.4780
980.6545, 184.9077
981.1367, 179.5781
981.6188, 185.5015
982.1009, 192.1562
982.5830, 173.2241
983.0651, 135.0259
983.5472, 105.2900
984.0294, 91.70996
984.5115, 85.65381
984.9936, 89.75439
985.4757, 92.64453
985.9578, 80.77100
986.4399, 46.14941
986.9221, 22.92041
987.4042, 11.32227
987.8863, 7.713867
988.3684, 13.77344
988.8505, 24.18359
989.3326, 28.60449
989.8148, 26.37451
990.2969, 17.03906
990.7790, 12.41113
991.2611, 35.31982
991.7432, 40.36719
992.2253, 29.53125
992.7075, 1.785156
993.1896, 46.01123
993.6717, 70.71240
994.1538, 53.64600
994.6359, 22.50342
995.1180, 9.573730
995.6002, 8.895508
996.0823, 11.74316
996.5644, 18.81885
997.0465, 23.00928
997.5286, 23.84424
998.0107, 20.94238
998.4929, 10.74707
998.9750, 5.962402
999.4571, 9.417969
999.9392, 0.7500000
1000.421, 14.39648
1000.903, 30.23486
1001.386, 41.24121
1001.868, 39.73730
1002.350, 26.69775
1002.832, 12.37939
1003.314, 7.430176
1003.796, 16.26172
1004.278, 6.266602
1004.760, 12.75830
1005.242, 21.78857
1005.725, 22.58203
1006.207, 19.61865
1006.689, 11.76270
1007.171, 6.594238
1007.653, 12.30322
1008.135, 19.08447
1008.617, 15.43604
1009.099, 4.206055
1009.582, 4.982910
1010.064, 16.43555
1010.546, 34.88086
1011.028, 21.80176
1011.510, 1.810059
1011.992, 3.424316
1012.474, 14.55615
1012.956, 27.25146
1013.439, 23.41699
1013.921, 16.53174
1014.403, 7.875977
1014.885, 0.2309570
1015.367, 6.2987998E-02
1015.849, 7.315430
1016.331, 10.51025
1016.813, 4.588867
1017.295, 0.6928710
1017.778, 7.184570
1018.260, 17.96484
1018.742, 19.21045
1019.224, 4.089844
1019.706, 4.057617
1020.188, 4.605957
1020.670, 0.7055660
1021.152, 11.66943
1021.635, 26.72217
1022.117, 48.67920
1022.599, 74.39795
1023.081, 85.24072
1023.563, 57.43848
1024.045, 28.66309
1024.527, 10.45312
1025.009, 2.278809
1025.491, 5.071289
1025.974, 19.39453
1026.456, 37.39453
1026.938, 59.43799
1027.420, 77.59814
1027.902, 77.08887
1028.384, 71.40479
1028.866, 81.86426
1029.348, 123.8965
1029.830, 129.6323
1030.313, 74.27490
1030.795, 20.70312
1031.277, 9.558594
1031.759, 29.31348
1032.241, 30.30078
1032.723, 17.15625
1033.205, 14.12988
1033.687, 48.47217
1034.170, 80.56689
1034.652, 89.91162
1035.134, 83.68750
1035.616, 74.68213
1036.098, 60.01367
1036.580, 59.88965
1037.062, 80.22949
1037.544, 97.85400
1038.026, 80.29395
1038.509, 48.19482
1038.991, 29.33057
1039.473, 27.94971
1039.955, 29.82910
1040.437, 30.71729
1040.919, 36.98438
1041.401, 54.43408
1041.883, 78.11426
1042.365, 85.59521
1042.848, 80.09668
1043.330, 79.08838
1043.812, 98.04443
1044.294, 111.5464
1044.776, 94.70898
1045.258, 67.44678
1045.740, 57.99902
1046.222, 73.20312
1046.705, 85.37158
1047.187, 93.93311
1047.669, 98.04492
1048.151, 93.74463
1048.633, 85.76758
1049.115, 84.12744
1049.597, 89.46143
1050.079, 92.74951
1050.562, 89.81494
1051.044, 87.13037
1051.526, 85.66357
1052.008, 84.62891
1052.490, 81.94824
1052.972, 77.59863
1053.454, 72.27246
1053.936, 64.30078
1054.418, 61.54980
1054.901, 78.09424
1055.383, 96.10840
1055.865, 96.67334
1056.347, 76.06494
1056.829, 62.16943
1057.311, 55.99170
1057.793, 55.86523
1058.275, 63.83545
1058.757, 74.17432
1059.240, 79.60791
1059.722, 80.68457
1060.204, 78.96484
1060.686, 70.50928
1061.168, 64.81982
1061.650, 65.40039
1062.132, 69.38232
1062.614, 73.89404
1063.097, 75.71436
1063.579, 61.40771
1064.061, 28.35986
1064.543, 5.760742
1065.025, 20.87744
1065.507, 45.26562
1065.989, 65.18555
1066.471, 79.07227
1066.953, 73.38916
1067.436, 46.24805
1067.918, 28.78662
1068.400, 33.94727
1068.882, 47.69287
1069.364, 56.92773
1069.846, 62.08252
1070.328, 63.38867
1070.810, 55.50879
1071.293, 53.45947
1071.775, 62.52979
1072.257, 67.32080
1072.739, 50.81055
1073.221, 21.34668
1073.703, 5.441406
1074.185, 1.919434
1074.667, 2.340332
1075.150, 7.162109
1075.632, 10.40479
1076.114, 8.992676
1076.596, 4.667969
1077.078, 0.8569340
1077.560, 7.593750
1078.042, 11.97217
1078.524, 13.66943
1079.006, 8.292480
1079.489, 19.29248
1079.971, 47.62402
1080.453, 52.50098
1080.935, 29.24805
1081.417, 23.66602
1081.899, 43.08496
1082.381, 54.78516
1082.863, 40.30762
1083.345, 18.63770
1083.828, 28.77344
1084.310, 56.92383
1084.792, 74.01514
1085.274, 63.74512
1085.756, 56.05811
1086.238, 57.63867
1086.720, 61.16797
1087.202, 59.29297
1087.685, 53.65283
1088.167, 61.22021
1088.649, 79.80664
1089.131, 89.81494
1089.613, 72.56396
1090.095, 51.50391
1090.577, 36.93750
1091.059, 28.65869
1091.542, 27.39404
1092.024, 34.04053
1092.506, 35.09521
1092.988, 27.03662
1093.470, 22.63525
1093.952, 39.17041
1094.434, 63.42285
1094.916, 86.81152
1095.398, 108.0854
1095.880, 101.9355
1096.363, 52.14795
1096.845, 14.61865
1097.327, 12.14307
1097.809, 28.98340
1098.291, 38.57324
1098.773, 41.67334
1099.255, 37.82324
1099.737, 19.20947
1100.220, 12.65771
1100.702, 34.37158
1101.184, 59.58008
1101.666, 72.08203
1102.148, 73.16699
1102.630, 74.40918
1103.112, 74.65137
1103.594, 65.51074
1104.077, 23.09326
1104.559, 9.448730
1105.041, 1.450684
1105.523, 32.86230
1106.005, 45.70557
1106.487, 36.83887
1106.969, 33.91113
1107.451, 40.05225
1107.933, 46.45215
1108.416, 42.04736
1108.898, 36.17139
1109.380, 38.69385
1109.862, 49.66846
1110.344, 60.08643
1110.826, 69.79541
1111.308, 79.15186
1111.790, 90.10205
1112.272, 96.66797
1112.755, 82.04883
1113.237, 58.36279
1113.719, 49.62988
1114.201, 65.43750
1114.683, 72.77197
1115.165, 57.46729
1115.647, 42.22607
1116.129, 38.83398
1116.612, 43.54639
1117.094, 44.90674
1117.576, 42.29443
1118.058, 32.77979
1118.540, 7.155273
1119.022, 13.58838
1119.504, 22.42188
1119.986, 20.07422
1120.469, 3.162109
1120.951, 29.41553
1121.433, 47.57715
1121.915, 50.98779
1122.397, 47.77002
1122.879, 38.73340
1123.361, 30.33496
1123.843, 26.77051
1124.325, 27.84766
1124.807, 33.22070
1125.290, 45.59473
1125.772, 46.08496
1126.254, 28.98877
1126.736, 16.25439
1127.218, 39.00146
1127.700, 73.27783
1128.182, 95.35059
1128.664, 102.3833
1129.147, 90.66602
1129.629, 50.45850
1130.111, 17.65918
1130.593, 0.8422850
1131.075, 1.559570
1131.557, 17.41992
1132.039, 44.96191
1132.521, 53.12354
1133.004, 27.85107
1133.486, 18.44482
1133.968, 47.33447
1134.450, 75.54883
1134.932, 82.45654
1135.414, 73.72900
1135.896, 67.48535
1136.378, 63.21680
1136.860, 58.93457
1137.343, 54.30078
1137.825, 48.20068
1138.307, 34.76465
1138.789, 24.94775
1139.271, 27.50635
1139.753, 43.18457
1140.235, 58.85498
1140.717, 74.13330
1141.199, 85.78711
1141.682, 98.57031
1142.164, 100.2681
1142.646, 71.90186
1143.128, 31.89990
1143.610, 15.14453
1144.092, 23.88574
1144.574, 41.40332
1145.056, 67.93018
1145.539, 85.72949
1146.021, 70.93311
1146.503, 48.30273
1146.985, 36.99170
1147.467, 38.93213
1147.949, 50.40625
1148.431, 77.42383
1148.913, 87.58447
1149.396, 69.01611
1149.878, 47.60742
1150.360, 59.84082
1150.842, 85.61328
1151.324, 100.6299
1151.806, 100.8389
1152.288, 86.43994
1152.770, 46.80615
1153.252, 21.70361
1153.734, 29.15332
1154.217, 56.08057
1154.699, 88.45264
1155.181, 119.6841
1155.663, 137.0332
1156.145, 133.7700
1156.627, 123.4116
1157.109, 106.2349
1157.591, 86.96875
1158.074, 2.385254
1158.556, 64.11182
1159.038, 99.05518
1159.520, 108.6543
1160.002, 16.99805
1160.484, 56.09570
1160.966, 42.79492
1161.448, 27.34717
1161.931, 84.85547
1162.413, 7.622070
1162.895, 63.93408
1163.377, 67.08789
1163.859, 94.58350
1164.341, 69.35742
1164.823, 60.41748
1165.305, 104.2173
1165.787, 118.8115
1166.270, 87.52051
1166.752, 116.5674
1167.234, 37.80664
1167.716, 89.73877
1168.198, 64.03320
1168.680, 38.27002
1169.162, 37.93750
1169.644, 46.58154
1170.126, 57.60645
1170.609, 69.07178
1171.091, 77.64502
1171.573, 83.16406
1172.055, 80.04395
1172.537, 65.71875
1173.019, 51.43359
1173.501, 47.93652
1173.983, 47.58008
1174.466, 42.28711
1174.948, 33.30420
1175.430, 36.38574
1175.912, 52.55469
1176.394, 62.48730
1176.876, 56.97949
1177.358, 49.89844
1177.840, 62.70068
1178.323, 78.21387
1178.805, 70.22607
1179.287, 33.04541
1179.769, 27.20898
1180.251, 57.46680
1180.733, 79.37354
1181.215, 64.18945
1181.697, 40.52539
1182.179, 45.22363
1182.661, 61.70557
1183.144, 63.55566
1183.626, 38.40479
1184.108, 31.05713
1184.590, 45.32715
1185.072, 56.93604
1185.554, 45.91455
1186.036, 25.33594
1186.518, 6.021973
1187.001, 8.918945
1187.483, 11.86328
1187.965, 5.429199
1188.447, 20.02637
1188.929, 32.64893
1189.411, 37.14062
1189.893, 19.50488
1190.375, 4.247559
1190.858, 8.604980
1191.340, 3.221680
1191.822, 15.74854
1192.304, 29.28613
1192.786, 36.02246
1193.268, 33.80811
1193.750, 28.48340
1194.232, 28.28516
1194.714, 27.99609
1195.197, 14.32715
1195.679, 10.57764
1196.161, 19.99268
1196.643, 2.590332
1197.125, 17.04785
1197.607, 14.44141
1198.089, 5.711914
1198.571, 7.008789
1199.054, 12.80176
1199.536, 13.02051
1200.018, 6.460938
1200.500, 2.268555
1200.982, 2.031250
1201.464, 5.067871
1201.946, 13.48096
1202.428, 20.89893
1202.911, 10.68213
1203.393, 6.375488
1203.875, 6.714844
1204.357, 17.52930
1204.839, 27.46045
1205.321, 5.010254
1205.803, 7.735840
1206.285, 10.05811
1206.767, 40.14600
1207.250, 45.40381
1207.732, 34.23633
1208.214, 23.06787
1208.696, 14.41699
1209.178, 10.91406
1209.660, 8.941406
1210.142, 19.88770
1210.624, 58.89502
1211.106, 105.8628
1211.589, 109.7153
1212.071, 83.29590
1212.553, 53.08447
1213.035, 16.94775
1213.517, 1.217773
1213.999, 11.30420
1214.481, 33.88525
1214.963, 71.76221
1215.446, 109.4956
1215.928, 101.0337
1216.410, 61.80029
1216.892, 31.95264
1217.374, 27.07910
1217.856, 31.38184
1218.338, 50.18701
1218.820, 63.06592
1219.302, 44.53955
1219.785, 12.27832
1220.267, 15.96436
1220.749, 44.54834
1221.231, 60.71826
1221.713, 42.88428
1222.195, 30.43506
1222.677, 24.65283
1223.159, 28.54736
1223.641, 59.71973
1224.124, 97.40625
1224.606, 90.19629
1225.088, 47.98682
1225.570, 12.58057
1226.052, 6.720703
1226.534, 13.76123
1227.016, 38.49072
1227.498, 61.94531
1227.981, 61.53369
1228.463, 46.51123
1228.945, 30.46436
1229.427, 13.79932
1229.909, 5.303711
1230.391, 3.971191
1230.873, 11.49951
1231.355, 29.28271
1231.838, 48.62256
1232.320, 62.33105
1232.802, 69.02002
1233.284, 59.65527
1233.766, 37.30762
1234.248, 32.45801
1234.730, 63.74951
1235.212, 79.63623
1235.694, 66.95605
1236.177, 47.93018
1236.659, 55.72607
1237.141, 72.28516
1237.623, 68.74316
1238.105, 44.29590
1238.587, 33.51416
1239.069, 44.36914
1239.551, 54.71631
1240.033, 61.39941
1240.516, 61.05713
1240.998, 40.39307
1241.480, 15.30762
1241.962, 7.308105
1242.444, 18.55811
1242.926, 28.03711
1243.408, 33.70801
1243.890, 42.10693
1244.373, 55.80225
1244.855, 69.24609
1245.337, 83.26953
1245.819, 88.47900
1246.301, 66.53613
1246.783, 15.59473
1247.265, 6.840820
1247.747, 3.065430
1248.229, 19.52734
1248.712, 38.06592
1249.194, 50.56445
1249.676, 43.43262
1250.158, 29.14258
1250.640, 17.28760
1251.122, 3.2226998E-02
1251.604, 9.196777
1252.086, 39.86621
1252.568, 59.52979
1253.051, 53.96973
1253.533, 40.88379
1254.015, 19.19043
1254.497, 0.0000000E+00
##END=



