##NAMES=Gehlenite
##RRUFFID=R061091
##IDEAL CHEMISTRY=Ca_2_Al(SiAl)O_7_
##LOCALITY=Carneal Plug, Glenoe Larne District, County Antrim, Northern Ireland
##OWNER=RRUFF
##SOURCE=Michael Scott
##DESCRIPTION=Yellowish-brown anhedral blebs associated with black magnetite and white wollastonite
##STATUS=The identification of this mineral is confirmed by single-crystal X-ray diffraction and chemical analysis.
##URL=rruff.info/R061091
##MEASURED CHEMISTRY=(Ca_1.64_Na_0.36_)_Σ=2_(Al_0.38_Fe_0.36_Mg_0.26_)_Σ=1_(Si_1.98_Al_0.02_)_Σ=2_O_7_
114.8152, 0.0000000E+00
115.2973, 1.319580
115.7794, 1.956055
116.2615, 35.05042
116.7436, 74.99023
117.2257, 100.1614
117.7079, 114.8525
118.1900, 127.6005
118.6721, 122.8020
119.1542, 126.5891
119.6363, 159.4790
120.1184, 231.8195
120.6006, 321.9764
121.0827, 427.2957
121.5648, 542.0696
122.0469, 641.3888
122.5290, 702.0785
123.0111, 739.4910
123.4933, 773.8615
123.9754, 803.6709
124.4575, 836.9729
124.9396, 856.3630
125.4217, 872.5818
125.9038, 888.6637
126.3860, 874.5153
126.8681, 842.1282
127.3502, 822.8865
127.8323, 846.6116
128.3144, 890.0103
128.7965, 899.7946
129.2787, 868.8875
129.7608, 821.1665
130.2429, 786.5128
130.7250, 763.3923
131.2071, 740.4691
131.6892, 705.6033
132.1714, 661.6023
132.6535, 631.3375
133.1356, 619.6560
133.6177, 620.5068
134.0998, 620.9054
134.5819, 621.4570
135.0640, 617.6882
135.5462, 600.3157
136.0283, 567.1858
136.5104, 548.5703
136.9925, 556.9287
137.4746, 589.3235
137.9567, 604.5339
138.4389, 602.0425
138.9210, 586.7311
139.4031, 561.5054
139.8852, 521.4004
140.3673, 487.8815
140.8494, 470.1294
141.3316, 473.5081
141.8137, 468.0369
142.2958, 448.9969
142.7779, 423.9692
143.2600, 411.1619
143.7421, 417.5570
144.2243, 425.2615
144.7064, 425.5272
145.1885, 413.6874
145.6706, 403.3403
146.1527, 396.1388
146.6348, 391.3350
147.1170, 383.6086
147.5991, 371.8132
148.0812, 357.7587
148.5633, 342.5243
149.0454, 319.1926
149.5275, 302.2856
150.0097, 297.3605
150.4918, 307.2491
150.9739, 309.2234
151.4560, 289.5293
151.9381, 264.6506
152.4202, 254.4454
152.9024, 277.5010
153.3845, 301.0994
153.8666, 314.8704
154.3487, 318.3900
154.8308, 315.0369
155.3129, 301.1584
155.7950, 281.3680
156.2772, 259.9890
156.7593, 237.0582
157.2414, 220.2931
157.7235, 213.3042
158.2056, 225.7170
158.6877, 235.2849
159.1699, 233.3378
159.6520, 223.2590
160.1341, 216.4674
160.6162, 220.7509
161.0983, 227.6326
161.5804, 231.0979
162.0626, 231.2104
162.5447, 226.0475
163.0268, 211.8829
163.5089, 189.5647
163.9910, 169.2543
164.4731, 158.2578
164.9553, 150.9568
165.4374, 141.1617
165.9195, 118.6421
166.4016, 98.56665
166.8837, 92.87646
167.3658, 103.2930
167.8480, 113.6641
168.3301, 111.0652
168.8122, 101.5305
169.2943, 95.74951
169.7764, 101.4246
170.2585, 111.8359
170.7407, 122.4668
171.2228, 134.6133
171.7049, 140.8877
172.1870, 131.2063
172.6691, 106.2537
173.1512, 82.11011
173.6334, 62.68945
174.1155, 49.47827
174.5976, 46.81714
175.0797, 60.89600
175.5618, 76.38794
176.0439, 71.93481
176.5260, 50.79761
177.0082, 33.95166
177.4903, 45.05908
177.9724, 71.12378
178.4545, 83.53833
178.9366, 68.10352
179.4187, 40.83496
179.9009, 25.20801
180.3830, 21.01929
180.8651, 22.84058
181.3472, 29.56299
181.8293, 39.22119
182.3114, 44.93530
182.7936, 42.75269
183.2757, 35.19214
183.7578, 27.65454
184.2399, 20.10474
184.7220, 12.89136
185.2041, 6.735107
185.6863, 1.455566
186.1684, 3.865234
186.6505, 11.01978
187.1326, 18.81934
187.6147, 21.89160
188.0968, 18.89331
188.5790, 14.53516
189.0611, 15.61694
189.5432, 22.05396
190.0253, 30.89062
190.5074, 43.30762
190.9895, 58.03882
191.4717, 65.74561
191.9538, 64.13892
192.4359, 57.40698
192.9180, 54.38062
193.4001, 55.36572
193.8822, 56.21533
194.3644, 53.56787
194.8465, 47.55420
195.3286, 43.05444
195.8107, 42.46558
196.2928, 43.00024
196.7749, 33.18652
197.2570, 10.79272
197.7392, 10.59961
198.2213, 14.72852
198.7034, 0.5349120
199.1855, 3.591553
199.6676, 17.12280
200.1497, 55.67773
200.6319, 76.57568
201.1140, 76.31226
201.5961, 68.49585
202.0782, 66.24243
202.5603, 69.93604
203.0424, 77.32715
203.5246, 88.02881
204.0067, 102.0928
204.4888, 119.7505
204.9709, 143.2373
205.4530, 166.5928
205.9352, 180.6313
206.4173, 182.6299
206.8994, 185.6904
207.3815, 193.8384
207.8636, 206.8958
208.3457, 224.2324
208.8279, 247.8401
209.3100, 274.0457
209.7921, 295.8022
210.2742, 310.7227
210.7563, 327.6670
211.2384, 351.6660
211.7206, 386.3086
212.2027, 411.9236
212.6848, 425.2808
213.1669, 431.6028
213.6490, 443.2866
214.1311, 463.2144
214.6133, 482.3630
215.0954, 495.4766
215.5775, 499.2637
216.0596, 507.0876
216.5417, 520.5198
217.0238, 538.0303
217.5059, 555.8042
217.9881, 575.5066
218.4702, 592.7498
218.9523, 605.1003
219.4344, 611.5078
219.9165, 615.6934
220.3986, 617.7253
220.8808, 617.8210
221.3629, 616.1929
221.8450, 609.5559
222.3271, 605.9480
222.8092, 613.6995
223.2913, 644.6548
223.7735, 658.9116
224.2556, 646.0977
224.7377, 609.1714
225.2198, 582.4058
225.7019, 566.1892
226.1840, 559.2354
226.6662, 562.1062
227.1483, 582.1204
227.6304, 597.2134
228.1125, 605.5315
228.5946, 606.9878
229.0767, 595.4875
229.5589, 562.8604
230.0410, 525.7039
230.5231, 499.6799
231.0052, 489.3916
231.4873, 482.4480
231.9694, 478.9172
232.4516, 479.8259
232.9337, 469.3867
233.4158, 439.6660
233.8979, 405.6978
234.3800, 386.0930
234.8621, 390.8838
235.3443, 392.5347
235.8264, 383.7998
236.3085, 362.9368
236.7906, 343.6477
237.2727, 325.3987
237.7548, 309.1724
238.2369, 295.8101
238.7191, 284.2859
239.2012, 277.4944
239.6833, 278.0977
240.1654, 289.2227
240.6475, 292.9648
241.1296, 287.9556
241.6118, 276.1465
242.0939, 259.5161
242.5760, 232.3877
243.0581, 209.4700
243.5402, 195.8926
244.0223, 194.0554
244.5045, 193.2451
244.9866, 195.9309
245.4687, 198.5496
245.9508, 193.7927
246.4329, 177.0845
246.9150, 160.6177
247.3972, 149.2427
247.8793, 146.1428
248.3614, 138.5320
248.8435, 124.0095
249.3256, 106.1306
249.8077, 92.83936
250.2899, 87.52466
250.7720, 81.44751
251.2541, 69.06030
251.7362, 43.00391
252.2183, 31.64722
252.7004, 42.75073
253.1826, 65.60474
253.6647, 73.97681
254.1468, 60.18726
254.6289, 44.59937
255.1110, 36.83838
255.5931, 40.87817
256.0753, 40.40918
256.5574, 32.05396
257.0395, 20.05493
257.5216, 17.16748
258.0037, 28.46802
258.4858, 38.86011
258.9680, 39.26367
259.4501, 22.77100
259.9322, 17.43262
260.4143, 29.64868
260.8964, 51.88354
261.3785, 60.68750
261.8607, 51.32056
262.3428, 38.02271
262.8249, 28.17358
263.3070, 23.44287
263.7891, 16.07959
264.2712, 2.502441
264.7534, 12.78955
265.2355, 13.40747
265.7176, 6.283936
266.1997, 28.08765
266.6818, 42.17529
267.1639, 46.97363
267.6461, 49.10205
268.1282, 47.00757
268.6103, 43.33228
269.0924, 47.88379
269.5745, 64.53149
270.0566, 79.43750
270.5387, 82.61304
271.0208, 70.76831
271.5030, 62.96411
271.9851, 59.45020
272.4672, 61.66650
272.9493, 77.24463
273.4314, 110.7979
273.9135, 142.4253
274.3957, 158.0205
274.8778, 155.5576
275.3599, 151.6843
275.8420, 145.6895
276.3241, 140.8159
276.8062, 150.2605
277.2884, 178.3904
277.7705, 202.2993
278.2526, 201.1423
278.7347, 172.7251
279.2168, 160.1277
279.6989, 170.4185
280.1811, 196.8901
280.6632, 225.1494
281.1453, 256.1890
281.6274, 282.9551
282.1095, 299.0662
282.5916, 304.6780
283.0738, 309.9792
283.5559, 314.4136
284.0380, 321.0984
284.5201, 338.9080
285.0022, 368.5327
285.4843, 400.3552
285.9665, 427.0918
286.4486, 449.4011
286.9307, 475.7922
287.4128, 508.7429
287.8949, 543.7573
288.3770, 570.2087
288.8592, 588.1938
289.3413, 604.8645
289.8234, 627.2566
290.3055, 653.3721
290.7876, 670.5530
291.2697, 674.2039
291.7519, 674.2288
292.2340, 685.6323
292.7161, 708.4111
293.1982, 741.6892
293.6803, 794.9968
294.1624, 859.9998
294.6446, 907.7432
295.1267, 932.2026
295.6088, 944.8855
296.0909, 961.3748
296.5730, 980.8271
297.0551, 999.2773
297.5373, 1012.456
298.0194, 1022.931
298.5015, 1037.044
298.9836, 1056.974
299.4657, 1076.584
299.9478, 1089.318
300.4300, 1095.620
300.9121, 1095.962
301.3942, 1086.811
301.8763, 1075.326
302.3584, 1073.520
302.8405, 1086.465
303.3227, 1098.948
303.8048, 1094.094
304.2869, 1076.353
304.7690, 1057.521
305.2511, 1043.534
305.7332, 1032.205
306.2154, 1021.693
306.6975, 1012.615
307.1796, 1000.617
307.6617, 981.0247
308.1438, 956.4471
308.6259, 931.2222
309.1081, 904.2545
309.5901, 879.9066
310.0723, 863.2910
310.5544, 856.3204
311.0365, 849.8662
311.5186, 839.2843
312.0007, 824.3300
312.4828, 804.7031
312.9650, 777.4630
313.4471, 747.3882
313.9292, 717.1752
314.4113, 686.9412
314.8934, 657.3228
315.3755, 628.5031
315.8577, 600.3652
316.3398, 574.0801
316.8219, 547.8955
317.3040, 525.4308
317.7861, 510.1987
318.2682, 503.1819
318.7504, 491.4054
319.2325, 462.5447
319.7146, 429.3374
320.1967, 405.8550
320.6788, 406.1871
321.1609, 407.3407
321.6431, 384.7021
322.1252, 318.8105
322.6073, 334.3877
323.0894, 340.8608
323.5715, 339.5378
324.0536, 307.4906
324.5358, 315.5607
325.0179, 307.8943
325.5000, 299.5887
325.9821, 313.1738
326.4642, 285.2635
326.9464, 297.5172
327.4285, 293.4991
327.9106, 296.9919
328.3927, 284.6775
328.8748, 277.7693
329.3569, 288.0979
329.8391, 290.2590
330.3212, 277.9863
330.8033, 283.2999
331.2854, 255.7832
331.7675, 257.6575
332.2496, 272.3707
332.7318, 260.6311
333.2139, 265.8492
333.6960, 263.8124
334.1781, 230.7686
334.6602, 251.3627
335.1423, 248.6747
335.6245, 222.1035
336.1066, 240.8021
336.5887, 217.8529
337.0708, 210.6052
337.5529, 214.8849
338.0350, 206.7794
338.5172, 216.7318
338.9993, 208.6068
339.4814, 198.7091
339.9635, 195.7048
340.4456, 173.0686
340.9277, 187.1245
341.4099, 176.2917
341.8920, 177.9281
342.3741, 182.5157
342.8562, 166.5166
343.3383, 174.2720
343.8204, 146.5096
344.3026, 146.4567
344.7847, 142.7661
345.2668, 157.8625
345.7489, 127.8384
346.2310, 126.5027
346.7131, 137.5542
347.1953, 131.7556
347.6774, 132.9005
348.1595, 112.5260
348.6416, 111.8160
349.1237, 105.7247
349.6058, 118.7883
350.0880, 116.9679
350.5700, 96.88757
351.0522, 76.67957
351.5343, 90.61475
352.0164, 72.29602
352.4985, 71.51440
352.9806, 52.64368
353.4627, 49.25391
353.9449, 45.58240
354.4270, 49.91370
354.9091, 30.03955
355.3912, 41.54382
355.8733, 34.84412
356.3554, 33.41101
356.8376, 31.28552
357.3197, 4.733643
357.8018, 1.842407
358.2839, 20.21057
358.7660, 1.226807
359.2481, 13.77942
359.7303, 0.5139160
360.2124, 10.25183
360.6945, 16.58386
361.1766, 12.91431
361.6587, 5.801880
362.1408, 1.048706
362.6230, 8.107300
363.1051, 12.33069
363.5872, 10.69202
364.0693, 5.846924
364.5514, 2.573364
365.0335, 3.630615
365.5157, 4.970825
365.9978, 4.516235
366.4799, 0.7280270
366.9620, 0.1450200
367.4441, 9.393433
367.9262, 20.03955
368.4084, 21.61206
368.8905, 3.188110
369.3726, 12.06079
369.8547, 18.59753
370.3368, 15.46094
370.8189, 14.75037
371.3011, 19.07593
371.7832, 23.63171
372.2653, 24.50415
372.7474, 22.05615
373.2295, 14.68921
373.7116, 0.7875980
374.1938, 22.24329
374.6759, 33.35437
375.1580, 31.14954
375.6401, 24.55920
376.1222, 19.83972
376.6043, 17.67700
377.0865, 12.26489
377.5686, 0.6097410
378.0507, 12.52356
378.5328, 12.01208
379.0149, 4.023804
379.4970, 18.03650
379.9792, 16.56372
380.4613, 1.616699
380.9434, 5.947632
381.4255, 3.739746
381.9076, 2.294189
382.3897, 5.578735
382.8719, 5.882202
383.3540, 1.183105
383.8361, 16.42615
384.3182, 38.62390
384.8003, 46.11865
385.2824, 37.89771
385.7646, 22.92749
386.2467, 3.348877
386.7288, 16.70728
387.2109, 28.33960
387.6930, 20.95813
388.1751, 8.915649
388.6573, 8.604126
389.1394, 18.60315
389.6215, 25.60315
390.1036, 17.87756
390.5857, 4.053223
391.0678, 7.042236
391.5499, 12.44214
392.0320, 15.25256
392.5142, 17.76294
392.9963, 19.12170
393.4784, 16.62756
393.9605, 1.878662
394.4426, 11.87756
394.9247, 16.39856
395.4069, 6.631714
395.8890, 3.913330
396.3711, 15.26123
396.8532, 25.04822
397.3353, 29.13733
397.8174, 22.25952
398.2996, 14.11792
398.7817, 7.878540
399.2638, 4.656494
399.7459, 1.590698
400.2280, 19.21729
400.7101, 34.66895
401.1923, 33.02563
401.6744, 0.2247310
402.1565, 24.72180
402.6386, 34.03699
403.1207, 28.87512
403.6028, 21.10779
404.0850, 6.894287
404.5671, 2.898071
405.0492, 3.510498
405.5313, 31.14099
406.0134, 44.24292
406.4955, 33.59668
406.9777, 10.99744
407.4598, 8.295410
407.9419, 27.75391
408.4240, 45.61194
408.9061, 45.14246
409.3882, 29.95935
409.8704, 22.35425
410.3525, 24.52783
410.8346, 30.08435
411.3167, 30.74060
411.7988, 27.50647
412.2809, 25.05188
412.7631, 25.13477
413.2452, 27.31311
413.7273, 32.75049
414.2094, 41.38013
414.6915, 46.88196
415.1736, 41.85632
415.6558, 30.50854
416.1379, 20.00867
416.6200, 9.220825
417.1021, 1.8310999E-02
417.5842, 5.642578
418.0663, 7.765625
418.5485, 5.452881
419.0306, 5.673828
419.5127, 18.42236
419.9948, 28.04724
420.4769, 33.04346
420.9590, 35.81885
421.4412, 35.62634
421.9233, 34.37280
422.4054, 35.03833
422.8875, 37.91345
423.3696, 42.46863
423.8517, 49.96045
424.3339, 62.05103
424.8160, 69.19043
425.2981, 69.00256
425.7802, 64.15942
426.2623, 56.57361
426.7444, 39.80481
427.2266, 35.30786
427.7087, 50.65308
428.1908, 81.12976
428.6729, 99.71594
429.1550, 102.7083
429.6371, 102.5331
430.1193, 105.2510
430.6014, 110.3191
431.0835, 124.2869
431.5656, 151.3414
432.0477, 179.7240
432.5298, 184.2908
433.0119, 165.6212
433.4940, 155.2394
433.9762, 173.9897
434.4583, 213.1636
434.9404, 243.2921
435.4225, 264.5175
435.9046, 277.9675
436.3867, 276.9784
436.8689, 267.5874
437.3510, 266.5394
437.8331, 285.6595
438.3152, 312.0500
438.7973, 329.8826
439.2794, 340.2567
439.7616, 351.3962
440.2437, 372.5353
440.7258, 394.9518
441.2079, 408.8065
441.6900, 406.4302
442.1721, 410.1656
442.6543, 437.0393
443.1364, 475.9641
443.6185, 507.2244
444.1006, 522.8162
444.5827, 529.8571
445.0648, 528.1715
445.5470, 516.3871
446.0291, 515.3417
446.5112, 535.2435
446.9933, 560.7347
447.4754, 579.8560
447.9576, 590.1501
448.4397, 600.1876
448.9218, 610.2316
449.4039, 619.9005
449.8860, 628.7518
450.3681, 637.3727
450.8503, 643.8607
451.3324, 645.8242
451.8145, 641.4204
452.2966, 641.9895
452.7787, 650.3497
453.2608, 661.4012
453.7430, 664.0522
454.2251, 657.8616
454.7072, 655.1925
455.1893, 665.7152
455.6714, 682.3446
456.1535, 679.3309
456.6357, 656.3123
457.1178, 632.4298
457.5999, 625.0426
458.0820, 628.4491
458.5641, 633.2418
459.0462, 641.1151
459.5284, 647.6846
460.0105, 642.6084
460.4926, 628.9767
460.9747, 616.3997
461.4568, 606.9680
461.9389, 602.2729
462.4211, 605.4198
462.9032, 618.7723
463.3853, 630.7371
463.8674, 633.2710
464.3495, 632.4043
464.8316, 635.0183
465.3138, 646.2578
465.7959, 658.1204
466.2780, 670.4216
466.7601, 682.4481
467.2422, 688.0232
467.7243, 678.0779
468.2065, 670.2310
468.6886, 673.2534
469.1707, 690.4304
469.6528, 711.8342
470.1349, 741.1545
470.6170, 771.8795
471.0992, 792.1411
471.5813, 800.9473
472.0634, 803.0842
472.5455, 796.7773
473.0276, 784.0259
473.5097, 781.7913
473.9918, 791.0085
474.4739, 804.8904
474.9561, 817.0840
475.4382, 828.4568
475.9203, 844.0703
476.4024, 868.1367
476.8845, 891.6587
477.3666, 899.4961
477.8488, 894.7996
478.3309, 890.1072
478.8130, 897.0715
479.2951, 905.1454
479.7772, 901.1355
480.2593, 882.7380
480.7415, 866.2166
481.2236, 863.5488
481.7057, 867.0000
482.1878, 867.7786
482.6699, 862.0940
483.1520, 854.4325
483.6342, 848.8057
484.1163, 843.5068
484.5984, 829.3463
485.0805, 795.6538
485.5626, 760.7438
486.0447, 731.6716
486.5269, 707.6233
487.0090, 691.7783
487.4911, 687.7725
487.9732, 689.5063
488.4553, 690.0800
488.9374, 692.0110
489.4196, 684.4460
489.9017, 660.4424
490.3838, 624.3629
490.8659, 601.1150
491.3480, 592.0718
491.8301, 588.5615
492.3123, 586.5945
492.7944, 585.2574
493.2765, 579.6514
493.7586, 569.0726
494.2407, 554.4705
494.7228, 534.0715
495.2050, 510.2401
495.6871, 490.3134
496.1692, 480.8007
496.6513, 474.8092
497.1334, 464.5986
497.6155, 450.4650
498.0977, 438.0719
498.5798, 429.4528
499.0619, 424.8423
499.5440, 425.1073
500.0261, 434.2651
500.5082, 442.3389
500.9904, 446.9705
501.4725, 447.9652
501.9546, 445.8832
502.4367, 436.1595
502.9188, 427.9829
503.4009, 425.2573
503.8831, 429.1744
504.3652, 427.4766
504.8473, 417.0389
505.3294, 405.2845
505.8115, 397.8707
506.2936, 394.9520
506.7758, 393.7988
507.2579, 393.8795
507.7400, 395.7793
508.2221, 403.7798
508.7042, 419.1360
509.1863, 432.6082
509.6685, 437.9270
510.1506, 435.6449
510.6327, 426.6045
511.1148, 410.6387
511.5969, 400.0554
512.0790, 411.2372
512.5612, 433.7263
513.0433, 449.4961
513.5254, 450.2062
514.0075, 447.0118
514.4896, 446.3179
514.9717, 449.6162
515.4539, 457.8228
515.9360, 482.0966
516.4181, 500.9728
516.9002, 500.5676
517.3823, 476.1093
517.8644, 457.3865
518.3466, 447.9921
518.8287, 445.4166
519.3108, 448.8763
519.7929, 466.1210
520.2750, 478.2368
520.7571, 483.5267
521.2393, 483.1674
521.7214, 477.9340
522.2035, 464.2112
522.6856, 453.0425
523.1677, 452.4994
523.6498, 462.2416
524.1320, 464.1906
524.6141, 457.4996
525.0962, 447.2598
525.5783, 437.9191
526.0604, 428.8339
526.5425, 416.6768
527.0247, 397.8304
527.5068, 381.5396
527.9889, 383.7794
528.4710, 398.9539
528.9531, 409.1331
529.4352, 400.4806
529.9174, 385.9890
530.3995, 375.9117
530.8816, 371.6215
531.3637, 365.5106
531.8458, 349.8038
532.3279, 333.5447
532.8101, 324.6088
533.2922, 337.1903
533.7743, 341.4630
534.2564, 325.3064
534.7385, 299.4855
535.2206, 290.5635
535.7027, 310.6753
536.1848, 327.3966
536.6669, 329.1379
537.1490, 315.5469
537.6312, 303.1241
538.1133, 291.6365
538.5954, 282.1921
539.0775, 277.0619
539.5596, 275.7465
540.0417, 272.2500
540.5239, 264.9819
541.0060, 256.6176
541.4881, 251.3839
541.9702, 248.5753
542.4523, 245.5706
542.9344, 241.9951
543.4166, 236.9827
543.8987, 228.2643
544.3808, 216.0508
544.8629, 205.8494
545.3450, 203.8611
545.8271, 203.2211
546.3093, 197.8715
546.7914, 182.1820
547.2735, 169.8500
547.7556, 166.8344
548.2377, 168.3221
548.7198, 165.7075
549.2020, 153.4913
549.6841, 144.6688
550.1662, 144.0618
550.6483, 150.4966
551.1304, 149.9020
551.6125, 141.2313
552.0947, 128.4403
552.5768, 112.1525
553.0589, 92.53149
553.5410, 78.03882
554.0231, 69.52307
554.5052, 65.04236
554.9874, 65.36621
555.4695, 68.31348
555.9516, 65.72205
556.4337, 50.48425
556.9158, 32.52600
557.3979, 20.97229
557.8801, 15.72388
558.3622, 16.47400
558.8443, 31.31934
559.3264, 46.28040
559.8085, 50.48889
560.2906, 40.84888
560.7728, 30.30029
561.2549, 21.37500
561.7370, 13.47644
562.2191, 5.955933
562.7012, 3.617188
563.1833, 9.429932
563.6655, 9.641846
564.1476, 6.122803
564.6297, 2.733765
565.1118, 2.842163
565.5939, 0.8476560
566.0760, 17.33875
566.5582, 48.65674
567.0403, 65.01538
567.5224, 65.07349
568.0045, 60.75269
568.4866, 63.41443
568.9688, 70.13403
569.4509, 72.93127
569.9330, 69.89624
570.4151, 63.86987
570.8972, 53.14001
571.3793, 41.72595
571.8615, 37.88684
572.3436, 53.64392
572.8257, 70.10535
573.3078, 76.26294
573.7899, 73.07971
574.2720, 71.36169
574.7542, 79.24133
575.2363, 84.64734
575.7184, 80.48438
576.2005, 61.17664
576.6826, 47.19153
577.1647, 39.52173
577.6469, 36.14600
578.1290, 36.83716
578.6111, 43.53088
579.0932, 42.81104
579.5753, 29.61719
580.0574, 9.977051
580.5396, 2.627075
581.0217, 8.443970
581.5038, 9.556152
581.9859, 3.322388
582.4680, 5.499146
582.9501, 10.94751
583.4323, 12.74731
583.9144, 6.224854
584.3965, 22.88403
584.8786, 56.79822
585.3607, 76.15210
585.8428, 68.98291
586.3250, 61.82959
586.8071, 61.26697
587.2892, 66.65393
587.7713, 76.99646
588.2534, 99.48804
588.7355, 118.4001
589.2177, 130.1776
589.6998, 135.7458
590.1819, 141.3511
590.6640, 145.2723
591.1461, 153.3622
591.6282, 171.3546
592.1104, 198.9930
592.5925, 219.4736
593.0746, 231.8605
593.5567, 241.0011
594.0388, 246.3954
594.5209, 252.3397
595.0031, 273.1493
595.4852, 319.3966
595.9673, 367.2434
596.4494, 391.0564
596.9315, 399.1726
597.4136, 410.3923
597.8958, 431.9951
598.3779, 459.4196
598.8600, 493.7452
599.3421, 534.7805
599.8242, 569.9785
600.3063, 592.0457
600.7885, 612.8562
601.2706, 636.5859
601.7527, 661.1616
602.2348, 696.2205
602.7169, 743.4723
603.1990, 798.1287
603.6812, 855.1206
604.1633, 913.9980
604.6454, 975.1564
605.1275, 1040.330
605.6096, 1104.320
606.0917, 1151.487
606.5739, 1186.235
607.0560, 1233.454
607.5381, 1311.536
608.0202, 1405.539
608.5023, 1501.004
608.9844, 1597.198
609.4666, 1692.014
609.9487, 1776.942
610.4308, 1865.975
610.9129, 1970.917
611.3950, 2105.300
611.8771, 2231.250
612.3593, 2336.907
612.8414, 2437.358
613.3235, 2546.225
613.8056, 2661.108
614.2877, 2795.839
614.7698, 2958.138
615.2520, 3138.430
615.7341, 3304.587
616.2162, 3456.130
616.6983, 3607.490
617.1804, 3762.540
617.6625, 3922.781
618.1446, 4094.460
618.6267, 4276.438
619.1088, 4460.838
619.5909, 4639.378
620.0731, 4816.471
620.5552, 4994.117
621.0373, 5173.144
621.5194, 5355.495
622.0015, 5551.458
622.4836, 5749.017
622.9658, 5935.168
623.4479, 6101.854
623.9300, 6261.491
624.4121, 6422.127
624.8942, 6574.929
625.3763, 6695.973
625.8585, 6777.391
626.3406, 6849.652
626.8227, 6926.814
627.3048, 7005.262
627.7869, 7065.270
628.2690, 7108.147
628.7512, 7121.092
629.2333, 7087.109
629.7154, 7018.301
630.1975, 6939.834
630.6796, 6856.226
631.1617, 6752.815
631.6439, 6609.069
632.1260, 6441.418
632.6081, 6271.460
633.0902, 6109.164
633.5723, 5938.865
634.0544, 5754.873
634.5366, 5560.814
635.0187, 5366.410
635.5008, 5158.867
635.9829, 4966.872
636.4650, 4802.229
636.9471, 4661.411
637.4293, 4522.992
637.9114, 4384.410
638.3935, 4265.279
638.8756, 4179.996
639.3577, 4125.693
639.8398, 4086.936
640.3220, 4063.253
640.8041, 4053.434
641.2862, 4056.413
641.7683, 4073.052
642.2504, 4104.354
642.7325, 4152.475
643.2147, 4210.836
643.6968, 4267.672
644.1789, 4334.655
644.6610, 4432.272
645.1431, 4583.663
645.6252, 4745.025
646.1074, 4907.345
646.5895, 5073.041
647.0716, 5244.751
647.5537, 5422.769
648.0358, 5611.792
648.5179, 5816.167
649.0001, 6036.386
649.4822, 6264.096
649.9643, 6502.123
650.4464, 6735.056
650.9285, 6941.282
651.4106, 7137.541
651.8928, 7353.868
652.3749, 7598.528
652.8570, 7839.798
653.3391, 8053.083
653.8212, 8247.703
654.3033, 8434.043
654.7855, 8622.465
655.2676, 8797.617
655.7497, 8946.735
656.2318, 9080.659
656.7139, 9222.572
657.1960, 9394.784
657.6782, 9536.296
658.1603, 9626.579
658.6424, 9674.515
659.1245, 9727.814
659.6066, 9788.844
660.0887, 9833.120
660.5709, 9844.963
661.0530, 9829.688
661.5351, 9799.017
662.0172, 9753.169
662.4993, 9696.006
662.9814, 9638.887
663.4636, 9567.597
663.9457, 9464.196
664.4278, 9319.090
664.9099, 9160.106
665.3920, 8994.025
665.8741, 8818.791
666.3563, 8634.217
666.8384, 8449.648
667.3205, 8237.506
667.8026, 7984.266
668.2847, 7707.725
668.7668, 7443.815
669.2490, 7192.478
669.7311, 6960.295
670.2132, 6765.946
670.6953, 6584.937
671.1774, 6346.963
671.6595, 6061.494
672.1417, 5781.292
672.6238, 5545.936
673.1059, 5332.324
673.5880, 5119.841
674.0701, 4908.844
674.5522, 4700.594
675.0344, 4496.434
675.5165, 4296.302
675.9986, 4102.036
676.4807, 3907.275
676.9628, 3728.735
677.4449, 3573.616
677.9271, 3429.240
678.4092, 3285.663
678.8913, 3141.852
679.3734, 2995.471
679.8555, 2843.086
680.3376, 2694.271
680.8198, 2572.556
681.3019, 2471.920
681.7840, 2372.551
682.2661, 2262.292
682.7482, 2152.383
683.2303, 2046.424
683.7125, 1947.388
684.1946, 1860.816
684.6767, 1805.396
685.1588, 1748.347
685.6409, 1672.219
686.1230, 1575.197
686.6052, 1483.407
687.0873, 1393.368
687.5694, 1314.193
688.0515, 1253.663
688.5336, 1214.979
689.0157, 1166.492
689.4979, 1106.634
689.9800, 1044.142
690.4621, 987.1354
690.9442, 935.6411
691.4263, 886.7573
691.9084, 839.9113
692.3906, 797.5376
692.8727, 764.0176
693.3548, 736.2456
693.8369, 708.1125
694.3190, 680.4854
694.8011, 649.2581
695.2833, 606.7756
695.7654, 560.6790
696.2475, 529.9299
696.7296, 525.2961
697.2117, 514.8694
697.6938, 488.5088
698.1760, 450.5029
698.6581, 418.5895
699.1402, 392.7256
699.6223, 372.5461
700.1044, 360.6633
700.5865, 353.1172
701.0686, 343.2456
701.5507, 330.8748
702.0328, 315.5247
702.5150, 292.9792
702.9971, 269.9589
703.4792, 251.2119
703.9613, 237.7026
704.4434, 226.9631
704.9255, 224.8585
705.4077, 220.8894
705.8898, 205.7051
706.3719, 169.7571
706.8540, 152.1481
707.3361, 159.9092
707.8182, 174.5414
708.3004, 172.1299
708.7825, 154.0020
709.2646, 128.1326
709.7467, 91.14771
710.2288, 59.86108
710.7109, 60.76306
711.1931, 81.13953
711.6752, 95.28467
712.1573, 86.26721
712.6394, 77.40479
713.1215, 81.24609
713.6036, 94.39587
714.0858, 101.9227
714.5679, 99.60376
715.0500, 94.98145
715.5321, 90.77087
716.0142, 86.77979
716.4963, 78.27576
716.9785, 64.36475
717.4606, 49.35059
717.9427, 33.26160
718.4248, 18.40759
718.9069, 12.77466
719.3890, 16.42395
719.8712, 19.53662
720.3533, 15.38086
720.8354, 7.441284
721.3175, 3.390625
721.7996, 20.74292
722.2817, 27.67908
722.7639, 5.233765
723.2460, 20.99121
723.7281, 29.36169
724.2102, 10.05884
724.6923, 1.486450
725.1744, 1.131958
725.6566, 2.403687
726.1387, 4.248535
726.6208, 19.81946
727.1029, 31.08630
727.5850, 33.97913
728.0671, 33.18921
728.5493, 34.17542
729.0314, 35.69104
729.5135, 35.39099
729.9956, 29.00940
730.4777, 24.24500
730.9598, 25.51440
731.4420, 31.30542
731.9241, 36.23938
732.4062, 41.72192
732.8883, 42.74231
733.3704, 36.46790
733.8525, 24.83850
734.3347, 17.15247
734.8168, 13.90186
735.2989, 13.55078
735.7810, 16.68250
736.2631, 21.53125
736.7452, 23.60229
737.2274, 22.75269
737.7095, 20.98926
738.1916, 20.49121
738.6737, 20.87097
739.1558, 19.89319
739.6379, 16.31470
740.1201, 17.65515
740.6022, 33.89600
741.0843, 47.13635
741.5664, 46.67200
742.0485, 28.76990
742.5306, 14.83435
743.0128, 5.234131
743.4949, 2.982300
743.9770, 15.61450
744.4591, 29.33911
744.9412, 30.19519
745.4233, 13.97107
745.9055, 1.665894
746.3876, 0.4541020
746.8697, 9.359741
747.3518, 17.07214
747.8339, 15.30554
748.3160, 17.13281
748.7982, 35.32312
749.2803, 55.57312
749.7624, 55.73950
750.2445, 25.01904
750.7266, 6.242798
751.2087, 6.625488
751.6909, 16.86890
752.1730, 21.00720
752.6551, 21.40564
753.1372, 24.94836
753.6193, 35.54187
754.1014, 47.84399
754.5836, 57.82971
755.0657, 63.93201
755.5478, 63.93665
756.0299, 50.20776
756.5120, 38.37134
756.9941, 35.50238
757.4763, 41.20734
757.9584, 47.52911
758.4405, 54.57025
758.9226, 58.65161
759.4047, 57.64526
759.8868, 53.00842
760.3690, 51.84100
760.8511, 54.06958
761.3332, 55.99878
761.8153, 55.46521
762.2974, 53.31354
762.7795, 49.20795
763.2617, 43.62036
763.7438, 41.93835
764.2259, 48.43652
764.7080, 56.63904
765.1901, 64.57581
765.6722, 72.96204
766.1544, 75.55426
766.6365, 70.63031
767.1186, 62.48792
767.6007, 50.22003
768.0828, 33.63989
768.5649, 38.91956
769.0471, 69.79565
769.5292, 97.39752
770.0113, 87.18695
770.4934, 57.32190
770.9755, 36.77863
771.4576, 30.41638
771.9398, 31.71564
772.4219, 45.98810
772.9040, 61.61420
773.3861, 67.26422
773.8682, 51.96838
774.3503, 43.70117
774.8325, 44.31750
775.3146, 49.73010
775.7967, 56.48328
776.2788, 64.58246
776.7609, 69.76941
777.2430, 71.56476
777.7252, 69.69257
778.2073, 58.25049
778.6894, 43.94061
779.1715, 40.08429
779.6536, 58.56970
780.1357, 74.80878
780.6179, 76.46118
781.1000, 69.49786
781.5821, 64.17932
782.0642, 60.64392
782.5463, 59.67853
783.0284, 61.34625
783.5105, 65.72913
783.9926, 75.15106
784.4747, 89.00562
784.9568, 96.90973
785.4390, 94.35944
785.9211, 86.77808
786.4032, 79.45990
786.8853, 72.82629
787.3674, 68.19464
787.8495, 65.26978
788.3317, 65.58960
788.8138, 74.09460
789.2959, 86.47113
789.7780, 87.94574
790.2601, 72.87787
790.7422, 57.52502
791.2244, 44.72400
791.7065, 35.68445
792.1886, 35.02478
792.6707, 42.15149
793.1528, 49.36829
793.6349, 56.24756
794.1171, 58.45319
794.5992, 45.09808
795.0813, 21.45044
795.5634, 6.772034
796.0455, 16.61896
796.5276, 29.93036
797.0098, 39.87421
797.4919, 46.14813
797.9740, 46.71619
798.4561, 38.31250
798.9382, 30.51843
799.4203, 29.54279
799.9025, 33.54865
800.3846, 29.85181
800.8667, 18.88690
801.3488, 8.880127
801.8309, 7.517578
802.3130, 7.785339
802.7952, 1.523865
803.2773, 10.67126
803.7594, 20.04565
804.2415, 22.99597
804.7236, 21.89246
805.2057, 16.84601
805.6879, 8.007446
806.1700, 3.001953
806.6521, 1.488159
807.1342, 5.050659
807.6163, 21.61884
808.0984, 43.88953
808.5806, 42.39655
809.0627, 18.43512
809.5448, 2.298706
810.0269, 1.986084
810.5090, 14.36267
810.9911, 22.85803
811.4733, 26.32544
811.9554, 24.75439
812.4375, 12.06848
812.9196, 0.8837890
813.4017, 3.410278
813.8839, 0.7893070
814.3660, 8.529785
814.8481, 25.80652
815.3302, 39.48181
815.8123, 38.40198
816.2944, 28.49414
816.7766, 20.81018
817.2587, 15.95874
817.7408, 11.46631
818.2229, 5.610107
818.7050, 0.4428710
819.1871, 6.756836
819.6693, 14.30542
820.1514, 14.98230
820.6335, 3.731323
821.1156, 6.074707
821.5977, 5.203247
822.0798, 6.083252
822.5620, 21.23193
823.0441, 40.36462
823.5262, 52.58533
824.0083, 38.91174
824.4904, 18.22876
824.9725, 15.62024
825.4547, 34.87170
825.9368, 48.57556
826.4189, 41.18884
826.9010, 32.36572
827.3831, 33.68970
827.8652, 47.22351
828.3474, 52.72766
828.8295, 48.30188
829.3116, 42.27185
829.7937, 39.87439
830.2758, 41.71875
830.7579, 48.54102
831.2401, 60.04871
831.7222, 72.17761
832.2043, 82.46838
832.6864, 92.81152
833.1685, 104.6721
833.6506, 118.5275
834.1328, 131.8113
834.6149, 146.9531
835.0970, 157.5781
835.5791, 156.2631
836.0612, 141.8223
836.5433, 146.9934
837.0255, 173.8208
837.5076, 201.6606
837.9897, 209.1217
838.4718, 207.9670
838.9539, 218.5895
839.4360, 242.8879
839.9182, 261.8840
840.4003, 260.0288
840.8824, 256.5326
841.3645, 263.0316
841.8466, 280.3472
842.3287, 302.8971
842.8109, 332.9159
843.2930, 361.4902
843.7751, 382.4955
844.2572, 396.8014
844.7393, 405.0299
845.2214, 407.6229
845.7036, 412.9174
846.1857, 425.0344
846.6678, 443.9204
847.1499, 474.2604
847.6320, 516.9078
848.1141, 544.9463
848.5963, 541.9368
849.0784, 539.9167
849.5605, 555.3431
850.0426, 587.2946
850.5247, 608.6282
851.0068, 619.0366
851.4890, 624.7122
851.9711, 629.1799
852.4532, 631.4568
852.9353, 628.9525
853.4174, 622.5193
853.8995, 619.1051
854.3817, 624.0009
854.8638, 629.8948
855.3459, 634.6445
855.8280, 637.8901
856.3101, 634.2983
856.7922, 622.1503
857.2744, 609.7649
857.7565, 603.3528
858.2386, 598.9500
858.7207, 583.5924
859.2028, 558.8102
859.6849, 534.1948
860.1671, 515.7339
860.6492, 498.6407
861.1313, 480.7341
861.6134, 461.7458
862.0955, 440.2749
862.5776, 416.7749
863.0598, 391.1825
863.5419, 364.9769
864.0240, 336.3683
864.5061, 292.7311
864.9882, 235.7191
865.4703, 189.7228
865.9524, 178.8730
866.4345, 176.6725
866.9166, 151.6155
867.3987, 111.7377
867.8809, 78.00330
868.3630, 62.35938
868.8451, 48.20349
869.3272, 29.09033
869.8093, 9.585571
870.2914, 3.937988
870.7736, 13.94714
871.2557, 21.27844
871.7378, 20.06409
872.2199, 12.75464
872.7020, 1.084106
873.1841, 17.56445
873.6663, 26.66321
874.1484, 20.41382
874.6305, 10.26013
875.1126, 0.9447020
875.5947, 12.88989
876.0768, 25.34033
876.5590, 38.45679
877.0411, 51.59619
877.5232, 64.51562
878.0053, 76.96948
878.4874, 85.86133
878.9695, 93.79175
879.4517, 111.9680
879.9338, 147.0417
880.4159, 183.3381
880.8980, 211.8369
881.3801, 234.9600
881.8622, 255.7537
882.3444, 265.0281
882.8265, 288.8201
883.3086, 331.8049
883.7907, 382.5667
884.2728, 430.9417
884.7549, 476.5171
885.2371, 514.3308
885.7192, 542.5916
886.2013, 569.9600
886.6834, 601.1570
887.1655, 636.7717
887.6476, 675.5183
888.1298, 713.6665
888.6119, 770.3135
889.0940, 865.5308
889.5761, 958.0024
890.0582, 1017.131
890.5403, 1040.203
891.0225, 1077.927
891.5046, 1130.879
891.9867, 1191.640
892.4688, 1254.844
892.9509, 1320.250
893.4330, 1385.291
893.9152, 1449.584
894.3973, 1522.501
894.8794, 1611.830
895.3615, 1705.439
895.8436, 1799.710
896.3257, 1894.021
896.8079, 1978.960
897.2900, 2051.661
897.7721, 2137.668
898.2542, 2255.175
898.7363, 2392.047
899.2184, 2526.096
899.7006, 2659.978
900.1827, 2795.290
900.6648, 2938.968
901.1469, 3081.847
901.6290, 3209.444
902.1111, 3334.307
902.5933, 3492.719
903.0754, 3694.268
903.5575, 3896.621
904.0396, 4087.669
904.5217, 4273.851
905.0038, 4466.913
905.4860, 4664.006
905.9681, 4860.836
906.4502, 5045.831
906.9323, 5241.072
907.4144, 5467.337
907.8965, 5706.409
908.3787, 5928.045
908.8608, 6118.601
909.3429, 6329.074
909.8250, 6569.184
910.3071, 6817.629
910.7892, 7039.920
911.2714, 7243.160
911.7535, 7456.014
912.2356, 7686.524
912.7177, 7912.267
913.1998, 8115.211
913.6819, 8309.286
914.1641, 8507.926
914.6462, 8721.736
915.1283, 8919.072
915.6104, 9101.860
916.0925, 9259.539
916.5746, 9375.766
917.0568, 9458.840
917.5389, 9546.155
918.0210, 9637.867
918.5031, 9705.062
918.9852, 9726.832
919.4673, 9717.006
919.9495, 9690.032
920.4316, 9644.918
920.9137, 9543.407
921.3958, 9359.111
921.8779, 9173.515
922.3600, 9025.383
922.8422, 8897.322
923.3243, 8737.186
923.8064, 8547.063
924.2885, 8340.647
924.7706, 8134.889
925.2527, 7909.403
925.7349, 7642.023
926.2170, 7342.927
926.6991, 7047.348
927.1812, 6742.365
927.6633, 6463.406
928.1454, 6223.158
928.6276, 6005.423
929.1097, 5785.952
929.5918, 5566.717
930.0739, 5344.145
930.5560, 5117.597
931.0381, 4902.530
931.5203, 4728.252
932.0024, 4567.192
932.4845, 4387.971
932.9666, 4170.644
933.4487, 3967.331
933.9308, 3778.406
934.4130, 3605.270
934.8951, 3450.126
935.3772, 3311.326
935.8593, 3192.377
936.3414, 3093.575
936.8235, 2992.913
937.3057, 2868.104
937.7878, 2741.388
938.2699, 2629.298
938.7520, 2534.273
939.2341, 2445.893
939.7162, 2368.949
940.1984, 2288.748
940.6805, 2194.969
941.1626, 2094.235
941.6447, 2008.820
942.1268, 1937.206
942.6089, 1871.228
943.0911, 1809.006
943.5732, 1748.699
944.0553, 1690.556
944.5374, 1633.168
945.0195, 1572.669
945.5016, 1498.534
945.9838, 1447.703
946.4659, 1433.541
946.9480, 1430.746
947.4301, 1397.047
947.9122, 1339.979
948.3943, 1283.707
948.8764, 1231.118
949.3585, 1188.277
949.8406, 1167.799
950.3228, 1154.164
950.8049, 1132.623
951.2870, 1097.678
951.7691, 1066.412
952.2512, 1039.708
952.7333, 1015.783
953.2155, 996.4612
953.6976, 978.2903
954.1797, 948.4775
954.6618, 908.0471
955.1439, 871.8899
955.6260, 848.0825
956.1082, 831.7778
956.5903, 828.3291
957.0724, 832.8071
957.5545, 813.8501
958.0366, 763.0491
958.5187, 720.9048
959.0009, 703.6421
959.4830, 697.9900
959.9651, 678.7554
960.4472, 650.6365
960.9293, 624.4187
961.4114, 604.0667
961.8936, 586.3826
962.3757, 574.1753
962.8578, 560.9832
963.3399, 539.1907
963.8220, 507.8196
964.3041, 476.5823
964.7863, 445.4133
965.2684, 416.1699
965.7505, 387.4641
966.2326, 362.8347
966.7147, 351.1763
967.1968, 354.7815
967.6790, 350.2922
968.1611, 323.5264
968.6432, 291.6562
969.1253, 262.1909
969.6074, 235.1748
970.0895, 207.3245
970.5717, 178.3232
971.0538, 153.7483
971.5359, 140.5945
972.0180, 130.2314
972.5001, 108.7844
972.9822, 81.72363
973.4644, 63.08911
973.9465, 69.08765
974.4286, 67.26685
974.9107, 48.63721
975.3928, 23.40894
975.8749, 6.924072
976.3571, 0.4375000
976.8392, 5.832764
977.3213, 29.75830
977.8034, 47.27197
978.2855, 26.58203
978.7676, 6.492432
979.2498, 23.08765
979.7319, 14.79028
980.2140, 10.37256
980.6961, 14.33521
981.1782, 15.00513
981.6603, 0.6494140
982.1425, 26.30640
982.6246, 26.39575
983.1067, 4.492432
983.5888, 15.74951
984.0709, 22.24878
984.5530, 22.19702
985.0352, 14.53516
985.5173, 2.897217
985.9994, 1.484131
986.4815, 18.72290
986.9636, 25.02173
987.4457, 11.13647
987.9279, 10.64087
988.4100, 17.93628
988.8921, 15.35718
989.3742, 17.76831
989.8563, 32.09497
990.3384, 43.54883
990.8206, 41.56641
991.3027, 35.26489
991.7848, 32.83167
992.2669, 35.46814
992.7490, 32.40967
993.2311, 23.28333
993.7133, 12.51428
994.1954, 0.9775390
994.6775, 7.742432
995.1596, 8.845947
995.6417, 3.901001
996.1238, 1.770142
996.6060, 11.06433
997.0881, 16.13342
997.5702, 10.76233
998.0523, 1.787964
998.5344, 8.353271
999.0165, 29.13916
999.4987, 45.20972
999.9808, 51.37000
1000.463, 49.36426
1000.945, 32.53735
1001.427, 14.12158
1001.909, 8.728638
1002.391, 26.26782
1002.873, 30.97852
1003.356, 18.88367
1003.838, 5.057007
1004.320, 0.1763920
1004.802, 0.3029790
1005.284, 3.114136
1005.766, 9.145020
1006.248, 9.768921
1006.730, 13.10437
1007.213, 28.50061
1007.695, 10.20825
1008.177, 25.28748
1008.659, 34.86365
1009.141, 13.61865
1009.623, 3.345947
1010.105, 7.259766
1010.587, 5.459351
1011.069, 6.724487
1011.552, 9.001831
1012.034, 8.619385
1012.516, 3.274536
1012.998, 0.6762700
1013.480, 4.166016
1013.962, 7.418579
1014.444, 6.874878
1014.926, 2.658081
1015.409, 5.065186
1015.891, 16.07935
1016.373, 25.89722
1016.855, 32.02563
1017.337, 35.91333
1017.819, 38.39160
1018.301, 39.27966
1018.783, 38.50391
1019.265, 38.04004
1019.748, 29.84241
1020.230, 10.13037
1020.712, 11.97339
1021.194, 20.52612
1021.676, 21.94775
1022.158, 33.35156
1022.640, 61.73389
1023.122, 78.28528
1023.604, 55.49023
1024.087, 30.37952
1024.569, 27.06067
1025.051, 44.58423
1025.533, 50.43213
1026.015, 44.37683
1026.497, 36.74268
1026.979, 30.44775
1027.461, 27.91797
1027.943, 36.41492
1028.426, 50.03430
1028.908, 54.85303
1029.390, 37.02979
1029.872, 29.17651
1030.354, 39.02563
1030.836, 51.12756
1031.318, 40.94165
1031.800, 16.26709
1032.283, 5.320923
1032.765, 11.88428
1033.247, 19.69141
1033.729, 14.57092
1034.211, 11.57227
1034.693, 26.39929
1035.175, 55.24658
1035.657, 56.65649
1036.140, 27.14319
1036.622, 2.767578
1037.104, 0.4898680
1037.586, 7.354126
1038.068, 16.94568
1038.550, 26.19568
1039.032, 31.65405
1039.514, 30.69592
1039.996, 28.15247
1040.479, 21.93872
1040.961, 17.85645
1041.443, 25.44641
1041.925, 40.86707
1042.407, 37.76855
1042.889, 16.43738
1043.371, 0.5382080
1043.853, 15.34619
1044.335, 30.16394
1044.818, 20.46680
1045.300, 4.874756
1045.782, 7.411499
1046.264, 18.74365
1046.746, 31.72607
1047.228, 17.12329
1047.710, 4.337646
1048.192, 5.646973
1048.675, 4.726074
1049.157, 14.47302
1049.639, 21.05786
1050.121, 27.62903
1050.603, 38.19873
1051.085, 43.59241
1051.567, 34.69092
1052.049, 15.21582
1052.531, 9.140137
1053.014, 14.50452
1053.496, 17.28271
1053.978, 3.089111
1054.460, 9.036377
1054.942, 4.351929
1055.424, 8.348022
1055.906, 9.363281
1056.388, 6.072266
1056.870, 7.988281
1057.353, 9.523315
1057.835, 28.93970
1058.317, 26.55103
1058.799, 17.69861
1059.281, 25.98804
1059.763, 54.38159
1060.245, 67.56189
1060.727, 47.23828
1061.210, 30.70105
1061.692, 31.18665
1062.174, 43.87585
1062.656, 60.96350
1063.138, 78.77893
1063.620, 82.33936
1064.102, 57.37354
1064.584, 36.59265
1065.067, 43.25037
1065.549, 56.28430
1066.031, 50.81409
1066.513, 21.33057
1066.995, 16.23828
1067.477, 37.02905
1067.959, 60.45654
1068.441, 72.54541
1068.923, 76.42908
1069.406, 70.05554
1069.888, 57.18872
1070.370, 53.29688
1070.852, 67.20532
1071.334, 77.53052
1071.816, 79.96716
1072.298, 79.52380
1072.780, 82.67773
1073.262, 88.41785
1073.745, 96.49060
1074.227, 107.5903
1074.709, 112.7427
1075.191, 98.31982
1075.673, 86.90308
1076.155, 92.73218
1076.637, 111.9506
1077.119, 117.3065
1077.601, 109.6515
1078.084, 100.7195
1078.566, 90.89941
1079.048, 88.48669
1079.530, 111.7407
1080.012, 142.3262
1080.494, 152.6646
1080.976, 130.6805
1081.458, 120.2455
1081.941, 123.3353
1082.423, 130.4802
1082.905, 132.3125
1083.387, 134.3425
1083.869, 149.7581
1084.351, 174.7535
1084.833, 191.4777
1085.315, 186.1647
1085.797, 182.1440
1086.280, 183.7530
1086.762, 188.3226
1087.244, 190.4861
1087.726, 191.6284
1088.208, 200.0748
1088.690, 218.0983
1089.172, 228.3696
1089.654, 208.1349
1090.136, 187.6061
1090.619, 190.5146
1091.101, 212.0202
1091.583, 215.2652
1092.065, 199.6696
1092.547, 187.7782
1093.029, 188.8661
1093.511, 194.1895
1093.993, 196.7586
1094.476, 195.8836
1094.958, 192.5031
1095.440, 187.1555
1095.922, 179.7088
1096.404, 169.0538
1096.886, 158.7953
1097.368, 150.9288
1097.850, 145.7284
1098.333, 146.2697
1098.815, 150.2017
1099.297, 149.4388
1099.779, 139.0816
1100.261, 125.1146
1100.743, 105.5444
1101.225, 85.63214
1101.707, 74.13007
1102.189, 69.76965
1102.672, 68.41644
1103.154, 68.82483
1103.636, 68.12585
1104.118, 65.56989
1104.600, 61.39435
1105.082, 53.27277
1105.564, 42.83411
1106.046, 40.93475
1106.528, 48.47900
1107.011, 51.39557
1107.493, 44.18396
1107.975, 35.78619
1108.457, 33.72247
1108.939, 35.91382
1109.421, 40.81665
1109.903, 48.99890
1110.385, 52.78607
1110.868, 52.03326
1111.350, 49.77777
1111.832, 46.78229
1112.314, 42.47266
1112.796, 35.54706
1113.278, 28.14539
1113.760, 23.53662
1114.242, 24.51776
1114.724, 24.95685
1115.207, 26.78485
1115.689, 26.61469
1116.171, 16.63684
1116.653, 1.450928
1117.135, 0.3292240
1117.617, 12.54138
1118.099, 24.43134
1118.581, 34.08240
1119.063, 34.90771
1119.546, 19.34369
1120.028, 1.124023
1120.510, 6.833984
1120.992, 0.9166870
1121.474, 9.379395
1121.956, 16.66461
1122.438, 22.13055
1122.920, 25.85956
1123.403, 28.52881
1123.885, 29.65253
1124.367, 28.96881
1124.849, 29.40039
1125.331, 32.09277
1125.813, 32.60779
1126.295, 27.93195
1126.777, 23.62958
1127.260, 28.87018
1127.742, 36.31177
1128.224, 36.75336
1128.706, 26.86591
1129.188, 18.51215
1129.670, 10.73639
1130.152, 7.353638
1130.634, 12.17657
1131.116, 21.21155
1131.599, 28.62952
1132.081, 34.55621
1132.563, 39.23737
1133.045, 47.77307
1133.527, 45.59259
1134.009, 24.75537
1134.491, 6.311523
1134.973, 14.43079
1135.455, 39.13745
1135.938, 49.18964
1136.420, 45.66699
1136.902, 40.39056
1137.384, 35.80450
1137.866, 34.53265
1138.348, 38.52625
1138.830, 44.62256
1139.312, 48.64349
1139.795, 50.59778
1140.277, 49.78296
1140.759, 46.05823
1141.241, 43.75250
1141.723, 47.30267
1142.205, 51.59937
1142.687, 54.62659
1143.169, 55.95856
1143.651, 53.71832
1144.134, 47.91504
1144.616, 40.07043
1145.098, 28.80450
1145.580, 23.32837
1146.062, 41.11194
1146.544, 61.39075
1147.026, 61.84998
1147.508, 42.19592
1147.990, 31.96613
1148.473, 31.68921
1148.955, 36.31360
1149.437, 47.30920
1149.919, 55.95557
1150.401, 47.08612
1150.883, 31.37714
1151.365, 24.94592
1151.847, 35.51691
1152.330, 38.21088
1152.812, 30.61151
1153.294, 24.08618
1153.776, 28.31317
1154.258, 36.60388
1154.740, 37.59320
1155.222, 34.23138
1155.704, 33.41687
1156.186, 34.32745
1156.669, 44.59979
1157.151, 69.77051
1157.633, 91.91821
1158.115, 89.41461
1158.597, 73.12976
1159.079, 66.39642
1159.561, 68.55273
1160.043, 69.90973
1160.526, 67.65991
1161.008, 62.75934
1161.490, 54.17206
1161.972, 45.01923
1162.454, 38.86633
1162.936, 35.87219
1163.418, 37.57751
1163.900, 44.15094
1164.382, 50.95581
1164.865, 55.95422
1165.347, 60.07947
1165.829, 63.78040
1166.311, 66.84167
1166.793, 69.51807
1167.275, 71.17212
1167.757, 66.90662
1168.239, 54.07928
1168.721, 46.68121
1169.204, 60.68866
1169.686, 73.69305
1170.168, 71.50629
1170.650, 58.30255
1171.132, 55.40869
1171.614, 61.10925
1172.096, 60.29669
1172.578, 43.70905
1173.061, 31.77679
1173.543, 42.30035
1174.025, 59.09790
1174.507, 69.58130
1174.989, 73.87848
1175.471, 73.74438
1175.953, 69.22076
1176.435, 62.12787
1176.917, 50.15118
1177.400, 40.26575
1177.882, 35.40607
1178.364, 37.36481
1178.846, 50.52234
1179.328, 78.25720
1179.810, 89.49792
1180.292, 83.82690
1180.774, 73.25476
1181.256, 64.66846
1181.739, 54.81030
1182.221, 33.74371
1182.703, 12.49927
1183.185, 14.04755
1183.667, 47.34204
1184.149, 59.42859
1184.631, 46.11560
1185.113, 31.37677
1185.596, 37.06610
1186.078, 48.29242
1186.560, 51.11963
1187.042, 47.89343
1187.524, 47.98584
1188.006, 53.02527
1188.488, 57.11230
1188.970, 60.03485
1189.453, 59.42920
1189.935, 50.17279
1190.417, 38.35339
1190.899, 28.38702
1191.381, 21.37927
1191.863, 21.57648
1192.345, 30.28937
1192.827, 42.85046
1193.309, 60.63873
1193.792, 73.57898
1194.274, 63.61298
1194.756, 46.63348
1195.238, 43.41864
1195.720, 55.70795
1196.202, 57.79803
1196.684, 44.39862
1197.166, 35.38525
1197.648, 37.45465
1198.131, 42.67432
1198.613, 40.75787
1199.095, 34.85779
1199.577, 28.09869
1200.059, 20.58063
1200.541, 17.31458
1201.023, 19.57410
1201.505, 22.41467
1201.988, 25.21198
1202.470, 25.28314
1202.952, 12.40710
1203.434, 3.283142
1203.916, 5.137390
1204.398, 15.14911
1204.880, 29.62671
1205.362, 37.37292
1205.844, 39.75818
1206.327, 36.63452
1206.809, 29.69568
1207.291, 16.06177
1207.773, 2.429016
1208.255, 1.260315
1208.737, 23.16693
1209.219, 38.25464
1209.701, 46.20325
1210.183, 47.92566
1210.666, 40.37256
1211.148, 30.03876
1211.630, 26.82037
1212.112, 29.52271
1212.594, 36.09259
1213.076, 55.15674
1213.558, 58.66498
1214.040, 42.14221
1214.523, 24.50598
1215.005, 20.53540
1215.487, 23.73151
1215.969, 26.03064
1216.451, 26.92133
1216.933, 24.88995
1217.415, 15.81592
1217.897, 11.19928
1218.380, 11.65289
1218.862, 15.75024
1219.344, 26.21771
1219.826, 37.10199
1220.308, 37.40112
1220.790, 30.53369
1221.272, 28.16589
1221.754, 35.47845
1222.236, 40.37115
1222.719, 42.06995
1223.201, 40.36664
1223.683, 28.51794
1224.165, 18.01605
1224.647, 28.43024
1225.129, 54.26178
1225.611, 65.15985
1226.093, 52.69415
1226.575, 39.43219
1227.058, 27.08875
1227.540, 18.12024
1228.022, 13.72253
1228.504, 14.95435
1228.986, 29.43420
1229.468, 52.73822
1229.950, 57.33173
1230.432, 33.72333
1230.915, 21.76520
1231.397, 29.78741
1231.879, 40.33307
1232.361, 33.17725
1232.843, 19.60138
1233.325, 10.84192
1233.807, 7.724548
1234.289, 9.755615
1234.771, 19.56073
1235.254, 20.50964
1235.736, 7.795776
1236.218, 6.509155
1236.700, 8.282471
1237.182, 4.977417
1237.664, 4.319641
1238.146, 6.117310
1238.628, 3.307434
1239.110, 5.244507
1239.593, 9.962891
1240.075, 8.176208
1240.557, 4.575195
1241.039, 1.323669
1241.521, 0.6964110
1242.003, 6.482300
1242.485, 17.46747
1242.967, 24.34521
1243.449, 26.85675
1243.932, 29.50073
1244.414, 34.10339
1244.896, 35.52374
1245.378, 23.26215
1245.860, 10.78815
1246.342, 12.83990
1246.824, 25.10382
1247.306, 23.28906
1247.789, 7.453247
1248.271, 2.551270
1248.753, 18.02850
1249.235, 32.59265
1249.717, 27.36169
1250.199, 17.39990
1250.681, 13.93152
1251.163, 15.57025
1251.646, 12.61212
1252.128, 6.178772
1252.610, 6.653076
1253.092, 19.91949
1253.574, 29.17303
1254.056, 20.10144
1254.538, 7.500549
1255.020, 1.547668
1255.502, 6.114746
1255.984, 2.875671
1256.467, 21.48969
1256.949, 30.58594
1257.431, 21.42297
1257.913, 13.24792
1258.395, 18.04803
1258.877, 22.29694
1259.359, 18.56677
1259.841, 9.992920
1260.324, 6.217163
1260.806, 6.427429
1261.288, 8.753113
1261.770, 14.07501
1262.252, 16.19232
1262.734, 10.35321
1263.216, 5.264832
1263.698, 6.596863
1264.181, 12.22235
1264.663, 19.74902
1265.145, 27.74707
1265.627, 34.83490
1266.109, 42.96948
1266.591, 41.17261
1267.073, 22.64337
1267.555, 10.30017
1268.037, 19.14880
1268.520, 36.08862
1269.002, 38.62958
1269.484, 32.13153
1269.966, 25.06342
1270.448, 18.71112
1270.930, 13.15106
1271.412, 8.330566
1271.894, 4.613403
1272.376, 0.2990720
1272.859, 0.7963870
1273.341, 12.44836
1273.823, 30.36078
1274.305, 40.04547
1274.787, 39.50726
1275.269, 36.92413
1275.751, 32.30035
1276.233, 26.94696
1276.716, 20.13300
1277.198, 15.35614
1277.680, 18.08325
1278.162, 22.61340
1278.644, 21.62317
1279.126, 14.95636
1279.608, 16.79657
1280.090, 26.31537
1280.573, 28.06494
1281.055, 8.275452
1281.537, 7.143738
1282.019, 5.201538
1282.501, 22.74036
1282.983, 28.17389
1283.465, 22.97247
1283.947, 16.29169
1284.429, 9.095947
1284.911, 5.946960
1285.394, 9.623047
1285.876, 3.876709
1286.358, 6.400513
1286.840, 8.319519
1287.322, 6.284058
1287.804, 4.102600
1288.286, 4.805664
1288.768, 5.251892
1289.251, 0.0000000E+00
##END=



