##NAMES=Gelosaite
##RRUFFID=R120031
##IDEAL CHEMISTRY=BiMo^6+^_(2-5x)_Mo^5+^_6x_O_7_(OH)&#183;H_2_O (0&#8804;x&#8804;0.4)
##LOCALITY=Old 25 pipe, Kingsgate, New South Wales, Australia
##OWNER=RRUFF
##SOURCE=Pete Williams and Bill Pinch
##DESCRIPTION=Blue blocky crystals
##STATUS=The identification of this mineral has been confirmed by single-crystal X-ray diffraction.
##URL=rruff.info/R120031
92.56775, 0.0000000E+00
93.04987, 17.17871
93.53198, 57.03210
94.01410, 90.04980
94.49622, 113.0217
94.97833, 129.7305
95.46045, 143.7352
95.94257, 154.9434
96.42468, 165.1552
96.90680, 177.8367
97.38892, 187.4156
97.87103, 192.9105
98.35315, 192.9475
98.83527, 187.0912
99.31738, 178.2972
99.79950, 165.0804
100.2816, 149.7856
100.7637, 130.1050
101.2458, 108.9480
101.7280, 88.78381
102.2101, 69.99854
102.6922, 53.15173
103.1743, 39.40320
103.6564, 30.35706
104.1385, 26.13586
104.6207, 23.92761
105.1028, 24.49915
105.5849, 28.76965
106.0670, 33.33142
106.5491, 33.62634
107.0313, 31.37463
107.5134, 28.77307
107.9955, 26.45471
108.4776, 24.89221
108.9597, 24.16785
109.4418, 23.73206
109.9240, 24.09094
110.4061, 24.39490
110.8882, 23.99121
111.3703, 22.66809
111.8524, 20.68396
112.3345, 18.64526
112.8167, 17.06732
113.2988, 14.37439
113.7809, 9.150574
114.2630, 2.951904
114.7451, 2.270447
115.2272, 5.181030
115.7094, 5.948547
116.1915, 6.955505
116.6736, 8.384888
117.1557, 9.883118
117.6378, 12.09692
118.1199, 14.53870
118.6021, 15.67999
119.0842, 14.15747
119.5663, 9.621582
120.0484, 4.435791
120.5305, 2.076355
121.0126, 8.817261
121.4948, 15.01990
121.9769, 20.65021
122.4590, 25.45789
122.9411, 28.67218
123.4232, 30.68762
123.9053, 32.57410
124.3875, 34.62103
124.8696, 36.79340
125.3517, 38.98126
125.8338, 41.12085
126.3159, 43.36157
126.7980, 45.97559
127.2802, 48.99359
127.7623, 51.92712
128.2444, 54.33832
128.7265, 56.25824
129.2086, 58.04431
129.6907, 58.98602
130.1729, 60.87354
130.6550, 64.37201
131.1371, 69.45386
131.6192, 75.50629
132.1013, 81.51257
132.5834, 86.54047
133.0656, 92.93188
133.5477, 101.1227
134.0298, 110.5626
134.5119, 121.3629
134.9940, 133.8575
135.4761, 148.1442
135.9583, 164.2120
136.4404, 184.7981
136.9225, 203.9165
137.4046, 220.9688
137.8867, 236.4281
138.3688, 251.0402
138.8510, 265.2754
139.3331, 278.3572
139.8152, 287.2443
140.2973, 292.0042
140.7794, 293.8322
141.2615, 292.4877
141.7437, 288.3523
142.2258, 283.0261
142.7079, 277.2936
143.1900, 270.8669
143.6721, 263.1554
144.1542, 253.2087
144.6364, 243.0760
145.1185, 234.9182
145.6006, 229.0202
146.0827, 223.4041
146.5648, 216.3361
147.0469, 209.2003
147.5291, 203.6284
148.0112, 200.5820
148.4933, 199.0318
148.9754, 196.7180
149.4575, 193.4285
149.9396, 189.6096
150.4218, 186.0959
150.9039, 182.3837
151.3860, 178.9370
151.8681, 176.2212
152.3502, 173.9335
152.8323, 169.8615
153.3145, 161.9495
153.7966, 154.0325
154.2787, 147.0781
154.7608, 140.6649
155.2429, 133.6926
155.7250, 125.1059
156.2072, 114.7151
156.6893, 105.8652
157.1714, 98.83240
157.6535, 92.65454
158.1356, 87.29266
158.6177, 82.53241
159.0999, 77.79724
159.5820, 72.62207
160.0641, 66.92706
160.5462, 60.67499
161.0283, 53.34314
161.5104, 45.86676
161.9926, 38.69116
162.4747, 31.91235
162.9568, 25.95282
163.4389, 21.83691
163.9210, 19.43958
164.4031, 16.42889
164.8853, 11.72015
165.3674, 6.392212
165.8495, 2.156799
166.3316, 0.6134030
166.8137, 2.668274
167.2958, 4.644897
167.7780, 6.536682
168.2601, 8.237976
168.7422, 9.819031
169.2243, 11.20782
169.7064, 12.07440
170.1885, 12.45612
170.6707, 12.09796
171.1528, 10.79456
171.6349, 8.711914
172.1170, 6.491211
172.5991, 4.555481
173.0812, 2.775940
173.5634, 1.676636
174.0455, 2.693970
174.5276, 3.322876
175.0097, 2.154419
175.4918, 0.5756840
175.9739, 3.549072
176.4561, 5.512451
176.9382, 6.572998
177.4203, 7.146606
177.9024, 6.758301
178.3845, 6.477661
178.8666, 6.826477
179.3488, 7.693237
179.8309, 8.202881
180.3130, 7.051819
180.7951, 2.942322
181.2772, 7.1167000E-02
181.7593, 1.077942
182.2415, 1.478333
182.7236, 1.849243
183.2057, 2.352539
183.6878, 2.618713
184.1699, 2.042297
184.6520, 2.9663000E-02
185.1342, 1.725464
185.6163, 2.758911
186.0984, 3.517517
186.5805, 4.281433
187.0626, 5.108643
187.5447, 6.236267
188.0269, 8.270264
188.5090, 11.48462
188.9911, 14.32343
189.4732, 15.98596
189.9553, 17.11700
190.4374, 18.71179
190.9196, 20.95801
191.4017, 24.03735
191.8838, 28.25793
192.3659, 33.53137
192.8480, 39.49939
193.3301, 46.15497
193.8123, 53.40295
194.2944, 60.92975
194.7765, 68.57507
195.2586, 76.60529
195.7407, 85.31091
196.2228, 94.68195
196.7050, 104.1270
197.1871, 112.8735
197.6692, 120.9968
198.1513, 130.2528
198.6334, 141.9862
199.1155, 154.1803
199.5977, 165.4370
200.0798, 175.7128
200.5619, 185.7543
201.0440, 196.6627
201.5261, 208.8403
202.0082, 219.6030
202.4904, 228.2695
202.9725, 235.6552
203.4546, 242.3427
203.9367, 248.2912
204.4188, 252.7958
204.9009, 255.0824
205.3831, 255.2470
205.8652, 252.6417
206.3473, 246.5196
206.8294, 238.5145
207.3115, 229.0907
207.7936, 218.5530
208.2758, 207.3091
208.7579, 195.8385
209.2400, 183.3869
209.7221, 172.5508
210.2042, 164.5093
210.6863, 157.0009
211.1685, 148.3242
211.6506, 138.2077
212.1327, 127.6893
212.6148, 118.1821
213.0969, 110.2695
213.5790, 102.4686
214.0612, 94.52216
214.5433, 86.85248
215.0254, 79.78345
215.5075, 73.42517
215.9896, 67.39355
216.4717, 61.20587
216.9539, 54.64325
217.4360, 48.40991
217.9181, 41.53424
218.4002, 35.46222
218.8823, 31.81409
219.3644, 30.98212
219.8466, 31.66608
220.3287, 32.33325
220.8108, 33.00677
221.2929, 33.58118
221.7750, 33.78534
222.2571, 33.97589
222.7393, 34.39996
223.2214, 35.00012
223.7035, 36.29169
224.1856, 39.65417
224.6677, 44.92560
225.1498, 49.20361
225.6320, 51.20245
226.1141, 51.89886
226.5962, 52.97083
227.0783, 54.88721
227.5604, 56.66864
228.0425, 57.17969
228.5247, 56.72577
229.0068, 56.29938
229.4889, 56.06458
229.9710, 56.17920
230.4531, 57.10956
230.9352, 59.21881
231.4174, 61.41547
231.8995, 62.85187
232.3816, 63.66455
232.8637, 64.17175
233.3458, 64.03516
233.8279, 63.56512
234.3101, 64.26074
234.7922, 66.43402
235.2743, 69.36841
235.7564, 72.90100
236.2385, 76.76276
236.7206, 80.45624
237.2028, 83.76111
237.6849, 86.65698
238.1670, 89.12335
238.6491, 91.18958
239.1312, 92.63269
239.6133, 93.07715
240.0955, 92.99176
240.5776, 93.17145
241.0597, 94.19348
241.5418, 95.82550
242.0239, 96.85248
242.5060, 96.54333
242.9882, 96.67566
243.4703, 98.16797
243.9524, 100.3077
244.4345, 102.1047
244.9166, 103.0135
245.3987, 103.1167
245.8809, 102.7578
246.3630, 101.5164
246.8451, 100.3271
247.3272, 99.12543
247.8093, 98.14154
248.2914, 97.86450
248.7736, 98.64178
249.2557, 99.99768
249.7378, 99.92877
250.2199, 96.36102
250.7020, 93.88855
251.1841, 93.70966
251.6663, 94.73590
252.1484, 95.79413
252.6305, 96.32782
253.1126, 96.36993
253.5947, 96.00024
254.0768, 94.67841
254.5590, 93.58710
255.0411, 92.87585
255.5232, 92.40021
256.0053, 91.93481
256.4874, 91.39093
256.9695, 90.93201
257.4517, 90.95624
257.9338, 92.93042
258.4159, 93.56543
258.8980, 91.77966
259.3801, 89.09662
259.8622, 86.95044
260.3444, 85.85205
260.8265, 85.61035
261.3086, 85.88257
261.7907, 86.85992
262.2728, 88.13562
262.7549, 89.87079
263.2371, 91.82086
263.7192, 93.61633
264.2013, 95.18616
264.6834, 96.96204
265.1655, 99.65753
265.6476, 103.8807
266.1298, 107.5623
266.6119, 110.1413
267.0940, 112.4716
267.5761, 115.3674
268.0582, 118.9938
268.5403, 122.8874
269.0225, 126.6599
269.5046, 130.2838
269.9867, 134.3065
270.4688, 139.1373
270.9509, 143.8960
271.4330, 147.6516
271.9152, 150.3178
272.3973, 152.6561
272.8794, 155.2712
273.3615, 158.2583
273.8436, 161.7859
274.3257, 166.2354
274.8079, 170.9445
275.2900, 175.2013
275.7721, 179.0071
276.2542, 183.0146
276.7363, 187.8052
277.2184, 193.2787
277.7006, 198.5562
278.1827, 203.3371
278.6648, 208.0251
279.1469, 212.8314
279.6290, 217.7587
280.1111, 222.7989
280.5933, 227.9561
281.0754, 233.2187
281.5575, 238.5732
282.0396, 244.1748
282.5217, 249.6480
283.0038, 254.8813
283.4860, 259.8792
283.9681, 264.5410
284.4502, 268.6247
284.9323, 272.3718
285.4144, 276.5178
285.8965, 281.4740
286.3787, 285.8765
286.8608, 288.7078
287.3429, 290.3127
287.8250, 291.9214
288.3071, 293.8047
288.7892, 296.0472
289.2714, 298.8379
289.7535, 302.2330
290.2356, 305.5740
290.7177, 308.6789
291.1998, 311.4991
291.6819, 313.8214
292.1641, 315.3452
292.6462, 316.8517
293.1283, 319.0549
293.6104, 321.8885
294.0925, 325.4777
294.5746, 330.5453
295.0568, 336.2836
295.5389, 341.0101
296.0210, 344.3603
296.5031, 347.2021
296.9852, 349.9096
297.4673, 352.6420
297.9495, 356.0103
298.4316, 361.7166
298.9137, 367.5880
299.3958, 370.1445
299.8779, 368.9192
300.3600, 366.2552
300.8422, 363.7450
301.3243, 360.7993
301.8064, 356.2921
302.2885, 349.7973
302.7706, 341.7400
303.2527, 332.4030
303.7349, 321.7064
304.2170, 310.2872
304.6991, 298.1701
305.1812, 285.5810
305.6633, 272.8669
306.1454, 260.1166
306.6276, 247.2149
307.1097, 234.1037
307.5918, 220.8054
308.0739, 207.0589
308.5560, 192.3425
309.0381, 177.7181
309.5203, 164.2349
310.0024, 151.8669
310.4845, 140.5692
310.9666, 130.8478
311.4487, 122.3636
311.9308, 113.3820
312.4130, 103.0278
312.8951, 92.99744
313.3772, 84.87744
313.8593, 78.45917
314.3414, 72.84564
314.8235, 67.86285
315.3057, 63.33148
315.7878, 58.82159
316.2699, 54.50171
316.7520, 49.75421
317.2341, 43.35712
317.7162, 36.19727
318.1984, 30.28485
318.6805, 27.03955
319.1626, 25.16711
319.6447, 22.63098
320.1268, 19.29730
320.6089, 15.98578
321.0911, 12.89954
321.5732, 10.19574
322.0553, 8.250793
322.5374, 7.436646
323.0195, 6.895447
323.5016, 5.553955
323.9838, 3.390198
324.4659, 1.853394
324.9480, 2.354187
325.4301, 3.130493
325.9122, 1.816711
326.3943, 2.113403
326.8765, 6.095520
327.3586, 8.574402
327.8407, 9.621826
328.3228, 9.348755
328.8049, 7.039551
329.2870, 4.424194
329.7692, 3.148621
330.2513, 3.132935
330.7334, 3.828979
331.2155, 5.633728
331.6976, 7.906860
332.1797, 8.985718
332.6619, 8.366943
333.1440, 7.481323
333.6261, 7.587097
334.1082, 8.337952
334.5903, 8.956360
335.0724, 9.420837
335.5546, 9.519226
336.0367, 8.708557
336.5188, 6.879456
337.0009, 5.316406
337.4830, 4.997375
337.9651, 5.368835
338.4473, 5.374329
338.9294, 4.771057
339.4115, 3.985352
339.8936, 3.162781
340.3757, 2.357971
340.8578, 2.125671
341.3400, 3.148621
341.8221, 4.338867
342.3042, 4.017395
342.7863, 1.988403
343.2684, 0.2903440
343.7505, 2.189941
344.2327, 3.810791
344.7148, 5.379578
345.1969, 6.933838
345.6790, 8.469604
346.1611, 9.908142
346.6432, 11.27161
347.1254, 12.83765
347.6075, 14.69971
348.0896, 16.79053
348.5717, 19.18042
349.0538, 21.90790
349.5359, 24.29053
350.0181, 25.55853
350.5002, 26.03058
350.9823, 27.20123
351.4644, 29.55450
351.9465, 32.27765
352.4286, 35.08136
352.9108, 37.87195
353.3929, 40.13348
353.8750, 41.30499
354.3571, 42.09589
354.8392, 44.38702
355.3214, 48.90375
355.8035, 53.05048
356.2856, 55.56848
356.7677, 57.14203
357.2498, 58.89160
357.7319, 61.10089
358.2141, 63.76715
358.6962, 67.10175
359.1783, 71.28210
359.6604, 75.00940
360.1425, 78.12225
360.6246, 80.74890
361.1068, 83.05768
361.5889, 85.06024
362.0710, 86.39746
362.5531, 86.50061
363.0352, 85.43677
363.5173, 85.78790
363.9995, 88.50183
364.4816, 91.54492
364.9637, 94.26202
365.4458, 96.55005
365.9279, 98.25482
366.4100, 99.26941
366.8922, 99.70288
367.3743, 99.87683
367.8564, 100.1407
368.3385, 99.67841
368.8206, 97.75055
369.3027, 95.30353
369.7849, 93.51001
370.2670, 92.68488
370.7491, 92.19519
371.2312, 91.18890
371.7133, 89.55603
372.1954, 87.66119
372.6776, 85.63635
373.1597, 83.27954
373.6418, 80.17639
374.1239, 76.53339
374.6060, 73.01208
375.0881, 70.03076
375.5703, 67.62152
376.0524, 66.30835
376.5345, 68.33057
377.0166, 68.88007
377.4987, 65.90448
377.9808, 61.02209
378.4630, 56.49402
378.9451, 53.36066
379.4272, 51.26526
379.9093, 49.46167
380.3914, 48.59979
380.8735, 46.88654
381.3557, 43.41510
381.8378, 39.74677
382.3199, 37.03156
382.8020, 35.41565
383.2841, 34.31793
383.7662, 33.16943
384.2484, 31.83521
384.7305, 29.92389
385.2126, 26.89056
385.6947, 24.06183
386.1768, 21.90259
386.6589, 20.46466
387.1411, 19.63129
387.6232, 19.34351
388.1053, 19.26239
388.5874, 18.26996
389.0695, 15.39801
389.5516, 13.24750
390.0338, 12.74908
390.5159, 13.14520
390.9980, 13.86151
391.4801, 14.65961
391.9622, 15.22546
392.4443, 15.08704
392.9265, 14.15112
393.4086, 13.57202
393.8907, 13.80896
394.3728, 14.33411
394.8549, 15.13385
395.3370, 15.91901
395.8192, 15.94110
396.3013, 14.08472
396.7834, 11.19580
397.2655, 10.10620
397.7476, 11.34064
398.2297, 13.03076
398.7119, 13.99402
399.1940, 14.75671
399.6761, 16.28339
400.1582, 19.34839
400.6403, 22.46490
401.1224, 23.54504
401.6046, 22.68256
402.0867, 22.73071
402.5688, 24.96655
403.0509, 28.04639
403.5330, 30.30658
404.0151, 31.73273
404.4973, 33.18280
404.9794, 35.36713
405.4615, 37.72461
405.9436, 39.21838
406.4257, 39.67120
406.9078, 39.68060
407.3900, 39.52216
407.8721, 39.28888
408.3542, 39.40613
408.8363, 40.35675
409.3184, 41.26550
409.8005, 41.44031
410.2827, 41.07104
410.7648, 40.83026
411.2469, 41.03503
411.7290, 41.49524
412.2111, 41.72931
412.6932, 41.45129
413.1754, 41.66614
413.6575, 43.09961
414.1396, 44.80988
414.6217, 45.69659
415.1038, 45.61621
415.5859, 45.32391
416.0681, 45.51727
416.5502, 46.21283
417.0323, 47.34686
417.5144, 49.67865
417.9965, 51.58826
418.4786, 52.02264
418.9608, 51.59393
419.4429, 51.60956
419.9250, 52.77118
420.4071, 54.56024
420.8892, 55.51215
421.3713, 54.75977
421.8535, 54.45911
422.3356, 54.79938
422.8177, 55.49249
423.2998, 56.45923
423.7819, 57.60608
424.2640, 58.66388
424.7462, 59.23810
425.2283, 59.24677
425.7104, 60.02124
426.1925, 62.60193
426.6746, 64.84180
427.1567, 65.81555
427.6389, 66.12036
428.1210, 66.86206
428.6031, 68.69904
429.0852, 70.71503
429.5673, 70.64496
430.0494, 67.54993
430.5316, 65.75592
431.0137, 67.76294
431.4958, 70.43134
431.9779, 71.77942
432.4600, 71.69843
432.9421, 71.35834
433.4243, 71.96692
433.9064, 73.12421
434.3885, 72.93811
434.8706, 70.85840
435.3527, 68.50214
435.8348, 66.57880
436.3170, 65.12341
436.7991, 64.31268
437.2812, 64.45844
437.7633, 64.89087
438.2454, 65.01477
438.7275, 64.86511
439.2097, 64.63190
439.6918, 64.21051
440.1739, 63.98828
440.6560, 64.60590
441.1381, 66.05835
441.6202, 67.78308
442.1024, 69.98102
442.5845, 72.17792
443.0666, 73.72107
443.5487, 74.59650
444.0308, 75.37341
444.5129, 76.31683
444.9951, 77.45667
445.4772, 79.29364
445.9593, 81.95715
446.4414, 85.22546
446.9235, 89.17413
447.4056, 93.48108
447.8878, 97.99573
448.3699, 102.5988
448.8520, 106.6766
449.3341, 109.1768
449.8162, 108.8488
450.2983, 111.1863
450.7805, 117.2919
451.2626, 124.2387
451.7447, 131.0693
452.2268, 137.6080
452.7089, 143.7624
453.1910, 149.3693
453.6732, 154.6656
454.1553, 160.4727
454.6374, 166.3760
455.1195, 173.1252
455.6016, 182.0987
456.0837, 191.3535
456.5659, 198.7575
457.0480, 204.0908
457.5301, 209.2274
458.0122, 216.3286
458.4943, 225.2843
458.9764, 233.4869
459.4586, 240.8257
459.9407, 247.5603
460.4228, 253.6392
460.9049, 259.3539
461.3870, 265.2232
461.8691, 271.6716
462.3513, 277.7678
462.8334, 282.2834
463.3155, 285.3137
463.7976, 287.8647
464.2797, 290.1752
464.7618, 292.2465
465.2440, 294.2014
465.7261, 295.9943
466.2082, 296.9014
466.6903, 296.7916
467.1724, 295.6412
467.6545, 293.2809
468.1367, 289.7487
468.6188, 285.4837
469.1009, 280.8004
469.5830, 275.6423
470.0651, 269.5839
470.5472, 261.9924
471.0294, 254.4911
471.5115, 247.5781
471.9936, 240.9560
472.4757, 234.2120
472.9578, 227.2592
473.4399, 220.2529
473.9221, 213.4471
474.4042, 207.0080
474.8863, 199.7741
475.3684, 191.1093
475.8505, 182.3541
476.3326, 173.9005
476.8148, 165.7374
477.2969, 157.7818
477.7790, 150.0466
478.2611, 142.5082
478.7432, 135.1516
479.2253, 127.8301
479.7075, 121.2167
480.1896, 116.1087
480.6717, 111.1703
481.1538, 105.7031
481.6359, 99.73505
482.1180, 93.61096
482.6002, 87.24597
483.0823, 81.01428
483.5644, 76.12256
484.0465, 73.03387
484.5286, 69.67773
485.0107, 64.76825
485.4929, 59.29474
485.9750, 54.31158
486.4571, 49.94690
486.9392, 46.14105
487.4213, 43.25836
487.9034, 40.85107
488.3856, 37.74683
488.8677, 33.61316
489.3498, 29.73157
489.8319, 27.18036
490.3140, 25.97797
490.7961, 25.21838
491.2783, 26.10602
491.7604, 26.15320
492.2425, 23.58380
492.7246, 19.48987
493.2067, 15.82513
493.6888, 13.28918
494.1710, 11.46161
494.6531, 9.736328
495.1352, 7.977051
495.6173, 6.816040
496.0994, 6.749268
496.5815, 6.710815
497.0637, 6.219727
497.5458, 5.349487
498.0279, 4.308594
498.5100, 3.185913
498.9921, 2.101990
499.4742, 1.390747
499.9564, 1.280640
500.4385, 0.9594730
500.9206, 1.1780000E-02
501.4027, 0.9824830
501.8848, 1.374451
502.3669, 1.302734
502.8491, 1.494080
503.3312, 2.796936
503.8133, 4.646301
504.2954, 5.449707
504.7775, 5.060547
505.2596, 4.231262
505.7418, 2.576782
506.2239, 1.100159
506.7060, 1.505981
507.1881, 4.445557
507.6702, 6.864014
508.1523, 6.714478
508.6345, 5.220154
509.1166, 4.392639
509.5987, 4.532349
510.0808, 5.054749
510.5629, 5.747437
511.0450, 6.469971
511.5272, 5.806763
512.0093, 1.795105
512.4914, 1.088928
512.9735, 0.8762820
513.4556, 0.9359740
513.9377, 2.680725
514.4199, 3.787354
514.9020, 4.118896
515.3841, 3.346558
515.8662, 1.231323
516.3483, 0.3564450
516.8304, 1.452209
517.3126, 1.947449
517.7947, 1.264709
518.2768, 0.1138920
518.7589, 0.5877080
519.2410, 0.4885250
519.7231, 0.3327640
520.2053, 2.371765
520.6874, 5.841370
521.1695, 7.135010
521.6516, 4.194275
522.1337, 0.9725340
522.6158, 0.2746580
523.0980, 1.451721
523.5801, 2.639832
524.0622, 2.823059
524.5443, 3.095520
525.0264, 5.020203
525.5085, 8.267639
525.9907, 10.71527
526.4728, 11.47418
526.9549, 11.48718
527.4370, 12.16779
527.9191, 13.66302
528.4012, 14.88306
528.8834, 15.29443
529.3655, 15.76642
529.8476, 16.93695
530.3297, 18.69171
530.8118, 20.62524
531.2939, 22.53534
531.7761, 24.38049
532.2582, 26.02557
532.7403, 27.13336
533.2224, 28.65991
533.7045, 30.41168
534.1866, 32.68420
534.6688, 36.04852
535.1509, 40.13470
535.6330, 43.93005
536.1151, 46.79626
536.5972, 48.89484
537.0793, 50.55542
537.5615, 51.59991
538.0436, 52.91351
538.5257, 54.72961
539.0078, 56.96033
539.4899, 59.55267
539.9720, 62.50262
540.4542, 65.69269
540.9363, 69.59491
541.4184, 73.43903
541.9005, 75.74060
542.3826, 76.55774
542.8647, 77.87390
543.3469, 80.91827
543.8290, 84.93573
544.3111, 87.89581
544.7932, 89.10925
545.2753, 91.00238
545.7574, 94.60583
546.2396, 98.53870
546.7217, 101.4496
547.2038, 103.4575
547.6859, 105.7047
548.1680, 109.1035
548.6501, 113.2019
549.1323, 115.9194
549.6144, 116.2221
550.0965, 116.8882
550.5786, 118.5397
551.0607, 120.3813
551.5428, 121.8229
552.0250, 122.8555
552.5071, 123.8544
552.9892, 125.1255
553.4713, 126.5577
553.9534, 128.0059
554.4355, 129.6252
554.9177, 130.3967
555.3998, 129.3531
555.8819, 127.6320
556.3640, 127.0184
556.8461, 127.7609
557.3282, 127.7351
557.8104, 125.6110
558.2925, 122.5726
558.7746, 120.2367
559.2567, 118.4864
559.7388, 115.9962
560.2209, 111.8985
560.7031, 106.5853
561.1852, 101.2822
561.6673, 95.68860
562.1494, 90.45233
562.6315, 85.47961
563.1136, 81.10840
563.5958, 78.21820
564.0779, 76.27985
564.5600, 73.49097
565.0421, 68.31610
565.5242, 61.59131
566.0063, 56.26654
566.4885, 52.98096
566.9706, 49.59576
567.4527, 45.24170
567.9348, 40.80084
568.4169, 36.83752
568.8990, 33.38416
569.3812, 30.27704
569.8633, 27.53271
570.3454, 25.25012
570.8275, 23.82959
571.3096, 23.09198
571.7917, 21.69818
572.2739, 18.88519
572.7560, 15.56775
573.2381, 13.39508
573.7202, 12.67194
574.2023, 12.15900
574.6844, 11.86816
575.1666, 11.51001
575.6487, 10.92401
576.1308, 10.05560
576.6129, 8.851624
577.0950, 7.302185
577.5771, 5.712219
578.0593, 4.685425
578.5414, 4.311340
579.0235, 4.033569
579.5056, 3.254333
579.9877, 3.060425
580.4698, 4.843140
580.9520, 7.681519
581.4341, 9.171936
581.9162, 7.891785
582.3983, 5.484680
582.8804, 4.033264
583.3625, 3.461487
583.8447, 3.078979
584.3268, 2.715698
584.8089, 2.530884
585.2910, 2.777039
585.7731, 3.413818
586.2552, 3.998535
586.7374, 4.103821
587.2195, 4.560852
587.7016, 6.361572
588.1837, 8.664185
588.6658, 9.946167
589.1479, 9.769470
589.6301, 8.872498
590.1122, 8.029907
590.5943, 7.159729
591.0764, 7.173462
591.5585, 9.052734
592.0406, 10.69122
592.5228, 11.31543
593.0049, 11.56171
593.4870, 12.04504
593.9691, 12.94586
594.4512, 14.45428
594.9333, 17.49011
595.4155, 21.42621
595.8976, 23.07074
596.3797, 21.66748
596.8618, 20.58960
597.3439, 21.99329
597.8260, 25.03430
598.3082, 27.48267
598.7903, 29.13086
599.2724, 30.70428
599.7545, 32.27228
600.2366, 33.98291
600.7188, 35.76093
601.2009, 37.83527
601.6830, 40.86658
602.1651, 45.64294
602.6472, 51.41016
603.1293, 55.22949
603.6115, 55.98804
604.0936, 56.79468
604.5757, 57.85834
605.0578, 59.02576
605.5399, 59.91699
606.0220, 60.79681
606.5042, 62.60712
606.9863, 66.31689
607.4684, 70.53790
607.9505, 73.08295
608.4326, 73.98706
608.9147, 74.28235
609.3969, 73.97052
609.8790, 73.62256
610.3611, 74.16626
610.8432, 75.49280
611.3253, 75.82336
611.8074, 74.01031
612.2896, 72.00861
612.7717, 71.07483
613.2538, 70.67828
613.7359, 69.73627
614.2180, 67.99890
614.7001, 66.16760
615.1823, 65.16125
615.6644, 65.01459
616.1465, 65.36957
616.6286, 67.02295
617.1107, 67.72284
617.5928, 66.06866
618.0750, 63.95905
618.5571, 63.61743
619.0392, 65.46570
619.5213, 67.40405
620.0034, 67.71185
620.4855, 66.91473
620.9677, 66.13641
621.4498, 65.45367
621.9319, 65.79712
622.4140, 68.17633
622.8961, 71.28375
623.3782, 72.06708
623.8604, 69.58508
624.3425, 68.31494
624.8246, 69.95557
625.3067, 71.69348
625.7888, 71.78705
626.2709, 70.55475
626.7531, 68.78949
627.2352, 66.85968
627.7173, 65.21216
628.1994, 65.04236
628.6815, 66.87616
629.1636, 67.21606
629.6458, 64.91980
630.1279, 62.30432
630.6100, 60.84766
631.0921, 59.81989
631.5742, 57.75854
632.0563, 53.79938
632.5385, 50.13751
633.0206, 49.15680
633.5027, 49.53271
633.9848, 48.40179
634.4669, 45.21826
634.9490, 41.74792
635.4312, 39.42145
635.9133, 38.00122
636.3954, 36.29822
636.8775, 33.74786
637.3596, 31.71875
637.8417, 30.87177
638.3239, 30.04468
638.8060, 27.92963
639.2881, 25.04669
639.7702, 23.30420
640.2523, 24.11298
640.7344, 25.95154
641.2166, 25.76685
641.6987, 23.46082
642.1808, 21.28326
642.6629, 19.52527
643.1450, 18.23853
643.6271, 17.57855
644.1093, 17.43225
644.5914, 17.49677
645.0735, 18.58588
645.5556, 18.90668
646.0377, 16.89813
646.5198, 13.97144
647.0020, 12.07440
647.4841, 11.41504
647.9662, 11.13599
648.4483, 10.36682
648.9304, 9.274536
649.4125, 9.099121
649.8947, 10.80060
650.3768, 11.60388
650.8589, 10.51349
651.3410, 8.822144
651.8231, 7.104126
652.3052, 5.544434
652.7874, 4.536865
653.2695, 4.604858
653.7516, 4.993408
654.2337, 4.838013
654.7158, 4.203125
655.1979, 3.200623
655.6801, 1.730591
656.1622, 0.6895140
656.6443, 1.384766
657.1264, 4.005310
657.6085, 4.661072
658.0906, 1.040955
658.5728, 1.372559
659.0549, 0.3074340
659.5370, 2.007507
660.0191, 3.372375
660.5012, 3.398438
660.9833, 2.823669
661.4655, 2.094910
661.9476, 1.316650
662.4297, 0.9557500
662.9118, 1.110352
663.3939, 0.8486330
663.8760, 0.5234990
664.3582, 1.938141
664.8403, 2.024628
665.3224, 0.8883060
665.8045, 0.4132390
666.2866, 2.521118
666.7687, 3.909424
667.2509, 3.186737
667.7330, 1.348297
668.2151, 0.1462710
668.6972, 0.8611450
669.1793, 0.8425600
669.6614, 5.0659001E-02
670.1436, 1.693176
670.6257, 2.159393
671.1078, 0.6939700
671.5899, 0.3871150
672.0720, 0.1752010
672.5541, 0.9284060
673.0363, 0.3258670
673.5184, 1.491180
674.0005, 2.376434
674.4826, 0.1524960
674.9647, 2.399658
675.4468, 2.086090
675.9290, 0.2368770
676.4111, 2.057831
676.8932, 2.604675
677.3753, 2.073273
677.8574, 0.4219060
678.3395, 2.457611
678.8217, 3.698425
679.3038, 1.627899
679.7859, 1.2817000E-02
680.2680, 7.0373997E-02
680.7501, 0.2759090
681.2322, 0.2073360
681.7144, 1.457275
682.1965, 2.087708
682.6786, 0.6066280
683.1607, 1.642883
683.6428, 2.209534
684.1249, 1.313843
684.6071, 0.9135130
685.0892, 1.692047
685.5713, 2.808838
686.0534, 3.332733
686.5355, 3.224792
687.0176, 3.066193
687.4998, 3.110107
687.9819, 2.789642
688.4640, 1.396271
688.9461, 7.6324001E-02
689.4282, 0.3690800
689.9103, 0.4656370
690.3925, 1.029327
690.8746, 0.1264650
691.3567, 1.907715
691.8388, 1.286285
692.3209, 1.861816
692.8030, 4.371124
693.2852, 5.491150
693.7673, 5.550903
694.2494, 4.352264
694.7315, 2.053131
695.2136, 1.070526
695.6957, 3.107422
696.1779, 4.517365
696.6600, 3.138885
697.1421, 1.017212
697.6242, 0.5634770
698.1063, 1.941467
698.5884, 3.741608
699.0706, 5.053162
699.5527, 5.735779
700.0348, 5.100861
700.5169, 2.843811
700.9990, 1.240753
701.4811, 0.9443970
701.9633, 1.125916
702.4454, 1.286469
702.9275, 1.358795
703.4096, 1.090027
703.8917, 0.5391540
704.3738, 1.130219
704.8560, 1.340454
705.3381, 4.805054
705.8202, 6.880371
706.3023, 7.333954
706.7844, 7.104218
707.2665, 6.796478
707.7487, 6.422089
708.2308, 6.015625
708.7129, 5.581329
709.1950, 5.041046
709.6771, 3.940918
710.1592, 3.336731
710.6414, 4.595306
711.1235, 6.721619
711.6056, 7.447205
712.0877, 5.745056
712.5698, 4.182831
713.0519, 4.128448
713.5341, 4.842896
714.0162, 5.623077
714.4983, 6.297638
714.9804, 6.705872
715.4625, 6.756073
715.9446, 6.540222
716.4268, 6.168823
716.9089, 5.741302
717.3910, 5.528168
717.8731, 5.587433
718.3552, 5.730316
718.8373, 5.824219
719.3195, 5.958130
719.8016, 6.345154
720.2837, 7.105560
720.7658, 7.603516
721.2479, 7.430542
721.7300, 6.864319
722.2122, 5.891663
722.6943, 4.851746
723.1764, 4.761963
723.6585, 6.044373
724.1406, 7.501984
724.6227, 7.116241
725.1049, 4.495575
725.5870, 3.764038
726.0691, 6.404449
726.5512, 8.468933
727.0333, 7.927307
727.5154, 6.737183
727.9976, 6.959625
728.4797, 8.720001
728.9618, 10.00348
729.4439, 9.342651
729.9260, 8.357117
730.4081, 8.618622
730.8903, 9.627136
731.3724, 9.940399
731.8545, 9.251282
732.3366, 8.608124
732.8187, 8.921783
733.3008, 10.00607
733.7830, 9.834015
734.2651, 7.335724
734.7472, 5.749969
735.2293, 6.829346
735.7114, 8.398438
736.1935, 8.774323
736.6757, 8.106079
737.1578, 7.572968
737.6399, 7.817047
738.1220, 7.927338
738.6041, 6.958984
739.0862, 5.571167
739.5684, 4.920471
740.0505, 5.153015
740.5326, 5.624603
741.0147, 5.700562
741.4968, 5.632141
741.9789, 6.654999
742.4611, 9.477692
742.9432, 10.72058
743.4253, 9.087860
743.9074, 7.029846
744.3895, 5.567169
744.8716, 4.743103
745.3538, 4.760010
745.8359, 5.870819
746.3180, 7.139709
746.8001, 8.329437
747.2822, 9.195679
747.7643, 9.515106
748.2465, 9.318970
748.7286, 8.795410
749.2107, 7.972778
749.6928, 7.112946
750.1749, 6.356934
750.6570, 5.575653
751.1392, 5.485474
751.6213, 6.497620
752.1034, 7.205627
752.5855, 6.651794
753.0676, 5.792236
753.5497, 6.089111
754.0319, 7.614716
754.5140, 8.159180
754.9961, 5.982605
755.4782, 3.901947
755.9603, 3.969910
756.4424, 5.131866
756.9246, 5.853394
757.4067, 5.739471
757.8888, 4.984680
758.3709, 3.586060
758.8530, 1.838837
759.3351, 0.5610960
759.8173, 0.3366700
760.2994, 0.3247990
760.7815, 3.782928
761.2636, 7.088409
761.7457, 7.470856
762.2278, 5.459442
762.7100, 3.824158
763.1921, 2.172699
763.6742, 1.374573
764.1563, 2.403107
764.6384, 3.735077
765.1205, 4.031738
765.6027, 3.538971
766.0848, 3.346130
766.5669, 3.989624
767.0490, 4.608002
767.5311, 3.707764
768.0132, 1.670349
768.4954, 0.8494260
768.9775, 1.551910
769.4596, 1.953491
769.9417, 1.017334
770.4238, 0.4963380
770.9059, 1.307678
771.3881, 1.334564
771.8702, 0.8648990
772.3523, 0.8659360
772.8344, 2.164673
773.3165, 2.261749
773.7986, 1.726563
774.2808, 0.9908750
774.7629, 0.2492070
775.2450, 8.0077998E-02
775.7271, 0.5230410
776.2092, 1.471649
776.6913, 1.910736
777.1735, 1.931335
777.6556, 1.754089
778.1377, 1.408051
778.6198, 1.490631
779.1019, 2.617920
779.5840, 4.523651
780.0662, 5.855499
780.5483, 6.640656
781.0304, 6.772156
781.5125, 5.900848
781.9946, 4.733887
782.4767, 3.338959
782.9589, 1.953003
783.4410, 1.022491
783.9231, 0.7151790
784.4052, 0.6000370
784.8873, 0.5595400
785.3694, 0.4803770
785.8516, 5.4260001E-02
786.3337, 0.5491940
786.8158, 0.7193300
787.2979, 0.2137760
787.7800, 0.6201170
788.2621, 1.375214
788.7443, 2.047638
789.2264, 2.570129
789.7085, 2.882050
790.1906, 3.235413
790.6727, 3.990814
791.1548, 4.537170
791.6370, 4.061707
792.1191, 2.732544
792.6012, 1.755280
793.0833, 1.199249
793.5654, 1.145294
794.0475, 2.140808
794.5297, 3.295349
795.0118, 3.665771
795.4939, 3.293335
795.9760, 2.728394
796.4581, 2.251526
796.9402, 1.882019
797.4224, 1.440399
797.9045, 1.051483
798.3866, 1.960205
798.8687, 4.488556
799.3508, 6.249634
799.8329, 5.831757
800.3151, 4.220825
800.7972, 3.174622
801.2793, 2.728973
801.7614, 2.722168
802.2435, 4.298340
802.7256, 4.889587
803.2078, 2.127258
803.6899, 0.9426270
804.1720, 0.4982910
804.6541, 3.298706
805.1362, 6.315857
805.6183, 5.774414
806.1005, 4.134796
806.5826, 3.969238
807.0647, 4.660095
807.5468, 4.692963
808.0289, 3.879730
808.5110, 3.196014
808.9932, 3.346619
809.4753, 4.053772
809.9574, 4.729065
810.4395, 5.592957
810.9216, 5.257690
811.4037, 2.384888
811.8859, 0.4288020
812.3680, 2.226776
812.8501, 5.483307
813.3322, 6.882507
813.8143, 6.077332
814.2964, 4.895050
814.7786, 3.018158
815.2607, 1.666595
815.7428, 1.689636
816.2249, 2.619049
816.7070, 4.105286
817.1891, 5.854431
817.6713, 7.037750
818.1534, 6.880280
818.6355, 6.011322
819.1176, 5.281097
819.5997, 4.816162
820.0818, 6.113525
820.5640, 9.717499
821.0461, 12.36032
821.5282, 11.46207
822.0103, 8.264130
822.4924, 6.586853
822.9745, 7.424011
823.4567, 7.530701
823.9388, 6.132080
824.4209, 4.926941
824.9030, 4.398529
825.3851, 4.411560
825.8672, 5.067169
826.3494, 6.373627
826.8315, 7.197266
827.3136, 6.176971
827.7957, 5.244873
828.2778, 6.760193
828.7599, 9.284790
829.2421, 10.00461
829.7242, 8.575775
830.2063, 6.796570
830.6884, 5.956177
831.1705, 5.864288
831.6526, 6.170074
832.1348, 6.863892
832.6169, 7.205963
833.0990, 7.021912
833.5811, 6.656982
834.0632, 6.119934
834.5453, 5.717072
835.0275, 6.181213
835.5096, 7.963715
835.9917, 9.157379
836.4738, 9.442139
836.9559, 9.565369
837.4380, 9.542023
837.9202, 9.617493
838.4023, 10.35867
838.8844, 11.64075
839.3665, 12.24289
839.8486, 10.81100
840.3307, 9.295868
840.8129, 10.32611
841.2950, 12.57574
841.7771, 13.04877
842.2592, 11.48709
842.7413, 9.954346
843.2234, 9.814728
843.7056, 10.53409
844.1877, 11.05386
844.6698, 11.35394
845.1519, 10.93927
845.6340, 9.260620
846.1161, 8.580383
846.5983, 10.34311
847.0804, 12.62134
847.5625, 12.97958
848.0446, 11.30719
848.5267, 10.69391
849.0089, 12.30353
849.4910, 13.28012
849.9731, 12.11761
850.4552, 10.60101
850.9373, 10.67996
851.4194, 11.95514
851.9016, 12.53479
852.3837, 11.51562
852.8658, 10.02878
853.3479, 8.643860
853.8300, 7.512421
854.3121, 6.967682
854.7943, 7.074036
855.2764, 8.103790
855.7585, 10.23557
856.2406, 12.60544
856.7227, 13.79828
857.2048, 13.76318
857.6870, 13.51575
858.1691, 13.17801
858.6512, 12.26019
859.1333, 10.18463
859.6154, 8.283447
860.0975, 7.595337
860.5797, 8.014862
861.0618, 9.085083
861.5439, 11.88815
862.0260, 13.52817
862.5081, 13.00629
862.9902, 12.04404
863.4724, 11.40771
863.9545, 11.11868
864.4366, 10.97574
864.9187, 10.90295
865.4008, 11.24951
865.8829, 12.75507
866.3651, 14.37177
866.8472, 14.86520
867.3293, 14.58395
867.8114, 14.34610
868.2935, 14.32080
868.7756, 14.11411
869.2578, 13.31155
869.7399, 12.14117
870.2220, 11.13531
870.7041, 10.27615
871.1862, 10.27560
871.6683, 11.39621
872.1505, 12.38846
872.6326, 12.54880
873.1147, 12.39285
873.5968, 12.95248
874.0789, 14.59988
874.5610, 15.24054
875.0432, 13.59415
875.5253, 12.53461
876.0074, 13.36902
876.4895, 14.43268
876.9716, 13.90134
877.4537, 12.27887
877.9359, 11.83096
878.4180, 14.07471
878.9001, 15.75803
879.3822, 14.22702
879.8643, 11.54355
880.3464, 9.981262
880.8286, 9.364929
881.3107, 8.422424
881.7928, 6.757233
882.2749, 5.585327
882.7570, 6.475098
883.2391, 8.723938
883.7213, 10.07211
884.2034, 10.56006
884.6855, 10.75302
885.1676, 10.73798
885.6497, 10.76147
886.1318, 11.06909
886.6140, 11.51840
887.0961, 11.69626
887.5782, 11.88110
888.0603, 11.00043
888.5424, 7.883209
889.0245, 5.304810
889.5067, 4.460419
889.9888, 4.677307
890.4709, 5.495331
890.9530, 6.871735
891.4351, 7.694824
891.9172, 7.125061
892.3994, 6.720459
892.8815, 7.721222
893.3636, 8.731750
893.8457, 8.007233
894.3278, 6.042175
894.8099, 4.652954
895.2921, 4.638672
895.7742, 5.150391
896.2563, 5.553955
896.7384, 5.865814
897.2205, 6.274597
897.7026, 6.631836
898.1848, 6.025391
898.6669, 4.249634
899.1490, 3.020081
899.6311, 4.264740
900.1132, 7.050232
900.5953, 7.369446
901.0775, 4.856201
901.5596, 4.489899
902.0417, 7.957458
902.5238, 10.09512
903.0059, 6.856415
903.4880, 1.339813
903.9702, 0.2931210
904.4523, 5.594055
904.9344, 7.794373
905.4165, 3.701111
905.8986, 0.6323240
906.3807, 0.7690730
906.8629, 2.119324
907.3450, 3.444244
907.8271, 4.460754
908.3092, 4.566437
908.7913, 3.279327
909.2734, 1.757019
909.7556, 9.8540999E-02
910.2377, 1.435852
910.7198, 1.242828
911.2019, 1.0101000E-02
911.6840, 1.577820
912.1661, 3.169495
912.6483, 3.749817
913.1304, 1.654053
913.6125, 1.237000
914.0946, 1.665771
914.5767, 0.2843630
915.0588, 1.009583
915.5410, 1.834290
916.0231, 2.039185
916.5052, 1.468445
916.9873, 0.5911250
917.4694, 0.3559570
917.9515, 0.7951050
918.4337, 1.164734
918.9158, 1.550110
919.3979, 1.438293
919.8800, 0.5233150
920.3621, 0.7263790
920.8442, 1.926331
921.3264, 3.043518
921.8085, 3.692078
922.2906, 3.618286
922.7727, 3.481445
923.2548, 2.973450
923.7369, 2.770508
924.2191, 3.356995
924.7012, 4.375000
925.1833, 5.465027
925.6654, 6.615967
926.1475, 7.026611
926.6296, 5.691345
927.1118, 4.456726
927.5939, 4.852478
928.0760, 5.424316
928.5581, 4.175781
929.0402, 1.540588
929.5223, 0.4913940
930.0045, 1.059937
930.4866, 0.7266240
930.9687, 0.3325200
931.4508, 1.757446
931.9329, 3.560547
932.4150, 5.212769
932.8972, 4.675415
933.3793, 1.649780
933.8614, 1.064026
934.3435, 0.8244020
934.8256, 1.000793
935.3077, 0.7540280
935.7899, 1.366028
936.2720, 2.098083
936.7541, 0.9191890
937.2362, 0.4381710
937.7183, 2.225586
938.2004, 4.383667
938.6826, 3.805664
939.1647, 0.3856810
939.6468, 1.002930
940.1289, 0.6589970
940.6110, 1.914612
941.0931, 1.785461
941.5753, 1.518677
942.0574, 2.029358
942.5395, 3.059753
943.0216, 3.854187
943.5037, 4.122498
943.9858, 5.042480
944.4680, 7.643616
944.9501, 9.776245
945.4322, 9.958618
945.9143, 9.776184
946.3964, 10.80438
946.8785, 13.02704
947.3607, 15.65985
947.8428, 18.71552
948.3249, 21.68634
948.8070, 24.52557
949.2891, 26.93011
949.7712, 28.16589
950.2534, 28.85156
950.7355, 29.90973
951.2176, 31.69781
951.6997, 34.70178
952.1818, 39.51868
952.6639, 45.39301
953.1461, 51.91193
953.6282, 58.55170
954.1103, 63.50311
954.5924, 66.96558
955.0745, 71.25922
955.5566, 77.57440
956.0388, 84.83051
956.5209, 91.58826
957.0030, 98.04565
957.4851, 104.7957
957.9672, 111.9094
958.4493, 121.9746
958.9315, 135.8771
959.4136, 150.5492
959.8957, 163.7646
960.3778, 176.3055
960.8599, 190.2241
961.3420, 205.2946
961.8242, 221.9013
962.3063, 240.3444
962.7884, 260.1498
963.2705, 281.5204
963.7526, 303.4896
964.2347, 324.9415
964.7169, 346.2162
965.1990, 369.7849
965.6811, 397.8004
966.1632, 424.6776
966.6453, 451.6768
967.1274, 475.9534
967.6096, 496.7922
968.0917, 514.0585
968.5738, 528.0891
969.0559, 538.8916
969.5380, 544.5489
970.0201, 543.8979
970.5023, 538.9556
970.9844, 530.0311
971.4665, 517.2727
971.9486, 500.6815
972.4307, 480.6533
972.9128, 456.4818
973.3950, 428.0983
973.8771, 400.9196
974.3592, 378.4804
974.8413, 357.9194
975.3234, 335.7645
975.8055, 314.4024
976.2877, 297.7433
976.7698, 285.4570
977.2519, 274.3704
977.7340, 262.9554
978.2161, 252.9250
978.6982, 246.5890
979.1804, 242.7578
979.6625, 238.5756
980.1446, 235.0308
980.6267, 235.6205
981.1088, 240.9475
981.5909, 249.0132
982.0731, 258.5573
982.5552, 269.1978
983.0373, 280.2697
983.5194, 291.8752
984.0015, 304.8291
984.4836, 319.3208
984.9658, 336.2974
985.4479, 356.3326
985.9300, 375.5937
986.4121, 390.8073
986.8942, 402.4047
987.3763, 411.8011
987.8585, 419.4539
988.3406, 421.2867
988.8227, 417.0731
989.3048, 406.7442
989.7869, 389.2296
990.2690, 367.4803
990.7512, 345.1210
991.2333, 322.1172
991.7154, 296.7265
992.1975, 267.0602
992.6796, 238.5829
993.1617, 210.2296
993.6439, 185.2780
994.1260, 166.1124
994.6081, 150.5533
995.0902, 135.4393
995.5723, 120.7394
996.0544, 107.5284
996.5366, 96.35553
997.0187, 85.86353
997.5008, 74.89575
997.9829, 65.50702
998.4650, 60.12488
998.9471, 56.58759
999.4293, 51.09088
999.9114, 43.00800
1000.393, 35.62427
1000.876, 28.59003
1001.358, 24.05688
1001.840, 25.23621
1002.322, 27.41138
1002.804, 26.26227
1003.286, 22.66345
1003.768, 19.52014
1004.250, 17.67072
1004.733, 15.61487
1005.215, 11.34125
1005.697, 7.880188
1006.179, 8.404785
1006.661, 10.54401
1007.143, 10.98108
1007.625, 9.987061
1008.107, 10.03809
1008.589, 12.23669
1009.072, 14.62274
1009.554, 15.29974
1010.036, 15.45526
1010.518, 16.31879
1011.000, 17.82898
1011.482, 20.30798
1011.964, 23.34973
1012.446, 24.98291
1012.929, 23.97968
1013.411, 22.77728
1013.893, 24.87292
1014.375, 28.60065
1014.857, 29.86908
1015.339, 29.71667
1015.821, 32.44604
1016.303, 38.73419
1016.785, 45.68549
1017.268, 51.48792
1017.750, 55.92004
1018.232, 57.90942
1018.714, 58.27185
1019.196, 60.76746
1019.678, 65.20605
1020.160, 68.74152
1020.642, 70.61456
1021.125, 72.45099
1021.607, 75.51251
1022.089, 79.64813
1022.571, 85.04541
1023.053, 91.58630
1023.535, 95.86023
1024.017, 97.64117
1024.499, 99.89655
1024.981, 103.6129
1025.464, 107.7567
1025.946, 111.4594
1026.428, 114.7162
1026.910, 117.3959
1027.392, 119.4053
1027.874, 121.6249
1028.356, 123.9537
1028.838, 127.2144
1029.321, 131.9119
1029.803, 137.0148
1030.285, 141.5922
1030.767, 145.7416
1031.249, 149.8253
1031.731, 153.6690
1032.213, 158.0885
1032.695, 162.9024
1033.177, 168.8102
1033.660, 175.9036
1034.142, 184.5090
1034.624, 195.5266
1035.106, 208.3947
1035.588, 218.9353
1036.070, 225.1751
1036.552, 233.8658
1037.034, 245.9223
1037.516, 259.0845
1037.999, 272.3880
1038.481, 286.4078
1038.963, 301.6436
1039.445, 318.1186
1039.927, 335.9117
1040.409, 355.6435
1040.891, 375.5355
1041.373, 394.3824
1041.855, 414.8210
1042.338, 439.3190
1042.820, 464.6105
1043.302, 488.0018
1043.784, 509.3386
1044.266, 528.3924
1044.748, 545.0006
1045.230, 559.6119
1045.712, 569.9908
1046.195, 580.7783
1046.677, 594.8752
1047.159, 609.6677
1047.641, 622.9662
1048.123, 634.5365
1048.605, 643.7055
1049.087, 649.1189
1049.569, 654.2475
1050.052, 659.1400
1050.534, 664.2595
1051.016, 670.6819
1051.498, 676.8972
1051.980, 681.6328
1052.462, 684.6666
1052.944, 685.7151
1053.426, 685.6837
1053.908, 681.8189
1054.391, 672.3887
1054.873, 660.0104
1055.355, 646.4745
1055.837, 630.4432
1056.319, 609.8539
1056.801, 585.0729
1057.283, 558.1849
1057.765, 528.5096
1058.248, 499.8821
1058.730, 475.9388
1059.212, 450.3224
1059.694, 417.5286
1060.176, 382.4865
1060.658, 349.6848
1061.140, 319.9349
1061.622, 293.6884
1062.104, 271.7473
1062.587, 251.6766
1063.069, 233.4088
1063.551, 216.0101
1064.033, 198.7675
1064.515, 182.2228
1064.997, 166.5457
1065.479, 152.1501
1065.961, 140.1573
1066.443, 131.2969
1066.926, 123.5433
1067.408, 116.0608
1067.890, 109.4669
1068.372, 104.8253
1068.854, 100.7300
1069.336, 95.16901
1069.818, 88.68146
1070.300, 83.49640
1070.782, 80.33398
1071.265, 77.97736
1071.747, 76.09070
1072.229, 74.58466
1072.711, 73.55249
1073.193, 72.88068
1073.675, 72.41467
1074.157, 72.02081
1074.639, 71.06683
1075.122, 69.18896
1075.604, 68.23083
1076.086, 69.72229
1076.568, 71.59711
1077.050, 72.85846
1077.532, 73.76764
1078.014, 74.85870
1078.496, 75.76227
1078.979, 75.33911
1079.461, 73.25745
1079.943, 71.53583
1080.425, 71.82623
1080.907, 71.61926
1081.389, 69.36554
1081.871, 66.21808
1082.353, 62.97119
1082.835, 59.75061
1083.318, 56.53497
1083.800, 53.35718
1084.282, 50.62982
1084.764, 48.65985
1085.246, 46.77155
1085.728, 45.49689
1086.210, 43.67126
1086.692, 39.55072
1087.175, 34.43677
1087.657, 30.62201
1088.139, 28.48730
1088.621, 27.02081
1089.103, 26.42657
1089.585, 25.40961
1090.067, 23.71838
1090.549, 21.28796
1091.031, 17.50476
1091.514, 13.22571
1091.996, 9.306702
1092.478, 6.047180
1092.960, 4.456299
1093.442, 5.781311
1093.924, 7.216675
1094.406, 8.232666
1094.888, 8.425293
1095.370, 7.312500
1095.853, 5.388916
1096.335, 2.458130
1096.817, 0.8091430
1097.299, 1.444397
1097.781, 2.813354
1098.263, 5.815247
1098.745, 5.099365
1099.227, 3.344360
1099.709, 1.152527
1100.192, 0.9001460
1100.674, 1.909241
1101.156, 2.177063
1101.638, 3.067078
1102.120, 5.246216
1102.602, 6.528992
1103.084, 5.673889
1103.566, 4.768005
1104.049, 4.247253
1104.531, 4.358154
1105.013, 5.960632
1105.495, 8.185547
1105.977, 9.012207
1106.459, 8.072815
1106.941, 6.654968
1107.423, 4.379578
1107.906, 2.469238
1108.388, 1.182861
1108.870, 0.4248660
1109.352, 0.1292110
1109.834, 0.3158570
1110.316, 1.416138
1110.798, 3.554871
1111.280, 4.137756
1111.762, 1.526672
1112.245, 0.4912110
1112.727, 1.319824
1113.209, 1.627197
1113.691, 1.030212
1114.173, 0.5345460
1114.655, 2.015625
1115.137, 5.196899
1115.619, 6.250732
1116.102, 2.882385
1116.584, 1.459778
1117.066, 3.282410
1117.548, 5.249146
1118.030, 6.464417
1118.512, 7.200500
1118.994, 7.616455
1119.476, 7.786377
1119.958, 7.982239
1120.441, 8.062988
1120.923, 8.675476
1121.405, 10.24115
1121.887, 11.42920
1122.369, 11.95789
1122.851, 11.85657
1123.333, 10.77557
1123.815, 9.479248
1124.297, 9.878723
1124.780, 12.23627
1125.262, 12.87701
1125.744, 11.42377
1126.226, 9.460205
1126.708, 6.872620
1127.190, 5.126465
1127.672, 5.186218
1128.154, 6.181885
1128.636, 7.083923
1129.119, 7.712463
1129.601, 6.030396
1130.083, 1.595825
1130.565, 5.9509002E-02
1131.047, 1.934570
1131.529, 3.687744
1132.011, 3.588135
1132.493, 3.119995
1132.976, 3.880432
1133.458, 5.213013
1133.940, 5.052795
1134.422, 3.546570
1134.904, 2.530212
1135.386, 2.076294
1135.868, 2.020569
1136.350, 2.296875
1136.833, 1.793945
1137.315, 0.4465330
1137.797, 2.796143
1138.279, 1.825073
1138.761, 1.174744
1139.243, 1.355652
1139.725, 0.5791630
1140.207, 1.477295
1140.689, 0.9429320
1141.172, 0.4777220
1141.654, 0.7855220
1142.136, 0.5805050
1142.618, 2.327698
1143.100, 5.696289
1143.582, 5.186523
1144.064, 2.470154
1144.546, 0.6843260
1145.029, 6.3721001E-02
1145.511, 1.9653000E-02
1145.993, 0.2832030
1146.475, 1.585510
1146.957, 4.888306
1147.439, 7.840576
1147.921, 7.594543
1148.403, 6.130737
1148.885, 5.468384
1149.368, 5.561890
1149.850, 6.590027
1150.332, 8.066162
1150.814, 8.074707
1151.296, 5.578064
1151.778, 3.373962
1152.260, 3.349976
1152.742, 3.953247
1153.224, 4.560974
1153.707, 4.894592
1154.189, 4.397827
1154.671, 3.502747
1155.153, 3.316223
1155.635, 4.114014
1156.117, 4.669495
1156.599, 3.769897
1157.081, 3.765869
1157.563, 6.477844
1158.046, 9.102112
1158.528, 9.650269
1159.010, 9.220093
1159.492, 9.108643
1159.974, 9.353516
1160.456, 10.01251
1160.938, 11.79163
1161.420, 12.94727
1161.903, 12.78717
1162.385, 12.78381
1162.867, 13.73199
1163.349, 14.29712
1163.831, 13.03638
1164.313, 11.12763
1164.795, 11.55060
1165.277, 14.90216
1165.760, 15.60950
1166.242, 12.15686
1166.724, 10.90875
1167.206, 13.47333
1167.688, 16.40887
1168.170, 18.01752
1168.652, 19.18030
1169.134, 21.29456
1169.616, 24.05945
1170.099, 24.96405
1170.581, 23.88416
1171.063, 23.06738
1171.545, 22.65985
1172.027, 24.03119
1172.509, 27.64117
1172.991, 30.79749
1173.473, 31.35266
1173.956, 30.96307
1174.438, 32.62347
1174.920, 35.63885
1175.402, 37.75134
1175.884, 39.17670
1176.366, 40.75201
1176.848, 42.58240
1177.330, 44.51862
1177.813, 46.45697
1178.295, 47.82880
1178.777, 47.74353
1179.259, 47.48419
1179.741, 48.29614
1180.223, 50.19775
1180.705, 54.15698
1181.187, 58.86871
1181.669, 61.62561
1182.151, 62.10425
1182.634, 61.87347
1183.116, 61.54205
1183.598, 60.97205
1184.080, 59.41034
1184.562, 58.35004
1185.044, 59.84344
1185.526, 61.48645
1186.008, 60.18646
1186.490, 57.11084
1186.973, 55.64960
1187.455, 56.47705
1187.937, 56.46112
1188.419, 54.29669
1188.901, 52.34589
1189.383, 51.23700
1189.865, 50.02020
1190.347, 47.69965
1190.830, 45.45538
1191.312, 45.14746
1191.794, 46.06012
1192.276, 44.38556
1192.758, 38.61536
1193.240, 35.38654
1193.722, 35.43579
1194.204, 36.18231
1194.687, 37.57623
1195.169, 37.44861
1195.651, 34.15869
1196.133, 29.59271
1196.615, 26.36292
1197.097, 24.31635
1197.579, 23.68805
1198.061, 24.38184
1198.543, 24.25537
1199.026, 23.13287
1199.508, 21.55231
1199.990, 19.78229
1200.472, 18.30573
1200.954, 17.27112
1201.436, 16.89032
1201.918, 18.32324
1202.400, 20.24432
1202.883, 19.79047
1203.365, 17.79413
1203.847, 16.31573
1204.329, 15.46277
1204.811, 14.02612
1205.293, 11.52466
1205.775, 9.358154
1206.257, 9.034363
1206.740, 8.650513
1207.222, 5.357056
1207.704, 2.841431
1208.186, 6.082397
1208.668, 11.33661
1209.150, 12.63055
1209.632, 10.08521
1210.114, 8.069702
1210.596, 7.553406
1211.078, 7.623718
1211.561, 8.722534
1212.043, 9.475952
1212.525, 8.987549
1213.007, 8.562256
1213.489, 9.658997
1213.971, 10.87866
1214.453, 9.670959
1214.935, 6.274963
1215.417, 4.624084
1215.900, 5.022644
1216.382, 6.107361
1216.864, 8.319397
1217.346, 8.700012
1217.828, 5.599609
1218.310, 2.580994
1218.792, 2.232727
1219.274, 3.645203
1219.757, 5.583252
1220.239, 7.723328
1220.721, 8.286804
1221.203, 7.600769
1221.685, 7.212280
1222.167, 7.283691
1222.649, 7.767944
1223.131, 8.476563
1223.614, 7.641479
1224.096, 3.175964
1224.578, 1.105225
1225.060, 0.1454470
1225.542, 2.591003
1226.024, 3.261841
1226.506, 2.629456
1226.988, 1.623535
1227.470, 0.8394780
1227.953, 1.609009
1228.435, 4.449829
1228.917, 6.129761
1229.399, 4.189941
1229.881, 2.669128
1230.363, 3.440369
1230.845, 4.369568
1231.327, 4.179932
1231.810, 3.477295
1232.292, 3.040649
1232.774, 2.754395
1233.256, 2.049438
1233.738, 0.6611940
1234.220, 4.8401002E-02
1234.702, 0.1429440
1235.184, 0.8508910
1235.667, 3.449768
1236.149, 5.458435
1236.631, 5.714417
1237.113, 4.957031
1237.595, 3.931213
1238.077, 2.817566
1238.559, 2.163757
1239.041, 1.904602
1239.523, 1.722778
1240.005, 1.595642
1240.488, 1.418884
1240.970, 1.244934
1241.452, 1.572510
1241.934, 2.661804
1242.416, 3.531860
1242.898, 3.058289
1243.380, 2.180420
1243.862, 1.545471
1244.344, 1.278992
1244.827, 1.852905
1245.309, 2.710266
1245.791, 2.924011
1246.273, 2.458740
1246.755, 1.705872
1247.237, 0.5775760
1247.719, 0.4567870
1248.201, 2.851685
1248.684, 4.593689
1249.166, 4.360413
1249.648, 3.658875
1250.130, 3.259216
1250.612, 2.923645
1251.094, 2.324707
1251.576, 1.560364
1252.058, 1.109558
1252.541, 1.015076
1253.023, 1.389771
1253.505, 2.275879
1253.987, 2.049988
1254.469, 0.2932130
1254.951, 0.3765870
1255.433, 1.344604
1255.915, 3.958130
1256.397, 4.630066
1256.880, 4.170959
1257.362, 3.989319
1257.844, 4.088684
1258.326, 5.505371
1258.808, 7.294434
1259.290, 6.754761
1259.772, 4.031555
1260.254, 2.190674
1260.737, 2.781189
1261.219, 4.014038
1261.701, 5.695313
1262.183, 6.558411
1262.665, 5.450989
1263.147, 3.947205
1263.629, 2.308899
1264.111, 1.602234
1264.594, 4.127686
1265.076, 8.936279
1265.558, 10.52264
1266.040, 7.478760
1266.522, 6.213440
1267.004, 7.271423
1267.486, 8.727478
1267.968, 10.45367
1268.450, 10.65759
1268.932, 8.249329
1269.415, 5.001709
1269.897, 2.756042
1270.379, 1.247253
1270.861, 0.3785400
1271.343, 0.2636720
1271.825, 2.158325
1272.307, 5.296387
1272.789, 7.966675
1273.271, 9.416321
1273.754, 7.521606
1274.236, 1.663513
1274.718, 1.946777
1275.200, 3.144287
1275.682, 8.041138
1276.164, 6.415527
1276.646, 3.819702
1277.128, 4.448608
1277.611, 6.168213
1278.093, 6.399780
1278.575, 5.287842
1279.057, 4.114746
1279.539, 2.662598
1280.021, 2.566040
1280.503, 2.982483
1280.985, 3.917969
1281.468, 3.611572
1281.950, 3.716064
1282.432, 4.951721
1282.914, 5.999023
1283.396, 6.134949
1283.878, 5.367493
1284.360, 2.813904
1284.842, 2.0569000E-02
1285.324, 0.0000000E+00
##END=



