##NAMES=Grossular
##RRUFFID=R060278
##IDEAL CHEMISTRY=Ca_3_Al_2_(SiO_4_)_3_
##LOCALITY=Diakon, Kayes Region, Mali
##OWNER=RRUFF
##SOURCE=Herb Obodda
##DESCRIPTION=Dark brown dodecahedral single crystal
##STATUS=The identification of this mineral has been confirmed by X-ray diffraction and chemical analysis
##URL=rruff.info/R060278
##MEASURED CHEMISTRY=(Ca_2.93_Mg_0.05_Mn_0.02_)_Σ=3_(Al_1.19_Fe^3+^_0.78_Ti_0.03_)_Σ=2_((Si_0.99_Al_0.01_)_Σ=1_O_4_)_3_
113.5901, 0.0000000E+00
114.0722, 0.6370240
114.5543, 1.040146
115.0364, 1.174004
115.5185, 1.212570
116.0007, 0.9367600
116.4828, 0.5328520
116.9649, 0.1937710
117.4470, 5.7877000E-02
117.9291, 8.6983003E-02
118.4112, 0.3162380
118.8934, 1.318542
119.3755, 2.372406
119.8576, 3.564384
120.3397, 4.681801
120.8218, 5.595284
121.3039, 6.243713
121.7861, 6.686996
122.2682, 6.789490
122.7503, 6.344597
123.2324, 5.825409
123.7145, 5.115990
124.1966, 4.376846
124.6788, 3.921707
125.1609, 3.910469
125.6430, 4.207809
126.1251, 4.188126
126.6072, 3.708252
127.0893, 3.246841
127.5715, 2.981453
128.0536, 2.842552
128.5357, 2.584984
129.0178, 1.921181
129.4999, 1.077606
129.9821, 0.8539350
130.4642, 1.696999
130.9463, 2.967400
131.4284, 3.831970
131.9105, 3.913811
132.3926, 3.716698
132.8748, 3.884811
133.3569, 4.094757
133.8390, 3.965614
134.3211, 3.409325
134.8032, 2.646553
135.2853, 2.005859
135.7674, 1.543182
136.2496, 1.302681
136.7317, 1.328476
137.2138, 1.563438
137.6959, 1.855453
138.1780, 2.143097
138.6601, 2.445839
139.1423, 2.529205
139.6244, 2.103043
140.1065, 1.689987
140.5886, 1.476837
141.0707, 1.475761
141.5528, 1.601173
142.0350, 1.774803
142.5171, 2.078239
142.9992, 2.205444
143.4813, 2.152084
143.9634, 1.965210
144.4455, 1.594757
144.9277, 1.054886
145.4098, 0.5115050
145.8919, 0.2484740
146.3740, 0.5041120
146.8561, 0.6111600
147.3382, 0.4126510
147.8204, 9.4048001E-02
148.3025, 0.1531830
148.7846, 0.2793120
149.2667, 0.2422560
149.7488, 0.1872860
150.2309, 1.235748
150.7131, 1.913116
151.1952, 1.525856
151.6773, 0.4067380
152.1594, 0.3751370
152.6415, 0.3392940
153.1236, 0.1851500
153.6058, 0.6765370
154.0879, 1.188812
154.5700, 1.569496
155.0521, 1.534355
155.5342, 1.098419
156.0163, 1.008606
156.4985, 1.808884
156.9806, 2.703133
157.4627, 3.323936
157.9448, 3.506538
158.4269, 3.496635
158.9090, 3.798637
159.3912, 4.391983
159.8733, 5.158318
160.3554, 6.083740
160.8375, 6.794189
161.3196, 7.329391
161.8017, 7.754456
162.2839, 8.152306
162.7660, 8.728882
163.2481, 9.962006
163.7302, 10.92880
164.2123, 11.28255
164.6944, 11.46691
165.1766, 11.95110
165.6587, 13.02451
166.1408, 14.56567
166.6229, 15.80269
167.1050, 16.29105
167.5871, 16.96139
168.0693, 17.87852
168.5514, 19.12141
169.0335, 20.87522
169.5156, 23.32226
169.9977, 26.41504
170.4798, 29.04600
170.9620, 30.61134
171.4441, 32.45950
171.9262, 34.88152
172.4083, 37.93684
172.8904, 41.85567
173.3725, 47.07970
173.8547, 53.42552
174.3368, 59.02855
174.8189, 64.11887
175.3010, 68.35722
175.7831, 71.93953
176.2652, 74.93364
176.7474, 75.75469
177.2295, 72.08151
177.7116, 65.22461
178.1937, 58.38170
178.6758, 51.87035
179.1579, 45.84653
179.6401, 40.51299
180.1222, 35.95758
180.6043, 31.93275
181.0864, 28.35296
181.5685, 25.15226
182.0506, 22.32979
182.5328, 19.94073
183.0149, 17.92410
183.4970, 16.09370
183.9791, 14.54033
184.4612, 13.06170
184.9433, 11.50876
185.4255, 9.960388
185.9076, 8.522125
186.3897, 7.194847
186.8718, 6.013245
187.3539, 5.394516
187.8360, 6.025574
188.3182, 6.538506
188.8003, 6.581421
189.2824, 6.195831
189.7645, 5.492897
190.2466, 4.479050
190.7287, 3.115959
191.2109, 2.290337
191.6930, 2.557472
192.1751, 2.820122
192.6572, 2.717628
193.1393, 2.299316
193.6214, 1.784081
194.1036, 1.347389
194.5857, 0.9769740
195.0678, 0.8260800
195.5499, 1.096962
196.0320, 1.352844
196.5141, 1.399765
196.9963, 1.234291
197.4784, 0.9247210
197.9605, 0.4844890
198.4426, 0.1291660
198.9247, 0.3404770
199.4068, 0.3072130
199.8890, 0.9737470
200.3711, 1.029846
200.8532, 0.4541470
201.3353, 0.2455290
201.8174, 0.6139600
202.2995, 0.6222310
202.7817, 0.6474380
203.2638, 0.7886200
203.7459, 0.9025270
204.2280, 0.7358250
204.7101, 0.2449260
205.1922, 9.9030003E-02
205.6744, 0.3711550
206.1565, 1.447678
206.6386, 2.076294
207.1207, 1.716064
207.6028, 0.8889540
208.0849, 0.3092650
208.5671, 5.8242999E-02
209.0492, 1.2749000E-02
209.5313, 0.1033020
210.0134, 0.3407520
210.4955, 0.4754560
210.9776, 0.2835460
211.4598, 5.2315000E-02
211.9419, 8.0909997E-02
212.4240, 0.4368820
212.9061, 0.7749330
213.3882, 0.3890230
213.8703, 0.4517060
214.3525, 1.279930
214.8346, 1.801712
215.3167, 2.112114
215.7988, 2.568382
216.2809, 3.194931
216.7630, 3.953873
217.2451, 4.881210
217.7273, 5.900490
218.2094, 6.868637
218.6915, 7.641212
219.1736, 8.290497
219.6557, 9.257919
220.1378, 10.78873
220.6200, 12.35920
221.1021, 13.75491
221.5842, 15.07822
222.0663, 16.51718
222.5484, 18.19582
223.0305, 20.09382
223.5127, 22.02180
223.9948, 24.10467
224.4769, 26.06204
224.9590, 27.69872
225.4411, 29.18951
225.9232, 30.79171
226.4054, 32.67455
226.8875, 34.82710
227.3696, 37.30923
227.8517, 40.18391
228.3338, 43.32263
228.8159, 47.01112
229.2981, 50.93248
229.7802, 54.50965
230.2623, 57.29816
230.7444, 59.36705
231.2265, 61.89753
231.7086, 65.28496
232.1908, 68.69730
232.6729, 72.21282
233.1550, 75.60828
233.6371, 78.40163
234.1192, 80.19339
234.6013, 81.15746
235.0835, 82.86334
235.5656, 85.30482
236.0477, 88.39402
236.5298, 92.25456
237.0119, 96.69810
237.4940, 101.4041
237.9762, 106.1934
238.4583, 111.1618
238.9404, 116.7024
239.4225, 124.3863
239.9046, 130.7910
240.3867, 135.5656
240.8689, 138.2500
241.3510, 137.5645
241.8331, 132.6741
242.3152, 124.0289
242.7973, 113.0743
243.2794, 98.49125
243.7616, 84.15350
244.2437, 71.47169
244.7258, 60.36892
245.2079, 50.64391
245.6900, 42.27451
246.1721, 35.29918
246.6543, 29.59338
247.1364, 25.35709
247.6185, 21.66328
248.1006, 17.91979
248.5827, 14.31422
249.0648, 11.54410
249.5470, 10.09689
250.0291, 9.332146
250.5112, 8.181557
250.9933, 6.538681
251.4754, 5.122620
251.9576, 4.385612
252.4397, 4.227295
252.9218, 4.249443
253.4039, 4.548851
253.8860, 4.757072
254.3681, 4.377892
254.8503, 3.408264
255.3324, 2.566299
255.8145, 2.359245
256.2966, 2.663712
256.7787, 2.968475
257.2608, 3.257454
257.7430, 3.526474
258.2251, 3.752228
258.7072, 3.924469
259.1893, 4.076744
259.6714, 4.140076
260.1535, 4.200737
260.6357, 4.672775
261.1178, 5.837997
261.5999, 7.097916
262.0820, 8.114815
262.5641, 8.948326
263.0462, 9.720169
263.5284, 10.26320
264.0105, 10.65064
264.4926, 11.55818
264.9747, 12.99686
265.4568, 15.20442
265.9389, 18.41342
266.4211, 22.31637
266.9032, 26.29208
267.3853, 29.88238
267.8674, 33.23969
268.3495, 37.23280
268.8316, 42.72194
269.3138, 47.56184
269.7959, 51.39371
270.2780, 54.05429
270.7601, 55.33727
271.2422, 55.10250
271.7243, 53.54939
272.2065, 51.11797
272.6886, 47.23019
273.1707, 43.37836
273.6528, 40.04760
274.1349, 36.94072
274.6170, 33.68669
275.0992, 30.06348
275.5813, 26.36707
276.0634, 23.37598
276.5455, 21.32922
277.0276, 19.58736
277.5097, 17.89139
277.9919, 16.44225
278.4740, 15.53258
278.9561, 15.25757
279.4382, 15.25816
279.9203, 14.83001
280.4024, 13.70896
280.8846, 12.71350
281.3667, 11.99443
281.8488, 11.36877
282.3309, 10.83362
282.8130, 10.34028
283.2951, 9.634750
283.7773, 8.203461
284.2594, 5.464485
284.7415, 3.472038
285.2236, 2.829132
285.7057, 2.410957
286.1878, 1.457329
286.6700, 5.4641999E-02
287.1521, 1.551971
287.6342, 2.324097
288.1163, 2.115952
288.5984, 2.161598
289.0805, 2.624306
289.5627, 3.171135
290.0448, 3.807198
290.5269, 4.427612
291.0090, 4.773712
291.4911, 4.543938
291.9732, 3.664757
292.4554, 3.160141
292.9375, 3.574677
293.4196, 3.814598
293.9017, 3.357521
294.3838, 2.436417
294.8659, 1.633461
295.3481, 1.405678
295.8302, 1.677177
296.3123, 1.436241
296.7944, 0.1388780
297.2765, 1.118469
297.7586, 2.162781
298.2408, 3.027084
298.7229, 3.768570
299.2050, 4.413353
299.6871, 4.972694
300.1692, 5.480515
300.6513, 5.791580
301.1335, 6.230354
301.6156, 6.838852
302.0977, 7.576584
302.5798, 8.476334
303.0619, 9.539047
303.5440, 10.59715
304.0262, 11.28901
304.5083, 11.18013
304.9904, 11.34291
305.4725, 11.75546
305.9546, 12.43784
306.4367, 13.54984
306.9189, 15.06635
307.4010, 16.63083
307.8831, 17.68044
308.3652, 17.75435
308.8473, 18.54933
309.3294, 20.28810
309.8116, 22.43565
310.2937, 24.73088
310.7758, 27.12207
311.2579, 29.65004
311.7400, 32.36391
312.2221, 35.34133
312.7043, 38.09143
313.1864, 40.52605
313.6685, 42.87010
314.1506, 44.87107
314.6327, 46.83539
315.1148, 49.44183
315.5970, 53.21254
316.0791, 58.07342
316.5612, 63.01548
317.0433, 68.44839
317.5254, 73.54359
318.0075, 78.33239
318.4897, 82.61465
318.9718, 86.15978
319.4539, 88.85426
319.9360, 90.68325
320.4181, 91.60947
320.9002, 91.48560
321.3824, 90.46710
321.8645, 88.50925
322.3466, 85.71902
322.8287, 81.99998
323.3108, 77.39353
323.7929, 72.27262
324.2751, 67.23688
324.7572, 61.72661
325.2393, 57.48157
325.7214, 54.97338
326.2035, 53.15723
326.6856, 51.34354
327.1678, 49.43658
327.6499, 47.70299
328.1320, 46.39301
328.6141, 45.46490
329.0962, 45.22720
329.5783, 45.87416
330.0605, 46.91651
330.5426, 48.33266
331.0247, 49.99205
331.5068, 51.65269
331.9889, 53.13425
332.4710, 54.44724
332.9532, 55.76136
333.4353, 56.91505
333.9174, 58.26379
334.3995, 60.25368
334.8816, 62.38680
335.3637, 64.00121
335.8459, 64.75768
336.3280, 64.76986
336.8101, 64.29895
337.2922, 62.62886
337.7743, 61.55878
338.2564, 61.22666
338.7386, 61.48756
339.2206, 62.29503
339.7028, 63.60721
340.1849, 65.26114
340.6670, 66.99886
341.1491, 68.70132
341.6312, 70.80034
342.1133, 73.01993
342.5955, 75.78384
343.0776, 79.60430
343.5597, 84.30390
344.0418, 89.11294
344.5239, 93.20404
345.0060, 96.44827
345.4882, 100.4612
345.9703, 105.7672
346.4524, 111.4843
346.9345, 117.3368
347.4166, 123.4289
347.8987, 129.9275
348.3809, 136.8506
348.8630, 144.3610
349.3451, 152.9616
349.8272, 163.0774
350.3093, 173.9586
350.7914, 184.9725
351.2736, 196.7478
351.7557, 210.0625
352.2378, 225.2170
352.7199, 241.3869
353.2020, 256.9837
353.6841, 271.4533
354.1663, 287.0066
354.6484, 303.5609
355.1305, 321.5032
355.6126, 341.6486
356.0947, 363.7422
356.5768, 386.1967
357.0590, 407.3932
357.5411, 427.1408
358.0232, 447.6412
358.5053, 470.3603
358.9874, 492.1346
359.4695, 511.5675
359.9517, 529.0635
360.4338, 545.4949
360.9159, 561.4724
361.3980, 576.6769
361.8801, 589.8761
362.3622, 599.4177
362.8444, 610.4836
363.3265, 624.1160
363.8086, 640.3841
364.2907, 659.4085
364.7728, 681.2472
365.2549, 706.2532
365.7371, 734.8705
366.2192, 767.2397
366.7013, 803.0036
367.1834, 844.6128
367.6655, 887.7988
368.1476, 930.2248
368.6298, 971.7227
369.1119, 1010.976
369.5940, 1049.090
370.0761, 1084.734
370.5582, 1111.608
371.0403, 1130.385
371.5225, 1137.427
372.0046, 1130.829
372.4867, 1111.970
372.9688, 1082.063
373.4509, 1038.938
373.9330, 986.6934
374.4152, 929.7980
374.8973, 867.9561
375.3794, 805.7407
375.8615, 744.2180
376.3436, 684.7498
376.8257, 628.7147
377.3079, 575.8340
377.7900, 527.2562
378.2721, 484.1866
378.7542, 446.1919
379.2363, 411.6006
379.7184, 380.1252
380.2006, 351.4312
380.6827, 324.8252
381.1648, 300.2109
381.6469, 278.2208
382.1290, 259.7313
382.6111, 243.6102
383.0933, 228.3286
383.5754, 213.6291
384.0575, 200.2267
384.5396, 188.7858
385.0217, 179.2786
385.5038, 170.0005
385.9860, 160.4772
386.4681, 151.6152
386.9502, 144.0934
387.4323, 137.7539
387.9144, 131.9669
388.3965, 126.5346
388.8787, 121.3723
389.3608, 116.2722
389.8429, 111.0727
390.3250, 106.1748
390.8071, 101.5572
391.2892, 97.32645
391.7714, 93.68826
392.2535, 90.68041
392.7356, 88.00806
393.2177, 85.35850
393.6998, 82.70872
394.1819, 80.22366
394.6641, 77.65287
395.1462, 75.43784
395.6283, 74.00098
396.1104, 73.17198
396.5925, 72.49272
397.0746, 71.68670
397.5568, 70.74522
398.0389, 69.56545
398.5210, 67.54810
399.0031, 66.03478
399.4852, 65.87135
399.9673, 65.96721
400.4495, 65.07676
400.9316, 62.83059
401.4137, 59.83458
401.8958, 56.99046
402.3779, 54.38792
402.8600, 51.69982
403.3422, 49.21547
403.8243, 46.38872
404.3064, 42.68048
404.7885, 38.33291
405.2706, 34.03912
405.7527, 30.31161
406.2349, 27.11711
406.7170, 24.43357
407.1991, 22.83294
407.6812, 20.94794
408.1633, 18.00288
408.6454, 14.82930
409.1276, 12.36676
409.6097, 10.96616
410.0918, 10.19975
410.5739, 9.545074
411.0560, 9.071777
411.5381, 8.352013
412.0203, 7.142532
412.5024, 5.808159
412.9845, 4.443695
413.4666, 3.113899
413.9487, 2.000252
414.4308, 1.323570
414.9130, 0.9801100
415.3951, 0.5774920
415.8772, 8.8150002E-02
416.3593, 0.3936460
416.8414, 0.7894900
417.3235, 1.154709
417.8057, 1.576149
418.2878, 2.112663
418.7699, 2.635910
419.2520, 3.035248
419.7341, 3.314819
420.2162, 3.496582
420.6984, 3.533997
421.1805, 3.542336
421.6626, 3.722717
422.1447, 4.084351
422.6268, 4.282570
423.1089, 4.045311
423.5911, 3.638741
424.0732, 3.419037
424.5553, 3.424927
425.0374, 3.550179
425.5195, 3.779343
426.0016, 4.066978
426.4838, 4.148102
426.9659, 4.027893
427.4480, 3.706413
427.9301, 2.941139
428.4122, 1.990974
428.8943, 1.507004
429.3765, 1.779243
429.8586, 2.285202
430.3407, 2.082413
430.8228, 0.6499250
431.3049, 0.3781130
431.7870, 0.8263470
432.2692, 0.9886090
432.7513, 0.8894880
433.2334, 0.6548390
433.7155, 0.6543880
434.1976, 1.224586
434.6797, 2.312996
435.1619, 3.165939
435.6440, 3.634956
436.1261, 4.029785
436.6082, 4.098213
437.0903, 4.241844
437.5724, 5.140366
438.0546, 6.975189
438.5367, 8.934082
439.0188, 9.532898
439.5009, 8.049553
439.9830, 7.543129
440.4651, 9.110031
440.9473, 10.75903
441.4294, 11.60631
441.9115, 11.75716
442.3936, 11.71078
442.8757, 11.72614
443.3578, 11.83305
443.8400, 12.25004
444.3221, 13.30527
444.8042, 13.84398
445.2863, 12.69118
445.7684, 11.23789
446.2505, 10.94609
446.7327, 12.17788
447.2148, 13.53686
447.6969, 13.74660
448.1790, 12.98895
448.6611, 12.21130
449.1432, 11.43170
449.6254, 10.90406
450.1075, 11.03677
450.5896, 11.62711
451.0717, 12.06664
451.5538, 12.04123
452.0359, 11.90588
452.5181, 11.98119
453.0002, 12.25356
453.4823, 12.65465
453.9644, 13.23333
454.4465, 13.82638
454.9286, 14.01013
455.4108, 13.65374
455.8929, 13.37717
456.3750, 13.39220
456.8571, 13.51812
457.3392, 13.58353
457.8214, 13.55533
458.3035, 13.43926
458.7856, 13.22923
459.2677, 12.92338
459.7498, 12.63482
460.2319, 12.42304
460.7141, 12.15782
461.1962, 11.64852
461.6783, 11.11182
462.1604, 10.96944
462.6425, 11.36133
463.1246, 11.84373
463.6068, 11.59616
464.0889, 10.22084
464.5710, 9.173805
465.0531, 8.416939
465.5352, 7.999863
466.0173, 8.276543
466.4995, 8.933655
466.9816, 9.183075
467.4637, 8.391899
467.9458, 6.968315
468.4279, 6.229813
468.9100, 6.364014
469.3922, 6.696510
469.8743, 7.294220
470.3564, 7.847885
470.8385, 8.023911
471.3206, 7.781075
471.8027, 7.541664
472.2849, 7.614159
472.7670, 7.949661
473.2491, 8.419662
473.7312, 9.075691
474.2133, 9.621086
474.6954, 9.664200
475.1776, 9.453812
475.6597, 9.577133
476.1418, 10.26552
476.6239, 11.12029
477.1060, 12.00955
477.5881, 12.86620
478.0703, 13.38629
478.5524, 13.37300
479.0345, 13.36890
479.5166, 14.20145
479.9987, 16.08205
480.4808, 17.81798
480.9630, 19.30305
481.4451, 20.71984
481.9272, 22.07249
482.4093, 23.41525
482.8914, 24.83890
483.3735, 26.36887
483.8557, 28.12366
484.3378, 30.60925
484.8199, 35.26370
485.3020, 38.58663
485.7841, 39.21344
486.2662, 39.46056
486.7484, 41.31875
487.2305, 44.77879
487.7126, 48.25378
488.1947, 50.28381
488.6768, 51.06801
489.1589, 52.59232
489.6411, 55.32428
490.1232, 57.93958
490.6053, 59.96443
491.0874, 61.69071
491.5695, 63.51366
492.0516, 65.57426
492.5338, 67.46429
493.0159, 68.97021
493.4980, 70.02430
493.9801, 69.93574
494.4622, 68.47565
494.9443, 66.09872
495.4265, 62.66696
495.9086, 58.57196
496.3907, 54.97087
496.8728, 52.66914
497.3549, 50.48718
497.8370, 47.13144
498.3192, 42.99697
498.8013, 39.68120
499.2834, 37.95094
499.7655, 36.87278
500.2476, 34.83643
500.7297, 31.40417
501.2119, 28.59145
501.6940, 26.81562
502.1761, 25.45423
502.6582, 24.11806
503.1403, 22.79912
503.6224, 21.61551
504.1045, 20.64554
504.5866, 19.85110
505.0688, 19.09530
505.5509, 18.44396
506.0330, 17.72018
506.5151, 16.57204
506.9972, 15.60284
507.4793, 15.38161
507.9615, 15.84884
508.4436, 16.41214
508.9257, 16.49980
509.4078, 16.25414
509.8899, 16.59866
510.3720, 17.81556
510.8542, 19.01123
511.3363, 19.84979
511.8184, 20.50414
512.3005, 21.06717
512.7827, 21.53481
513.2648, 22.15664
513.7469, 23.01476
514.2290, 24.17298
514.7111, 25.91673
515.1932, 28.37017
515.6754, 31.00134
516.1575, 33.37580
516.6396, 35.59538
517.1217, 38.08889
517.6038, 40.75003
518.0859, 43.81870
518.5681, 47.85025
519.0502, 52.26840
519.5323, 55.89261
520.0144, 58.42880
520.4965, 60.85171
520.9786, 64.32701
521.4608, 68.95607
521.9429, 73.94549
522.4250, 79.43683
522.9071, 85.20570
523.3892, 90.85808
523.8713, 96.77934
524.3535, 103.5810
524.8356, 111.4618
525.3177, 120.1614
525.7998, 129.1854
526.2819, 138.5208
526.7640, 148.1590
527.2462, 157.7902
527.7283, 168.0374
528.2104, 179.3034
528.6925, 191.3766
529.1746, 203.8946
529.6567, 216.9820
530.1389, 230.0011
530.6210, 242.1797
531.1031, 253.5090
531.5852, 263.9571
532.0673, 274.1067
532.5494, 282.4245
533.0316, 287.2858
533.5137, 288.9486
533.9958, 286.6753
534.4779, 280.1678
534.9600, 269.8117
535.4421, 254.6538
535.9243, 235.7055
536.4064, 215.4091
536.8885, 194.8510
537.3706, 174.4976
537.8527, 155.5861
538.3348, 138.2106
538.8170, 121.9393
539.2991, 106.1674
539.7812, 92.00374
540.2633, 79.99357
540.7454, 70.07209
541.2275, 61.89085
541.7097, 55.34195
542.1918, 50.05914
542.6739, 45.03809
543.1560, 40.02682
543.6381, 36.01912
544.1202, 34.08972
544.6024, 32.56384
545.0845, 30.27221
545.5666, 27.34356
546.0487, 24.82717
546.5308, 23.29869
547.0129, 22.48456
547.4951, 22.21481
547.9772, 22.46641
548.4593, 22.27346
548.9414, 20.95992
549.4235, 19.31841
549.9056, 18.97570
550.3878, 20.16353
550.8699, 20.94499
551.3520, 20.60812
551.8341, 19.99795
552.3162, 19.74366
552.7983, 19.85493
553.2805, 20.15373
553.7626, 20.55693
554.2447, 20.99471
554.7268, 21.24699
555.2089, 21.07011
555.6910, 21.14726
556.1732, 21.69697
556.6553, 22.29889
557.1374, 22.76021
557.6195, 23.04710
558.1016, 23.18170
558.5837, 23.21373
559.0659, 22.75032
559.5480, 22.41089
560.0301, 21.21118
560.5122, 19.97768
560.9943, 18.54993
561.4764, 17.46607
561.9586, 17.46635
562.4407, 18.45939
562.9228, 19.04929
563.4049, 18.47808
563.8870, 17.42281
564.3691, 16.52264
564.8513, 15.78339
565.3334, 15.12831
565.8155, 14.55473
566.2976, 13.95258
566.7797, 13.08378
567.2618, 11.74011
567.7440, 10.62127
568.2261, 9.980377
568.7082, 9.339523
569.1903, 8.313087
569.6724, 7.065002
570.1545, 6.006989
570.6367, 5.371948
571.1188, 4.984779
571.6009, 4.508781
572.0830, 3.941589
572.5651, 3.262459
573.0472, 2.240898
573.5294, 1.338387
574.0115, 0.8914180
574.4936, 0.7622600
574.9757, 0.5607380
575.4578, 9.1476001E-02
575.9399, 0.4708520
576.4221, 0.9376950
576.9042, 1.319828
577.3863, 1.707336
577.8684, 2.152538
578.3505, 2.518684
578.8326, 2.566883
579.3148, 2.262505
579.7969, 2.257072
580.2790, 2.874638
580.7611, 3.479500
581.2432, 3.811184
581.7253, 3.907490
582.2075, 3.833309
582.6896, 3.616394
583.1717, 3.317657
583.6538, 3.019260
584.1359, 2.726627
584.6180, 2.400837
585.1002, 2.005905
585.5823, 1.616703
586.0643, 1.255562
586.5464, 0.9138790
587.0286, 0.6450120
587.5107, 0.4837000
587.9928, 0.1299740
588.4749, 0.8092310
588.9570, 2.195419
589.4391, 3.526421
589.9213, 4.783119
590.4034, 5.848335
590.8855, 6.611973
591.3676, 7.119465
591.8497, 7.576973
592.3318, 7.906784
592.8140, 8.322327
593.2961, 8.852093
593.7782, 9.523186
594.2603, 10.47525
594.7424, 11.64922
595.2245, 12.70121
595.7067, 13.32082
596.1888, 13.60439
596.6709, 14.12110
597.1530, 15.14206
597.6351, 15.92519
598.1172, 16.06659
598.5994, 16.20433
599.0815, 16.92276
599.5636, 18.13882
600.0457, 19.23436
600.5278, 19.78281
601.0099, 19.97381
601.4921, 20.09395
601.9742, 20.13994
602.4563, 20.35452
602.9384, 20.84406
603.4205, 21.50849
603.9026, 22.29361
604.3848, 23.22118
604.8669, 23.89939
605.3490, 24.09901
605.8311, 24.20275
606.3132, 24.41787
606.7953, 24.73478
607.2775, 25.12831
607.7596, 25.58472
608.2417, 26.02303
608.7238, 26.27717
609.2059, 26.25886
609.6880, 26.50235
610.1702, 27.29337
610.6523, 28.02591
611.1344, 28.49532
611.6165, 28.79325
612.0986, 29.05780
612.5807, 29.33192
613.0629, 29.53701
613.5450, 29.45332
614.0271, 29.23808
614.5092, 29.46989
614.9913, 30.25991
615.4734, 31.11829
615.9556, 31.83611
616.4377, 32.35084
616.9198, 32.42914
617.4019, 31.67918
617.8840, 31.27927
618.3661, 31.89619
618.8483, 32.65153
619.3304, 32.73299
619.8125, 32.16434
620.2946, 31.45250
620.7767, 30.94570
621.2589, 30.47293
621.7410, 29.49559
622.2231, 27.82304
622.7052, 26.20582
623.1873, 24.53540
623.6694, 23.14471
624.1516, 22.52819
624.6337, 22.37953
625.1158, 21.79391
625.5979, 20.23451
626.0800, 18.38100
626.5621, 16.80619
627.0443, 15.50689
627.5264, 14.59223
628.0085, 14.12760
628.4906, 13.69086
628.9727, 12.82531
629.4548, 11.53180
629.9370, 10.43525
630.4191, 9.485134
630.9012, 8.773788
631.3833, 8.424931
631.8654, 8.251598
632.3475, 8.076897
632.8297, 7.865356
633.3118, 7.666870
633.7939, 7.532921
634.2760, 7.425152
634.7581, 7.229664
635.2402, 6.963154
635.7224, 6.491501
636.2045, 5.442787
636.6866, 4.479843
637.1687, 4.432816
637.6508, 5.242691
638.1329, 5.864372
638.6151, 5.958641
639.0972, 5.783836
639.5793, 5.404358
640.0614, 4.953838
640.5435, 4.718067
641.0256, 4.797668
641.5078, 5.135914
641.9899, 5.707985
642.4720, 6.576702
642.9541, 7.161602
643.4362, 7.166359
643.9183, 7.238052
644.4005, 7.611343
644.8826, 8.048157
645.3647, 8.280216
645.8468, 8.277332
646.3289, 8.215569
646.8110, 8.161808
647.2932, 8.146576
647.7753, 8.287975
648.2574, 8.597130
648.7395, 8.931000
649.2216, 9.233459
649.7037, 9.529819
650.1859, 9.889942
650.6680, 10.37815
651.1501, 10.58977
651.6322, 10.29715
652.1143, 9.916763
652.5964, 9.665791
653.0786, 9.532166
653.5607, 9.430325
654.0428, 9.332302
654.5249, 9.269241
655.0070, 9.265591
655.4891, 9.308781
655.9713, 9.431301
656.4534, 9.810120
656.9355, 10.03500
657.4176, 9.650547
657.8997, 9.041912
658.3818, 8.738068
658.8640, 8.867542
659.3461, 9.008228
659.8282, 8.771461
660.3103, 8.475739
660.7924, 8.701897
661.2745, 9.376034
661.7567, 9.736633
662.2388, 9.352013
662.7209, 8.745010
663.2030, 8.984726
663.6851, 10.47639
664.1672, 11.45546
664.6494, 11.46980
665.1315, 11.43446
665.6136, 11.60210
666.0957, 12.01705
666.5778, 12.76977
667.0599, 13.88323
667.5421, 14.75868
668.0242, 14.64125
668.5063, 13.96490
668.9884, 13.81568
669.4705, 14.23137
669.9526, 14.68314
670.4348, 14.94400
670.9169, 15.14486
671.3990, 15.54942
671.8811, 16.39103
672.3632, 16.69970
672.8453, 15.92865
673.3275, 15.17190
673.8096, 15.16744
674.2917, 15.58905
674.7738, 15.74502
675.2559, 15.36679
675.7380, 14.84605
676.2202, 14.77331
676.7023, 15.08712
677.1844, 15.05618
677.6665, 14.55831
678.1486, 14.10272
678.6307, 13.93262
679.1129, 13.88431
679.5950, 13.57338
680.0771, 12.95222
680.5592, 12.28602
681.0413, 11.56731
681.5234, 10.89156
682.0056, 10.38079
682.4877, 9.970123
682.9698, 9.470432
683.4519, 8.805119
683.9340, 8.137688
684.4161, 7.738556
684.8983, 7.640049
685.3804, 7.433315
685.8625, 7.035477
686.3446, 6.676315
686.8267, 6.571438
687.3088, 6.499813
687.7910, 6.155941
688.2731, 5.479652
688.7552, 4.896912
689.2373, 4.632710
689.7194, 4.525391
690.2015, 4.458191
690.6837, 4.402447
691.1658, 4.308296
691.6479, 4.155350
692.1300, 3.936275
692.6121, 3.591881
693.0942, 3.054703
693.5764, 2.908253
694.0585, 3.608025
694.5406, 4.078506
695.0227, 3.899670
695.5048, 3.436657
695.9869, 3.053566
696.4691, 2.805260
696.9512, 2.569405
697.4333, 2.229038
697.9154, 1.885578
698.3975, 1.674732
698.8796, 1.588684
699.3618, 1.593029
699.8439, 1.685646
700.3260, 1.755157
700.8081, 1.632122
701.2902, 1.280693
701.7723, 1.076481
702.2545, 1.192211
702.7366, 1.247200
703.2187, 1.085484
703.7008, 0.8841550
704.1829, 0.8351820
704.6650, 0.9446750
705.1472, 1.056644
705.6293, 1.086014
706.1114, 1.042942
706.5935, 0.8879590
707.0756, 0.6508220
707.5577, 0.5433850
708.0399, 0.6425970
708.5220, 0.8201830
709.0041, 0.9686430
709.4862, 1.088425
709.9683, 1.027767
710.4504, 0.6106830
710.9326, 0.2542270
711.4147, 8.7269001E-02
711.8968, 0.2592120
712.3789, 5.5530999E-02
712.8610, 0.7114520
713.3431, 1.079079
713.8253, 0.6612890
714.3074, 5.1426001E-02
714.7895, 0.2098010
715.2716, 8.7944001E-02
715.7537, 5.2189000E-02
716.2358, 0.5590780
716.7180, 1.105331
717.2001, 0.9568140
717.6822, 0.2668230
718.1643, 6.3231997E-02
718.6464, 0.8021010
719.1285, 1.349144
719.6107, 1.548866
720.0928, 1.562351
720.5749, 1.476650
721.0570, 1.307907
721.5391, 0.9825710
722.0212, 0.4150430
722.5034, 5.0060000E-02
722.9855, 0.1877900
723.4676, 0.9761700
723.9497, 1.395256
724.4318, 1.305908
724.9139, 1.112789
725.3961, 1.071632
725.8782, 1.073418
726.3603, 0.7964900
726.8424, 0.1383210
727.3245, 0.4584240
727.8066, 0.6048970
728.2888, 1.628902
728.7709, 1.744549
729.2530, 1.248486
729.7351, 0.6953540
730.2172, 0.2865030
730.6993, 2.6562000E-02
731.1815, 1.6972000E-02
731.6636, 0.1673090
732.1457, 0.1618460
732.6278, 5.3099999E-03
733.1099, 0.4540290
733.5920, 1.456944
734.0742, 2.401703
734.5563, 2.168964
735.0384, 0.3306270
735.5205, 0.4564290
736.0026, 0.7288130
736.4847, 1.869789
736.9669, 2.218269
737.4490, 2.150978
737.9311, 2.062534
738.4132, 2.066502
738.8953, 2.204929
739.3774, 2.588619
739.8596, 3.063652
740.3417, 3.283939
740.8238, 3.264595
741.3059, 3.226299
741.7880, 3.193546
742.2701, 3.283550
742.7523, 3.669804
743.2344, 4.320366
743.7165, 4.713230
744.1986, 4.588169
744.6807, 4.584255
745.1628, 4.817192
745.6450, 5.165234
746.1271, 5.636139
746.6092, 6.134087
747.0913, 6.428307
747.5734, 6.362591
748.0555, 6.219437
748.5377, 6.338268
749.0198, 6.670208
749.5019, 7.027214
749.9840, 7.388325
750.4661, 7.819408
750.9482, 8.416065
751.4304, 9.033161
751.9125, 9.289951
752.3946, 8.858807
752.8767, 8.815441
753.3588, 9.303375
753.8409, 9.980679
754.3231, 10.95657
754.8052, 11.92738
755.2873, 12.38927
755.7694, 12.24459
756.2515, 12.15554
756.7336, 12.72246
757.2158, 13.61928
757.6979, 14.22278
758.1800, 14.60347
758.6621, 15.27021
759.1442, 16.41437
759.6263, 17.71241
760.1085, 18.78719
760.5906, 19.63025
761.0727, 20.68019
761.5548, 22.34356
762.0369, 23.60339
762.5190, 24.16433
763.0012, 24.42313
763.4833, 24.62385
763.9654, 24.78082
764.4475, 24.85845
764.9296, 24.87899
765.4117, 24.74896
765.8939, 24.46174
766.3760, 23.95759
766.8581, 22.95022
767.3402, 21.49404
767.8223, 20.26353
768.3044, 19.70566
768.7866, 19.51421
769.2687, 18.97318
769.7508, 18.11922
770.2329, 16.80617
770.7150, 14.50288
771.1971, 12.48161
771.6793, 11.49791
772.1614, 10.98420
772.6435, 10.25996
773.1256, 9.257782
773.6077, 8.252747
774.0898, 7.376411
774.5720, 6.463303
775.0541, 5.329025
775.5362, 4.150696
776.0183, 3.176315
776.5004, 2.432404
776.9825, 1.871033
777.4647, 1.537437
777.9468, 1.329414
778.4289, 0.5509110
778.9110, 0.9929890
779.3931, 2.011375
779.8752, 2.022308
780.3574, 1.661697
780.8395, 1.483208
781.3216, 1.483841
781.8037, 1.467392
782.2858, 1.216362
782.7679, 1.164619
783.2501, 1.638184
783.7322, 2.192368
784.2143, 2.558769
784.6964, 2.611855
785.1785, 2.249825
785.6606, 1.468758
786.1428, 0.6230160
786.6249, 0.1173100
787.1070, 0.1711040
787.5891, 0.6563190
788.0712, 1.361076
788.5533, 1.787231
789.0355, 1.521690
789.5176, 1.249405
789.9997, 2.204247
790.4818, 4.763847
790.9639, 6.250603
791.4460, 5.381493
791.9282, 5.089249
792.4103, 6.379738
792.8924, 8.270714
793.3745, 9.861778
793.8566, 11.19137
794.3387, 12.72149
794.8209, 14.83202
795.3030, 17.03004
795.7851, 18.74684
796.2672, 20.22298
796.7493, 21.95802
797.2314, 24.02882
797.7136, 26.27068
798.1957, 28.57804
798.6778, 31.00642
799.1599, 33.67741
799.6420, 36.63531
800.1241, 39.68990
800.6063, 43.01338
801.0884, 46.17021
801.5705, 48.53340
802.0526, 50.81108
802.5347, 53.86913
803.0168, 57.79688
803.4990, 62.04548
803.9811, 66.80495
804.4632, 71.46343
804.9453, 75.44184
805.4274, 79.12829
805.9095, 83.11427
806.3917, 87.49654
806.8738, 92.11105
807.3559, 96.89457
807.8380, 101.6677
808.3201, 105.7116
808.8022, 109.1141
809.2844, 113.5369
809.7665, 119.4283
810.2486, 125.6273
810.7307, 131.4107
811.2128, 136.8218
811.6949, 141.8624
812.1771, 146.1530
812.6592, 150.8102
813.1413, 155.9843
813.6234, 161.3264
814.1055, 166.9111
814.5876, 172.4237
815.0698, 177.4713
815.5519, 181.9624
816.0340, 185.9720
816.5161, 189.4472
816.9982, 192.5144
817.4803, 195.5780
817.9625, 198.3060
818.4446, 199.6626
818.9267, 199.4743
819.4088, 198.7630
819.8909, 198.4974
820.3730, 196.3894
820.8552, 196.0141
821.3373, 191.3952
821.8194, 187.1200
822.3015, 183.5861
822.7836, 180.2289
823.2657, 176.9752
823.7479, 173.5810
824.2300, 169.6381
824.7121, 165.1008
825.1942, 160.1846
825.6763, 154.3567
826.1584, 148.8002
826.6406, 144.6102
827.1227, 140.9402
827.6048, 136.4464
828.0869, 130.9373
828.5690, 125.2763
829.0511, 119.9930
829.5333, 115.1430
830.0154, 110.9518
830.4975, 107.3117
830.9796, 103.6830
831.4617, 99.95700
831.9438, 96.34372
832.4260, 92.99702
832.9081, 89.86864
833.3902, 86.72227
833.8723, 83.27200
834.3544, 80.56409
834.8365, 79.22942
835.3187, 77.85895
835.8008, 75.89687
836.2829, 73.60488
836.7650, 71.11800
837.2471, 68.44054
837.7292, 66.27536
838.2114, 64.88702
838.6935, 64.03194
839.1756, 64.06701
839.6577, 64.27628
840.1398, 63.43855
840.6219, 61.61537
841.1041, 60.03098
841.5862, 59.47108
842.0683, 59.70818
842.5504, 60.73257
843.0325, 62.34077
843.5146, 62.90948
843.9968, 62.17239
844.4789, 61.48671
844.9610, 61.64468
845.4431, 62.11229
845.9252, 61.81777
846.4073, 60.41459
846.8895, 60.02328
847.3716, 61.53257
847.8537, 62.87801
848.3358, 63.39384
848.8179, 63.73499
849.3000, 64.64126
849.7822, 65.97129
850.2643, 66.80810
850.7464, 66.60071
851.2285, 66.30968
851.7106, 66.19350
852.1927, 66.39941
852.6749, 67.18594
853.1570, 68.51142
853.6391, 70.26117
854.1212, 72.36298
854.6033, 74.35792
855.0854, 75.18031
855.5676, 75.32801
856.0497, 77.46519
856.5318, 81.67746
857.0139, 85.56395
857.4960, 88.21663
857.9781, 90.60825
858.4603, 93.80092
858.9424, 97.81373
859.4245, 102.1244
859.9066, 106.4209
860.3887, 111.3602
860.8708, 117.7450
861.3530, 124.1111
861.8351, 129.4748
862.3172, 134.3485
862.7993, 139.6455
863.2814, 145.5511
863.7635, 151.8989
864.2457, 158.6432
864.7278, 165.7971
865.2099, 173.5443
865.6920, 181.6907
866.1741, 189.7787
866.6563, 197.6922
867.1384, 205.4573
867.6205, 213.0071
868.1026, 220.6849
868.5847, 229.1947
869.0668, 238.4118
869.5490, 247.5796
870.0311, 256.5885
870.5132, 265.5876
870.9953, 274.8549
871.4774, 283.9593
871.9595, 292.0455
872.4417, 299.0764
872.9238, 305.4429
873.4059, 311.4644
873.8880, 316.3602
874.3701, 320.3118
874.8522, 322.6906
875.3344, 322.7572
875.8165, 320.6594
876.2986, 317.3180
876.7807, 312.6991
877.2628, 307.1824
877.7449, 301.5800
878.2271, 294.5842
878.7092, 284.5340
879.1913, 272.3015
879.6734, 259.8445
880.1555, 247.9073
880.6376, 235.9735
881.1198, 223.2749
881.6019, 210.5621
882.0840, 199.5353
882.5661, 189.8196
883.0482, 179.5751
883.5303, 168.3572
884.0125, 157.4869
884.4946, 148.1388
884.9767, 139.8715
885.4588, 131.1344
885.9409, 121.6830
886.4230, 113.0445
886.9052, 105.3161
887.3873, 98.37981
887.8694, 92.28536
888.3515, 86.79502
888.8336, 81.48236
889.3157, 76.35322
889.7979, 71.41973
890.2800, 66.54237
890.7621, 62.01239
891.2442, 57.94635
891.7263, 54.22309
892.2084, 50.88031
892.6906, 47.80642
893.1727, 44.76699
893.6548, 41.63287
894.1369, 38.64857
894.6190, 35.85234
895.1011, 33.34439
895.5833, 31.50355
896.0654, 30.06284
896.5475, 28.35236
897.0296, 26.18426
897.5117, 23.84184
897.9938, 21.50170
898.4760, 19.28657
898.9581, 17.62222
899.4402, 16.45712
899.9223, 15.23502
900.4044, 13.85905
900.8865, 12.50664
901.3687, 11.27251
901.8508, 10.13927
902.3329, 9.121269
902.8150, 8.283333
903.2971, 7.330696
903.7792, 6.190033
904.2614, 5.058975
904.7435, 3.882774
905.2256, 2.833832
905.7077, 2.122215
906.1898, 1.699394
906.6719, 1.307510
907.1541, 1.023071
907.6362, 0.6002730
908.1183, 0.3673860
908.6004, 1.157089
909.0825, 1.025002
909.5646, 0.4252550
910.0468, 0.1962130
910.5289, 0.5439990
911.0110, 0.9979630
911.4931, 1.227074
911.9752, 1.412117
912.4573, 1.812584
912.9395, 2.304878
913.4216, 2.734200
913.9037, 3.011810
914.3858, 2.791138
914.8679, 1.801361
915.3500, 0.7496490
915.8321, 1.149826
916.3142, 2.715828
916.7963, 3.042221
917.2784, 1.989338
917.7606, 1.098625
918.2427, 0.9134030
918.7248, 1.054565
919.2069, 1.156631
919.6890, 1.215637
920.1711, 1.217789
920.6533, 1.200424
921.1354, 1.019291
921.6175, 0.4070740
922.0996, 3.3057999E-02
922.5817, 0.2961310
923.0638, 0.8642120
923.5460, 0.7594990
924.0281, 0.1663860
924.5102, 0.5997850
924.9923, 0.3662720
925.4744, 0.9325640
925.9565, 2.2205001E-02
926.4387, 1.223850
926.9208, 1.784840
927.4029, 1.718346
927.8850, 1.431343
928.3671, 0.9446180
928.8492, 0.9001270
929.3314, 2.280540
929.8135, 3.903141
930.2956, 4.250824
930.7777, 3.819118
931.2598, 3.820282
931.7419, 4.534306
932.2241, 5.512585
932.7062, 6.471760
933.1883, 7.322601
933.6704, 7.834118
934.1525, 8.084496
934.6346, 8.510361
935.1168, 9.135017
935.5989, 9.326958
936.0810, 8.720802
936.5631, 8.130207
937.0452, 8.809082
937.5273, 10.63347
938.0095, 11.52414
938.4916, 11.33154
938.9737, 10.76104
939.4558, 9.674057
939.9379, 8.783104
940.4200, 8.713234
940.9022, 9.115009
941.3843, 9.083435
941.8664, 8.433834
942.3485, 7.914093
942.8306, 7.454685
943.3127, 7.211246
943.7949, 7.487289
944.2770, 7.788960
944.7591, 7.689781
945.2412, 7.220211
945.7233, 6.607994
946.2054, 5.838581
946.6876, 5.073486
947.1697, 4.206631
947.6518, 3.524361
948.1339, 3.460140
948.6160, 3.631660
949.0981, 3.420574
949.5803, 2.727081
950.0624, 1.915993
950.5445, 1.117008
951.0266, 0.4278220
951.5087, 0.1111300
951.9908, 0.4571910
952.4730, 0.4351460
952.9551, 0.1437030
953.4372, 2.9998999E-02
953.9193, 7.2780997E-02
954.4014, 0.2555120
954.8835, 0.3160900
955.3657, 0.2726170
955.8478, 0.1984670
956.3299, 7.8502998E-02
956.8120, 0.2260130
957.2941, 0.7435230
957.7762, 1.277458
958.2584, 1.669067
958.7405, 2.134678
959.2226, 3.206306
959.7047, 4.950035
960.1868, 6.198589
960.6689, 6.841999
961.1511, 7.443268
961.6332, 8.162331
962.1153, 8.883205
962.5974, 9.455482
963.0795, 9.952789
963.5616, 10.71586
964.0438, 12.02943
964.5259, 13.00254
965.0080, 13.45223
965.4901, 13.79504
965.9722, 13.89824
966.4543, 14.12265
966.9365, 15.02302
967.4186, 16.54245
967.9007, 17.87573
968.3828, 19.10264
968.8649, 19.81318
969.3470, 19.34892
969.8292, 18.92874
970.3113, 19.42041
970.7934, 20.42088
971.2755, 21.31213
971.7576, 21.97329
972.2397, 22.52416
972.7219, 23.01660
973.2040, 23.48355
973.6861, 23.76675
974.1682, 23.98412
974.6503, 24.64354
975.1324, 25.52882
975.6146, 25.62826
976.0967, 24.59147
976.5788, 23.90251
977.0609, 25.35089
977.5430, 27.55399
978.0251, 28.60693
978.5073, 28.87139
978.9894, 29.23783
979.4715, 29.80840
979.9536, 30.04826
980.4357, 29.63700
980.9178, 29.02188
981.4000, 28.96458
981.8821, 28.67116
982.3642, 29.26448
982.8463, 28.76579
983.3284, 28.76971
983.8105, 29.56904
984.2927, 30.64771
984.7748, 31.68035
985.2569, 32.53085
985.7390, 32.63703
986.2211, 31.93546
986.7032, 31.84074
987.1854, 32.52588
987.6675, 32.93463
988.1496, 32.64458
988.6317, 32.24903
989.1138, 32.30507
989.5959, 32.72355
990.0781, 33.11880
990.5602, 33.47609
991.0423, 33.86882
991.5244, 34.20662
992.0065, 34.73854
992.4886, 35.88776
992.9708, 36.95250
993.4529, 36.94483
993.9350, 35.99792
994.4171, 35.64592
994.8992, 36.09726
995.3813, 36.80243
995.8635, 38.03765
996.3456, 39.19692
996.8277, 40.03796
997.3098, 40.63536
997.7919, 40.93616
998.2740, 40.99340
998.7562, 41.47220
999.2383, 42.57767
999.7204, 43.99991
1000.203, 45.69784
1000.685, 47.65786
1001.167, 49.68396
1001.649, 52.05244
1002.131, 55.03671
1002.613, 58.72212
1003.095, 63.41694
1003.577, 68.21210
1004.059, 75.37251
1004.542, 86.41001
1005.024, 100.1645
1005.506, 116.5176
1005.988, 134.3519
1006.470, 153.3619
1006.952, 172.9575
1007.434, 187.3402
1007.916, 193.9550
1008.398, 191.9761
1008.881, 177.6871
1009.363, 156.0424
1009.845, 131.7760
1010.327, 107.3011
1010.809, 85.78594
1011.291, 68.58797
1011.773, 54.96634
1012.255, 44.95026
1012.738, 37.57102
1013.220, 31.61251
1013.702, 26.92844
1014.184, 23.28862
1014.666, 20.57388
1015.148, 18.49809
1015.630, 16.92227
1016.112, 15.61018
1016.594, 14.19847
1017.077, 13.49472
1017.559, 12.37963
1018.041, 12.46312
1018.523, 12.43170
1019.005, 12.18175
1019.487, 12.10275
1019.969, 12.43043
1020.451, 12.85842
1020.934, 12.92366
1021.416, 12.67721
1021.898, 12.35634
1022.380, 11.96783
1022.862, 11.83260
1023.344, 12.03250
1023.826, 12.13780
1024.308, 11.88286
1024.791, 11.35351
1025.273, 10.66611
1025.755, 9.825834
1026.237, 9.050730
1026.719, 8.312828
1027.201, 7.921501
1027.683, 8.056786
1028.165, 8.024521
1028.647, 7.291134
1029.130, 6.225824
1029.612, 5.666252
1030.094, 4.872662
1030.576, 4.009680
1031.058, 3.683384
1031.540, 3.090832
1032.022, 2.403769
1032.504, 2.389717
1032.986, 2.236423
1033.469, 2.018799
1033.951, 1.938089
1034.433, 1.661669
1034.915, 1.353535
1035.397, 1.230656
1035.879, 0.7268370
1036.361, 0.6427520
1036.843, 0.5598430
1037.326, 6.2429000E-02
1037.808, 0.5769230
1038.290, 0.6715660
1038.772, 4.0520001E-02
1039.254, 0.3266260
1039.736, 0.4659520
1040.218, 0.2711010
1040.700, 0.8102340
1041.182, 1.665474
1041.665, 1.256563
1042.147, 0.1274170
1042.629, 0.4602660
1043.111, 0.4079990
1043.593, 0.2600310
1044.075, 0.1604710
1044.557, 0.4157600
1045.039, 0.3426060
1045.521, 0.1504970
1046.004, 9.8246001E-02
1046.486, 0.3401180
1046.968, 0.4622860
1047.450, 0.4632780
1047.932, 0.3097460
1048.414, 0.3063760
1048.896, 0.6631470
1049.378, 0.4501800
1049.861, 3.1218000E-02
1050.343, 0.5141240
1050.825, 1.014408
1051.307, 1.087013
1051.789, 0.6182400
1052.271, 0.3753550
1052.753, 0.7240140
1053.235, 1.025383
1053.718, 1.058872
1054.200, 0.9922200
1054.682, 0.9653450
1055.164, 0.9285980
1055.646, 0.7284240
1056.128, 0.3294510
1056.610, 6.9825999E-02
1057.092, 0.1779440
1057.574, 0.2525620
1058.057, 9.3595996E-02
1058.539, 9.5406003E-02
1059.021, 0.2939470
1059.503, 0.3527890
1059.985, 0.1469570
1060.467, 1.258554
1060.949, 1.814642
1061.431, 0.8208120
1061.913, 3.4100998E-02
1062.396, 0.3657530
1062.878, 0.9380110
1063.360, 1.091837
1063.842, 0.9861340
1064.324, 0.9849380
1064.806, 1.138657
1065.288, 1.212271
1065.770, 1.004038
1066.253, 0.8564850
1066.735, 1.001041
1067.217, 1.170807
1067.699, 1.223946
1068.181, 1.130457
1068.663, 0.7550620
1069.145, 0.1487640
1069.627, 0.1749920
1070.109, 6.7327000E-02
1070.592, 0.4701350
1071.074, 1.113375
1071.556, 1.582451
1072.038, 1.405712
1072.520, 0.9420800
1073.002, 0.7455010
1073.484, 0.8510090
1073.966, 0.8784140
1074.448, 0.5856720
1074.931, 0.4260310
1075.413, 0.7361260
1075.895, 1.129778
1076.377, 1.413254
1076.859, 1.554331
1077.341, 1.472324
1077.823, 1.219261
1078.305, 1.025597
1078.788, 0.9791280
1079.270, 0.9674740
1079.752, 0.9359440
1080.234, 0.9243240
1080.716, 0.9382690
1081.198, 1.001976
1081.680, 1.194477
1082.162, 1.461884
1082.644, 1.597378
1083.127, 1.491175
1083.609, 1.486893
1084.091, 1.891130
1084.573, 2.266811
1085.055, 2.296253
1085.537, 2.199245
1086.019, 2.258007
1086.501, 2.397913
1086.984, 2.306143
1087.466, 1.867167
1087.948, 1.600220
1088.430, 2.024883
1088.912, 2.301569
1089.394, 1.673233
1089.876, 0.9707130
1090.358, 1.119125
1090.840, 1.766779
1091.323, 2.070456
1091.805, 1.858206
1092.287, 1.607990
1092.769, 1.309132
1093.251, 1.261621
1093.733, 1.800652
1094.215, 2.428261
1094.697, 2.854273
1095.179, 3.033207
1095.662, 2.831532
1096.144, 2.314476
1096.626, 2.027401
1097.108, 2.334105
1097.590, 2.485577
1098.072, 1.957693
1098.554, 1.454243
1099.036, 1.507233
1099.519, 1.916883
1100.001, 2.463528
1100.483, 2.996092
1100.965, 3.225197
1101.447, 2.921284
1101.929, 2.660313
1102.411, 2.664423
1102.893, 2.674437
1103.375, 2.330351
1103.858, 2.114111
1104.340, 2.716568
1104.822, 3.878357
1105.304, 4.616707
1105.786, 4.701929
1106.268, 4.675268
1106.750, 4.636503
1107.232, 4.533705
1107.714, 4.270462
1108.197, 3.999943
1108.679, 3.820431
1109.161, 3.730227
1109.643, 3.692677
1110.125, 3.665489
1110.607, 3.996140
1111.089, 5.325098
1111.571, 6.127424
1112.054, 5.727926
1112.536, 5.148466
1113.018, 4.956514
1113.500, 4.951269
1113.982, 4.744181
1114.464, 4.326111
1114.946, 4.284599
1115.428, 4.871010
1115.911, 5.388294
1116.393, 5.845512
1116.875, 6.179241
1117.357, 6.446470
1117.839, 6.544962
1118.321, 6.281092
1118.803, 5.778036
1119.285, 5.700785
1119.767, 6.395123
1120.250, 6.533436
1120.732, 5.869360
1121.214, 5.200230
1121.696, 4.695948
1122.178, 4.349924
1122.660, 4.152414
1123.142, 4.120014
1123.624, 4.350855
1124.106, 4.238441
1124.589, 4.218168
1125.071, 4.462875
1125.553, 4.230669
1126.035, 4.661564
1126.517, 5.114347
1126.999, 5.207277
1127.481, 5.115042
1127.963, 5.136675
1128.446, 5.249392
1128.928, 5.186308
1129.410, 4.910601
1129.892, 4.771927
1130.374, 4.826706
1130.856, 4.846792
1131.338, 4.719986
1131.820, 4.645611
1132.302, 4.839724
1132.785, 5.237829
1133.267, 5.734324
1133.749, 6.298750
1134.231, 6.363935
1134.713, 5.920982
1135.195, 5.488688
1135.677, 5.213121
1136.159, 5.181860
1136.641, 5.481297
1137.124, 5.919003
1137.606, 6.197987
1138.088, 6.336210
1138.570, 6.383825
1139.052, 6.351664
1139.534, 6.261946
1140.016, 6.134239
1140.498, 6.106390
1140.981, 6.236813
1141.463, 6.216793
1141.945, 5.591135
1142.427, 5.553444
1142.909, 4.588688
1143.391, 4.705299
1143.873, 4.181055
1144.355, 3.274067
1144.838, 3.200542
1145.320, 4.149233
1145.802, 4.854862
1146.284, 4.425711
1146.766, 3.599123
1147.248, 2.903379
1147.730, 2.410784
1148.212, 2.277500
1148.694, 2.383585
1149.177, 2.559927
1149.659, 2.751087
1150.141, 2.951468
1150.623, 3.181040
1151.105, 3.203859
1151.587, 2.685930
1152.069, 2.137758
1152.551, 2.068527
1153.033, 2.008745
1153.516, 1.255545
1153.998, 0.2098480
1154.480, 0.2236100
1154.962, 9.4030000E-02
1155.444, 0.4569320
1155.926, 0.5409490
1156.408, 0.7694970
1156.890, 1.732784
1157.373, 2.350670
1157.855, 1.600182
1158.337, 0.4645440
1158.819, 6.6151001E-02
1159.301, 0.3540330
1159.783, 0.7677290
1160.265, 1.400829
1160.747, 1.777519
1161.229, 1.863235
1161.712, 1.691854
1162.194, 1.000227
1162.676, 0.3699760
1163.158, 0.1870900
1163.640, 0.3122390
1164.122, 0.5642010
1164.604, 0.9585020
1165.086, 0.9161320
1165.568, 0.1502690
1166.051, 0.1354830
1166.533, 0.3542630
1167.015, 0.7769990
1167.497, 0.7618350
1167.979, 0.6138040
1168.461, 0.6638130
1168.943, 0.8042810
1169.425, 0.6105580
1169.908, 0.7040540
1170.390, 0.7127630
1170.872, 0.5079780
1171.354, 0.6203540
1171.836, 0.1380120
1172.318, 0.2743430
1172.800, 0.2003990
1173.282, 1.4658000E-02
1173.765, 0.3130700
1174.247, 0.1638620
1174.729, 0.8045790
1175.211, 0.3824860
1175.693, 0.5180590
1176.175, 1.119299
1176.657, 1.259136
1177.139, 0.6754550
1177.621, 7.8469999E-03
1178.104, 0.3674910
1178.586, 0.5085580
1179.068, 0.4292760
1179.550, 0.3033560
1180.032, 0.3634070
1180.514, 0.5622790
1180.996, 0.8785780
1181.478, 1.225021
1181.960, 1.353273
1182.443, 1.166952
1182.925, 0.9412990
1183.407, 0.6786100
1183.889, 0.6272130
1184.371, 1.243462
1184.853, 1.843048
1185.335, 1.709246
1185.817, 1.206795
1186.300, 0.9468150
1186.782, 0.9889930
1187.264, 1.105042
1187.746, 1.367203
1188.228, 1.447653
1188.710, 1.077991
1189.192, 0.7940220
1189.674, 0.6948380
1190.156, 0.8527410
1190.639, 1.585318
1191.121, 2.486998
1191.603, 2.601332
1192.085, 1.842123
1192.567, 1.449995
1193.049, 1.507982
1193.531, 1.707357
1194.013, 2.084124
1194.495, 2.393023
1194.978, 2.542551
1195.460, 2.534199
1195.942, 2.336109
1196.424, 2.039312
1196.906, 1.959457
1197.388, 2.077629
1197.870, 1.892609
1198.352, 1.430674
1198.835, 1.322046
1199.317, 1.673531
1199.799, 2.097109
1200.281, 2.390903
1200.763, 2.521626
1201.245, 2.401716
1201.727, 2.160131
1202.209, 2.036343
1202.692, 1.963514
1203.174, 1.735954
1203.656, 1.447432
1204.138, 1.452927
1204.620, 1.748465
1205.102, 1.844322
1205.584, 1.430990
1206.066, 1.095116
1206.548, 1.364780
1207.031, 1.789415
1207.513, 2.093855
1207.995, 2.198278
1208.477, 1.989090
1208.959, 1.606123
1209.441, 1.266365
1209.923, 1.018301
1210.405, 1.063381
1210.887, 1.849085
1211.370, 2.303514
1211.852, 1.928986
1212.334, 1.602207
1212.816, 1.821005
1213.298, 2.108662
1213.780, 1.968075
1214.262, 1.652943
1214.744, 1.864573
1215.227, 2.689423
1215.709, 3.065811
1216.191, 2.862883
1216.673, 2.795757
1217.155, 3.023863
1217.637, 2.999260
1218.119, 2.434893
1218.601, 1.838669
1219.083, 1.734196
1219.566, 1.960709
1220.048, 2.243502
1220.530, 2.511463
1221.012, 2.305571
1221.494, 1.754683
1221.976, 1.558313
1222.458, 1.761145
1222.940, 1.807079
1223.422, 1.455519
1223.905, 1.140400
1224.387, 1.294619
1224.869, 1.613094
1225.351, 1.819931
1225.833, 1.936871
1226.315, 1.867687
1226.797, 1.785595
1227.279, 2.150404
1227.762, 2.798925
1228.244, 2.785463
1228.726, 1.616720
1229.208, 0.9860920
1229.690, 2.018755
1230.172, 2.886915
1230.654, 2.674591
1231.136, 2.359217
1231.619, 2.653877
1232.101, 3.171570
1232.583, 3.132870
1233.065, 2.606432
1233.547, 2.178127
1234.029, 1.857758
1234.511, 1.588467
1234.993, 1.326401
1235.475, 1.305536
1235.958, 1.623760
1236.440, 1.987259
1236.922, 2.239262
1237.404, 2.374144
1237.886, 2.362242
1238.368, 2.446627
1238.850, 2.263124
1239.332, 2.324949
1239.814, 2.211382
1240.297, 1.947437
1240.779, 1.701242
1241.261, 1.507187
1241.743, 1.265799
1242.225, 0.9142380
1242.707, 0.7129000
1243.189, 1.074230
1243.671, 1.482862
1244.154, 1.377247
1244.636, 1.157063
1245.118, 1.316647
1245.600, 1.651278
1246.082, 1.740053
1246.564, 1.576380
1247.046, 1.483982
1247.528, 1.601908
1248.010, 1.597878
1248.493, 1.404253
1248.975, 1.092209
1249.457, 0.3952370
1249.939, 2.6320999E-02
1250.421, 0.3438550
1250.903, 1.009853
1251.385, 1.331976
1251.867, 1.352345
1252.349, 1.309946
1252.832, 1.208597
1253.314, 0.9316640
1253.796, 0.4651720
1254.278, 0.3753260
1254.760, 0.7766780
1255.242, 1.015463
1255.724, 0.7287670
1256.206, 0.4862800
1256.689, 1.074362
1257.171, 0.8393380
1257.653, 0.8975560
1258.135, 1.009135
1258.617, 0.7703750
1259.099, 0.8155230
1259.581, 0.6442940
1260.063, 0.3127570
1260.546, 0.4597090
1261.028, 1.373336
1261.510, 2.017852
1261.992, 1.766451
1262.474, 1.383814
1262.956, 1.191196
1263.438, 0.9380720
1263.920, 0.2098160
1264.402, 0.4701770
1264.885, 0.4096800
1265.367, 0.2122620
1265.849, 0.7881770
1266.331, 1.356124
1266.813, 1.639301
1267.295, 1.625055
1267.777, 1.307829
1268.259, 0.6122380
1268.741, 0.2040290
1269.224, 0.3794370
1269.706, 0.6243280
1270.188, 0.4307400
1270.670, 0.1053120
1271.152, 0.1450660
1271.634, 0.5242400
1272.116, 1.522432
1272.598, 2.679755
1273.081, 2.638660
1273.563, 1.763206
1274.045, 1.780651
1274.527, 3.068282
1275.009, 3.973152
1275.491, 3.421156
1275.973, 2.530647
1276.455, 1.561014
1276.938, 0.7892270
1277.420, 0.4245280
1277.902, 0.3706150
1278.384, 0.7650120
1278.866, 1.275857
1279.348, 1.318823
1279.830, 0.8953530
1280.312, 0.6502140
1280.794, 0.6625570
1281.276, 0.5116860
1281.759, 9.2271999E-02
1282.241, 4.5425002E-02
1282.723, 0.2736950
1283.205, 0.7957510
1283.687, 1.398922
1284.169, 1.730873
1284.651, 1.170940
1285.133, 0.5894740
1285.616, 0.1694630
1286.098, 0.0000000E+00
##END=



