##NAMES=Hillebrandite
##RRUFFID=R110067
##IDEAL CHEMISTRY=Ca_2_SiO_3_(OH)_2_
##LOCALITY=Terneras mine, Velardeña, Velardeña District, Mun. de Cuencamé, Durango, Mexico
##OWNER=RRUFF
##SOURCE=Renato & Adriana Pagano
##DESCRIPTION=White, fine-grained massive. Cell parameters are given that match Dai and Post (1995) but the diffraction results indicate lower symmetry.
##STATUS=The identification of this mineral has been confirmed by single-crystal X-ray diffraction.
##URL=rruff.info/R110067
159.9170, 0.0000000E+00
160.3991, 0.3296970
160.8812, 4.8843000E-02
161.3633, 4.448578
161.8455, 8.460510
162.3276, 9.253174
162.8097, 9.287323
163.2918, 10.14130
163.7739, 11.33804
164.2560, 14.19147
164.7382, 20.55765
165.2203, 29.40607
165.7024, 36.95471
166.1845, 39.38788
166.6666, 40.60831
167.1487, 44.16034
167.6309, 53.74216
168.1130, 63.10043
168.5951, 66.78232
169.0772, 65.85480
169.5593, 66.68692
170.0414, 74.47577
170.5236, 85.77396
171.0057, 96.33841
171.4878, 105.3179
171.9699, 112.7720
172.4520, 117.1946
172.9341, 119.0421
173.4163, 122.8056
173.8984, 132.2485
174.3805, 145.6864
174.8626, 160.0776
175.3447, 176.7827
175.8268, 192.8756
176.3090, 204.3185
176.7911, 210.9600
177.2732, 216.8606
177.7553, 223.9241
178.2374, 230.1461
178.7195, 233.7775
179.2017, 233.7485
179.6838, 231.1488
180.1659, 227.7891
180.6480, 223.8088
181.1301, 218.0352
181.6122, 207.7833
182.0944, 194.3722
182.5765, 182.3237
183.0586, 174.9779
183.5407, 170.1042
184.0228, 162.1669
184.5049, 150.9377
184.9871, 139.6153
185.4692, 131.9669
185.9513, 127.2438
186.4334, 122.7955
186.9155, 117.0815
187.3976, 111.1685
187.8798, 104.7421
188.3619, 97.77246
188.8440, 91.19601
189.3261, 85.20059
189.8082, 79.65652
190.2903, 74.93314
190.7725, 71.46918
191.2546, 69.04526
191.7367, 66.53625
192.2188, 63.85034
192.7009, 61.15985
193.1830, 58.88782
193.6652, 57.04013
194.1473, 55.01324
194.6294, 52.65344
195.1115, 49.93140
195.5936, 46.17902
196.0757, 40.99405
196.5579, 35.39590
197.0400, 31.39835
197.5221, 29.08920
198.0042, 27.34418
198.4863, 25.25241
198.9684, 22.79407
199.4506, 22.25818
199.9327, 24.66760
200.4148, 27.96353
200.8969, 27.08524
201.3790, 21.35889
201.8611, 15.18597
202.3433, 11.06314
202.8254, 9.118652
203.3075, 7.585449
203.7896, 6.301666
204.2717, 5.371765
204.7538, 5.343719
205.2360, 6.550690
205.7181, 7.404022
206.2002, 6.699432
206.6823, 4.106659
207.1644, 2.132233
207.6465, 1.200378
208.1287, 0.8751220
208.6108, 0.1487120
209.0929, 2.014862
209.5750, 4.190430
210.0571, 6.458557
210.5392, 8.933716
211.0214, 11.00519
211.5035, 12.64990
211.9856, 13.84082
212.4677, 14.34534
212.9498, 13.81281
213.4319, 13.34482
213.9140, 14.05170
214.3962, 16.91486
214.8783, 17.23203
215.3604, 13.73685
215.8425, 7.517242
216.3246, 3.134186
216.8067, 0.9388120
217.2889, 0.2202150
217.7710, 0.3209840
218.2531, 0.6161800
218.7352, 0.5238340
219.2173, 1.196930
219.6994, 4.059845
220.1816, 5.609009
220.6637, 5.447479
221.1458, 4.717743
221.6279, 3.998657
222.1100, 3.070526
222.5921, 2.744965
223.0743, 3.235718
223.5564, 4.381470
224.0385, 5.587463
224.5206, 6.961731
225.0027, 8.161804
225.4848, 8.859192
225.9670, 8.571960
226.4491, 8.909302
226.9312, 9.887329
227.4133, 11.56927
227.8954, 14.48340
228.3775, 18.92487
228.8597, 24.04889
229.3418, 29.48938
229.8239, 35.90796
230.3060, 40.89435
230.7881, 43.04852
231.2702, 43.47076
231.7524, 47.56250
232.2345, 57.12775
232.7166, 67.65265
233.1987, 76.41565
233.6808, 82.72491
234.1629, 88.76428
234.6451, 94.94690
235.1272, 100.9972
235.6093, 105.8718
236.0914, 109.4379
236.5735, 112.0179
237.0556, 113.7786
237.5378, 114.7076
238.0199, 114.9185
238.5020, 114.6641
238.9841, 113.7338
239.4662, 110.8806
239.9483, 104.1550
240.4305, 98.20532
240.9126, 95.84088
241.3947, 99.66125
241.8768, 101.2690
242.3589, 99.31873
242.8410, 94.97113
243.3232, 92.18567
243.8053, 90.81323
244.2874, 91.22980
244.7695, 94.04779
245.2516, 101.4374
245.7337, 106.2050
246.2159, 106.6882
246.6980, 104.5891
247.1801, 105.6749
247.6622, 112.3554
248.1443, 118.5830
248.6264, 121.1603
249.1086, 118.0723
249.5907, 116.1761
250.0728, 115.5538
250.5549, 116.1969
251.0370, 118.4498
251.5191, 124.0425
252.0013, 128.5358
252.4834, 129.6055
252.9655, 125.1627
253.4476, 122.8970
253.9297, 123.9244
254.4118, 126.6418
254.8940, 127.4232
255.3761, 125.4996
255.8582, 122.9927
256.3403, 120.7884
256.8224, 119.1097
257.3046, 116.9422
257.7867, 114.1176
258.2688, 110.9047
258.7509, 107.8102
259.2330, 104.8388
259.7151, 101.9986
260.1973, 99.20477
260.6794, 96.36951
261.1615, 94.19794
261.6436, 93.01300
262.1257, 92.23810
262.6078, 90.78186
263.0900, 88.20575
263.5721, 86.03534
264.0542, 84.61487
264.5363, 83.81561
265.0184, 84.95013
265.5005, 88.85358
265.9827, 93.76239
266.4648, 97.07306
266.9469, 98.15973
267.4290, 99.29248
267.9111, 101.4738
268.3932, 104.8228
268.8754, 106.6931
269.3575, 107.1025
269.8396, 106.0410
270.3217, 102.8140
270.8038, 96.49866
271.2859, 91.84369
271.7681, 90.80457
272.2502, 93.10120
272.7323, 93.54565
273.2144, 92.28082
273.6965, 89.35803
274.1786, 83.64795
274.6608, 74.03406
275.1429, 67.07306
275.6250, 65.40894
276.1071, 68.04596
276.5892, 66.88721
277.0714, 60.83179
277.5535, 54.19464
278.0356, 51.29071
278.5177, 52.47247
278.9998, 53.65625
279.4819, 53.86786
279.9641, 53.47174
280.4462, 54.07471
280.9283, 55.78772
281.4104, 58.02612
281.8925, 61.22113
282.3746, 65.43146
282.8568, 66.39050
283.3389, 62.12885
283.8210, 55.20905
284.3031, 53.07416
284.7852, 56.13239
285.2673, 60.62927
285.7495, 64.58868
286.2316, 67.96765
286.7137, 69.77637
287.1958, 69.44855
287.6779, 68.17230
288.1600, 68.42377
288.6422, 70.21954
289.1243, 72.36084
289.6064, 73.69739
290.0885, 74.55743
290.5706, 76.88544
291.0527, 81.18213
291.5349, 86.14496
292.0170, 89.00818
292.4991, 90.02692
292.9812, 92.49963
293.4633, 100.0617
293.9454, 110.6349
294.4276, 116.8909
294.9097, 117.7352
295.3918, 117.1541
295.8739, 119.5290
296.3560, 124.6392
296.8381, 131.5693
297.3203, 140.8185
297.8024, 151.3478
298.2845, 161.1898
298.7666, 170.3231
299.2487, 178.9935
299.7308, 187.2172
300.2130, 195.2629
300.6951, 203.7648
301.1772, 213.1195
301.6593, 222.9750
302.1414, 232.8502
302.6235, 242.6713
303.1057, 253.0569
303.5878, 265.5061
304.0699, 278.7302
304.5520, 289.9685
305.0341, 296.7089
305.5162, 302.5649
305.9984, 311.5916
306.4805, 323.3848
306.9626, 335.7952
307.4447, 347.9973
307.9268, 359.6522
308.4089, 370.0382
308.8911, 378.7464
309.3732, 386.6746
309.8553, 394.6846
310.3374, 402.5037
310.8195, 409.4410
311.3016, 415.5822
311.7838, 420.5213
312.2659, 423.8009
312.7480, 425.0089
313.2301, 425.2352
313.7122, 426.3997
314.1943, 427.1005
314.6765, 424.3401
315.1586, 414.5526
315.6407, 402.5519
316.1228, 391.3281
316.6049, 381.4407
317.0870, 371.0287
317.5692, 359.3331
318.0513, 346.7170
318.5334, 333.7202
319.0155, 320.4671
319.4976, 307.2170
319.9797, 294.2790
320.4619, 281.4621
320.9440, 268.4711
321.4261, 254.4895
321.9082, 240.8211
322.3903, 228.7842
322.8724, 220.1234
323.3546, 211.1666
323.8367, 199.9012
324.3188, 186.6237
324.8009, 176.1879
325.2830, 171.6469
325.7651, 168.6016
326.2473, 164.3448
326.7294, 156.7526
327.2115, 150.6455
327.6936, 147.3614
328.1757, 146.3168
328.6578, 144.2762
329.1400, 139.9520
329.6221, 135.5449
330.1042, 132.0175
330.5863, 129.3817
331.0684, 127.6734
331.5505, 128.0024
332.0327, 129.0507
332.5148, 127.7339
332.9969, 121.8867
333.4790, 116.5219
333.9611, 113.5392
334.4432, 113.8673
334.9254, 112.7067
335.4075, 109.5970
335.8896, 105.3726
336.3717, 100.9284
336.8538, 95.72681
337.3359, 91.74744
337.8180, 90.00153
338.3001, 90.44916
338.7823, 89.49707
339.2644, 86.50842
339.7465, 83.44104
340.2286, 82.27570
340.7107, 83.27203
341.1928, 84.85583
341.6750, 86.95935
342.1571, 89.37384
342.6392, 91.17773
343.1213, 92.35199
343.6034, 93.12183
344.0855, 93.32281
344.5677, 93.01184
345.0498, 93.58978
345.5319, 95.36865
346.0140, 97.87347
346.4961, 100.2552
346.9782, 102.5134
347.4604, 104.8486
347.9425, 107.9091
348.4246, 111.2183
348.9067, 112.7916
349.3888, 112.3705
349.8709, 110.9924
350.3531, 109.9603
350.8352, 109.0553
351.3173, 107.4769
351.7994, 103.7887
352.2815, 99.54767
352.7636, 98.36450
353.2458, 100.2242
353.7279, 100.6942
354.2100, 94.82629
354.6921, 85.17761
355.1742, 76.18597
355.6563, 69.23352
356.1385, 63.33942
356.6206, 57.75134
357.1027, 52.42285
357.5848, 47.30310
358.0669, 42.47260
358.5490, 37.71863
359.0312, 32.73969
359.5133, 27.07104
359.9954, 21.98096
360.4775, 18.36761
360.9596, 15.84753
361.4417, 13.66455
361.9239, 11.87964
362.4060, 10.03864
362.8881, 7.733154
363.3702, 4.749451
363.8523, 2.252869
364.3344, 0.5415040
364.8166, 0.4564210
365.2987, 0.8298340
365.7808, 0.3678590
366.2629, 1.251160
366.7450, 0.8082890
367.2271, 0.9503170
367.7093, 1.392029
368.1914, 1.019226
368.6735, 4.059143
369.1556, 6.297729
369.6377, 7.655884
370.1198, 8.169739
370.6020, 7.487854
371.0841, 5.904175
371.5662, 4.503662
372.0483, 3.674683
372.5304, 2.568970
373.0125, 0.5801390
373.4947, 3.210938
373.9768, 5.068237
374.4589, 4.176086
374.9410, 2.034546
375.4231, 0.8127440
375.9052, 0.2642210
376.3874, 1.381165
376.8695, 5.274292
377.3516, 11.85864
377.8337, 15.06262
378.3158, 14.13123
378.7979, 12.06134
379.2801, 12.26450
379.7622, 14.91934
380.2443, 15.63901
380.7264, 12.99652
381.2085, 8.442627
381.6906, 6.234802
382.1728, 6.438538
382.6549, 6.013550
383.1370, 1.780334
383.6191, 5.047546
384.1012, 9.385925
384.5833, 10.49902
385.0655, 9.892883
385.5476, 8.122070
386.0297, 5.917114
386.5118, 6.095215
386.9939, 12.79114
387.4760, 21.52844
387.9582, 25.21179
388.4403, 23.69000
388.9224, 21.50848
389.4045, 22.10089
389.8866, 24.43207
390.3687, 27.11652
390.8509, 30.31421
391.3330, 33.05713
391.8151, 34.67639
392.2972, 35.25836
392.7793, 35.21249
393.2614, 34.12775
393.7436, 32.88641
394.2257, 32.00806
394.7078, 31.45776
395.1899, 31.66705
395.6720, 33.57129
396.1541, 36.15158
396.6363, 37.80869
397.1184, 37.69568
397.6005, 37.04276
398.0826, 35.90637
398.5647, 34.12155
399.0468, 33.27676
399.5290, 34.81061
400.0111, 36.63629
400.4932, 37.08829
400.9753, 35.50269
401.4574, 33.42169
401.9395, 30.77023
402.4217, 27.74695
402.9038, 25.07538
403.3859, 22.46970
403.8680, 20.51511
404.3501, 19.58389
404.8322, 19.90933
405.3144, 20.62100
405.7965, 21.87726
406.2786, 23.30164
406.7607, 24.20273
407.2428, 24.46625
407.7249, 24.90176
408.2071, 26.07590
408.6892, 27.73721
409.1713, 27.74280
409.6534, 25.72925
410.1355, 24.14594
410.6176, 25.97009
411.0998, 30.54950
411.5819, 33.86862
412.0640, 34.76233
412.5461, 34.66092
413.0282, 36.36017
413.5103, 39.44244
413.9925, 41.51389
414.4746, 39.95825
414.9567, 36.91800
415.4388, 35.68900
415.9209, 36.59470
416.4030, 38.73242
416.8852, 43.02194
417.3673, 47.80243
417.8494, 50.34369
418.3315, 47.24948
418.8136, 43.55038
419.2957, 42.66098
419.7779, 44.22446
420.2600, 45.67102
420.7421, 45.71136
421.2242, 45.27655
421.7063, 45.03296
422.1884, 45.09009
422.6706, 45.25183
423.1527, 46.09290
423.6348, 47.05267
424.1169, 46.90506
424.5990, 43.92709
425.0811, 41.14194
425.5633, 39.70651
426.0454, 40.00305
426.5275, 39.93655
427.0096, 39.19922
427.4917, 38.23312
427.9738, 37.36639
428.4560, 36.52203
428.9381, 35.97980
429.4202, 36.08740
429.9023, 36.44525
430.3844, 35.41592
430.8665, 32.40250
431.3487, 29.39651
431.8308, 27.52405
432.3129, 26.96454
432.7950, 27.44958
433.2771, 29.24921
433.7592, 31.15811
434.2414, 31.51199
434.7235, 30.25656
435.2056, 28.38556
435.6877, 26.73087
436.1698, 24.96060
436.6519, 21.19955
437.1341, 15.47012
437.6162, 10.35303
438.0983, 8.301697
438.5804, 8.408997
439.0625, 8.924988
439.5446, 9.392944
440.0268, 10.00534
440.5089, 11.97238
440.9910, 14.54230
441.4731, 15.73373
441.9552, 12.90103
442.4373, 9.350189
442.9195, 6.766083
443.4016, 5.224121
443.8837, 5.081757
444.3658, 8.123901
444.8479, 11.85175
445.3300, 14.13873
445.8122, 13.54547
446.2943, 12.86108
446.7764, 12.65665
447.2585, 12.69809
447.7406, 12.38678
448.2227, 10.82693
448.7049, 9.774658
449.1870, 9.966461
449.6691, 11.75772
450.1512, 12.70667
450.6333, 12.77115
451.1154, 12.05219
451.5976, 10.35001
452.0797, 7.085144
452.5618, 4.943665
453.0439, 4.666199
453.5260, 5.624390
454.0081, 5.737366
454.4903, 4.860260
454.9724, 4.093018
455.4545, 3.847076
455.9366, 4.165680
456.4187, 5.726532
456.9008, 8.785950
457.3830, 11.71484
457.8651, 12.70752
458.3472, 11.98416
458.8293, 10.06879
459.3114, 6.121246
459.7935, 2.081238
460.2757, 0.7258610
460.7578, 1.616882
461.2399, 2.501282
461.7220, 1.816345
462.2041, 0.5570680
462.6862, 0.3848880
463.1684, 0.8814090
463.6505, 1.026123
464.1326, 0.4881590
464.6147, 0.2785640
465.0968, 0.6876220
465.5789, 0.2175290
466.0611, 0.6982730
466.5432, 0.2651670
467.0253, 2.476868
467.5074, 3.647125
467.9895, 2.556030
468.4716, 1.141174
468.9538, 0.2995300
469.4359, 0.2204900
469.9180, 0.2751460
470.4001, 0.1684570
470.8822, 0.3897400
471.3643, 1.972656
471.8465, 5.737305
472.3286, 8.329254
472.8107, 8.162445
473.2928, 6.034668
473.7749, 7.152649
474.2570, 12.08740
474.7392, 17.24698
475.2213, 19.48102
475.7034, 19.31473
476.1855, 20.50485
476.6676, 23.67496
477.1497, 27.48199
477.6319, 29.41287
478.1140, 30.30630
478.5961, 32.91849
479.0782, 40.44275
479.5603, 49.04846
480.0424, 53.83356
480.5246, 55.24725
481.0067, 56.76306
481.4888, 60.87564
481.9709, 65.90051
482.4530, 70.15479
482.9352, 72.58777
483.4173, 76.01251
483.8994, 83.00455
484.3815, 91.38428
484.8636, 97.76508
485.3457, 98.99207
485.8279, 100.5673
486.3100, 103.8690
486.7921, 109.0287
487.2742, 115.1219
487.7563, 122.4286
488.2384, 129.9595
488.7206, 137.3350
489.2027, 144.9620
489.6848, 151.6240
490.1669, 157.3088
490.6490, 162.1361
491.1311, 166.1154
491.6133, 168.9708
492.0954, 171.4986
492.5775, 174.4266
493.0596, 177.2338
493.5417, 177.9465
494.0238, 176.5444
494.5060, 173.4994
494.9881, 168.8893
495.4702, 162.9082
495.9523, 155.6754
496.4344, 147.0001
496.9165, 138.2524
497.3987, 130.9480
497.8808, 124.5186
498.3629, 118.0388
498.8450, 111.2195
499.3271, 104.1266
499.8092, 96.82315
500.2914, 89.21805
500.7735, 81.58716
501.2556, 72.66699
501.7377, 64.70676
502.2198, 59.28482
502.7019, 57.31506
503.1841, 55.04034
503.6662, 51.75662
504.1483, 48.23175
504.6304, 45.20966
505.1125, 42.73019
505.5946, 40.95145
506.0768, 39.69815
506.5589, 38.42264
507.0410, 36.84293
507.5231, 35.15244
508.0052, 33.41824
508.4873, 31.42734
508.9695, 29.18817
509.4516, 27.90390
509.9337, 27.68069
510.4158, 27.95132
510.8979, 28.37268
511.3800, 28.82510
511.8622, 28.77930
512.3443, 27.77170
512.8264, 26.55679
513.3085, 26.62317
513.7906, 27.56192
514.2728, 27.84406
514.7549, 25.74100
515.2370, 23.15088
515.7191, 21.39276
516.2012, 20.53195
516.6833, 21.12915
517.1655, 25.79858
517.6476, 30.72238
518.1297, 32.66324
518.6118, 27.30374
519.0939, 23.60156
519.5760, 23.75604
520.0582, 26.41391
520.5403, 28.36169
521.0224, 29.73373
521.5045, 30.17728
521.9866, 29.25284
522.4688, 26.95547
522.9509, 25.86566
523.4330, 26.35803
523.9151, 27.03339
524.3972, 26.62170
524.8793, 25.08591
525.3615, 24.64713
525.8436, 25.68723
526.3257, 27.19464
526.8078, 27.65219
527.2899, 27.25549
527.7720, 26.87094
528.2542, 27.18588
528.7363, 27.42270
529.2184, 26.33603
529.7005, 24.15771
530.1826, 21.95139
530.6647, 19.67691
531.1469, 18.03284
531.6290, 18.08405
532.1111, 20.50287
532.5932, 22.09082
533.0753, 20.77869
533.5574, 18.37335
534.0396, 16.77014
534.5217, 18.21216
535.0038, 18.20810
535.4859, 14.78229
535.9680, 9.382263
536.4501, 6.601593
536.9323, 7.376953
537.4144, 9.247711
537.8965, 12.01495
538.3786, 15.76074
538.8607, 16.13196
539.3428, 12.30835
539.8250, 7.610779
540.3071, 5.103912
540.7892, 4.617340
541.2713, 4.348541
541.7534, 4.074219
542.2355, 3.826172
542.7177, 4.066925
543.1998, 4.451324
543.6819, 3.864685
544.1640, 0.3237000
544.6461, 3.375366
545.1282, 4.256409
545.6104, 2.704590
546.0925, 1.192078
546.5746, 0.8708190
547.0567, 1.115662
547.5388, 1.749756
548.0209, 3.164917
548.5031, 3.514069
548.9852, 1.297974
549.4673, 1.636719
549.9494, 3.306519
550.4315, 2.535645
550.9136, 2.317596
551.3958, 3.325226
551.8779, 4.987396
552.3600, 5.446259
552.8421, 4.327301
553.3242, 3.328461
553.8063, 3.281769
554.2885, 4.030304
554.7706, 4.371735
555.2527, 4.303497
555.7348, 3.876007
556.2169, 2.686249
556.6990, 1.191162
557.1812, 0.7921140
557.6633, 2.023682
558.1454, 3.162445
558.6275, 1.918182
559.1096, 0.4864810
559.5917, 1.921722
560.0739, 0.2028810
560.5560, 1.885468
561.0381, 0.8252560
561.5202, 2.479858
562.0023, 5.793121
562.4844, 11.05283
562.9666, 14.06351
563.4487, 11.87952
563.9308, 2.905487
564.4129, 2.988403
564.8950, 4.410980
565.3771, 4.268921
565.8593, 5.241394
566.3414, 8.073669
566.8235, 8.539948
567.3056, 5.552368
567.7877, 1.073090
568.2698, 1.523254
568.7520, 2.308380
569.2341, 2.160339
569.7162, 1.365295
570.1983, 0.1224370
570.6804, 3.310089
571.1625, 7.783752
571.6447, 10.75079
572.1268, 8.982544
572.6089, 5.651978
573.0910, 3.909302
573.5731, 4.274017
574.0552, 4.842865
574.5374, 5.151276
575.0195, 5.052765
575.5016, 4.414124
575.9837, 1.969910
576.4658, 0.5104680
576.9479, 0.6177060
577.4301, 1.760559
577.9122, 3.003418
578.3943, 4.627991
578.8764, 5.740723
579.3585, 5.814850
579.8406, 5.100128
580.3228, 5.801575
580.8049, 8.249695
581.2870, 9.967346
581.7691, 8.418365
582.2512, 4.621033
582.7333, 2.756714
583.2155, 3.159119
583.6975, 4.609802
584.1796, 7.086029
584.6617, 9.595581
585.1439, 10.35254
585.6260, 8.027588
586.1081, 5.396667
586.5902, 4.196198
587.0723, 3.885315
587.5544, 3.432098
588.0366, 1.577118
588.5187, 0.4858400
589.0008, 1.012451
589.4829, 3.117096
589.9650, 5.541931
590.4471, 9.381683
590.9293, 12.08215
591.4114, 11.99844
591.8935, 8.557831
592.3756, 6.386536
592.8577, 5.569153
593.3398, 5.787415
593.8220, 7.122314
594.3041, 9.384155
594.7862, 11.09970
595.2683, 11.95398
595.7504, 12.34497
596.2325, 12.85226
596.7147, 13.33234
597.1968, 13.40833
597.6789, 11.92386
598.1610, 10.79111
598.6431, 11.98068
599.1252, 14.95251
599.6074, 17.17642
600.0895, 17.19659
600.5716, 16.75455
601.0537, 16.58029
601.5358, 16.70346
602.0179, 17.17679
602.5001, 18.25827
602.9822, 19.26593
603.4643, 19.45239
603.9464, 18.17935
604.4285, 18.88248
604.9106, 22.53641
605.3928, 26.72256
605.8749, 26.93646
606.3570, 23.64511
606.8391, 22.24698
607.3212, 24.70837
607.8033, 29.25888
608.2855, 34.32870
608.7676, 39.50885
609.2497, 43.49240
609.7318, 44.55487
610.2139, 44.78882
610.6960, 45.58322
611.1782, 47.01987
611.6603, 48.97943
612.1424, 51.72672
612.6245, 54.79141
613.1066, 57.90540
613.5887, 61.16348
614.0709, 64.23920
614.5530, 66.80341
615.0351, 69.53452
615.5172, 73.30389
615.9993, 78.41235
616.4814, 83.11697
616.9636, 86.58984
617.4457, 90.23654
617.9278, 97.71286
618.4099, 108.5898
618.8920, 119.3493
619.3741, 128.3849
619.8563, 136.3967
620.3384, 143.6762
620.8205, 150.5733
621.3026, 158.4833
621.7847, 168.4550
622.2668, 179.7938
622.7490, 191.8163
623.2311, 204.5091
623.7132, 218.0820
624.1953, 231.6721
624.6774, 246.8187
625.1595, 264.6840
625.6417, 286.4247
626.1238, 308.4923
626.6059, 330.4182
627.0880, 353.0900
627.5701, 377.4087
628.0522, 403.3875
628.5344, 431.1760
629.0165, 460.8078
629.4986, 492.2487
629.9807, 525.7744
630.4628, 561.3489
630.9449, 597.6967
631.4271, 634.5156
631.9092, 671.9775
632.3913, 710.0487
632.8734, 748.9706
633.3555, 788.9955
633.8376, 830.1069
634.3198, 872.8321
634.8019, 918.0412
635.2840, 966.2649
635.7661, 1015.327
636.2482, 1066.260
636.7303, 1117.349
637.2125, 1167.619
637.6946, 1217.595
638.1767, 1266.094
638.6588, 1313.537
639.1409, 1358.615
639.6230, 1398.942
640.1052, 1434.709
640.5873, 1466.099
641.0694, 1493.678
641.5515, 1515.499
642.0336, 1529.120
642.5157, 1534.259
642.9979, 1530.130
643.4800, 1515.604
643.9621, 1492.201
644.4442, 1459.746
644.9263, 1418.886
645.4084, 1373.469
645.8906, 1323.913
646.3727, 1271.129
646.8548, 1214.833
647.3369, 1154.983
647.8190, 1094.396
648.3011, 1032.277
648.7833, 971.3483
649.2654, 914.5312
649.7475, 861.4427
650.2296, 810.3594
650.7117, 760.7054
651.1938, 713.1909
651.6760, 670.0220
652.1581, 630.2870
652.6402, 592.4144
653.1223, 555.6902
653.6044, 521.2108
654.0865, 489.3955
654.5687, 459.9836
655.0508, 432.2923
655.5329, 405.8649
656.0150, 380.8439
656.4971, 356.6998
656.9792, 333.8622
657.4614, 314.2256
657.9435, 299.6578
658.4256, 285.7681
658.9077, 271.1939
659.3898, 255.9781
659.8719, 241.2073
660.3541, 226.5978
660.8362, 213.1130
661.3183, 201.4238
661.8004, 191.4406
662.2825, 182.1414
662.7646, 173.4861
663.2468, 165.6816
663.7289, 159.8676
664.2110, 154.7023
664.6931, 148.1411
665.1752, 138.9683
665.6573, 130.3071
666.1395, 123.7312
666.6216, 118.3424
667.1037, 113.0349
667.5858, 107.5156
668.0679, 102.1590
668.5500, 97.03027
669.0322, 92.16760
669.5143, 87.90863
669.9964, 84.43079
670.4785, 80.41602
670.9606, 74.76804
671.4427, 68.77539
671.9249, 66.98422
672.4070, 68.84402
672.8891, 70.00879
673.3712, 67.34918
673.8533, 62.93710
674.3354, 58.71179
674.8176, 54.79767
675.2997, 51.79547
675.7818, 51.21133
676.2639, 50.75671
676.7460, 48.82819
677.2281, 44.74310
677.7103, 41.35590
678.1924, 38.76648
678.6745, 36.90750
679.1566, 35.95383
679.6387, 36.28503
680.1208, 35.62332
680.6030, 33.72894
681.0851, 31.11969
681.5672, 27.64166
682.0493, 23.79630
682.5314, 21.72928
683.0135, 22.29410
683.4957, 24.04825
683.9778, 26.49426
684.4599, 28.92273
684.9420, 29.92044
685.4241, 27.27756
685.9063, 24.93567
686.3884, 25.02881
686.8705, 26.69269
687.3526, 26.81073
687.8347, 23.90173
688.3168, 21.36853
688.7990, 20.08817
689.2811, 19.94803
689.7632, 20.64664
690.2453, 22.40091
690.7274, 23.51694
691.2095, 22.72122
691.6917, 20.54419
692.1738, 18.08875
692.6559, 15.44791
693.1380, 13.77478
693.6201, 14.63181
694.1022, 16.43463
694.5844, 17.73026
695.0665, 18.28412
695.5486, 18.51385
696.0307, 18.56085
696.5128, 18.32462
696.9949, 17.69559
697.4771, 16.38702
697.9592, 15.31363
698.4413, 14.53616
698.9234, 13.94186
699.4055, 13.78546
699.8876, 14.11035
700.3698, 12.60004
700.8519, 8.339996
701.3340, 3.592621
701.8161, 1.678680
702.2982, 1.820068
702.7803, 2.061462
703.2625, 1.575531
703.7446, 1.083710
704.2267, 0.9641110
704.7088, 1.197510
705.1909, 1.750244
705.6730, 4.229645
706.1552, 5.108673
706.6373, 2.386841
707.1194, 2.769958
707.6015, 4.680939
708.0836, 2.385620
708.5657, 0.2930300
709.0479, 2.059296
709.5300, 2.924042
710.0121, 2.724487
710.4942, 1.487305
710.9763, 5.3863999E-02
711.4584, 1.407684
711.9406, 2.540741
712.4227, 2.791382
712.9048, 2.154358
713.3869, 1.300476
713.8690, 9.3993999E-02
714.3511, 1.126831
714.8333, 1.207397
715.3154, 0.1000980
715.7975, 1.574493
716.2796, 4.638550
716.7617, 7.254303
717.2438, 7.791901
717.7260, 6.036011
718.2081, 4.354370
718.6902, 2.851074
719.1723, 1.595673
719.6544, 0.5165410
720.1365, 0.2235110
720.6187, 1.6083000E-02
721.1008, 1.658600
721.5829, 3.133484
722.0650, 2.886902
722.5471, 1.785706
723.0292, 0.9842530
723.5114, 1.231049
723.9935, 1.318756
724.4756, 1.257202
724.9577, 0.8736570
725.4398, 0.3799130
725.9219, 3.116241
726.4041, 4.663940
726.8862, 4.005219
727.3683, 2.282623
727.8504, 2.474457
728.3325, 4.297760
728.8146, 5.861145
729.2968, 6.295624
729.7789, 6.036804
730.2610, 4.862854
730.7431, 3.285797
731.2252, 3.002991
731.7073, 6.294250
732.1895, 9.536499
732.6716, 11.23352
733.1537, 11.36548
733.6358, 10.87326
734.1179, 8.873688
734.6000, 7.795807
735.0822, 9.035309
735.5643, 12.28183
736.0464, 14.40686
736.5285, 15.38770
737.0106, 15.77899
737.4927, 16.14273
737.9749, 16.12088
738.4570, 14.57178
738.9391, 11.53336
739.4212, 9.311584
739.9033, 9.547211
740.3854, 10.90915
740.8676, 12.66751
741.3497, 15.00952
741.8318, 16.57797
742.3139, 17.04700
742.7960, 17.04355
743.2781, 16.99304
743.7603, 16.93512
744.2424, 16.46530
744.7245, 15.47861
745.2066, 14.48447
745.6887, 13.76059
746.1708, 13.45990
746.6530, 14.24231
747.1351, 16.47473
747.6172, 18.43182
748.0993, 18.72028
748.5814, 18.09018
749.0635, 17.39288
749.5457, 17.19730
750.0278, 16.28003
750.5099, 13.55844
750.9920, 10.66217
751.4741, 9.734009
751.9562, 11.42865
752.4384, 12.16788
752.9205, 11.15384
753.4026, 9.652527
753.8847, 10.11337
754.3668, 11.93805
754.8489, 12.65610
755.3311, 10.98383
755.8132, 9.017242
756.2953, 8.485291
756.7774, 8.760773
757.2595, 9.082123
757.7416, 9.010803
758.2238, 9.176880
758.7059, 10.17612
759.1880, 11.41959
759.6701, 11.47229
760.1522, 9.739746
760.6343, 8.811646
761.1165, 9.516174
761.5986, 11.25513
762.0807, 13.08105
762.5628, 14.80682
763.0449, 15.28683
763.5270, 12.57047
764.0092, 9.636902
764.4913, 9.893433
764.9734, 12.19629
765.4555, 13.41934
765.9376, 11.66873
766.4197, 9.849884
766.9019, 8.099823
767.3840, 6.826172
767.8661, 8.670685
768.3482, 15.23883
768.8303, 20.13733
769.3124, 20.18253
769.7946, 16.74127
770.2767, 14.23337
770.7588, 12.68961
771.2409, 11.99753
771.7230, 12.74176
772.2051, 13.82846
772.6873, 14.07104
773.1694, 13.57938
773.6515, 13.36148
774.1336, 14.40942
774.6157, 15.06937
775.0978, 14.41898
775.5800, 12.66669
776.0621, 12.38071
776.5442, 14.17407
777.0263, 15.62085
777.5084, 14.97009
777.9905, 12.79276
778.4727, 11.84854
778.9548, 12.01822
779.4369, 12.50781
779.9190, 13.25333
780.4011, 13.88608
780.8832, 13.80380
781.3654, 12.93182
781.8475, 12.34668
782.3296, 13.09982
782.8117, 13.58228
783.2938, 12.67291
783.7759, 10.03680
784.2581, 9.552155
784.7402, 11.80676
785.2223, 14.41284
785.7044, 16.31549
786.1865, 17.26678
786.6686, 15.47855
787.1508, 10.95377
787.6329, 7.287445
788.1150, 8.028137
788.5971, 10.33121
789.0792, 11.27509
789.5613, 10.31003
790.0435, 10.28360
790.5256, 13.45135
791.0077, 16.31061
791.4898, 16.63708
791.9719, 13.75903
792.4540, 13.52814
792.9362, 16.67435
793.4183, 19.43921
793.9004, 18.08054
794.3825, 13.89056
794.8646, 10.07404
795.3467, 6.816223
795.8289, 5.077698
796.3110, 7.224030
796.7931, 10.09760
797.2752, 10.93835
797.7573, 8.951874
798.2394, 6.947449
798.7216, 4.422394
799.2037, 2.869812
799.6858, 3.925934
800.1679, 8.330261
800.6500, 9.107330
801.1321, 5.790649
801.6143, 1.878662
802.0964, 0.5253300
802.5785, 0.8417050
803.0606, 1.112762
803.5427, 1.123077
804.0248, 1.510284
804.5070, 3.217773
804.9891, 5.053894
805.4712, 6.057892
805.9533, 5.818359
806.4354, 5.744568
806.9175, 6.215271
807.3997, 6.301025
807.8818, 4.890747
808.3639, 2.054657
808.8460, 0.7394100
809.3281, 1.121735
809.8102, 2.032654
810.2924, 2.394989
810.7745, 2.654205
811.2566, 3.919983
811.7387, 6.584564
812.2208, 7.534149
812.7029, 2.757782
813.1851, 2.112610
813.6672, 2.768372
814.1493, 2.172180
814.6314, 5.357391
815.1135, 6.421143
815.5956, 6.596375
816.0778, 6.567932
816.5599, 6.415771
817.0420, 6.903687
817.5241, 8.137817
818.0062, 9.116974
818.4883, 8.460632
818.9705, 7.417999
819.4526, 7.172119
819.9347, 7.977570
820.4168, 9.097717
820.8989, 10.80154
821.3810, 12.48282
821.8632, 13.99103
822.3453, 15.43152
822.8274, 15.85831
823.3095, 15.24774
823.7916, 14.09552
824.2737, 12.01227
824.7559, 9.677887
825.2380, 8.920532
825.7201, 9.882172
826.2022, 11.07919
826.6843, 11.44974
827.1664, 11.46341
827.6486, 11.26343
828.1307, 10.77042
828.6128, 11.15445
829.0949, 13.58688
829.5770, 15.16815
830.0591, 13.12662
830.5413, 8.057434
831.0234, 8.707611
831.5055, 14.98529
831.9876, 20.60397
832.4697, 19.85141
832.9518, 16.96756
833.4340, 16.85358
833.9161, 19.54211
834.3982, 21.45355
834.8803, 20.72122
835.3624, 19.69516
835.8445, 19.30386
836.3267, 19.30908
836.8088, 19.46564
837.2909, 19.95312
837.7730, 20.12164
838.2551, 19.05756
838.7372, 17.58514
839.2194, 18.48358
839.7015, 21.24063
840.1836, 22.88422
840.6657, 20.03220
841.1478, 17.02371
841.6299, 17.11456
842.1121, 19.93201
842.5942, 21.13290
843.0763, 19.45950
843.5584, 17.96729
844.0405, 17.67053
844.5226, 18.25854
845.0048, 18.66635
845.4869, 18.87802
845.9690, 18.68314
846.4511, 17.45502
846.9332, 16.21054
847.4153, 16.38306
847.8975, 17.47726
848.3796, 18.08682
848.8617, 16.79419
849.3438, 16.05847
849.8259, 17.02359
850.3080, 18.90973
850.7902, 19.65295
851.2723, 19.09146
851.7544, 18.27173
852.2365, 17.23541
852.7186, 16.49783
853.2007, 17.43250
853.6829, 19.43561
854.1650, 20.86218
854.6471, 20.87103
855.1292, 20.41263
855.6113, 20.26590
856.0934, 19.86084
856.5756, 17.97110
857.0577, 12.93466
857.5398, 9.937988
858.0219, 10.09201
858.5040, 11.57248
858.9861, 10.98285
859.4683, 8.904053
859.9504, 8.839050
860.4325, 12.20581
860.9146, 15.77490
861.3967, 16.91293
861.8788, 16.37277
862.3610, 15.06696
862.8431, 11.70822
863.3252, 9.774658
863.8073, 10.17206
864.2894, 11.39108
864.7715, 12.08505
865.2537, 12.41684
865.7358, 12.58960
866.2179, 12.31708
866.7000, 11.38684
867.1821, 9.472076
867.6642, 7.241791
868.1464, 5.642120
868.6285, 4.801788
869.1106, 4.606781
869.5927, 5.732178
870.0748, 6.887848
870.5569, 7.168854
871.0391, 6.341797
871.5212, 5.814972
872.0033, 5.878876
872.4854, 5.564453
872.9675, 3.501556
873.4496, 0.7131960
873.9318, 0.3426210
874.4139, 2.206604
874.8960, 3.155518
875.3781, 0.2491150
875.8602, 3.788391
876.3423, 4.648254
876.8245, 2.653320
877.3066, 0.9949040
877.7887, 0.2861330
878.2708, 1.406769
878.7529, 2.655762
879.2350, 3.753998
879.7172, 3.613007
880.1993, 2.355225
880.6814, 0.7079470
881.1635, 1.723816
881.6456, 3.684937
882.1277, 3.620880
882.6099, 2.295685
883.0920, 2.012390
883.5741, 4.880219
884.0562, 6.453522
884.5383, 5.761536
885.0204, 3.652008
885.5026, 1.554535
885.9847, 0.4557500
886.4668, 1.227142
886.9489, 1.8250000E-02
887.4310, 1.608185
887.9131, 1.741638
888.3953, 0.9743350
888.8774, 0.1203610
889.3595, 1.001160
889.8416, 1.568390
890.3237, 1.090759
890.8058, 0.3663330
891.2880, 0.3774110
891.7701, 1.242035
892.2522, 1.003632
892.7343, 0.7637630
893.2164, 2.008881
893.6985, 0.2947390
894.1807, 4.110718
894.6628, 6.462982
895.1449, 6.720398
895.6270, 6.671692
896.1091, 6.389526
896.5912, 6.520325
897.0734, 7.648407
897.5555, 9.927551
898.0376, 11.28995
898.5197, 11.73065
899.0018, 11.27252
899.4839, 8.994476
899.9661, 6.212311
900.4482, 5.502563
900.9303, 6.697571
901.4124, 8.399139
901.8945, 10.22049
902.3766, 12.10010
902.8588, 14.26434
903.3409, 16.50705
903.8230, 17.97159
904.3051, 18.56592
904.7872, 18.58289
905.2693, 17.47815
905.7515, 16.63406
906.2336, 20.24759
906.7157, 26.56497
907.1978, 30.45786
907.6799, 27.68442
908.1620, 24.71515
908.6442, 24.95825
909.1263, 26.70303
909.6084, 27.10767
910.0905, 25.86212
910.5726, 23.80051
911.0547, 20.59943
911.5369, 17.51312
912.0190, 17.06726
912.5011, 18.03098
912.9832, 16.52188
913.4653, 11.50745
913.9474, 6.510498
914.4296, 3.081696
914.9117, 1.089050
915.3938, 0.6880190
915.8759, 2.257721
916.3580, 3.621124
916.8401, 4.866058
917.3223, 5.664703
917.8044, 5.932922
918.2865, 5.567383
918.7686, 3.440704
919.2507, 0.1361390
919.7328, 2.368988
920.2150, 5.9997998E-02
920.6971, 2.842987
921.1792, 4.331940
921.6613, 4.237518
922.1434, 2.287598
922.6255, 3.266479
923.1077, 6.340790
923.5898, 4.341492
924.0719, 0.2982790
924.5540, 1.757385
925.0361, 0.7773130
925.5182, 0.4221190
926.0004, 2.446136
926.4825, 4.379822
926.9646, 4.185303
927.4467, 3.095978
927.9288, 3.031830
928.4109, 4.969086
928.8931, 6.048035
929.3752, 5.778656
929.8573, 5.347137
930.3394, 6.508575
930.8215, 8.652802
931.3036, 9.497955
931.7858, 8.780914
932.2679, 7.838440
932.7500, 6.642059
933.2321, 6.051025
933.7142, 7.246887
934.1964, 10.94250
934.6785, 12.63361
935.1606, 11.60733
935.6427, 10.18268
936.1248, 9.305115
936.6069, 8.983215
937.0891, 9.544617
937.5712, 10.82050
938.0533, 12.00955
938.5354, 11.66656
939.0175, 11.96844
939.4996, 14.88574
939.9818, 19.59946
940.4639, 23.27725
940.9460, 25.05200
941.4281, 27.29181
941.9102, 30.63419
942.3923, 34.57587
942.8745, 38.34207
943.3566, 41.94980
943.8387, 45.08691
944.3208, 47.11905
944.8029, 50.12585
945.2850, 56.08701
945.7672, 63.18964
946.2493, 69.43619
946.7314, 73.79123
947.2135, 81.33771
947.6956, 92.44623
948.1777, 105.2385
948.6599, 118.1024
949.1420, 131.4053
949.6241, 146.2782
950.1062, 162.4951
950.5883, 178.3034
951.0704, 191.5424
951.5526, 205.6823
952.0347, 222.4867
952.5168, 239.3287
952.9989, 259.9794
953.4810, 277.7655
953.9631, 297.6834
954.4453, 320.5790
954.9274, 346.0159
955.4095, 373.9554
955.8916, 403.6999
956.3737, 434.2904
956.8558, 465.1902
957.3380, 497.4113
957.8201, 533.3615
958.3022, 569.7359
958.7843, 603.9349
959.2664, 636.4883
959.7485, 665.6306
960.2307, 691.8615
960.7128, 710.1483
961.1949, 716.1717
961.6770, 711.2310
962.1591, 696.1988
962.6412, 671.2786
963.1234, 640.0239
963.6055, 598.1071
964.0876, 555.6302
964.5697, 515.1970
965.0518, 477.0773
965.5339, 440.3729
966.0161, 404.9574
966.4982, 373.8052
966.9803, 348.0819
967.4624, 327.0023
967.9445, 311.5982
968.4266, 300.0250
968.9088, 289.5511
969.3909, 276.7260
969.8730, 269.1930
970.3551, 269.5626
970.8372, 272.2950
971.3193, 271.2042
971.8015, 266.8705
972.2836, 264.8875
972.7657, 265.7500
973.2478, 267.2200
973.7299, 268.8336
974.2120, 269.3612
974.6942, 267.3914
975.1763, 262.7999
975.6584, 258.3964
976.1405, 254.0745
976.6226, 250.3920
977.1047, 247.6650
977.5869, 245.4768
978.0690, 242.4659
978.5511, 239.2839
979.0332, 238.8256
979.5153, 243.8391
979.9974, 249.5377
980.4796, 253.3937
980.9617, 256.1137
981.4438, 258.9241
981.9259, 261.5113
982.4080, 266.1703
982.8901, 273.5476
983.3723, 280.6210
983.8544, 284.5097
984.3365, 285.9908
984.8186, 286.3820
985.3007, 285.7911
985.7828, 284.0219
986.2650, 282.6388
986.7471, 278.1932
987.2292, 268.3800
987.7113, 254.3094
988.1934, 241.6694
988.6755, 230.5107
989.1577, 219.3513
989.6398, 207.4366
990.1219, 195.7147
990.6040, 184.6884
991.0861, 174.8554
991.5682, 167.1495
992.0504, 165.1488
992.5325, 159.9332
993.0146, 148.9884
993.4967, 137.1936
993.9788, 129.2491
994.4609, 124.7402
994.9431, 119.3426
995.4252, 112.7013
995.9073, 106.5415
996.3894, 102.3099
996.8715, 98.81750
997.3536, 94.73917
997.8358, 90.29950
998.3179, 88.09534
998.8000, 89.18399
999.2821, 89.58591
999.7642, 87.68027
1000.246, 85.10550
1000.728, 84.53555
1001.211, 85.93384
1001.693, 89.40463
1002.175, 95.69885
1002.657, 102.5162
1003.139, 109.0947
1003.621, 115.5658
1004.103, 121.7930
1004.585, 127.5013
1005.068, 134.5405
1005.550, 142.9965
1006.032, 152.4421
1006.514, 163.6232
1006.996, 175.0013
1007.478, 184.1650
1007.960, 191.6291
1008.442, 200.5553
1008.924, 211.5823
1009.407, 224.7147
1009.889, 239.6553
1010.371, 257.1464
1010.853, 279.8454
1011.335, 307.2435
1011.817, 333.7456
1012.299, 357.8890
1012.781, 382.4619
1013.263, 412.7625
1013.746, 442.8224
1014.228, 468.0877
1014.710, 489.6243
1015.192, 498.7878
1015.674, 494.9244
1016.156, 480.3670
1016.638, 454.0647
1017.120, 419.1496
1017.603, 380.1810
1018.085, 338.0615
1018.567, 297.2657
1019.049, 258.4454
1019.531, 222.7200
1020.013, 188.5667
1020.495, 158.3447
1020.977, 136.9764
1021.459, 124.6704
1021.942, 111.6188
1022.424, 96.25104
1022.906, 82.45322
1023.388, 75.09988
1023.870, 70.10196
1024.352, 62.99734
1024.834, 53.07492
1025.316, 45.55173
1025.799, 41.67212
1026.281, 38.24069
1026.763, 33.93457
1027.245, 29.30289
1027.727, 25.50620
1028.209, 22.43320
1028.691, 19.70483
1029.173, 17.15765
1029.656, 14.93610
1030.138, 12.91605
1030.620, 11.42749
1031.102, 10.89001
1031.584, 11.54318
1032.066, 11.97565
1032.548, 12.24472
1033.030, 11.41428
1033.512, 7.078339
1033.995, 2.289246
1034.477, 0.9558720
1034.959, 2.800720
1035.441, 4.987244
1035.923, 8.480316
1036.405, 9.690002
1036.887, 7.137787
1037.369, 2.853210
1037.851, 0.7575680
1038.334, 0.3907780
1038.816, 0.2890010
1039.298, 1.931335
1039.780, 3.010986
1040.262, 1.937775
1040.744, 0.4210820
1041.226, 0.1205440
1041.708, 0.3892520
1042.191, 0.5906980
1042.673, 0.4313050
1043.155, 0.4557190
1043.637, 1.474548
1044.119, 2.397980
1044.601, 0.9680790
1045.083, 1.675964
1045.565, 2.880096
1046.047, 0.5504460
1046.530, 1.427979
1047.012, 2.757233
1047.494, 3.506195
1047.976, 3.756287
1048.458, 3.665039
1048.940, 3.408386
1049.422, 2.922882
1049.904, 2.418610
1050.386, 1.659210
1050.869, 1.264008
1051.351, 2.276764
1051.833, 4.052246
1052.315, 3.681976
1052.797, 0.8341370
1053.279, 1.752899
1053.761, 3.555054
1054.243, 4.323334
1054.726, 3.019653
1055.208, 0.8078310
1055.690, 0.7724910
1056.172, 1.503143
1056.654, 0.9857480
1057.136, 1.488190
1057.618, 3.669189
1058.100, 3.936554
1058.583, 3.049194
1059.065, 4.145020
1059.547, 6.760223
1060.029, 8.734314
1060.511, 8.093323
1060.993, 7.581543
1061.475, 8.394165
1061.957, 9.825073
1062.439, 11.33902
1062.922, 13.10147
1063.404, 13.03229
1063.886, 10.66623
1064.368, 9.492798
1064.850, 13.98334
1065.332, 20.16159
1065.814, 24.27289
1066.296, 26.11111
1066.778, 27.38934
1067.261, 28.21640
1067.743, 28.57660
1068.225, 28.09137
1068.707, 27.79028
1069.189, 30.62662
1069.671, 34.96353
1070.153, 36.88947
1070.635, 34.84879
1071.118, 32.58664
1071.600, 30.98141
1072.082, 30.29294
1072.564, 31.04712
1073.046, 33.04910
1073.528, 33.82672
1074.010, 33.43726
1074.492, 32.57193
1074.974, 31.03192
1075.457, 29.78262
1075.939, 29.69281
1076.421, 30.34348
1076.903, 31.05753
1077.385, 31.92410
1077.867, 32.45172
1078.349, 32.60245
1078.831, 32.37430
1079.313, 31.13898
1079.796, 29.90649
1080.278, 30.15408
1080.760, 31.85172
1081.242, 34.34906
1081.724, 38.75714
1082.206, 42.22745
1082.688, 43.98016
1083.170, 44.69498
1083.652, 45.15692
1084.135, 45.74518
1084.617, 48.03168
1085.099, 52.53909
1085.581, 55.84579
1086.063, 54.89532
1086.545, 53.30408
1087.027, 53.82544
1087.509, 56.06058
1087.992, 55.62714
1088.474, 52.53015
1088.956, 47.75464
1089.438, 40.45355
1089.920, 33.58801
1090.402, 30.20871
1090.884, 28.95197
1091.366, 28.06427
1091.849, 27.53790
1092.331, 26.68625
1092.813, 25.40405
1093.295, 24.18158
1093.777, 24.02298
1094.259, 23.84546
1094.741, 20.48575
1095.223, 15.16428
1095.705, 12.10742
1096.188, 15.43127
1096.670, 17.50766
1097.152, 16.56512
1097.634, 14.52234
1098.116, 13.90817
1098.598, 14.46884
1099.080, 15.40988
1099.562, 16.60065
1100.044, 16.18738
1100.527, 10.15814
1101.009, 5.165314
1101.491, 5.583038
1101.973, 9.669922
1102.455, 12.86444
1102.937, 15.19049
1103.419, 14.44373
1103.901, 9.420990
1104.384, 3.882782
1104.866, 0.7817380
1105.348, 0.4032900
1105.830, 0.2506710
1106.312, 3.049103
1106.794, 4.774933
1107.276, 5.138092
1107.758, 5.587128
1108.240, 7.178711
1108.723, 8.772980
1109.205, 8.188354
1109.687, 6.260162
1110.169, 4.766937
1110.651, 4.226990
1111.133, 4.416290
1111.615, 5.775269
1112.097, 6.845886
1112.579, 6.441925
1113.062, 4.841858
1113.544, 2.395416
1114.026, 0.5498050
1114.508, 2.277527
1114.990, 0.9537050
1115.472, 0.4838870
1115.954, 1.276703
1116.436, 1.591797
1116.919, 1.550049
1117.401, 1.177460
1117.883, 0.5382080
1118.365, 0.3557430
1118.847, 0.5895690
1119.329, 1.186798
1119.811, 3.188934
1120.293, 4.501038
1120.776, 5.041718
1121.258, 4.083954
1121.740, 1.264343
1122.222, 0.9462590
1122.704, 4.696747
1123.186, 8.302856
1123.668, 6.156586
1124.150, 2.421844
1124.632, 2.065491
1125.115, 6.112335
1125.597, 6.958588
1126.079, 3.156372
1126.561, 0.8753360
1127.043, 3.155487
1127.525, 7.071899
1128.007, 7.864014
1128.489, 6.833649
1128.971, 6.268524
1129.454, 7.274078
1129.936, 7.159027
1130.418, 5.142853
1130.900, 3.075836
1131.382, 1.906982
1131.864, 1.596680
1132.346, 2.367950
1132.828, 3.900787
1133.311, 5.128998
1133.793, 5.943970
1134.275, 5.859406
1134.757, 4.027863
1135.239, 2.086243
1135.721, 1.858948
1136.203, 3.051666
1136.685, 2.908020
1137.167, 1.497040
1137.650, 0.4680180
1138.132, 0.3274230
1138.614, 1.337311
1139.096, 5.616028
1139.578, 10.21204
1140.060, 9.715942
1140.542, 3.996613
1141.024, 0.4111630
1141.506, 2.832977
1141.989, 3.624084
1142.471, 2.128967
1142.953, 5.4016002E-02
1143.435, 2.150330
1143.917, 3.900604
1144.399, 4.474701
1144.881, 3.734711
1145.363, 2.570618
1145.846, 1.006989
1146.328, 0.1267400
1146.810, 0.5946660
1147.292, 1.881561
1147.774, 2.306488
1148.256, 2.883453
1148.738, 3.666046
1149.220, 3.367065
1149.703, 4.355652
1150.185, 4.044922
1150.667, 3.172577
1151.149, 2.837189
1151.631, 2.684570
1152.113, 2.044373
1152.595, 0.4425050
1153.077, 0.3850710
1153.559, 0.2329410
1154.042, 0.4553530
1154.524, 1.709320
1155.006, 3.129944
1155.488, 3.696777
1155.970, 3.722748
1156.452, 3.963531
1156.934, 5.152222
1157.416, 5.621307
1157.898, 4.797089
1158.381, 3.909393
1158.863, 4.035065
1159.345, 4.859894
1159.827, 5.090027
1160.309, 4.848389
1160.791, 4.637512
1161.273, 4.368927
1161.755, 4.627716
1162.238, 6.309326
1162.720, 7.678101
1163.202, 6.263885
1163.684, 2.812408
1164.166, 1.998596
1164.648, 3.670807
1165.130, 5.192352
1165.612, 4.068695
1166.094, 3.638489
1166.577, 6.028229
1167.059, 9.485809
1167.541, 11.49872
1168.023, 12.10834
1168.505, 11.21954
1168.987, 8.817596
1169.469, 6.657013
1169.951, 5.706177
1170.433, 5.637482
1170.916, 6.921600
1171.398, 8.744232
1171.880, 8.927429
1172.362, 7.485931
1172.844, 6.168457
1173.326, 5.181915
1173.808, 5.009247
1174.290, 7.465485
1174.773, 9.703247
1175.255, 8.616577
1175.737, 5.093719
1176.219, 4.366394
1176.701, 6.653442
1177.183, 7.587646
1177.665, 5.468445
1178.147, 3.266083
1178.630, 4.276672
1179.112, 5.882263
1179.594, 5.181824
1180.076, 2.192657
1180.558, 1.990967
1181.040, 4.801117
1181.522, 8.232422
1182.004, 12.05374
1182.486, 14.61340
1182.969, 13.08633
1183.451, 9.853485
1183.933, 7.761627
1184.415, 7.208374
1184.897, 6.920868
1185.379, 6.864349
1185.861, 7.068115
1186.343, 7.637085
1186.825, 8.343811
1187.308, 9.252014
1187.790, 9.988281
1188.272, 9.897430
1188.754, 8.683594
1189.236, 7.029938
1189.718, 4.636627
1190.200, 3.324005
1190.682, 5.415863
1191.165, 8.314392
1191.647, 8.305511
1192.129, 6.640198
1192.611, 5.893738
1193.093, 7.346497
1193.575, 7.808563
1194.057, 6.834412
1194.539, 5.910278
1195.021, 6.236786
1195.504, 7.168243
1195.986, 8.196350
1196.468, 9.139038
1196.950, 9.382172
1197.432, 8.546204
1197.914, 7.686371
1198.396, 6.519958
1198.878, 5.578674
1199.360, 5.250214
1199.843, 5.554565
1200.325, 7.049225
1200.807, 9.351685
1201.289, 10.62927
1201.771, 10.42172
1202.253, 9.521545
1202.735, 7.769867
1203.217, 5.607147
1203.700, 2.428101
1204.182, 0.2772220
1204.664, 0.4276430
1205.146, 4.085724
1205.628, 6.679443
1206.110, 7.189423
1206.592, 7.566681
1207.074, 8.151489
1207.557, 8.534729
1208.039, 7.893707
1208.521, 6.882141
1209.003, 6.157135
1209.485, 5.857117
1209.967, 6.988586
1210.449, 11.03610
1210.931, 12.87454
1211.413, 11.07709
1211.896, 7.923798
1212.378, 5.872253
1212.860, 4.705719
1213.342, 4.295471
1213.824, 4.619476
1214.306, 5.022980
1214.788, 5.417664
1215.270, 5.948639
1215.752, 6.713715
1216.235, 7.473389
1216.717, 8.385773
1217.199, 8.841217
1217.681, 7.412964
1218.163, 3.684052
1218.645, 2.154175
1219.127, 4.022980
1219.609, 5.106201
1220.092, 3.663757
1220.574, 1.785919
1221.056, 3.406891
1221.538, 6.196136
1222.020, 6.457123
1222.502, 3.124084
1222.984, 1.552673
1223.466, 2.396729
1223.948, 3.445557
1224.431, 3.919434
1224.913, 4.176727
1225.395, 4.925781
1225.877, 5.713287
1226.359, 5.921051
1226.841, 5.353363
1227.323, 4.333527
1227.805, 2.557556
1228.287, 1.689880
1228.770, 2.830200
1229.252, 4.475372
1229.734, 4.788605
1230.216, 4.197418
1230.698, 3.037476
1231.180, 1.053223
1231.662, 0.4935300
1232.144, 1.626312
1232.627, 2.792023
1233.109, 3.207764
1233.591, 3.352600
1234.073, 4.543365
1234.555, 5.477814
1235.037, 3.765045
1235.519, 1.656769
1236.001, 3.621765
1236.484, 1.750854
1236.966, 0.5565800
1237.448, 1.836395
1237.930, 2.401764
1238.412, 2.118591
1238.894, 1.609558
1239.376, 1.711334
1239.858, 2.495667
1240.340, 3.322052
1240.823, 4.155762
1241.305, 5.322266
1241.787, 7.697662
1242.269, 9.421234
1242.751, 7.911682
1243.233, 5.370422
1243.715, 4.692841
1244.197, 6.162415
1244.679, 7.187408
1245.162, 7.763672
1245.644, 7.158173
1246.126, 3.581482
1246.608, 0.5865780
1247.090, 1.386047
1247.572, 3.599182
1248.054, 4.343842
1248.536, 3.579193
1249.019, 3.371887
1249.501, 3.647705
1249.983, 3.444275
1250.465, 0.5561220
1250.947, 0.8352360
1251.429, 3.653748
1251.911, 8.918701
1252.393, 9.923645
1252.875, 6.921143
1253.358, 4.876129
1253.840, 3.573944
1254.322, 2.319458
1254.804, 0.6141970
1255.286, 1.892548
1255.768, 0.5328370
1256.250, 4.127655
1256.732, 7.451660
1257.214, 10.22748
1257.697, 10.41568
1258.179, 8.363892
1258.661, 5.704437
1259.143, 1.397369
1259.625, 0.6550900
1260.107, 1.341156
1260.589, 3.834167
1261.071, 3.388794
1261.554, 1.143188
1262.036, 0.3407290
1262.518, 0.8446960
1263.000, 1.900757
1263.482, 4.335938
1263.964, 5.472229
1264.446, 4.756714
1264.928, 3.465973
1265.411, 1.720886
1265.893, 0.6109620
1266.375, 3.676849
1266.857, 9.175354
1267.339, 12.32193
1267.821, 9.944122
1268.303, 8.960175
1268.785, 9.879425
1269.267, 10.69815
1269.750, 8.480774
1270.232, 6.152161
1270.714, 5.849915
1271.196, 6.947449
1271.678, 8.817535
1272.160, 12.36572
1272.642, 13.29382
1273.124, 11.27139
1273.606, 8.426422
1274.089, 5.217285
1274.571, 2.893372
1275.053, 3.501740
1275.535, 5.431091
1276.017, 5.596375
1276.499, 3.502594
1276.981, 2.420685
1277.463, 2.298340
1277.946, 2.630859
1278.428, 2.865723
1278.910, 3.012909
1279.392, 2.718719
1279.874, 2.722809
1280.356, 1.865295
1280.838, 0.1831050
1281.320, 1.539612
1281.802, 5.305145
1282.285, 7.693481
1282.767, 3.875366
1283.249, 1.016510
1283.731, 2.350922
1284.213, 4.881317
1284.695, 6.438538
1285.177, 7.083130
1285.659, 5.924591
1286.141, 3.405914
1286.624, 1.382172
1287.106, 1.011780
1287.588, 0.6454470
1288.070, 0.1104430
1288.552, 0.5943300
1289.034, 8.0750003E-02
1289.516, 1.027557
1289.998, 1.919586
1290.481, 2.636353
1290.963, 3.283630
1291.445, 3.794098
1291.927, 4.625153
1292.409, 6.072845
1292.891, 6.583008
1293.373, 3.386383
1293.855, 0.1144410
1294.338, 1.593414
1294.820, 5.817596
1295.302, 7.217682
1295.784, 4.635986
1296.266, 2.435913
1296.748, 0.9853210
1297.230, 0.1809080
1297.712, 0.1769410
1298.194, 0.7133790
1298.677, 2.166656
1299.159, 3.630920
1299.641, 3.755646
1300.123, 2.517365
1300.605, 2.358795
1301.087, 3.126556
1301.569, 3.377777
1302.051, 1.813232
1302.533, 0.4261780
1303.016, 0.0000000E+00
##END=



