##NAMES=Hydrocerussite
##RRUFFID=R070059
##IDEAL CHEMISTRY=Pb_3_(CO_3_)_2_(OH)_2_
##LOCALITY=Wanlockhead, Scotland
##OWNER=RRUFF
##SOURCE=William W. Pinch
##DESCRIPTION=Aggregates of colorless thin hexagonal plates, likely a pseudomorph after plumbonacrite
##STATUS=The identification of this mineral is confirmed by single-crystal X-ray diffraction and chemical analysis.
##URL=rruff.info/R070059
##MEASURED CHEMISTRY=Pb_3_(CO_3_)_2_(OH)_2_ ; Pb confirmed by EPMA, CO_2_ and H_2_O not analyzed but confirmed by Raman spectroscopy
193.1454, 0.0000000E+00
193.6275, 8.431641
194.1096, 0.4150390
194.5918, 17.72949
195.0739, 56.67969
195.5560, 60.77246
196.0381, 32.87891
196.5202, 2.032227
197.0023, 3.651367
197.4845, 28.26074
197.9666, 51.61230
198.4487, 57.41504
198.9308, 57.34180
199.4129, 81.83691
199.8950, 142.0244
200.3772, 202.4053
200.8593, 219.6475
201.3414, 200.4268
201.8235, 182.8555
202.3056, 188.4619
202.7877, 221.1719
203.2699, 226.0293
203.7520, 188.7227
204.2341, 153.6621
204.7162, 153.0088
205.1983, 169.0957
205.6804, 171.8154
206.1626, 146.8965
206.6447, 110.9111
207.1268, 78.60840
207.6089, 49.80762
208.0910, 35.52832
208.5731, 56.47363
209.0553, 93.84180
209.5374, 116.9326
210.0195, 118.0996
210.5016, 104.1475
210.9837, 75.33008
211.4658, 29.66309
211.9480, 6.106445
212.4301, 18.51660
212.9122, 11.62012
213.3943, 11.85742
213.8764, 62.07520
214.3585, 111.3701
214.8407, 128.5586
215.3228, 113.5244
215.8049, 102.2939
216.2870, 108.8232
216.7691, 125.8633
217.2512, 147.9775
217.7334, 180.4053
218.2155, 204.6943
218.6976, 196.0840
219.1797, 159.4766
219.6618, 138.8379
220.1439, 152.7539
220.6261, 189.7344
221.1082, 233.7588
221.5903, 297.2920
222.0724, 348.7363
222.5545, 370.2158
223.0366, 371.7129
223.5188, 371.3643
224.0009, 376.8115
224.4830, 383.2900
224.9651, 384.0781
225.4472, 381.5479
225.9293, 375.5889
226.4115, 365.1396
226.8936, 350.3779
227.3757, 331.4648
227.8578, 302.1387
228.3399, 278.2969
228.8220, 280.9062
229.3041, 306.3906
229.7863, 324.6426
230.2684, 321.9238
230.7505, 304.3936
231.2326, 280.7891
231.7147, 247.5625
232.1968, 218.7822
232.6790, 209.2461
233.1611, 215.3477
233.6432, 227.7109
234.1253, 253.1445
234.6074, 278.1250
235.0895, 277.1221
235.5717, 245.0146
236.0538, 211.5635
236.5359, 202.0645
237.0180, 201.1924
237.5001, 192.7070
237.9822, 168.5869
238.4644, 150.3242
238.9465, 152.5254
239.4286, 165.6865
239.9107, 179.0674
240.3928, 184.3477
240.8749, 178.8604
241.3571, 163.1172
241.8392, 125.7900
242.3213, 100.8691
242.8034, 110.9619
243.2855, 144.9297
243.7676, 173.2705
244.2498, 191.6611
244.7319, 204.3486
245.2140, 212.7197
245.6961, 209.2686
246.1782, 190.6504
246.6603, 156.4004
247.1425, 114.0195
247.6246, 84.19043
248.1067, 78.07812
248.5888, 80.53613
249.0709, 61.61523
249.5530, 15.31250
250.0352, 14.86523
250.5173, 1.948242
250.9994, 39.16992
251.4815, 70.67383
251.9636, 84.47070
252.4457, 90.83398
252.9279, 104.5283
253.4100, 126.6094
253.8921, 133.8789
254.3742, 103.4600
254.8563, 65.29102
255.3384, 56.10840
255.8206, 80.65332
256.3027, 113.7881
256.7848, 135.6738
257.2669, 145.4395
257.7490, 147.6973
258.2311, 134.7441
258.7133, 120.2617
259.1954, 114.9531
259.6775, 118.0996
260.1596, 121.2812
260.6417, 117.9863
261.1238, 109.8369
261.6060, 108.1553
262.0881, 117.7412
262.5702, 128.0908
263.0523, 138.2510
263.5344, 145.9561
264.0165, 143.2461
264.4987, 123.3477
264.9808, 95.32324
265.4629, 88.76953
265.9450, 112.0342
266.4271, 141.9873
266.9092, 192.2363
267.3914, 241.0977
267.8735, 253.9717
268.3556, 218.6260
268.8377, 160.1641
269.3198, 120.3506
269.8019, 105.8955
270.2841, 99.95508
270.7662, 116.8516
271.2483, 136.2256
271.7304, 137.3154
272.2125, 117.4365
272.6946, 90.72461
273.1768, 71.07617
273.6589, 56.30957
274.1410, 62.33984
274.6231, 109.3115
275.1052, 155.7305
275.5873, 181.6787
276.0695, 187.7373
276.5516, 184.4639
277.0337, 180.7217
277.5158, 175.9121
277.9979, 152.7939
278.4800, 82.43750
278.9622, 25.55762
279.4443, 2.913086
279.9264, 8.522461
280.4085, 2.633789
280.8906, 28.52441
281.3727, 61.33887
281.8549, 75.52344
282.3370, 61.08496
282.8191, 40.38477
283.3012, 0.7255860
283.7833, 35.77246
284.2654, 44.51660
284.7476, 19.27051
285.2297, 18.79492
285.7118, 35.51953
286.1939, 21.11621
286.6760, 12.08398
287.1581, 7.850586
287.6403, 10.55664
288.1224, 28.57812
288.6045, 58.04785
289.0866, 81.69434
289.5687, 82.20703
290.0508, 58.79785
290.5330, 31.23828
291.0151, 13.75586
291.4972, 47.35449
291.9793, 54.41992
292.4614, 42.40234
292.9435, 25.92773
293.4257, 10.35254
293.9078, 1.592773
294.3899, 2.7344000E-02
294.8720, 19.96484
295.3541, 42.82715
295.8362, 70.80176
296.3184, 95.18164
296.8005, 104.8135
297.2826, 95.19824
297.7647, 73.58496
298.2468, 43.46387
298.7289, 3.101563
299.2111, 23.44727
299.6932, 20.67090
300.1753, 6.946289
300.6574, 3.159180
301.1395, 8.709961
301.6216, 6.022461
302.1038, 9.170898
302.5859, 34.83887
303.0680, 65.39160
303.5501, 103.4717
304.0322, 139.2393
304.5143, 164.9062
304.9964, 181.1396
305.4785, 187.7646
305.9607, 177.0547
306.4428, 160.9463
306.9249, 150.7812
307.4070, 145.6875
307.8891, 154.3574
308.3712, 196.9785
308.8534, 262.0537
309.3355, 296.5771
309.8176, 267.4121
310.2997, 237.8184
310.7818, 248.5303
311.2639, 289.5752
311.7461, 330.7930
312.2282, 361.7910
312.7103, 379.9961
313.1924, 376.0049
313.6745, 336.1709
314.1566, 310.3281
314.6388, 314.6611
315.1209, 335.1553
315.6030, 357.1592
316.0851, 376.9609
316.5672, 395.1992
317.0493, 413.0791
317.5315, 431.6416
318.0136, 444.7861
318.4957, 449.8135
318.9778, 452.1123
319.4599, 448.9990
319.9420, 444.9414
320.4242, 453.2451
320.9063, 485.8379
321.3884, 539.1230
321.8705, 574.2627
322.3526, 570.4990
322.8347, 571.2949
323.3169, 595.8936
323.7990, 625.1484
324.2811, 629.0303
324.7632, 595.4424
325.2453, 547.9502
325.7274, 536.8135
326.2096, 585.8428
326.6917, 618.8926
327.1738, 625.9707
327.6559, 621.7998
328.1380, 610.5879
328.6201, 595.6699
329.1023, 584.4043
329.5844, 586.1592
330.0665, 601.1582
330.5486, 609.9717
331.0307, 612.0537
331.5128, 607.7598
331.9950, 593.4883
332.4771, 574.3477
332.9592, 559.8760
333.4413, 555.6631
333.9234, 557.2793
334.4055, 557.8564
334.8877, 558.6553
335.3698, 552.6465
335.8519, 526.6416
336.3340, 497.5840
336.8161, 490.0205
337.2982, 514.0918
337.7804, 522.5254
338.2625, 454.4902
338.7446, 333.7949
339.2267, 268.0322
339.7088, 295.3027
340.1909, 353.3672
340.6731, 379.5762
341.1552, 376.0479
341.6373, 358.0088
342.1194, 320.8320
342.6015, 281.1113
343.0836, 255.6738
343.5658, 243.5352
344.0479, 238.6543
344.5300, 240.2461
345.0121, 246.0664
345.4942, 242.1562
345.9763, 214.4473
346.4585, 193.8350
346.9406, 194.6816
347.4227, 209.8896
347.9048, 228.5801
348.3869, 247.0332
348.8690, 260.8076
349.3512, 264.0137
349.8333, 250.6348
350.3154, 244.0742
350.7975, 251.8193
351.2796, 261.0059
351.7617, 263.1064
352.2439, 256.3232
352.7260, 241.2324
353.2081, 217.3438
353.6902, 183.9668
354.1723, 163.4912
354.6544, 162.5312
355.1366, 172.3311
355.6187, 206.9033
356.1008, 248.1611
356.5829, 271.7842
357.0650, 264.0742
357.5471, 233.2725
358.0293, 190.3545
358.5114, 125.3857
358.9935, 79.82812
359.4756, 78.72949
359.9577, 87.82520
360.4398, 84.79688
360.9220, 68.92871
361.4041, 56.66602
361.8862, 69.31250
362.3683, 99.05371
362.8504, 100.4395
363.3326, 52.62402
363.8147, 17.19727
364.2968, 58.19336
364.7789, 136.6191
365.2610, 177.2178
365.7431, 137.1006
366.2253, 77.87988
366.7074, 63.70996
367.1895, 88.20020
367.6716, 98.61523
368.1537, 66.40820
368.6358, 19.35840
369.1180, 13.46289
369.6001, 59.08105
370.0822, 93.86328
370.5643, 88.22949
371.0464, 68.68555
371.5285, 65.78906
372.0107, 84.15723
372.4928, 114.0703
372.9749, 149.0889
373.4570, 189.7637
373.9391, 219.7529
374.4212, 242.3730
374.9034, 252.6748
375.3855, 231.4492
375.8676, 199.5742
376.3497, 196.9980
376.8318, 243.2217
377.3139, 313.6641
377.7961, 351.5547
378.2782, 330.4590
378.7603, 325.3711
379.2424, 347.9199
379.7245, 377.6953
380.2066, 401.3975
380.6888, 418.6064
381.1709, 437.1035
381.6530, 463.8877
382.1351, 498.4395
382.6172, 532.2676
383.0993, 557.2920
383.5815, 595.9053
384.0636, 681.0742
384.5457, 775.4248
385.0278, 822.0723
385.5099, 790.7588
385.9920, 742.4160
386.4742, 750.2393
386.9563, 811.4600
387.4384, 870.5967
387.9205, 916.0283
388.4026, 951.5312
388.8847, 976.4824
389.3669, 991.4668
389.8490, 1017.311
390.3311, 1073.734
390.8132, 1138.043
391.2953, 1177.922
391.7774, 1192.910
392.2596, 1212.488
392.7417, 1258.725
393.2238, 1325.328
393.7059, 1374.607
394.1880, 1392.537
394.6701, 1412.947
395.1523, 1445.146
395.6344, 1484.653
396.1165, 1527.076
396.5986, 1570.710
397.0807, 1612.231
397.5628, 1646.943
398.0450, 1673.081
398.5271, 1698.319
399.0092, 1721.734
399.4913, 1745.256
399.9734, 1768.627
400.4555, 1792.764
400.9377, 1818.093
401.4197, 1843.471
401.9019, 1873.682
402.3840, 1927.884
402.8661, 2023.787
403.3482, 2096.265
403.8303, 2108.720
404.3124, 2106.863
404.7946, 2121.243
405.2767, 2155.782
405.7588, 2198.867
406.2409, 2251.369
406.7230, 2306.539
407.2051, 2337.444
407.6873, 2335.933
408.1694, 2330.464
408.6515, 2335.085
409.1336, 2351.100
409.6157, 2383.375
410.0978, 2447.783
410.5800, 2510.384
411.0621, 2549.736
411.5442, 2570.917
412.0263, 2584.883
412.5084, 2594.094
412.9905, 2603.380
413.4727, 2620.943
413.9548, 2652.525
414.4369, 2674.587
414.9190, 2675.179
415.4011, 2676.325
415.8832, 2696.159
416.3654, 2729.361
416.8475, 2757.163
417.3296, 2767.312
417.8117, 2763.815
418.2938, 2764.423
418.7759, 2782.360
419.2581, 2783.918
419.7402, 2749.133
420.2223, 2706.872
420.7044, 2684.600
421.1865, 2685.046
421.6686, 2685.289
422.1508, 2658.115
422.6329, 2607.663
423.1150, 2575.113
423.5971, 2574.357
424.0792, 2564.803
424.5613, 2509.092
425.0435, 2436.021
425.5256, 2389.437
426.0077, 2390.685
426.4898, 2395.247
426.9719, 2363.084
427.4540, 2302.304
427.9362, 2244.329
428.4183, 2198.604
428.9004, 2154.432
429.3825, 2099.954
429.8646, 2036.527
430.3467, 1968.208
430.8289, 1890.212
431.3110, 1811.766
431.7931, 1736.195
432.2752, 1666.746
432.7573, 1608.404
433.2394, 1563.310
433.7216, 1529.315
434.2037, 1501.747
434.6858, 1496.938
435.1679, 1472.843
435.6500, 1421.112
436.1321, 1357.620
436.6143, 1285.694
437.0964, 1210.454
437.5785, 1144.290
438.0606, 1100.472
438.5427, 1073.932
439.0248, 1038.275
439.5070, 985.6758
439.9891, 942.0898
440.4712, 936.2715
440.9533, 939.3887
441.4354, 917.0547
441.9175, 860.3828
442.3997, 795.4297
442.8818, 734.9688
443.3639, 682.1729
443.8460, 645.0127
444.3281, 625.6592
444.8102, 614.1592
445.2924, 601.3535
445.7745, 588.1338
446.2566, 583.9072
446.7387, 611.8613
447.2208, 624.9619
447.7029, 595.8691
448.1851, 541.0674
448.6672, 484.2256
449.1493, 434.3408
449.6314, 394.1123
450.1135, 370.8252
450.5956, 373.3672
451.0778, 363.1172
451.5599, 317.7793
452.0420, 282.8193
452.5241, 290.4639
453.0062, 319.8857
453.4883, 327.0957
453.9705, 285.6328
454.4526, 226.4775
454.9347, 216.2061
455.4168, 265.1611
455.8989, 280.0371
456.3810, 212.5615
456.8632, 132.2734
457.3453, 100.4756
457.8274, 113.1982
458.3095, 130.7920
458.7916, 147.9531
459.2737, 156.0068
459.7559, 137.3389
460.2380, 95.63379
460.7201, 61.52051
461.2022, 50.87305
461.6843, 56.45410
462.1664, 62.28906
462.6486, 71.73438
463.1307, 74.88184
463.6128, 67.18262
464.0949, 55.68555
464.5770, 41.22559
465.0591, 27.25391
465.5413, 25.57520
466.0234, 49.02441
466.5055, 89.58789
466.9876, 100.9590
467.4697, 62.16602
467.9518, 31.18164
468.4340, 21.24414
468.9161, 21.42773
469.3982, 25.24805
469.8803, 30.97559
470.3624, 35.52637
470.8445, 35.23340
471.3267, 31.99316
471.8088, 32.33203
472.2909, 37.42578
472.7730, 40.34863
473.2551, 34.79785
473.7372, 25.14551
474.2194, 24.03418
474.7015, 41.71289
475.1836, 48.09766
475.6657, 17.30371
476.1478, 24.94336
476.6299, 41.08691
477.1121, 26.51562
477.5942, 6.770508
478.0763, 6.294922
478.5584, 24.49512
479.0405, 29.74707
479.5226, 10.98828
480.0048, 6.135742
480.4869, 26.19043
480.9690, 39.14844
481.4511, 27.53223
481.9332, 10.29199
482.4153, 45.89941
482.8975, 43.31543
483.3796, 6.349609
483.8617, 15.88574
484.3438, 19.59863
484.8259, 14.14355
485.3080, 12.59277
485.7902, 41.03516
486.2723, 33.82031
486.7544, 34.87402
487.2365, 96.15137
487.7186, 101.7070
488.2007, 68.41113
488.6829, 27.87500
489.1650, 13.05078
489.6471, 43.75391
490.1292, 53.69922
490.6113, 42.59277
491.0934, 28.44531
491.5756, 5.782227
492.0577, 13.16699
492.5398, 24.18457
493.0219, 30.36133
493.5040, 35.01172
493.9861, 39.18848
494.4683, 42.65332
494.9504, 44.51270
495.4325, 44.70117
495.9146, 50.60645
496.3967, 74.67578
496.8788, 82.50488
497.3610, 39.76855
497.8431, 22.04395
498.3252, 57.15430
498.8073, 51.37695
499.2894, 30.93457
499.7715, 3.957031
500.2536, 21.52148
500.7357, 21.97266
501.2179, 8.097656
501.7000, 39.83301
502.1821, 48.75195
502.6642, 35.66797
503.1463, 20.29980
503.6284, 1.082031
504.1106, 20.07227
504.5927, 37.09863
505.0748, 49.08398
505.5569, 49.13184
506.0390, 37.56055
506.5211, 26.91895
507.0033, 32.64258
507.4854, 54.20898
507.9675, 67.34375
508.4496, 66.56152
508.9317, 66.57129
509.4138, 75.55371
509.8960, 87.09668
510.3781, 93.51953
510.8602, 92.84570
511.3423, 91.22461
511.8244, 95.42871
512.3066, 100.8711
512.7887, 95.88770
513.2708, 78.91406
513.7529, 60.94824
514.2350, 48.42578
514.7172, 41.28320
515.1993, 40.18457
515.6814, 47.94629
516.1635, 57.14746
516.6456, 70.67773
517.1277, 82.64844
517.6099, 80.89648
518.0920, 69.00977
518.5741, 70.32129
519.0562, 111.6777
519.5383, 180.0586
520.0204, 203.3428
520.5026, 164.9033
520.9847, 122.2246
521.4668, 81.94141
521.9489, 52.40527
522.4310, 44.81152
522.9131, 59.75000
523.3953, 78.11133
523.8774, 92.59277
524.3595, 103.8711
524.8416, 112.6211
525.3237, 118.9092
525.8058, 122.5869
526.2880, 123.1113
526.7701, 121.9062
527.2522, 122.6553
527.7343, 132.0459
528.2164, 130.8906
528.6985, 106.3750
529.1807, 82.76855
529.6628, 75.57520
530.1449, 82.10547
530.6270, 91.86914
531.1091, 99.25000
531.5912, 105.6553
532.0734, 114.7471
532.5555, 127.2070
533.0376, 136.1631
533.5197, 135.8525
534.0018, 136.4863
534.4839, 158.7812
534.9661, 194.8125
535.4482, 202.2207
535.9303, 133.7783
536.4124, 64.05859
536.8945, 57.02930
537.3766, 92.56250
537.8588, 124.7852
538.3409, 135.0488
538.8230, 130.0352
539.3051, 113.7031
539.7872, 83.36914
540.2693, 63.44727
540.7515, 66.90039
541.2336, 74.56934
541.7157, 73.82324
542.1978, 75.54492
542.6799, 96.62305
543.1620, 141.9531
543.6442, 173.3105
544.1263, 137.9473
544.6084, 56.76270
545.0905, 23.58789
545.5726, 53.60938
546.0547, 88.53809
546.5369, 94.34863
547.0190, 79.88574
547.5011, 73.55273
547.9832, 81.40430
548.4653, 89.67188
548.9474, 96.79688
549.4296, 101.6934
549.9116, 100.9766
550.3937, 96.36816
550.8759, 96.67676
551.3580, 109.4238
551.8401, 128.0039
552.3222, 126.3564
552.8043, 87.78711
553.2864, 71.43457
553.7686, 119.0420
554.2507, 164.4219
554.7328, 164.1797
555.2149, 126.0205
555.6970, 85.25879
556.1791, 54.34961
556.6613, 36.02441
557.1434, 37.91309
557.6255, 55.42480
558.1076, 66.77930
558.5897, 63.25098
559.0718, 54.36816
559.5540, 53.80078
560.0361, 65.34277
560.5182, 69.65625
561.0003, 53.73730
561.4824, 47.58984
561.9645, 67.02832
562.4467, 97.28809
562.9288, 122.9658
563.4109, 138.8027
563.8930, 142.5430
564.3751, 121.5146
564.8572, 83.14746
565.3394, 79.89355
565.8215, 123.3652
566.3036, 156.1904
566.7857, 147.1104
567.2678, 113.3682
567.7499, 83.98535
568.2321, 53.79688
568.7142, 45.22559
569.1963, 93.76172
569.6784, 146.1582
570.1605, 145.5576
570.6426, 101.7451
571.1248, 62.57910
571.6069, 53.62207
572.0890, 63.88184
572.5711, 71.17090
573.0532, 74.79395
573.5353, 79.20801
574.0175, 92.14258
574.4996, 98.92188
574.9817, 86.35938
575.4638, 63.11621
575.9459, 47.43848
576.4280, 46.21875
576.9102, 51.60547
577.3923, 57.45312
577.8744, 64.71289
578.3565, 78.06348
578.8386, 98.25879
579.3207, 114.1133
579.8029, 115.8262
580.2850, 105.1621
580.7671, 93.87305
581.2492, 73.83594
581.7313, 63.80957
582.2134, 74.95703
582.6956, 88.98242
583.1777, 88.18164
583.6598, 75.35742
584.1419, 69.58301
584.6240, 88.22461
585.1061, 115.1787
585.5883, 115.0537
586.0704, 88.84180
586.5525, 75.94824
587.0346, 89.34863
587.5167, 115.3623
587.9988, 146.4814
588.4810, 182.9512
588.9631, 190.7852
589.4452, 140.9873
589.9273, 94.37988
590.4094, 77.01074
590.8915, 77.00293
591.3737, 76.05957
591.8558, 66.38184
592.3379, 58.38184
592.8200, 67.33301
593.3021, 89.08691
593.7842, 93.13086
594.2664, 72.00781
594.7485, 53.30176
595.2306, 10.08496
595.7127, 26.63770
596.1948, 47.45703
596.6769, 53.16602
597.1591, 1.425781
597.6412, 21.46387
598.1233, 12.85547
598.6054, 3.070313
599.0875, 36.78223
599.5696, 9.478516
600.0518, 23.49023
600.5339, 25.07324
601.0160, 28.92285
601.4981, 50.93555
601.9802, 58.90918
602.4623, 41.22266
602.9445, 25.47949
603.4266, 21.03809
603.9087, 24.75586
604.3908, 37.21973
604.8729, 59.72754
605.3550, 69.90918
605.8372, 36.56934
606.3193, 4.721680
606.8014, 2.975586
607.2835, 51.45410
607.7656, 82.90039
608.2477, 67.54785
608.7299, 31.14258
609.2120, 23.84668
609.6941, 60.63574
610.1762, 79.63770
610.6583, 64.65527
611.1404, 48.37988
611.6226, 41.62891
612.1047, 40.81641
612.5868, 41.37988
613.0689, 42.38477
613.5510, 40.64453
614.0331, 29.29980
614.5153, 14.47461
614.9974, 10.45801
615.4795, 18.11816
615.9616, 29.52148
616.4437, 41.63184
616.9258, 51.75684
617.4080, 53.38184
617.8901, 41.39648
618.3722, 31.89160
618.8543, 25.75293
619.3364, 20.76465
619.8185, 15.84863
620.3007, 11.54004
620.7828, 9.136719
621.2649, 9.435547
621.7470, 9.506836
622.2291, 4.675781
622.7112, 2.896484
623.1934, 4.652344
623.6755, 0.6884770
624.1576, 4.172852
624.6397, 0.6367190
625.1218, 9.796875
625.6039, 12.63086
626.0861, 3.959961
626.5682, 1.225586
627.0503, 8.822266
627.5324, 10.99902
628.0145, 24.27539
628.4966, 74.52344
628.9788, 89.78809
629.4609, 47.36133
629.9430, 8.465820
630.4251, 26.04199
630.9072, 11.26465
631.3893, 11.42676
631.8715, 41.63867
632.3536, 67.55664
632.8357, 82.74316
633.3178, 88.25293
633.7999, 86.59473
634.2820, 75.86621
634.7642, 62.57324
635.2463, 38.40234
635.7284, 19.85840
636.2105, 19.53125
636.6926, 32.51660
637.1747, 49.17188
637.6569, 65.91504
638.1390, 78.45996
638.6211, 76.63867
639.1032, 64.11621
639.5853, 67.83789
640.0674, 94.40137
640.5496, 110.6875
641.0317, 91.93262
641.5138, 53.70117
641.9959, 38.66016
642.4780, 61.31445
642.9601, 70.62988
643.4423, 46.08594
643.9244, 23.03125
644.4065, 26.70996
644.8886, 47.39453
645.3707, 64.72070
645.8528, 70.70801
646.3350, 68.77246
646.8171, 64.93066
647.2992, 57.32227
647.7813, 27.80078
648.2634, 30.71191
648.7455, 65.33984
649.2277, 37.45898
649.7098, 22.47266
650.1919, 47.04785
650.6740, 19.18262
651.1561, 5.927734
651.6382, 21.29492
652.1204, 41.22168
652.6025, 57.87695
653.0846, 67.00977
653.5667, 67.50488
654.0488, 56.79395
654.5309, 44.80371
655.0131, 42.09863
655.4952, 47.93066
655.9773, 50.04688
656.4594, 47.43750
656.9415, 48.71582
657.4236, 56.75000
657.9058, 68.50293
658.3879, 73.63379
658.8700, 73.30469
659.3521, 60.28613
659.8342, 8.375000
660.3163, 27.11230
660.7985, 8.958008
661.2806, 32.41992
661.7627, 57.84863
662.2448, 57.51953
662.7269, 45.20898
663.2090, 23.37598
663.6912, 0.6855470
664.1733, 1.338867
664.6554, 25.90430
665.1375, 45.98242
665.6196, 51.13770
666.1017, 44.89062
666.5839, 27.13672
667.0660, 7.129883
667.5481, 10.75781
668.0302, 50.40039
668.5123, 97.12695
668.9944, 104.8223
669.4766, 93.30469
669.9587, 74.08789
670.4408, 53.77246
670.9229, 51.72852
671.4050, 92.81641
671.8871, 148.4385
672.3693, 183.1572
672.8514, 197.1074
673.3335, 182.6357
673.8156, 135.1191
674.2977, 94.95703
674.7798, 106.4277
675.2620, 165.0820
675.7441, 200.5586
676.2262, 190.3145
676.7083, 191.2559
677.1904, 223.3633
677.6725, 256.9619
678.1547, 271.0195
678.6368, 267.7734
679.1189, 260.6113
679.6010, 254.4766
680.0831, 247.0732
680.5652, 236.4482
681.0474, 222.9834
681.5295, 210.3848
682.0116, 197.7383
682.4937, 169.5518
682.9758, 109.5566
683.4579, 38.29980
683.9401, 27.67969
684.4222, 106.4443
684.9043, 160.6172
685.3864, 171.5635
685.8685, 169.4844
686.3506, 164.0771
686.8328, 157.4756
687.3149, 154.9980
687.7970, 160.7939
688.2791, 157.7119
688.7612, 127.4727
689.2433, 94.79492
689.7255, 89.82324
690.2076, 107.0791
690.6897, 122.4277
691.1718, 124.5859
691.6539, 118.6914
692.1360, 111.5186
692.6182, 102.9180
693.1003, 95.11426
693.5824, 83.83008
694.0645, 86.04004
694.5466, 120.1289
695.0287, 164.5840
695.5109, 185.4531
695.9930, 180.0361
696.4751, 174.1641
696.9572, 171.1475
697.4393, 169.4404
697.9214, 169.5332
698.4036, 169.8818
698.8857, 168.3965
699.3678, 164.6270
699.8499, 159.5400
700.3320, 154.2979
700.8141, 148.1543
701.2963, 134.6387
701.7784, 114.0879
702.2605, 111.7012
702.7426, 137.3398
703.2247, 174.5195
703.7068, 212.9814
704.1890, 251.4004
704.6711, 257.8760
705.1532, 208.4072
705.6353, 160.2178
706.1174, 108.5996
706.5995, 66.46582
707.0817, 53.29883
707.5638, 62.65430
708.0459, 71.60840
708.5280, 70.11621
709.0101, 67.52051
709.4922, 76.30957
709.9744, 89.66113
710.4565, 87.85449
710.9386, 71.22949
711.4207, 67.76465
711.9028, 97.01270
712.3849, 139.7832
712.8671, 147.7676
713.3492, 105.4248
713.8313, 84.56738
714.3134, 103.9990
714.7955, 119.2324
715.2776, 98.08789
715.7598, 67.81250
716.2419, 68.87891
716.7240, 109.8174
717.2061, 140.9863
717.6882, 141.7422
718.1703, 128.7764
718.6525, 108.1768
719.1346, 86.83984
719.6167, 80.49023
720.0988, 91.50684
720.5809, 99.04102
721.0630, 75.39160
721.5452, 34.67578
722.0273, 41.23926
722.5094, 100.8232
722.9915, 134.5361
723.4736, 115.1562
723.9557, 79.38086
724.4379, 58.26660
724.9200, 51.78125
725.4021, 59.93750
725.8842, 104.5742
726.3663, 132.5430
726.8484, 125.3584
727.3306, 108.7793
727.8127, 97.50684
728.2948, 93.35352
728.7769, 96.34863
729.2590, 108.5371
729.7411, 119.8975
730.2233, 120.1865
730.7054, 113.2627
731.1875, 106.4092
731.6696, 100.1484
732.1517, 91.60352
732.6339, 78.70312
733.1160, 66.94629
733.5981, 66.90234
734.0802, 80.35840
734.5623, 93.09375
735.0444, 108.5654
735.5266, 116.9922
736.0087, 107.8379
736.4908, 94.35840
736.9729, 92.21777
737.4550, 101.8311
737.9371, 107.3154
738.4193, 100.5273
738.9014, 93.85547
739.3835, 92.69336
739.8656, 95.88770
740.3477, 101.7266
740.8298, 110.6025
741.3120, 123.2656
741.7941, 142.6982
742.2762, 162.6660
742.7583, 172.8359
743.2404, 173.1533
743.7225, 158.7148
744.2047, 126.0918
744.6868, 102.7705
745.1689, 109.5322
745.6510, 135.8037
746.1331, 150.9619
746.6152, 151.4795
747.0973, 149.5996
747.5794, 141.0273
748.0615, 134.8828
748.5436, 136.8623
749.0258, 142.1836
749.5079, 141.6914
749.9900, 133.5068
750.4721, 129.1553
750.9542, 140.1553
751.4363, 151.7646
751.9185, 147.1943
752.4006, 134.5400
752.8827, 131.8984
753.3648, 142.6377
753.8469, 154.7812
754.3290, 158.6660
754.8112, 154.8945
755.2933, 141.8213
755.7754, 118.9473
756.2575, 102.8652
756.7396, 97.16504
757.2217, 98.17969
757.7039, 106.5752
758.1860, 118.6250
758.6681, 118.6758
759.1502, 83.73633
759.6323, 74.74805
760.1144, 126.1807
760.5966, 167.8926
761.0787, 156.2891
761.5608, 115.2461
762.0429, 83.44434
762.5250, 68.58887
763.0071, 63.71582
763.4893, 72.55957
763.9714, 87.00684
764.4535, 101.2900
764.9356, 113.0508
765.4177, 112.4736
765.8998, 98.99023
766.3820, 95.19336
766.8641, 129.6416
767.3462, 185.2441
767.8283, 184.2080
768.3104, 116.4990
768.7925, 77.84766
769.2747, 95.02246
769.7568, 123.9570
770.2389, 135.2139
770.7210, 131.0127
771.2031, 118.9082
771.6852, 89.40039
772.1674, 69.69824
772.6495, 65.38281
773.1316, 66.86328
773.6137, 73.74219
774.0958, 82.37305
774.5779, 86.24316
775.0601, 83.91895
775.5422, 83.06934
776.0243, 89.63818
776.5064, 98.33887
776.9885, 106.1855
777.4706, 111.9253
777.9528, 113.7915
778.4349, 110.2119
778.9170, 98.65723
779.3991, 75.10303
779.8812, 45.87549
780.3633, 30.55176
780.8455, 27.95361
781.3276, 31.59619
781.8097, 43.91650
782.2918, 51.50635
782.7739, 42.14600
783.2560, 26.41211
783.7382, 24.72998
784.2203, 41.43164
784.7024, 52.82471
785.1845, 56.27441
785.6666, 58.64307
786.1487, 62.20850
786.6309, 66.64697
787.1130, 72.39014
787.5951, 79.13916
788.0772, 81.16699
788.5593, 70.45850
789.0414, 58.63037
789.5236, 54.68506
790.0057, 55.82764
790.4878, 60.35205
790.9699, 65.67529
791.4520, 62.07178
791.9341, 41.19434
792.4163, 14.69287
792.8984, 5.695801
793.3805, 12.53857
793.8626, 15.83789
794.3447, 12.69385
794.8268, 14.43652
795.3090, 28.12354
795.7911, 47.63330
796.2732, 64.02100
796.7553, 80.39062
797.2374, 75.32080
797.7195, 22.72803
798.2017, 14.01904
798.6838, 8.306152
799.1659, 9.886719
799.6480, 12.77344
800.1301, 2.893555
800.6122, 3.187500
801.0944, 30.40186
801.5765, 53.63916
802.0586, 58.30811
802.5407, 53.47070
803.0228, 48.95117
803.5049, 42.89307
803.9871, 23.19727
804.4692, 16.15234
804.9513, 49.00830
805.4334, 42.05908
805.9155, 9.727539
806.3976, 18.04102
806.8798, 39.66504
807.3619, 50.98389
807.8440, 50.21143
808.3261, 49.50049
808.8082, 64.22217
809.2903, 89.83936
809.7725, 92.25000
810.2546, 64.60645
810.7367, 38.84961
811.2188, 16.93213
811.7009, 2.744629
812.1830, 1.491211
812.6652, 4.119629
813.1473, 21.60156
813.6294, 64.15527
814.1115, 84.40967
814.5936, 59.19189
815.0757, 32.41895
815.5579, 23.73535
816.0400, 25.25293
816.5221, 26.09277
817.0042, 24.59717
817.4863, 24.89941
817.9684, 37.19531
818.4506, 43.63965
818.9327, 16.89990
819.4148, 19.84912
819.8969, 25.05225
820.3790, 0.6625980
820.8611, 26.41016
821.3433, 34.38623
821.8254, 30.90625
822.3075, 22.70020
822.7896, 11.26953
823.2717, 4.804688
823.7538, 3.877930
824.2360, 2.009766
824.7181, 4.764160
825.2002, 7.200195
825.6823, 8.455078
826.1644, 41.40674
826.6465, 60.85205
827.1287, 59.79053
827.6108, 61.32715
828.0929, 80.02051
828.5750, 90.02979
829.0571, 61.05225
829.5392, 10.98389
830.0214, 14.73486
830.5035, 7.728516
830.9856, 7.590820
831.4677, 44.95020
831.9498, 70.06689
832.4319, 48.25732
832.9141, 10.42139
833.3962, 5.152832
833.8783, 37.09473
834.3604, 59.77051
834.8425, 34.02490
835.3246, 1.533203
835.8068, 8.555664
836.2889, 32.85352
836.7710, 31.20898
837.2531, 5.147461
837.7352, 7.113770
838.2173, 16.72070
838.6995, 51.04590
839.1816, 58.68408
839.6637, 42.96533
840.1458, 10.15967
840.6279, 39.41602
841.1100, 49.50146
841.5922, 6.414063
842.0743, 71.13672
842.5564, 79.80225
843.0385, 39.09375
843.5206, 12.21973
844.0027, 2.518555
844.4849, 2.966797
844.9670, 9.173828
845.4491, 6.443848
845.9312, 20.73047
846.4133, 58.36523
846.8954, 72.55811
847.3776, 54.34766
847.8597, 44.71729
848.3418, 49.72412
848.8239, 61.05762
849.3060, 88.64990
849.7881, 112.0928
850.2703, 99.26367
850.7524, 57.24854
851.2345, 37.59131
851.7166, 74.05273
852.1987, 114.5259
852.6808, 115.8599
853.1630, 110.2822
853.6451, 143.8062
854.1272, 202.8184
854.6093, 244.9106
855.0914, 253.4858
855.5735, 241.7974
856.0557, 202.1938
856.5378, 158.1133
857.0199, 178.2935
857.5020, 247.5112
857.9841, 291.6968
858.4662, 294.7100
858.9484, 285.4683
859.4305, 285.0146
859.9126, 290.8022
860.3947, 297.0693
860.8768, 303.8809
861.3589, 308.8003
861.8411, 311.1841
862.3232, 313.8921
862.8053, 319.2803
863.2874, 322.9458
863.7695, 313.5547
864.2516, 288.9541
864.7338, 291.3369
865.2159, 364.4414
865.6980, 391.2871
866.1801, 303.1675
866.6622, 216.2964
867.1443, 205.2334
867.6265, 243.8574
868.1086, 275.7329
868.5907, 299.0894
869.0728, 303.0396
869.5549, 276.5776
870.0370, 240.4434
870.5192, 193.5020
871.0013, 149.4629
871.4834, 129.3501
871.9655, 131.5889
872.4476, 135.8013
872.9297, 135.6226
873.4119, 128.7969
873.8940, 105.2051
874.3761, 80.06396
874.8582, 70.71436
875.3403, 76.64307
875.8224, 99.15430
876.3046, 136.4824
876.7867, 157.3105
877.2688, 112.6084
877.7509, 39.61133
878.2330, 13.87061
878.7151, 25.47510
879.1973, 47.35596
879.6794, 72.36133
880.1615, 83.65234
880.6436, 68.19043
881.1257, 43.24902
881.6078, 45.88330
882.0900, 75.31006
882.5721, 94.84961
883.0542, 104.7764
883.5363, 96.09326
884.0184, 57.00586
884.5005, 22.43457
884.9827, 34.10986
885.4648, 83.39111
885.9469, 103.6025
886.4290, 82.34619
886.9111, 64.11328
887.3932, 51.01416
887.8754, 42.02490
888.3575, 40.53223
888.8396, 44.19971
889.3217, 48.19678
889.8038, 52.17627
890.2859, 57.67285
890.7681, 66.15332
891.2502, 74.10449
891.7323, 87.59326
892.2144, 94.48340
892.6965, 75.74707
893.1786, 43.78027
893.6608, 36.92627
894.1429, 74.02393
894.6250, 95.19141
895.1071, 56.41357
895.5892, 15.34961
896.0714, 14.30518
896.5535, 34.11621
897.0356, 50.02686
897.5177, 57.28613
897.9998, 59.92139
898.4819, 54.06201
898.9641, 51.01807
899.4462, 72.97607
899.9283, 96.95166
900.4104, 86.92334
900.8925, 54.02295
901.3746, 35.75928
901.8568, 43.72852
902.3389, 56.47754
902.8210, 54.68652
903.3031, 44.97021
903.7852, 35.71875
904.2673, 28.02686
904.7495, 30.20410
905.2316, 42.33398
905.7137, 56.29297
906.1958, 67.92236
906.6779, 74.27246
907.1600, 67.27002
907.6422, 49.70459
908.1243, 43.83936
908.6064, 49.62451
909.0885, 57.70898
909.5706, 66.86963
910.0527, 69.44434
910.5349, 57.80811
911.0170, 38.29980
911.4991, 33.12158
911.9812, 48.56201
912.4633, 37.53516
912.9454, 16.09082
913.4276, 48.19580
913.9097, 25.92920
914.3918, 11.92188
914.8739, 21.11670
915.3560, 4.812012
915.8381, 8.0077998E-02
916.3203, 14.21240
916.8024, 22.97559
917.2845, 21.34570
917.7666, 21.04541
918.2487, 31.73291
918.7308, 45.02588
919.2130, 46.37061
919.6951, 34.19287
920.1772, 31.12500
920.6593, 49.84326
921.1414, 62.27100
921.6235, 62.24951
922.1057, 54.34766
922.5878, 33.61084
923.0699, 9.532227
923.5520, 3.162109
924.0341, 21.20703
924.5162, 34.66699
924.9984, 28.93994
925.4805, 23.82422
925.9626, 37.13477
926.4447, 50.21533
926.9268, 33.88672
927.4089, 1.422363
927.8911, 13.79980
928.3732, 17.28076
928.8553, 49.75586
929.3374, 56.08545
929.8195, 56.01660
930.3016, 69.89502
930.7838, 87.94189
931.2659, 90.89551
931.7480, 78.24854
932.2301, 68.05420
932.7122, 74.34229
933.1943, 75.90283
933.6765, 37.47168
934.1586, 8.504883
934.6407, 8.403809
935.1228, 24.79492
935.6049, 45.31104
936.0870, 40.99268
936.5692, 31.38232
937.0513, 31.63672
937.5334, 35.80078
938.0155, 32.28125
938.4976, 25.85254
938.9797, 32.76611
939.4619, 50.42773
939.9440, 57.01562
940.4261, 43.73096
940.9082, 26.08887
941.3903, 20.86084
941.8724, 24.40283
942.3546, 27.68604
942.8367, 31.03467
943.3188, 37.54346
943.8009, 46.81055
944.2830, 46.97998
944.7651, 30.61670
945.2472, 12.66748
945.7293, 17.70850
946.2114, 42.06152
946.6935, 61.64844
947.1757, 76.36914
947.6578, 71.48779
948.1399, 41.55469
948.6220, 21.29346
949.1041, 35.43994
949.5862, 67.45557
950.0684, 87.03711
950.5505, 94.49316
951.0326, 74.64453
951.5147, 18.02393
951.9968, 8.391602
952.4789, 20.41895
952.9611, 54.40625
953.4432, 52.95117
953.9253, 28.32959
954.4074, 15.12256
954.8895, 15.23926
955.3716, 19.06348
955.8538, 30.51660
956.3359, 32.01074
956.8180, 9.415527
957.3001, 8.074219
957.7822, 10.01221
958.2643, 54.42432
958.7465, 85.26172
959.2286, 103.2153
959.7107, 104.6504
960.1928, 77.31787
960.6749, 56.38818
961.1570, 59.80859
961.6392, 68.30029
962.1213, 57.72510
962.6034, 32.48584
963.0855, 27.02490
963.5676, 66.03174
964.0497, 80.24414
964.5319, 47.83301
965.0140, 17.03320
965.4961, 1.069336
965.9782, 8.7402001E-02
966.4603, 23.27832
966.9424, 67.94482
967.4246, 88.30127
967.9067, 59.01953
968.3888, 43.56250
968.8709, 58.79785
969.3530, 74.05127
969.8351, 76.17920
970.3173, 69.88672
970.7994, 59.19092
971.2815, 43.47217
971.7636, 30.01025
972.2457, 21.76660
972.7278, 11.09424
973.2100, 16.89453
973.6921, 32.94141
974.1742, 8.131348
974.6563, 32.86279
975.1384, 52.43164
975.6205, 47.55469
976.1027, 43.60693
976.5848, 47.37402
977.0669, 49.75635
977.5490, 49.29785
978.0311, 45.80908
978.5132, 34.14600
978.9954, 21.66357
979.4775, 19.82959
979.9596, 30.17188
980.4417, 47.30322
980.9238, 83.76416
981.4059, 107.9634
981.8881, 104.7910
982.3702, 89.97412
982.8523, 66.04443
983.3344, 42.51758
983.8165, 35.75391
984.2986, 48.54102
984.7808, 63.75879
985.2629, 84.98535
985.7450, 95.01123
986.2271, 83.55664
986.7092, 63.21094
987.1913, 36.45947
987.6735, 11.72705
988.1556, 5.159180
988.6377, 20.14795
989.1198, 35.18555
989.6019, 40.22363
990.0840, 46.01025
990.5662, 69.85693
991.0483, 85.92578
991.5304, 59.12158
992.0125, 9.781738
992.4946, 16.58594
992.9767, 9.320801
993.4589, 3.805664
993.9410, 14.18408
994.4231, 24.12744
994.9052, 37.78760
995.3873, 48.96240
995.8694, 44.03369
996.3516, 34.27441
996.8337, 48.36230
997.3158, 93.31689
997.7979, 126.5054
998.2800, 128.0854
998.7621, 114.2510
999.2443, 82.31055
999.7264, 48.54785
1000.208, 24.00342
1000.691, 10.85352
1001.173, 10.57471
1001.655, 23.52393
1002.137, 45.77393
1002.619, 94.60156
1003.101, 128.4395
1003.583, 106.6074
1004.065, 76.73047
1004.548, 93.80762
1005.030, 134.6904
1005.512, 139.7056
1005.994, 95.88232
1006.476, 61.35693
1006.958, 71.74463
1007.440, 85.62158
1007.922, 74.72559
1008.404, 64.58545
1008.887, 85.53662
1009.369, 122.4365
1009.851, 142.0518
1010.333, 138.2939
1010.815, 126.3633
1011.297, 106.9136
1011.779, 87.93018
1012.261, 66.71680
1012.744, 52.76465
1013.226, 64.62695
1013.708, 86.96289
1014.190, 86.28223
1014.672, 57.73535
1015.154, 41.85254
1015.636, 65.26807
1016.118, 91.09326
1016.600, 111.6172
1017.083, 121.4780
1017.565, 104.6436
1018.047, 78.72852
1018.529, 76.18018
1019.011, 100.6533
1019.493, 119.2690
1019.975, 119.4741
1020.457, 115.8774
1020.940, 106.8833
1021.422, 100.7192
1021.904, 106.3936
1022.386, 118.2695
1022.868, 125.7461
1023.350, 127.6001
1023.832, 136.4614
1024.314, 172.6646
1024.797, 192.6455
1025.279, 166.7891
1025.761, 140.2842
1026.243, 144.9365
1026.725, 162.6006
1027.207, 165.8394
1027.689, 155.0562
1028.171, 154.6768
1028.653, 174.5747
1029.135, 194.2324
1029.618, 217.9702
1030.100, 233.2720
1030.582, 225.7954
1031.064, 211.5117
1031.546, 209.0000
1032.028, 219.8540
1032.510, 231.1846
1032.992, 238.7627
1033.475, 251.5845
1033.957, 270.4922
1034.439, 294.2246
1034.921, 319.3193
1035.403, 352.1211
1035.885, 397.9414
1036.367, 456.6729
1036.849, 524.8916
1037.332, 589.8042
1037.814, 694.8027
1038.296, 853.6514
1038.778, 1034.991
1039.260, 1227.077
1039.742, 1443.025
1040.224, 1703.386
1040.706, 1992.443
1041.188, 2262.317
1041.671, 2499.104
1042.153, 2768.066
1042.635, 3055.623
1043.117, 3398.365
1043.599, 3811.238
1044.081, 4269.772
1044.563, 4764.670
1045.045, 5293.124
1045.527, 5848.917
1046.010, 6422.170
1046.492, 7114.540
1046.974, 7985.798
1047.456, 8823.874
1047.938, 9638.237
1048.420, 10314.00
1048.902, 10807.84
1049.384, 11076.16
1049.866, 11020.76
1050.349, 10655.15
1050.831, 10262.19
1051.313, 9826.543
1051.795, 9472.560
1052.277, 9251.770
1052.759, 8943.977
1053.241, 8458.815
1053.723, 7788.951
1054.206, 6885.478
1054.688, 5813.756
1055.170, 4838.021
1055.652, 3961.102
1056.134, 3207.693
1056.616, 2580.011
1057.098, 2050.997
1057.580, 1610.023
1058.063, 1242.266
1058.545, 933.2607
1059.027, 687.2891
1059.509, 535.5039
1059.991, 463.1680
1060.473, 371.7305
1060.955, 262.5830
1061.437, 191.6655
1061.919, 172.2065
1062.401, 163.7847
1062.884, 138.6191
1063.366, 104.9883
1063.848, 73.42578
1064.330, 44.34766
1064.812, 14.78711
1065.294, 10.72900
1065.776, 12.90625
1066.258, 7.231934
1066.741, 26.49219
1067.223, 33.12207
1067.705, 31.65625
1068.187, 23.92139
1068.669, 13.19775
1069.151, 0.6025390
1069.633, 11.33789
1070.115, 3.069336
1070.598, 18.43018
1071.080, 31.06543
1071.562, 27.76758
1072.044, 19.96875
1072.526, 15.55518
1073.008, 10.26904
1073.490, 1.519531
1073.972, 14.52783
1074.454, 25.58105
1074.937, 32.17334
1075.419, 28.56885
1075.901, 15.40039
1076.383, 3.900391
1076.865, 2.528809
1077.347, 3.500488
1077.829, 9.636719
1078.311, 19.13623
1078.793, 6.459473
1079.276, 12.08203
1079.758, 10.67578
1080.240, 5.014160
1080.722, 9.7167999E-02
1081.204, 45.78125
1081.686, 72.55859
1082.168, 48.76123
1082.650, 29.50098
1083.133, 42.76465
1083.615, 61.00537
1084.097, 62.89014
1084.579, 52.11133
1085.061, 33.63135
1085.543, 2.377930
1086.025, 5.748535
1086.507, 27.36719
1086.990, 50.92676
1087.472, 52.39844
1087.954, 52.75293
1088.436, 66.03223
1088.918, 79.74756
1089.400, 74.84863
1089.882, 53.48730
1090.364, 39.08008
1090.846, 29.64941
1091.328, 39.47656
1091.811, 76.12793
1092.293, 101.8022
1092.775, 100.7153
1093.257, 91.42139
1093.739, 89.07617
1094.221, 96.25928
1094.703, 124.7012
1095.185, 172.4512
1095.668, 208.6807
1096.150, 233.8799
1096.632, 243.5029
1097.114, 238.2886
1097.596, 221.3374
1098.078, 193.5068
1098.560, 172.0303
1099.042, 189.0688
1099.525, 227.4746
1100.007, 243.6860
1100.489, 247.1768
1100.971, 267.8105
1101.453, 301.5200
1101.935, 312.0801
1102.417, 288.4062
1102.899, 266.8066
1103.381, 276.3296
1103.864, 297.5098
1104.346, 315.1758
1104.828, 327.5308
1105.310, 332.3584
1105.792, 334.1582
1106.274, 321.8662
1106.756, 301.4189
1107.238, 305.8643
1107.720, 358.1465
1108.203, 405.4805
1108.685, 419.8896
1109.167, 424.3516
1109.649, 430.7051
1110.131, 435.2861
1110.613, 432.8154
1111.095, 425.0850
1111.577, 417.4062
1112.060, 410.6133
1112.542, 402.2451
1113.024, 380.8994
1113.506, 374.7832
1113.988, 405.4434
1114.470, 429.7920
1114.952, 430.4023
1115.434, 420.3359
1115.917, 419.1738
1116.399, 423.5146
1116.881, 420.3203
1117.363, 405.8545
1117.845, 395.8818
1118.327, 391.5215
1118.809, 387.2207
1119.291, 388.2861
1119.773, 374.0625
1120.255, 316.1064
1120.738, 241.4619
1121.220, 232.2510
1121.702, 275.9307
1122.184, 276.2510
1122.666, 238.7939
1123.148, 209.8398
1123.630, 198.5283
1124.112, 196.1660
1124.595, 196.9121
1125.077, 201.3770
1125.559, 206.0586
1126.041, 204.3516
1126.523, 174.5264
1127.005, 135.1357
1127.487, 122.8115
1127.969, 133.5596
1128.452, 157.0742
1128.934, 185.4053
1129.416, 192.7764
1129.898, 160.2490
1130.380, 123.6240
1130.862, 102.2686
1131.344, 91.18750
1131.826, 89.10059
1132.308, 91.96289
1132.791, 98.97949
1133.273, 106.9580
1133.755, 111.3018
1134.237, 111.5898
1134.719, 101.4375
1135.201, 52.40820
1135.683, 33.51953
1136.165, 93.27148
1136.647, 142.3164
1137.130, 133.0908
1137.612, 99.32520
1138.094, 74.12891
1138.576, 57.05273
1139.058, 47.28809
1139.540, 49.14941
1140.022, 35.62402
1140.504, 3.067383
1140.987, 5.259766
1141.469, 51.30859
1141.951, 102.2803
1142.433, 106.3799
1142.915, 84.41895
1143.397, 65.44043
1143.879, 48.62109
1144.361, 26.37109
1144.844, 3.064453
1145.326, 0.3359380
1145.808, 16.77441
1146.290, 45.05859
1146.772, 77.59082
1147.254, 90.23730
1147.736, 59.75781
1148.218, 31.81250
1148.700, 69.71777
1149.182, 121.8809
1149.665, 136.5693
1150.147, 126.1904
1150.629, 87.02539
1151.111, 37.54297
1151.593, 26.83105
1152.075, 63.61035
1152.557, 96.18066
1153.039, 71.75879
1153.522, 10.98438
1154.004, 28.14453
1154.486, 49.22754
1154.968, 59.92090
1155.450, 10.62695
1155.932, 36.59277
1156.414, 35.05664
1156.896, 30.78418
1157.379, 63.27246
1157.861, 20.41895
1158.343, 38.47559
1158.825, 35.27734
1159.307, 42.59473
1159.789, 17.25488
1160.271, 1.197266
1160.753, 53.92969
1161.235, 77.47559
1161.718, 69.15723
1162.200, 43.22168
1162.682, 0.0000000E+00
##END=



