##NAMES=Hydroxylherderite
##RRUFFID=R050518
##IDEAL CHEMISTRY=CaBePO_4_(OH)
##LOCALITY=Mt. Apatite, Auburn, Maine, USA
##OWNER=RRUFF
##SOURCE=University of Arizona Mineral Museum
##DESCRIPTION=Colorless prismatic crystals
##STATUS=The identification of this mineral has been confirmed by X-ray diffraction and chemical analysis
##URL=rruff.info/R050518
##MEASURED CHEMISTRY=Ca_1.00_Be_1.00_(P_1.00_O_4_)((OH)_0.75_F_0.25_)_Σ=1_
149.8449, 0.0000000E+00
150.3270, 16.74951
150.8091, 53.00488
151.2912, 77.89307
151.7733, 100.6455
152.2555, 117.7842
152.7376, 132.6421
153.2197, 152.7612
153.7018, 184.2759
154.1839, 221.5698
154.6660, 239.2705
155.1481, 216.4443
155.6303, 197.2139
156.1124, 190.1606
156.5945, 193.2100
157.0766, 202.1357
157.5587, 214.0464
158.0408, 229.9741
158.5230, 257.5410
159.0051, 293.3066
159.4872, 346.4194
159.9693, 422.1279
160.4514, 493.7749
160.9335, 554.8052
161.4157, 610.8276
161.8978, 662.6665
162.3799, 721.9185
162.8620, 785.1841
163.3441, 859.9961
163.8262, 946.2266
164.3084, 1046.859
164.7905, 1168.385
165.2726, 1318.412
165.7547, 1493.298
166.2368, 1635.927
166.7189, 1765.301
167.2011, 1847.213
167.6832, 1877.226
168.1653, 1854.691
168.6474, 1775.246
169.1295, 1632.142
169.6116, 1427.648
170.0938, 1222.861
170.5759, 992.9536
171.0580, 787.4771
171.5401, 623.7109
172.0222, 496.3447
172.5043, 385.5278
172.9865, 271.7437
173.4686, 154.3076
173.9507, 121.4473
174.4328, 268.4907
174.9149, 388.9487
175.3970, 386.9409
175.8792, 296.7896
176.3613, 216.3740
176.8434, 220.4932
177.3255, 309.6016
177.8076, 373.9722
178.2897, 384.2568
178.7719, 403.8628
179.2540, 448.0918
179.7361, 522.7446
180.2182, 622.2690
180.7003, 741.0088
181.1824, 873.2012
181.6646, 971.2715
182.1467, 1054.370
182.6288, 1109.437
183.1109, 1130.009
183.5930, 1118.296
184.0751, 1078.645
184.5573, 1011.764
185.0394, 918.5439
185.5215, 822.8647
186.0036, 710.9253
186.4857, 609.9824
186.9678, 529.3398
187.4500, 467.9443
187.9321, 421.0640
188.4142, 384.6353
188.8963, 359.2104
189.3784, 356.1982
189.8605, 391.5571
190.3427, 427.6855
190.8248, 441.3433
191.3069, 442.2402
191.7890, 459.5913
192.2711, 515.1465
192.7532, 602.6240
193.2354, 684.5024
193.7175, 765.0229
194.1996, 839.0479
194.6817, 913.0586
195.1638, 981.9526
195.6459, 1027.706
196.1281, 1040.596
196.6102, 1023.881
197.0923, 986.9043
197.5744, 923.2534
198.0565, 845.9624
198.5386, 750.5564
199.0208, 642.4441
199.5029, 536.2600
199.9850, 437.2949
200.4671, 346.9194
200.9492, 276.8838
201.4313, 242.4365
201.9135, 206.7368
202.3956, 149.5110
202.8777, 82.84497
203.3598, 34.30591
203.8419, 21.26953
204.3240, 33.36084
204.8061, 26.12158
205.2883, 16.46460
205.7704, 55.93311
206.2525, 84.29834
206.7346, 102.6663
207.2167, 111.6169
207.6988, 110.4534
208.1810, 102.1792
208.6631, 99.58911
209.1452, 109.6973
209.6273, 116.1707
210.1094, 117.6716
210.5915, 113.2800
211.0737, 99.96875
211.5558, 75.81274
212.0379, 45.19775
212.5200, 18.96216
213.0021, 4.481689
213.4842, 21.66016
213.9664, 25.82373
214.4485, 25.13770
214.9306, 30.23828
215.4127, 44.95850
215.8948, 67.28223
216.3769, 94.06592
216.8591, 128.9851
217.3412, 161.7065
217.8233, 184.7039
218.3054, 207.5742
218.7875, 243.0938
219.2696, 295.3086
219.7518, 355.1147
220.2339, 407.7217
220.7160, 447.3289
221.1981, 490.8589
221.6802, 543.1035
222.1623, 597.5371
222.6445, 652.3032
223.1266, 706.1919
223.6087, 749.5413
224.0908, 769.4377
224.5729, 759.5334
225.0550, 735.8887
225.5372, 688.6289
226.0193, 634.6511
226.5014, 587.3164
226.9835, 548.5496
227.4656, 509.8374
227.9477, 461.1121
228.4298, 398.0176
228.9120, 341.0972
229.3941, 289.1067
229.8762, 243.1675
230.3583, 203.8564
230.8404, 171.1841
231.3225, 145.5706
231.8047, 128.8420
232.2868, 123.2786
232.7689, 108.1067
233.2510, 70.28125
233.7331, 36.38818
234.2152, 20.43726
234.6974, 20.21558
235.1795, 25.96460
235.6616, 30.81592
236.1437, 34.74756
236.6258, 33.64893
237.1079, 18.28223
237.5901, 8.077637
238.0722, 13.36401
238.5543, 28.96631
239.0364, 42.81885
239.5185, 46.73120
240.0006, 42.61841
240.4828, 46.12964
240.9649, 74.15991
241.4470, 90.93701
241.9291, 83.38843
242.4112, 61.79541
242.8933, 39.12158
243.3755, 21.32520
243.8576, 10.69360
244.3397, 15.43237
244.8218, 63.73901
245.3039, 92.48022
245.7860, 81.67090
246.2682, 55.37427
246.7503, 40.43555
247.2324, 47.24609
247.7145, 66.24976
248.1966, 76.89746
248.6787, 74.18774
249.1609, 70.79590
249.6430, 55.68237
250.1251, 47.05811
250.6072, 64.83252
251.0893, 111.8101
251.5714, 168.4866
252.0535, 206.3987
252.5357, 221.2490
253.0178, 227.1074
253.4999, 218.9070
253.9820, 207.1553
254.4641, 193.2278
254.9462, 179.8865
255.4284, 174.8660
255.9105, 190.4194
256.3926, 232.3525
256.8747, 261.3315
257.3568, 267.9875
257.8390, 269.0698
258.3211, 269.0261
258.8032, 268.6133
259.2853, 267.5969
259.7674, 265.4370
260.2495, 262.2258
260.7317, 260.5300
261.2138, 262.2703
261.6959, 263.2349
262.1780, 258.9612
262.6601, 253.1636
263.1422, 251.4302
263.6244, 257.1985
264.1065, 268.8875
264.5886, 281.0986
265.0707, 299.8718
265.5528, 309.3499
266.0349, 294.5911
266.5170, 271.9717
266.9991, 262.0381
267.4813, 276.0671
267.9634, 300.1050
268.4455, 308.2363
268.9276, 295.0518
269.4097, 291.4402
269.8918, 326.0796
270.3740, 366.0691
270.8561, 381.2556
271.3382, 361.4697
271.8203, 332.4204
272.3024, 322.2520
272.7845, 330.8052
273.2667, 330.7180
273.7488, 310.0618
274.2309, 282.5061
274.7130, 261.7979
275.1951, 248.4817
275.6772, 234.9060
276.1594, 216.9275
276.6415, 194.9185
277.1236, 167.3901
277.6057, 127.2087
278.0878, 94.56787
278.5699, 94.77197
279.0521, 122.3408
279.5342, 146.2727
280.0163, 153.3667
280.4984, 150.9636
280.9805, 147.9771
281.4626, 144.3064
281.9448, 146.4248
282.4269, 164.5002
282.9090, 194.1152
283.3911, 214.4460
283.8732, 221.7554
284.3553, 219.7856
284.8375, 208.4946
285.3196, 189.0261
285.8017, 168.8003
286.2838, 150.7097
286.7659, 135.9529
287.2480, 127.6616
287.7302, 130.8228
288.2123, 134.2485
288.6944, 132.5869
289.1765, 127.8516
289.6586, 123.5171
290.1407, 120.2791
290.6229, 120.4163
291.1050, 129.9673
291.5871, 153.0935
292.0692, 176.1165
292.5513, 200.5212
293.0334, 223.4905
293.5156, 241.3118
293.9977, 253.0750
294.4798, 261.0015
294.9619, 267.4026
295.4440, 271.9204
295.9261, 276.8904
296.4083, 280.8120
296.8904, 286.6689
297.3725, 297.0056
297.8546, 311.1040
298.3367, 326.3318
298.8188, 340.7239
299.3010, 354.3210
299.7831, 363.5842
300.2652, 358.5161
300.7473, 359.3267
301.2294, 377.6035
301.7115, 405.2493
302.1937, 428.0803
302.6758, 437.7920
303.1579, 437.1353
303.6400, 441.3733
304.1221, 459.2253
304.6042, 467.8022
305.0864, 458.7053
305.5685, 442.7920
306.0506, 429.2812
306.5327, 421.4060
307.0148, 418.3088
307.4969, 420.9045
307.9791, 432.9404
308.4612, 436.8770
308.9433, 424.0583
309.4254, 407.9680
309.9075, 392.9563
310.3896, 379.6338
310.8718, 368.7681
311.3539, 360.4456
311.8360, 354.8923
312.3181, 354.4102
312.8002, 369.2747
313.2823, 373.9060
313.7644, 344.2124
314.2466, 293.0747
314.7287, 253.6956
315.2108, 245.7915
315.6929, 256.3694
316.1750, 264.1697
316.6571, 269.2485
317.1393, 268.6965
317.6214, 253.5925
318.1035, 234.2161
318.5856, 227.7197
319.0677, 240.0823
319.5498, 260.8542
320.0320, 285.3105
320.5141, 311.5449
320.9962, 330.4619
321.4783, 338.4722
321.9604, 340.3049
322.4425, 341.0181
322.9247, 339.5745
323.4068, 345.6755
323.8889, 371.3354
324.3710, 402.6919
324.8531, 417.8611
325.3352, 412.3193
325.8174, 403.9321
326.2995, 412.6785
326.7816, 443.0391
327.2637, 467.4387
327.7458, 486.4812
328.2279, 499.1489
328.7101, 501.9395
329.1922, 497.6028
329.6743, 493.8530
330.1564, 495.7556
330.6385, 503.0154
331.1206, 512.8928
331.6028, 536.3506
332.0849, 549.6990
332.5670, 536.3254
333.0491, 515.5156
333.5312, 512.3350
334.0133, 536.3621
334.4955, 575.2422
334.9776, 607.7329
335.4597, 638.1851
335.9418, 651.6968
336.4239, 631.2102
336.9060, 608.6597
337.3882, 604.4883
337.8703, 619.4797
338.3524, 640.3396
338.8345, 657.4290
339.3166, 670.6724
339.7987, 673.3423
340.2809, 662.2280
340.7630, 643.7136
341.2451, 614.5549
341.7272, 581.2971
342.2093, 557.3721
342.6914, 552.4287
343.1736, 556.2744
343.6557, 548.6638
344.1378, 526.6685
344.6199, 510.8582
345.1020, 517.9043
345.5841, 531.2141
346.0663, 528.8655
346.5484, 505.1509
347.0305, 479.9307
347.5126, 467.3721
347.9947, 464.1853
348.4768, 459.0854
348.9590, 448.0906
349.4411, 438.2036
349.9232, 442.3003
350.4053, 460.7874
350.8874, 467.2454
351.3695, 448.1160
351.8517, 420.9744
352.3338, 403.5217
352.8159, 395.5715
353.2980, 382.5864
353.7801, 352.0559
354.2622, 306.4878
354.7444, 275.9778
355.2265, 269.1155
355.7086, 264.0452
356.1907, 261.2258
356.6728, 254.5107
357.1549, 231.9058
357.6371, 188.6692
358.1192, 137.0696
358.6013, 101.2244
359.0834, 87.68384
359.5655, 79.13159
360.0476, 80.60327
360.5298, 82.36084
361.0119, 77.87622
361.4940, 67.16187
361.9761, 54.46045
362.4582, 43.09863
362.9403, 33.09912
363.4224, 24.39893
363.9045, 15.93604
364.3867, 10.55273
364.8688, 13.97241
365.3509, 19.55640
365.8330, 16.45166
366.3151, 2.014648
366.7972, 25.51196
367.2794, 39.65381
367.7615, 44.39062
368.2436, 40.22925
368.7257, 19.25708
369.2078, 4.267090
369.6899, 15.94141
370.1721, 14.77344
370.6542, 9.155762
371.1363, 1.508057
371.6184, 7.102295
372.1005, 14.99536
372.5826, 22.22021
373.0648, 26.87598
373.5469, 27.56445
374.0290, 23.96973
374.5111, 16.36841
374.9932, 4.750488
375.4753, 21.12427
375.9575, 16.56274
376.4396, 1.911133
376.9217, 13.01245
377.4038, 5.293213
377.8859, 12.30225
378.3680, 16.54199
378.8502, 17.43677
379.3323, 30.85522
379.8144, 2.973877
380.2965, 33.15479
380.7786, 49.11792
381.2607, 41.59839
381.7429, 25.53979
382.2250, 15.89722
382.7071, 13.09180
383.1892, 10.99927
383.6713, 10.58252
384.1534, 9.849609
384.6356, 3.845215
385.1177, 1.940918
385.5998, 3.098389
386.0819, 26.30908
386.5640, 55.40649
387.0461, 65.98560
387.5283, 54.17529
388.0104, 43.75635
388.4925, 43.94775
388.9746, 45.42603
389.4567, 39.32300
389.9388, 25.07129
390.4210, 11.62891
390.9031, 3.917480
391.3852, 0.8159180
391.8673, 0.7189940
392.3494, 4.079590
392.8315, 6.808105
393.3137, 4.508545
393.7958, 1.442871
394.2779, 3.218994
394.7600, 2.441895
395.2421, 9.473877
395.7242, 13.22021
396.2064, 15.88892
396.6885, 24.56470
397.1706, 42.92749
397.6527, 63.16235
398.1348, 69.65063
398.6169, 50.43921
399.0991, 39.90625
399.5812, 45.57935
400.0633, 53.67358
400.5454, 52.82495
401.0275, 44.46680
401.5096, 39.34473
401.9918, 47.62012
402.4739, 67.10547
402.9560, 75.47266
403.4381, 60.54272
403.9202, 51.74756
404.4023, 59.46313
404.8845, 74.62158
405.3666, 88.58569
405.8487, 98.89160
406.3308, 104.3066
406.8129, 99.54761
407.2950, 84.98657
407.7772, 80.04053
408.2593, 91.64160
408.7414, 108.5242
409.2235, 123.0491
409.7056, 135.1643
410.1877, 144.2485
410.6699, 146.1414
411.1520, 147.3450
411.6341, 156.4829
412.1162, 172.9219
412.5983, 187.9822
413.0804, 195.8994
413.5625, 200.5132
414.0446, 214.0076
414.5268, 241.0100
415.0089, 269.0496
415.4910, 298.8306
415.9731, 325.1345
416.4552, 340.5879
416.9373, 345.6113
417.4195, 350.0103
417.9016, 363.4670
418.3837, 386.4729
418.8658, 413.6997
419.3479, 445.9336
419.8300, 482.3479
420.3122, 521.4644
420.7943, 564.7751
421.2764, 617.2551
421.7585, 681.8789
422.2406, 747.3335
422.7227, 790.3799
423.2049, 805.1602
423.6870, 837.2637
424.1691, 909.7480
424.6512, 984.1721
425.1333, 1040.418
425.6154, 1079.183
426.0976, 1101.394
426.5797, 1106.986
427.0618, 1096.292
427.5439, 1065.737
428.0260, 1015.388
428.5081, 961.6694
428.9903, 911.4714
429.4724, 865.3923
429.9545, 821.6846
430.4366, 779.1680
430.9187, 745.0129
431.4008, 715.8796
431.8830, 695.6204
432.3651, 692.6858
432.8472, 708.5569
433.3293, 732.6572
433.8114, 755.7017
434.2935, 777.2356
434.7757, 798.1882
435.2578, 813.1111
435.7399, 835.4163
436.2220, 870.8813
436.7041, 913.3245
437.1862, 956.1721
437.6684, 998.9204
438.1505, 1044.255
438.6326, 1098.797
439.1147, 1163.531
439.5968, 1225.771
440.0789, 1277.174
440.5611, 1333.004
441.0432, 1397.697
441.5253, 1473.531
442.0074, 1568.707
442.4895, 1688.772
442.9716, 1828.122
443.4538, 1996.639
443.9359, 2189.448
444.4180, 2349.811
444.9001, 2446.063
445.3822, 2499.528
445.8643, 2557.543
446.3465, 2627.915
446.8286, 2683.090
447.3107, 2731.267
447.7928, 2753.294
448.2749, 2728.337
448.7570, 2656.996
449.2392, 2556.508
449.7213, 2439.340
450.2034, 2305.762
450.6855, 2147.886
451.1676, 1945.460
451.6497, 1745.269
452.1319, 1542.119
452.6140, 1351.600
453.0961, 1189.496
453.5782, 1059.079
454.0603, 950.8772
454.5424, 860.6211
455.0246, 786.5059
455.5067, 712.1228
455.9888, 633.1667
456.4709, 559.9856
456.9530, 503.1528
457.4352, 456.4158
457.9173, 407.6160
458.3994, 345.0022
458.8815, 292.1113
459.3636, 275.5203
459.8457, 281.3445
460.3279, 271.6204
460.8100, 233.4888
461.2921, 186.3999
461.7742, 156.0811
462.2563, 147.0422
462.7384, 138.1028
463.2205, 126.0676
463.7026, 117.3086
464.1848, 120.7192
464.6669, 128.9744
465.1490, 125.6301
465.6311, 101.3967
466.1132, 69.44897
466.5953, 60.90137
467.0775, 85.75806
467.5596, 99.81641
468.0417, 87.42236
468.5238, 70.96191
469.0059, 64.04053
469.4880, 64.91406
469.9702, 62.92212
470.4523, 51.31714
470.9344, 34.20703
471.4165, 14.81006
471.8986, 6.601318
472.3807, 19.38281
472.8629, 16.70581
473.3450, 5.051758
473.8271, 2.730957
474.3092, 6.024902
474.7913, 8.452393
475.2734, 11.93115
475.7556, 13.89185
476.2377, 10.98926
476.7198, 3.909668
477.2019, 3.373291
477.6840, 7.988037
478.1661, 10.56763
478.6483, 14.13525
479.1304, 18.23145
479.6125, 24.28833
480.0946, 37.57446
480.5767, 49.17700
481.0588, 48.95630
481.5410, 37.36084
482.0231, 27.48877
482.5052, 34.34546
482.9873, 51.32568
483.4694, 54.23901
483.9515, 39.64941
484.4337, 25.65405
484.9158, 25.18823
485.3979, 29.82568
485.8800, 18.89111
486.3621, 22.00122
486.8442, 45.42407
487.3264, 13.95264
487.8085, 35.76001
488.2906, 54.63379
488.7727, 37.31812
489.2548, 12.80371
489.7369, 5.454834
490.2191, 14.13477
490.7012, 21.44995
491.1833, 28.83057
491.6654, 32.86401
492.1475, 32.87378
492.6296, 29.46704
493.1118, 22.25952
493.5939, 11.55786
494.0760, 0.3393550
494.5581, 8.837646
495.0402, 16.03735
495.5223, 21.15430
496.0045, 22.94727
496.4866, 25.94434
496.9687, 30.58350
497.4508, 38.87061
497.9329, 55.13794
498.4150, 83.10010
498.8972, 111.9514
499.3793, 136.9773
499.8614, 159.2622
500.3435, 178.5161
500.8256, 195.2444
501.3077, 215.2766
501.7899, 244.3447
502.2720, 282.0581
502.7541, 320.9031
503.2362, 351.4294
503.7183, 394.8342
504.2004, 462.3308
504.6826, 540.2087
505.1647, 613.6228
505.6468, 679.8083
506.1289, 746.3472
506.6110, 822.0776
507.0931, 905.7791
507.5753, 986.6487
508.0574, 1060.277
508.5395, 1142.273
509.0216, 1246.235
509.5037, 1363.155
509.9858, 1473.458
510.4680, 1568.720
510.9501, 1673.649
511.4322, 1793.722
511.9143, 1932.942
512.3964, 2098.653
512.8785, 2291.024
513.3607, 2500.010
513.8428, 2715.344
514.3249, 2938.142
514.8070, 3183.969
515.2891, 3471.931
515.7712, 3759.281
516.2534, 4061.950
516.7355, 4349.624
517.2176, 4621.705
517.6997, 4864.009
518.1818, 5010.867
518.6639, 4997.034
519.1461, 4838.949
519.6282, 4586.866
520.1103, 4230.075
520.5924, 3826.493
521.0745, 3377.200
521.5566, 2913.299
522.0388, 2479.936
522.5209, 2067.799
523.0030, 1721.082
523.4851, 1465.287
523.9672, 1275.761
524.4493, 1136.189
524.9315, 1038.449
525.4136, 960.8977
525.8957, 888.1338
526.3778, 823.8958
526.8599, 783.8835
527.3420, 777.3684
527.8242, 779.6929
528.3063, 788.3220
528.7884, 803.5911
529.2705, 826.9778
529.7526, 856.7253
530.2347, 889.4639
530.7169, 932.2678
531.1990, 973.6853
531.6811, 991.4321
532.1632, 985.3330
532.6453, 960.9399
533.1274, 914.2754
533.6096, 858.9175
534.0917, 819.2715
534.5738, 799.7666
535.0559, 771.2678
535.5380, 724.3416
536.0201, 673.6199
536.5022, 618.8523
536.9843, 568.4478
537.4664, 543.2014
537.9485, 553.6653
538.4307, 580.1055
538.9128, 580.4014
539.3949, 545.0049
539.8770, 528.9719
540.3591, 550.1306
540.8412, 573.8599
541.3234, 577.7620
541.8055, 572.0312
542.2876, 580.8052
542.7697, 620.0132
543.2518, 661.5945
543.7339, 681.9358
544.2161, 686.2793
544.6982, 685.1431
545.1803, 680.9011
545.6624, 676.4443
546.1445, 678.5654
546.6266, 690.2683
547.1088, 697.9062
547.5909, 699.7542
548.0730, 697.1865
548.5551, 685.4993
549.0372, 672.1890
549.5193, 668.1062
550.0015, 674.9888
550.4836, 681.4397
550.9657, 671.2122
551.4478, 648.7983
551.9299, 645.3857
552.4120, 668.3074
552.8942, 682.9810
553.3763, 666.9863
553.8584, 633.9644
554.3405, 610.8870
554.8226, 599.2456
555.3047, 593.1226
555.7869, 600.4836
556.2690, 605.9622
556.7511, 589.4443
557.2332, 554.9146
557.7153, 524.5872
558.1974, 512.6714
558.6796, 512.7739
559.1617, 505.7153
559.6438, 488.9045
560.1259, 471.6943
560.6080, 443.6060
561.0901, 425.5447
561.5723, 435.7036
562.0544, 466.4722
562.5365, 492.2288
563.0186, 498.8984
563.5007, 499.9197
563.9828, 507.6792
564.4650, 521.8357
564.9471, 540.6028
565.4292, 562.9998
565.9113, 592.7649
566.3934, 635.0203
566.8755, 690.9326
567.3577, 746.1694
567.8398, 805.0056
568.3219, 858.2029
568.8040, 893.9526
569.2861, 927.0493
569.7682, 973.0901
570.2504, 1035.989
570.7325, 1112.979
571.2146, 1206.745
571.6967, 1312.981
572.1788, 1411.335
572.6609, 1500.071
573.1431, 1588.494
573.6252, 1679.690
574.1073, 1775.108
574.5894, 1878.063
575.0715, 1990.049
575.5536, 2104.287
576.0358, 2223.153
576.5179, 2341.263
577.0000, 2449.062
577.4821, 2551.614
577.9642, 2663.972
578.4464, 2794.089
578.9285, 2936.342
579.4106, 3078.744
579.8927, 3221.326
580.3748, 3363.854
580.8569, 3499.512
581.3391, 3642.960
581.8212, 3807.044
582.3033, 3983.412
582.7854, 4153.521
583.2675, 4319.529
583.7496, 4467.111
584.2318, 4584.062
584.7139, 4675.455
585.1960, 4747.631
585.6781, 4802.123
586.1602, 4843.439
586.6423, 4877.108
587.1245, 4899.440
587.6066, 4891.007
588.0887, 4826.629
588.5708, 4771.508
589.0529, 4731.582
589.5350, 4705.100
590.0172, 4691.077
590.4993, 4688.479
590.9814, 4695.361
591.4635, 4706.988
591.9456, 4730.889
592.4277, 4779.277
592.9099, 4850.335
593.3920, 4936.434
593.8741, 5038.066
594.3562, 5150.578
594.8383, 5271.507
595.3204, 5405.851
595.8026, 5494.191
596.2847, 5557.527
596.7668, 5558.365
597.2489, 5476.772
597.7310, 5330.057
598.2131, 5131.810
598.6953, 4887.943
599.1774, 4617.314
599.6595, 4327.894
600.1416, 4024.928
600.6237, 3721.321
601.1058, 3415.785
601.5880, 3120.339
602.0701, 2835.198
602.5522, 2571.046
603.0343, 2348.639
603.5164, 2173.441
603.9985, 2008.728
604.4807, 1850.677
604.9628, 1704.507
605.4449, 1574.862
605.9270, 1459.688
606.4091, 1352.633
606.8912, 1252.101
607.3734, 1159.834
607.8555, 1080.883
608.3376, 1015.044
608.8197, 948.9268
609.3018, 878.2568
609.7839, 816.7747
610.2661, 777.6614
610.7482, 751.0457
611.2303, 715.4099
611.7124, 666.0178
612.1945, 619.2659
612.6766, 576.6802
613.1588, 541.5359
613.6409, 522.6123
614.1230, 514.3875
614.6051, 499.1172
615.0872, 466.3667
615.5693, 426.5913
616.0515, 401.2375
616.5336, 392.7961
617.0157, 382.3647
617.4978, 366.6304
617.9799, 351.2505
618.4620, 339.7769
618.9442, 331.0447
619.4263, 323.4722
619.9084, 319.0925
620.3905, 311.1560
620.8726, 294.3816
621.3547, 273.5574
621.8369, 254.8176
622.3190, 238.3416
622.8011, 220.8440
623.2832, 200.2559
623.7653, 176.8630
624.2474, 148.2803
624.7296, 107.5710
625.2117, 86.97900
625.6938, 108.4756
626.1759, 130.5737
626.6580, 121.3616
627.1401, 93.34106
627.6223, 81.16187
628.1044, 104.0906
628.5865, 125.5366
629.0686, 119.7690
629.5507, 100.5234
630.0328, 84.99780
630.5150, 77.28687
630.9971, 83.22510
631.4792, 110.3345
631.9613, 148.5876
632.4434, 155.3013
632.9255, 113.0046
633.4077, 84.75513
633.8898, 84.97192
634.3719, 96.22168
634.8539, 113.0681
635.3361, 132.5042
635.8182, 146.2393
636.3003, 150.6802
636.7824, 150.5867
637.2645, 149.4727
637.7466, 145.8501
638.2288, 134.9194
638.7109, 117.0342
639.1930, 100.9561
639.6751, 94.14673
640.1572, 94.13696
640.6393, 88.56470
641.1215, 73.06421
641.6036, 62.64771
642.0857, 70.22070
642.5678, 73.62109
643.0499, 51.51514
643.5320, 12.72681
644.0142, 11.07373
644.4963, 0.3107910
644.9784, 14.15796
645.4605, 7.245361
645.9426, 12.11304
646.4247, 32.78906
646.9069, 51.62354
647.3890, 64.28638
647.8711, 66.79492
648.3532, 61.02100
648.8353, 54.86621
649.3174, 47.75122
649.7996, 41.55444
650.2817, 30.77686
650.7638, 26.88159
651.2459, 44.84180
651.7280, 76.34058
652.2101, 94.00244
652.6923, 83.56982
653.1744, 67.21216
653.6565, 57.39087
654.1386, 50.73242
654.6207, 41.62402
655.1028, 29.68604
655.5850, 18.88647
656.0671, 12.16650
656.5492, 8.904053
657.0313, 7.713379
657.5134, 10.13159
657.9955, 9.119629
658.4777, 0.7285160
658.9598, 7.924072
659.4419, 10.51245
659.9240, 9.506104
660.4061, 11.90723
660.8882, 17.55762
661.3704, 29.26221
661.8525, 57.80347
662.3346, 87.89380
662.8167, 92.71191
663.2988, 76.56982
663.7809, 74.06470
664.2631, 110.3372
664.7452, 166.4685
665.2273, 194.7197
665.7094, 191.3528
666.1915, 183.9629
666.6736, 170.9514
667.1558, 162.1587
667.6379, 165.1567
668.1200, 177.5637
668.6021, 194.6770
669.0842, 220.4858
669.5663, 242.6533
670.0485, 250.6392
670.5306, 257.9866
671.0127, 279.7852
671.4948, 312.6531
671.9769, 343.1531
672.4590, 363.7791
672.9412, 379.0796
673.4233, 395.3228
673.9054, 412.5898
674.3875, 433.2314
674.8696, 458.2053
675.3517, 485.1038
675.8339, 514.5894
676.3160, 543.8147
676.7981, 563.9832
677.2802, 567.2605
677.7623, 581.9814
678.2444, 629.3337
678.7266, 672.7478
679.2087, 686.2014
679.6908, 678.5911
680.1729, 668.6572
680.6550, 663.1965
681.1371, 661.7629
681.6193, 665.7720
682.1014, 673.6855
682.5835, 680.1643
683.0656, 684.8833
683.5477, 689.6667
684.0298, 698.7119
684.5120, 702.1423
684.9941, 678.2754
685.4762, 609.7354
685.9583, 572.2695
686.4404, 588.6211
686.9225, 607.6384
687.4047, 616.6062
687.8868, 615.0291
688.3689, 598.0256
688.8510, 566.2056
689.3331, 542.8311
689.8152, 557.2478
690.2974, 582.9709
690.7795, 573.2756
691.2616, 535.1887
691.7437, 506.6345
692.2258, 500.7683
692.7079, 506.6482
693.1901, 512.3345
693.6722, 517.9880
694.1543, 516.4136
694.6364, 501.7678
695.1185, 489.3647
695.6006, 481.7341
696.0828, 478.2764
696.5649, 481.3984
697.0470, 489.5667
697.5291, 492.7771
698.0112, 480.4209
698.4933, 468.8213
698.9755, 471.9158
699.4576, 482.7500
699.9397, 489.9263
700.4218, 491.3640
700.9039, 491.1238
701.3860, 492.5469
701.8682, 493.9502
702.3503, 494.1677
702.8324, 493.3909
703.3145, 485.8469
703.7966, 464.5745
704.2787, 443.2390
704.7609, 435.0742
705.2430, 436.2747
705.7251, 432.4739
706.2072, 423.9163
706.6893, 410.4026
707.1714, 384.5483
707.6536, 359.7214
708.1357, 349.0000
708.6178, 348.6597
709.0999, 347.7634
709.5820, 341.5720
710.0641, 328.1814
710.5463, 303.8699
711.0284, 271.2324
711.5105, 235.5916
711.9926, 196.5264
712.4747, 170.5698
712.9568, 169.7258
713.4390, 181.4963
713.9211, 181.3811
714.4032, 165.3467
714.8853, 149.2383
715.3674, 128.4641
715.8495, 112.6736
716.3317, 111.8123
716.8138, 114.5002
717.2959, 104.1538
717.7780, 78.56299
718.2601, 57.00708
718.7422, 53.68823
719.2244, 57.28418
719.7065, 54.80664
720.1886, 48.87671
720.6707, 49.64600
721.1528, 59.26587
721.6349, 64.94409
722.1171, 51.73291
722.5992, 23.77100
723.0813, 9.765381
723.5634, 12.74097
724.0455, 19.87842
724.5276, 33.05688
725.0098, 44.25269
725.4919, 44.18457
725.9740, 35.74634
726.4561, 30.48755
726.9382, 28.99878
727.4203, 31.40918
727.9025, 43.30542
728.3846, 54.85278
728.8667, 58.09570
729.3488, 52.94531
729.8309, 40.77271
730.3130, 21.05762
730.7952, 2.279053
731.2773, 2.396484
731.7594, 3.186768
732.2415, 2.145264
732.7236, 7.205078
733.2057, 6.885010
733.6878, 15.93384
734.1699, 45.76562
734.6520, 51.38306
735.1342, 23.11963
735.6163, 6.274170
736.0984, 12.04883
736.5805, 15.60278
737.0626, 3.279541
737.5447, 10.97192
738.0269, 9.365723
738.5090, 9.450439
738.9911, 25.73022
739.4732, 33.03662
739.9553, 32.92285
740.4374, 21.39478
740.9196, 5.133057
741.4017, 3.963623
741.8838, 3.818848
742.3659, 0.7766110
742.8480, 0.3374020
743.3301, 0.4255370
743.8123, 5.679443
744.2944, 18.31860
744.7765, 31.22363
745.2586, 45.19922
745.7407, 53.18530
746.2228, 46.49731
746.7050, 30.06152
747.1871, 24.19873
747.6692, 35.39038
748.1513, 46.47681
748.6334, 56.91553
749.1155, 67.10083
749.5977, 76.78027
750.0798, 86.49658
750.5619, 97.90796
751.0440, 111.6897
751.5261, 123.2422
752.0082, 125.3682
752.4904, 125.9575
752.9725, 137.1716
753.4546, 156.6094
753.9367, 173.6577
754.4188, 184.7622
754.9009, 196.1890
755.3831, 215.4575
755.8652, 241.5083
756.3473, 266.3677
756.8294, 291.7275
757.3115, 308.2842
757.7936, 308.2595
758.2758, 306.3696
758.7579, 319.2930
759.2400, 344.2861
759.7221, 357.2107
760.2042, 346.7373
760.6863, 339.4441
761.1685, 336.6228
761.6506, 341.4480
762.1327, 361.6775
762.6148, 390.6885
763.0969, 414.4160
763.5790, 427.7856
764.0612, 433.3638
764.5433, 430.6555
765.0254, 423.0078
765.5075, 413.8386
765.9896, 404.7231
766.4717, 401.6287
766.9539, 407.3394
767.4360, 414.0288
767.9181, 410.4827
768.4002, 396.0796
768.8823, 383.3323
769.3644, 370.9739
769.8466, 365.5640
770.3287, 374.1289
770.8108, 383.7083
771.2929, 377.0386
771.7750, 357.1340
772.2571, 356.3359
772.7393, 397.8979
773.2214, 428.6157
773.7035, 429.6038
774.1856, 421.6274
774.6677, 422.3735
775.1498, 428.5461
775.6320, 427.3757
776.1141, 411.8672
776.5962, 394.3696
777.0783, 387.1833
777.5604, 388.0801
778.0425, 391.8472
778.5247, 395.3574
779.0068, 396.6797
779.4889, 396.8855
779.9710, 396.3513
780.4531, 395.9497
780.9352, 395.7761
781.4174, 391.1602
781.8995, 380.9810
782.3816, 368.4214
782.8637, 351.3140
783.3458, 335.8311
783.8279, 329.5337
784.3101, 332.0632
784.7922, 334.2053
785.2743, 339.4285
785.7564, 339.2932
786.2385, 328.5974
786.7206, 316.4585
787.2028, 308.4595
787.6849, 302.7954
788.1670, 297.8132
788.6491, 294.3779
789.1312, 287.4521
789.6133, 266.0811
790.0955, 243.6807
790.5776, 240.7854
791.0597, 252.2058
791.5418, 261.4050
792.0239, 261.9875
792.5060, 255.0020
792.9882, 239.5200
793.4703, 218.0891
793.9524, 202.3442
794.4345, 192.5103
794.9166, 188.9534
795.3987, 193.3755
795.8809, 197.8640
796.3630, 195.5845
796.8451, 187.3364
797.3272, 177.6465
797.8093, 169.0630
798.2914, 154.8101
798.7736, 121.8472
799.2557, 96.81567
799.7378, 101.0684
800.2199, 119.1030
800.7020, 123.2751
801.1841, 106.9175
801.6663, 91.47534
802.1484, 84.94043
802.6305, 83.83325
803.1126, 89.45825
803.5947, 97.11572
804.0768, 99.94629
804.5590, 96.25391
805.0411, 86.94409
805.5232, 69.64014
806.0053, 51.66211
806.4874, 48.76514
806.9695, 57.76294
807.4517, 62.15649
807.9338, 59.21216
808.4159, 57.44897
808.8980, 63.74756
809.3801, 71.52417
809.8622, 61.95190
810.3444, 27.13013
810.8265, 10.25073
811.3086, 21.08252
811.7907, 31.09595
812.2728, 25.08545
812.7549, 14.93164
813.2371, 18.35229
813.7192, 35.98364
814.2013, 47.38574
814.6834, 50.84204
815.1655, 47.77563
815.6476, 31.65405
816.1298, 14.58887
816.6119, 7.675049
817.0940, 9.861816
817.5761, 14.46899
818.0582, 20.13135
818.5403, 23.28882
819.0225, 16.34717
819.5046, 8.119629
819.9867, 15.67114
820.4688, 33.43506
820.9509, 38.85132
821.4330, 23.62744
821.9152, 4.044678
822.3973, 0.5305180
822.8794, 6.427490
823.3615, 12.00024
823.8436, 16.21094
824.3257, 14.23242
824.8079, 3.124023
825.2900, 4.777832
825.7721, 3.224609
826.2542, 22.00488
826.7363, 26.39966
827.2184, 5.894775
827.7006, 3.220215
828.1827, 10.63330
828.6648, 23.32056
829.1469, 19.47754
829.6290, 9.097412
830.1111, 8.880127
830.5933, 22.21558
831.0754, 25.23926
831.5575, 2.294189
832.0396, 18.66943
832.5217, 26.40088
833.0038, 25.05835
833.4859, 13.68823
833.9680, 2.899414
834.4501, 7.365967
834.9323, 16.10693
835.4144, 37.52515
835.8965, 22.22949
836.3786, 8.315430
836.8607, 21.76514
837.3428, 18.01050
837.8250, 8.666992
838.3071, 1.157227
838.7892, 8.970947
839.2713, 11.95044
839.7534, 10.24463
840.2355, 2.839355
840.7177, 10.22607
841.1998, 19.27954
841.6819, 21.40039
842.1640, 21.90015
842.6461, 26.53662
843.1282, 32.58423
843.6104, 26.02979
844.0925, 1.624512
844.5746, 16.88403
845.0567, 11.09912
845.5388, 3.185547
846.0209, 2.941162
846.5031, 6.252686
846.9852, 7.334717
847.4673, 6.745361
847.9494, 0.1650390
848.4315, 21.24023
848.9136, 38.14941
849.3958, 43.38892
849.8779, 41.85132
850.3600, 36.76514
850.8421, 29.31543
851.3242, 20.83521
851.8063, 10.34351
852.2885, 2.801270
852.7706, 7.9102002E-02
853.2527, 2.921143
853.7348, 17.04761
854.2169, 36.59106
854.6990, 47.06177
855.1812, 44.21167
855.6633, 39.07715
856.1454, 42.68750
856.6275, 50.71143
857.1096, 53.56201
857.5917, 52.79565
858.0739, 56.04639
858.5560, 64.55298
859.0381, 71.27783
859.5202, 70.83765
860.0023, 67.09863
860.4844, 69.28589
860.9666, 77.89429
861.4487, 84.81689
861.9308, 89.66577
862.4129, 92.98071
862.8950, 93.65942
863.3771, 95.37085
863.8593, 103.6582
864.3414, 118.4507
864.8235, 129.2122
865.3056, 136.5581
865.7877, 138.6548
866.2698, 123.9868
866.7520, 115.2344
867.2341, 132.1057
867.7162, 162.6685
868.1983, 180.7405
868.6804, 180.9888
869.1625, 179.6699
869.6447, 182.4980
870.1268, 181.9170
870.6089, 170.0874
871.0910, 155.3154
871.5731, 147.8306
872.0552, 147.9443
872.5374, 149.0588
873.0195, 147.0010
873.5016, 146.9983
873.9837, 157.1265
874.4658, 168.6335
874.9479, 167.5173
875.4301, 158.6399
875.9122, 157.3213
876.3943, 168.5410
876.8764, 182.8616
877.3585, 192.3308
877.8406, 197.6353
878.3228, 200.2441
878.8049, 199.7598
879.2870, 192.7202
879.7691, 179.5076
880.2512, 170.2471
880.7333, 172.7068
881.2155, 181.5842
881.6976, 186.5754
882.1797, 187.2471
882.6618, 182.7556
883.1439, 171.9126
883.6260, 167.5833
884.1082, 175.7251
884.5903, 189.0610
885.0724, 196.8726
885.5545, 198.4746
886.0366, 206.3423
886.5187, 226.0842
887.0009, 238.8896
887.4830, 239.4568
887.9651, 236.9385
888.4472, 235.2222
888.9293, 234.6472
889.4114, 236.0427
889.8936, 238.9333
890.3757, 241.5295
890.8578, 244.7993
891.3399, 248.3457
891.8220, 250.8027
892.3041, 254.0237
892.7863, 259.9202
893.2684, 267.4031
893.7505, 273.6304
894.2326, 274.9912
894.7147, 281.4924
895.1968, 308.2112
895.6790, 330.6848
896.1611, 323.6516
896.6432, 302.6616
897.1253, 295.2493
897.6074, 306.3684
898.0895, 319.5417
898.5717, 325.5422
899.0538, 328.4585
899.5359, 331.5979
900.0180, 334.4961
900.5001, 337.0432
900.9822, 338.7578
901.4644, 337.6755
901.9465, 332.2646
902.4286, 326.0369
902.9107, 322.5957
903.3928, 323.4907
903.8749, 334.9058
904.3571, 352.8633
904.8392, 364.5173
905.3213, 366.7849
905.8034, 359.5308
906.2855, 341.1079
906.7676, 318.9607
907.2498, 309.9746
907.7319, 312.8501
908.2140, 315.3313
908.6961, 316.8284
909.1782, 316.9688
909.6603, 315.1741
910.1425, 313.9087
910.6246, 316.3831
911.1067, 322.1504
911.5888, 327.3025
912.0709, 332.2576
912.5530, 332.8684
913.0352, 328.9358
913.5173, 318.9297
913.9994, 298.0728
914.4815, 275.9216
914.9636, 270.8499
915.4457, 286.0415
915.9279, 287.6636
916.4100, 268.0247
916.8921, 248.5083
917.3742, 230.4587
917.8563, 216.4983
918.3384, 210.0977
918.8206, 209.0129
919.3027, 208.3315
919.7848, 211.8613
920.2669, 204.8372
920.7490, 179.5203
921.2311, 151.9890
921.7133, 121.1428
922.1954, 95.59375
922.6775, 87.81079
923.1596, 93.96680
923.6417, 93.71533
924.1238, 77.89258
924.6060, 64.35889
925.0881, 62.17676
925.5702, 60.50635
926.0523, 48.44653
926.5344, 34.03833
927.0165, 32.89697
927.4987, 45.51587
927.9808, 50.73730
928.4629, 31.18530
928.9450, 11.00903
929.4271, 6.615234
929.9092, 8.300049
930.3914, 6.335205
930.8734, 1.304688
931.3555, 1.874023
931.8376, 1.763916
932.3198, 3.854004
932.8019, 16.92285
933.2840, 30.10474
933.7661, 31.69604
934.2482, 24.76904
934.7303, 10.13354
935.2125, 8.143555
935.6946, 17.50024
936.1767, 11.56299
936.6588, 1.129883
937.1409, 14.43701
937.6230, 26.17578
938.1052, 32.93896
938.5873, 34.31934
939.0694, 26.19043
939.5515, 9.614014
940.0336, 2.565186
940.5157, 1.394775
940.9979, 8.823486
941.4800, 27.15356
941.9621, 48.24658
942.4442, 47.22388
942.9263, 25.84058
943.4084, 8.942139
943.8906, 4.469727
944.3727, 1.818359
944.8548, 9.391113
945.3369, 24.53467
945.8190, 29.35669
946.3011, 24.65967
946.7833, 26.07837
947.2654, 35.26025
947.7475, 38.99805
948.2296, 30.93384
948.7117, 20.34375
949.1938, 17.85205
949.6760, 22.79565
950.1581, 33.18457
950.6402, 50.47827
951.1223, 58.92432
951.6044, 54.67993
952.0865, 49.48511
952.5687, 47.01050
953.0508, 53.21924
953.5329, 80.11890
954.0150, 127.5112
954.4971, 159.6843
954.9792, 173.7173
955.4614, 181.8906
955.9435, 183.3772
956.4256, 185.5120
956.9077, 190.7520
957.3898, 202.1226
957.8719, 228.2195
958.3541, 273.5203
958.8362, 301.0327
959.3183, 298.5415
959.8004, 304.8904
960.2825, 332.6201
960.7646, 365.0498
961.2468, 389.0691
961.7289, 409.1248
962.2110, 438.5413
962.6931, 482.5002
963.1752, 518.6611
963.6573, 530.5710
964.1395, 559.9929
964.6216, 632.2576
965.1037, 712.0107
965.5858, 763.1599
966.0679, 796.7366
966.5500, 855.5496
967.0322, 956.8848
967.5143, 1044.999
967.9964, 1096.303
968.4785, 1162.031
968.9606, 1257.057
969.4427, 1374.550
969.9249, 1518.406
970.4070, 1680.929
970.8891, 1825.655
971.3712, 1926.652
971.8533, 2052.977
972.3354, 2212.535
972.8176, 2398.568
973.2997, 2619.206
973.7818, 2857.247
974.2639, 3090.466
974.7460, 3320.721
975.2281, 3576.365
975.7103, 3878.482
976.1924, 4178.950
976.6745, 4453.900
977.1566, 4739.444
977.6387, 5062.363
978.1208, 5403.252
978.6030, 5732.239
979.0851, 6048.106
979.5672, 6369.968
980.0493, 6713.292
980.5314, 7046.706
981.0135, 7357.938
981.4957, 7659.017
981.9778, 7971.607
982.4599, 8271.674
982.9420, 8524.962
983.4241, 8727.887
983.9063, 8899.589
984.3884, 9051.343
984.8705, 9164.079
985.3526, 9229.705
985.8347, 9255.251
986.3168, 9247.373
986.7990, 9201.905
987.2811, 9102.745
987.7632, 8950.165
988.2453, 8792.153
988.7274, 8632.112
989.2095, 8487.265
989.6917, 8369.519
990.1738, 8265.374
990.6559, 8153.758
991.1380, 8052.029
991.6201, 7994.636
992.1022, 7987.381
992.5844, 7998.641
993.0665, 8011.401
993.5486, 8044.208
994.0307, 8089.276
994.5128, 8173.086
994.9949, 8335.035
995.4771, 8545.824
995.9592, 8751.431
996.4413, 8940.283
996.9234, 9141.326
997.4055, 9364.479
997.8876, 9606.557
998.3698, 9863.981
998.8519, 10140.22
999.3340, 10447.58
999.8161, 10773.69
1000.298, 11110.20
1000.780, 11454.13
1001.262, 11752.36
1001.745, 11971.74
1002.227, 12152.95
1002.709, 12328.19
1003.191, 12466.12
1003.673, 12546.69
1004.155, 12562.89
1004.637, 12507.85
1005.119, 12379.61
1005.602, 12176.60
1006.084, 11896.79
1006.566, 11543.45
1007.048, 11095.72
1007.530, 10592.77
1008.012, 10051.43
1008.494, 9489.834
1008.976, 8920.016
1009.458, 8348.364
1009.941, 7802.536
1010.423, 7299.024
1010.905, 6817.628
1011.387, 6334.316
1011.869, 5880.753
1012.351, 5482.271
1012.833, 5132.446
1013.315, 4821.429
1013.797, 4546.047
1014.280, 4277.679
1014.762, 3989.411
1015.244, 3725.556
1015.726, 3512.350
1016.208, 3324.230
1016.690, 3146.776
1017.172, 2975.891
1017.654, 2804.943
1018.137, 2635.063
1018.619, 2491.729
1019.101, 2402.141
1019.583, 2315.206
1020.065, 2208.728
1020.547, 2100.647
1021.029, 2000.388
1021.511, 1910.617
1021.993, 1836.665
1022.476, 1778.151
1022.958, 1719.249
1023.440, 1650.322
1023.922, 1587.131
1024.404, 1541.516
1024.886, 1495.497
1025.368, 1435.284
1025.850, 1367.873
1026.333, 1303.998
1026.815, 1244.763
1027.297, 1185.252
1027.779, 1114.502
1028.261, 1057.023
1028.743, 1030.950
1029.225, 1005.422
1029.707, 958.6519
1030.189, 904.9744
1030.672, 868.5925
1031.154, 848.1685
1031.636, 811.2073
1032.118, 732.5242
1032.600, 669.1743
1033.082, 643.1440
1033.564, 617.4973
1034.046, 568.7542
1034.528, 516.1899
1035.011, 485.3887
1035.493, 473.5791
1035.975, 450.0513
1036.457, 400.5562
1036.939, 361.4214
1037.421, 339.1555
1037.903, 320.5823
1038.385, 304.3562
1038.868, 286.9954
1039.350, 262.7952
1039.832, 234.0994
1040.314, 213.4185
1040.796, 204.8887
1041.278, 194.9407
1041.760, 184.3428
1042.242, 170.8506
1042.724, 150.5095
1043.207, 131.2368
1043.689, 120.5012
1044.171, 115.7529
1044.653, 108.5593
1045.135, 97.49341
1045.617, 89.50610
1046.099, 85.51318
1046.581, 82.46582
1047.063, 80.16016
1047.546, 77.43018
1048.028, 72.99902
1048.510, 68.06177
1048.992, 65.75024
1049.474, 66.59229
1049.956, 63.62573
1050.438, 54.69556
1050.920, 52.84937
1051.403, 64.44629
1051.885, 67.96924
1052.367, 46.61597
1052.849, 17.80469
1053.331, 12.12329
1053.813, 28.02637
1054.295, 41.25879
1054.777, 51.99292
1055.260, 58.57056
1055.742, 61.13037
1056.224, 53.75366
1056.706, 32.15405
1057.188, 7.606445
1057.670, 5.581787
1058.152, 8.806641
1058.634, 4.538330
1059.116, 5.850830
1059.599, 4.039551
1060.081, 10.73267
1060.563, 17.66138
1061.045, 8.551025
1061.527, 7.335205
1062.009, 23.30322
1062.491, 34.35083
1062.973, 23.41089
1063.455, 1.114014
1063.938, 8.249268
1064.420, 0.4816890
1064.902, 7.906006
1065.384, 8.549561
1065.866, 2.869629
1066.348, 10.33008
1066.830, 23.73218
1067.312, 28.52100
1067.795, 25.84766
1068.277, 10.38623
1068.759, 8.935547
1069.241, 6.437500
1069.723, 17.32251
1070.205, 34.60718
1070.687, 30.14551
1071.169, 20.78589
1071.651, 22.35376
1072.134, 26.28711
1072.616, 20.19849
1073.098, 12.13330
1073.580, 20.30786
1074.062, 38.13965
1074.544, 38.52075
1075.026, 11.55835
1075.508, 14.03296
1075.990, 24.12598
1076.473, 24.77026
1076.955, 9.267334
1077.437, 4.613525
1077.919, 4.041748
1078.401, 26.28735
1078.883, 43.09912
1079.365, 50.98364
1079.847, 55.81616
1080.329, 51.80005
1080.812, 55.96362
1081.294, 82.28735
1081.776, 108.4138
1082.258, 118.6323
1082.740, 122.3999
1083.222, 131.7854
1083.704, 147.2769
1084.186, 165.6653
1084.669, 192.8247
1085.151, 211.9678
1085.633, 216.8967
1086.115, 221.4312
1086.597, 231.3979
1087.079, 240.7273
1087.561, 244.1614
1088.043, 242.7100
1088.526, 239.6331
1089.008, 235.2539
1089.490, 228.0708
1089.972, 219.5955
1090.454, 202.2922
1090.936, 170.3459
1091.418, 141.9917
1091.900, 129.9670
1092.382, 126.3762
1092.865, 116.9111
1093.347, 103.0156
1093.829, 104.0586
1094.311, 121.0278
1094.793, 121.0090
1095.275, 99.32300
1095.757, 84.88550
1096.239, 90.73315
1096.721, 101.4202
1097.204, 101.1599
1097.686, 92.52246
1098.168, 77.29761
1098.650, 59.50098
1099.132, 57.57642
1099.614, 68.80713
1100.096, 75.34692
1100.578, 72.71143
1101.061, 67.39062
1101.543, 62.96411
1102.025, 61.62183
1102.507, 70.15601
1102.989, 80.15381
1103.471, 75.89526
1103.953, 65.49756
1104.435, 66.43945
1104.917, 77.18945
1105.400, 83.25464
1105.882, 79.14551
1106.364, 73.17065
1106.846, 69.42334
1107.328, 67.09546
1107.810, 62.16333
1108.292, 61.53223
1108.774, 79.42261
1109.256, 103.4534
1109.739, 106.4543
1110.221, 86.17188
1110.703, 77.54712
1111.185, 100.8521
1111.667, 120.0332
1112.149, 121.2644
1112.631, 124.1489
1113.113, 142.8406
1113.596, 164.1814
1114.078, 172.2678
1114.560, 171.5564
1115.042, 176.6130
1115.524, 186.7021
1116.006, 204.3181
1116.488, 227.5698
1116.970, 261.4778
1117.453, 318.5623
1117.935, 363.9343
1118.417, 369.5906
1118.899, 363.7539
1119.381, 394.3232
1119.863, 457.1101
1120.345, 513.2209
1120.827, 562.5825
1121.309, 612.7573
1121.792, 663.4336
1122.274, 725.2236
1122.756, 802.0229
1123.238, 882.2317
1123.720, 954.3647
1124.202, 1025.344
1124.684, 1108.158
1125.166, 1202.534
1125.648, 1306.912
1126.131, 1420.441
1126.613, 1549.080
1127.095, 1689.010
1127.577, 1819.077
1128.059, 1930.417
1128.541, 2016.289
1129.023, 2076.319
1129.505, 2099.049
1129.988, 2071.928
1130.470, 2005.261
1130.952, 1899.137
1131.434, 1765.054
1131.916, 1622.024
1132.398, 1476.087
1132.880, 1341.572
1133.362, 1213.185
1133.844, 1107.106
1134.327, 1036.774
1134.809, 979.4097
1135.291, 920.5317
1135.773, 869.8325
1136.255, 841.0583
1136.737, 829.5537
1137.219, 811.5540
1137.701, 780.2441
1138.183, 766.5105
1138.666, 769.3784
1139.148, 797.2214
1139.630, 864.9700
1140.112, 919.7944
1140.594, 930.5854
1141.076, 915.3042
1141.558, 901.2520
1142.040, 884.5391
1142.523, 839.8777
1143.005, 768.2041
1143.487, 697.6479
1143.969, 630.1301
1144.451, 561.3323
1144.933, 490.9050
1145.415, 436.5999
1145.897, 414.9033
1146.380, 400.9019
1146.862, 356.7554
1147.344, 297.7810
1147.826, 246.6519
1148.308, 204.3901
1148.790, 171.2700
1149.272, 147.0896
1149.754, 133.1973
1150.236, 129.7427
1150.719, 126.5295
1151.201, 118.4485
1151.683, 107.7310
1152.165, 93.88159
1152.647, 79.60645
1153.129, 65.96143
1153.611, 53.85425
1154.093, 43.55688
1154.575, 35.15015
1155.058, 31.50537
1155.540, 36.22778
1156.022, 38.24023
1156.504, 33.39160
1156.986, 32.65454
1157.468, 42.52100
1157.950, 48.99878
1158.432, 39.96069
1158.915, 28.42285
1159.397, 38.18237
1159.879, 64.58447
1160.361, 65.80981
1160.843, 41.07715
1161.325, 22.56909
1161.807, 12.97144
1162.289, 14.50122
1162.771, 27.51538
1163.254, 41.99414
1163.736, 51.36792
1164.218, 53.16724
1164.700, 36.62134
1165.182, 14.87500
1165.664, 15.72754
1166.146, 28.27051
1166.628, 28.34302
1167.110, 17.62720
1167.593, 13.05371
1168.075, 19.32666
1168.557, 25.00635
1169.039, 20.66504
1169.521, 19.47046
1170.003, 38.62793
1170.485, 51.21631
1170.967, 31.25244
1171.450, 0.7265630
1171.932, 15.16870
1172.414, 18.09375
1172.896, 21.80859
1173.378, 30.51147
1173.860, 23.40356
1174.342, 12.83765
1174.824, 33.61597
1175.307, 28.26074
1175.789, 16.76343
1176.271, 7.109619
1176.753, 1.290283
1177.235, 2.620728
1177.717, 7.977173
1178.199, 5.088745
1178.681, 3.935791
1179.163, 1.077881
1179.646, 12.01453
1180.128, 21.21606
1180.610, 24.06091
1181.092, 28.34302
1181.574, 38.16101
1182.056, 41.04456
1182.538, 13.26111
1183.020, 14.43237
1183.502, 3.091553
1183.984, 20.60132
1184.467, 28.79797
1184.949, 24.61121
1185.431, 15.02722
1185.913, 3.272705
1186.395, 2.050171
1186.877, 4.395142
1187.359, 8.073730
1187.841, 0.1015630
1188.324, 2.414673
1188.806, 8.853394
1189.288, 22.53809
1189.770, 34.40955
1190.252, 41.73035
1190.734, 38.38562
1191.216, 26.87622
1191.698, 29.13574
1192.181, 46.64941
1192.663, 50.20105
1193.145, 38.25867
1193.627, 26.70020
1194.109, 19.82837
1194.591, 16.19067
1195.073, 15.15417
1195.555, 13.10413
1196.037, 1.856201
1196.520, 10.00879
1197.002, 8.151855
1197.484, 1.441772
1197.966, 12.38123
1198.448, 22.10278
1198.930, 28.07056
1199.412, 29.69312
1199.894, 26.05945
1200.376, 11.86584
1200.859, 7.061035
1201.341, 32.40833
1201.823, 49.25146
1202.305, 30.11328
1202.787, 11.44946
1203.269, 22.06958
1203.751, 45.52612
1204.233, 58.69238
1204.716, 61.65979
1205.198, 51.71631
1205.680, 24.74829
1206.162, 22.24084
1206.644, 47.30933
1207.126, 58.66980
1207.608, 45.74365
1208.090, 31.50916
1208.573, 29.88403
1209.055, 35.18689
1209.537, 45.87988
1210.019, 53.31006
1210.501, 36.54883
1210.983, 11.38159
1211.465, 0.9608150
1211.947, 0.3824460
1212.429, 17.49231
1212.911, 45.52490
1213.394, 64.84448
1213.876, 67.49133
1214.358, 65.31348
1214.840, 57.01831
1215.322, 51.71790
1215.804, 58.14685
1216.286, 61.26538
1216.768, 45.69299
1217.251, 29.92725
1217.733, 39.33081
1218.215, 65.03088
1218.697, 61.67236
1219.179, 32.98572
1219.661, 22.08203
1220.143, 29.01001
1220.625, 33.93811
1221.108, 32.32849
1221.590, 31.86621
1222.072, 36.03918
1222.554, 35.89722
1223.036, 19.24426
1223.518, 1.062744
1224.000, 3.304321
1224.482, 5.251465
1224.964, 28.32019
1225.447, 52.39099
1225.929, 48.67444
1226.411, 26.32910
1226.893, 20.34045
1227.375, 40.77710
1227.857, 51.59534
1228.339, 38.87549
1228.821, 28.40894
1229.303, 21.31091
1229.786, 20.28162
1230.268, 27.82349
1230.750, 36.06458
1231.232, 29.96082
1231.714, 17.75732
1232.196, 19.75391
1232.678, 33.72632
1233.160, 39.56799
1233.643, 38.70984
1234.125, 35.35083
1234.607, 30.34314
1235.089, 22.53772
1235.571, 13.07068
1236.053, 12.19141
1236.535, 28.89307
1237.017, 43.53613
1237.500, 36.24890
1237.982, 27.94421
1238.464, 36.55579
1238.946, 45.55554
1239.428, 36.30017
1239.910, 19.54053
1240.392, 17.65100
1240.874, 28.99573
1241.356, 33.11987
1241.839, 26.62964
1242.321, 25.48193
1242.803, 31.68420
1243.285, 30.56982
1243.767, 17.14819
1244.249, 8.171265
1244.731, 10.45654
1245.213, 16.46423
1245.695, 19.39722
1246.178, 19.13208
1246.660, 11.60120
1247.142, 3.819092
1247.624, 8.533447
1248.106, 19.67419
1248.588, 26.16370
1249.070, 28.27917
1249.552, 32.69226
1250.035, 41.10535
1250.517, 46.53003
1250.999, 48.09753
1251.481, 44.84412
1251.963, 31.69519
1252.445, 22.39062
1252.927, 23.32031
1253.409, 24.48486
1253.891, 17.67346
1254.374, 8.665771
1254.856, 7.934082
1255.338, 13.25439
1255.820, 15.20386
1256.302, 14.82153
1256.784, 18.27771
1257.266, 23.42725
1257.748, 19.17920
1258.230, 5.876343
1258.713, 2.513916
1259.195, 0.3930660
1259.677, 4.890259
1260.159, 3.536743
1260.641, 4.962036
1261.123, 13.47168
1261.605, 22.17773
1262.087, 16.37476
1262.570, 6.296143
1263.052, 0.0000000E+00
##END=



