##NAMES=Inderite
##RRUFFID=R050195
##IDEAL CHEMISTRY=MgB_3_O_3_(OH)_5_&#183;5H_2_O
##LOCALITY=Boron, Kern County, California, USA
##OWNER=RRUFF
##SOURCE=Dave Bunk Minerals
##DESCRIPTION=Colorless prismatic crystal
##STATUS=The identification of this mineral has been confirmed by X-ray diffraction and chemical analysis
##URL=rruff.info/R050195
##MEASURED CHEMISTRY=Mg_1.00_B_3.00_O_3_(OH)_5_·5H_2_O ; Mg measured, only
134.7553, 0.0000000E+00
135.2374, 5.9875000E-02
135.7195, 2.236877
136.2016, 5.143372
136.6838, 7.857086
137.1659, 10.21173
137.6480, 12.96283
138.1301, 16.16098
138.6122, 19.36850
139.0943, 22.04913
139.5765, 24.28378
140.0586, 25.92044
140.5407, 26.51993
141.0228, 25.54471
141.5049, 24.18430
141.9870, 22.46387
142.4692, 20.32275
142.9513, 17.60687
143.4334, 14.07635
143.9155, 10.35400
144.3976, 6.440308
144.8797, 1.433319
145.3619, 1.497833
145.8440, 1.908234
146.3261, 8.1603996E-02
146.8082, 2.825226
147.2903, 7.049683
147.7724, 12.05298
148.2546, 17.64542
148.7367, 24.74826
149.2188, 31.04263
149.7009, 36.53696
150.1830, 41.21689
150.6651, 44.14554
151.1473, 44.78790
151.6294, 44.04184
152.1115, 42.55673
152.5936, 39.50827
153.0757, 36.73511
153.5578, 34.25174
154.0400, 32.04300
154.5221, 30.89920
155.0042, 31.40079
155.4863, 32.60626
155.9684, 33.70325
156.4505, 34.28961
156.9327, 35.01927
157.4148, 35.93967
157.8969, 37.01460
158.3790, 38.61871
158.8611, 40.63551
159.3432, 43.26764
159.8254, 46.73943
160.3075, 50.78929
160.7896, 55.94557
161.2717, 62.75377
161.7538, 71.56407
162.2359, 80.24786
162.7181, 87.52679
163.2002, 94.36993
163.6823, 102.1230
164.1644, 111.6276
164.6465, 121.9251
165.1286, 132.7455
165.6108, 144.3463
166.0929, 155.4151
166.5750, 165.7110
167.0571, 175.0939
167.5392, 183.3066
168.0213, 191.6718
168.5035, 198.0333
168.9856, 200.6615
169.4677, 198.9497
169.9498, 194.8522
170.4319, 189.6108
170.9140, 183.3594
171.3962, 175.6783
171.8783, 163.9538
172.3604, 150.7574
172.8425, 138.5902
173.3246, 127.6931
173.8067, 117.4832
174.2889, 107.5161
174.7710, 97.92859
175.2531, 89.15312
175.7352, 81.47365
176.2173, 75.04660
176.6994, 69.85814
177.1816, 66.10709
177.6637, 63.47298
178.1458, 61.08501
178.6279, 59.05202
179.1100, 57.99106
179.5921, 58.49623
180.0743, 60.12331
180.5564, 61.84625
181.0385, 63.25174
181.5206, 64.88585
182.0027, 67.82700
182.4848, 71.96800
182.9670, 76.30168
183.4491, 80.47229
183.9312, 84.37613
184.4133, 87.55820
184.8954, 89.92429
185.3775, 91.55566
185.8596, 92.29953
186.3418, 92.16179
186.8239, 91.90298
187.3060, 92.02495
187.7881, 92.51215
188.2702, 93.35391
188.7523, 94.67200
189.2345, 96.28242
189.7166, 97.76663
190.1987, 99.13815
190.6808, 100.3874
191.1629, 101.5653
191.6451, 102.6548
192.1272, 103.5222
192.6093, 104.6958
193.0914, 105.5867
193.5735, 105.5560
194.0556, 104.5959
194.5378, 102.7092
195.0199, 99.75717
195.5020, 95.77402
195.9841, 91.36758
196.4662, 86.59995
196.9483, 81.55656
197.4305, 76.55714
197.9126, 71.58427
198.3947, 66.74141
198.8768, 62.36905
199.3589, 58.46068
199.8410, 54.49046
200.3232, 50.35674
200.8053, 46.07460
201.2874, 41.56567
201.7695, 36.84261
202.2516, 31.94240
202.7337, 26.66634
203.2159, 20.92352
203.6980, 15.80859
204.1801, 11.66037
204.6622, 8.407898
205.1443, 5.752319
205.6264, 3.836533
206.1086, 2.180786
206.5907, 0.1114040
207.0728, 2.550842
207.5549, 4.524109
208.0370, 5.331100
208.5191, 5.049164
209.0013, 5.000000
209.4834, 5.253738
209.9655, 5.609650
210.4476, 5.916748
210.9297, 6.235077
211.4118, 6.243622
211.8940, 5.814758
212.3761, 4.958054
212.8582, 4.095200
213.3403, 3.215149
213.8224, 2.358276
214.3045, 1.585297
214.7867, 0.9553070
215.2688, 0.1991270
215.7509, 0.8334350
216.2330, 2.133987
216.7151, 3.039627
217.1972, 3.307022
217.6794, 3.511353
218.1615, 4.422668
218.6436, 6.566116
219.1257, 8.013992
219.6078, 8.057587
220.0899, 6.684357
220.5721, 6.163956
221.0542, 6.899826
221.5363, 7.994370
222.0184, 8.399925
222.5005, 7.565468
222.9826, 7.356689
223.4648, 8.388229
223.9469, 10.69215
224.4290, 12.40601
224.9111, 13.40263
225.3932, 13.97632
225.8753, 14.34135
226.3575, 14.22950
226.8396, 14.50680
227.3217, 15.49483
227.8038, 17.21622
228.2859, 18.44690
228.7680, 18.86415
229.2502, 19.15012
229.7323, 20.00763
230.2144, 21.84581
230.6965, 23.45776
231.1786, 24.70683
231.6607, 25.59534
232.1429, 25.78169
232.6250, 24.70345
233.1071, 23.55415
233.5892, 23.54991
234.0713, 25.53635
234.5534, 26.94157
235.0356, 27.06395
235.5177, 25.96471
235.9998, 25.58846
236.4819, 26.25298
236.9640, 27.28566
237.4461, 28.12555
237.9283, 28.65733
238.4104, 29.21877
238.8925, 29.84705
239.3746, 30.54433
239.8567, 31.30521
240.3388, 32.17604
240.8210, 33.06113
241.3031, 33.89630
241.7852, 34.70605
242.2673, 35.40440
242.7494, 35.91649
243.2315, 36.27109
243.7137, 36.75766
244.1958, 37.31654
244.6779, 38.08307
245.1600, 39.20673
245.6421, 40.96744
246.1242, 42.51219
246.6064, 43.77049
247.0885, 44.74516
247.5706, 45.44575
248.0527, 45.83584
248.5348, 45.99590
249.0169, 45.98354
249.4990, 45.84987
249.9812, 45.44034
250.4633, 44.74847
250.9454, 43.77267
251.4275, 42.38704
251.9096, 40.11783
252.3917, 38.14691
252.8739, 37.31097
253.3560, 38.29112
253.8381, 38.72018
254.3202, 38.33086
254.8023, 37.30066
255.2844, 36.24919
255.7666, 35.07597
256.2487, 34.04600
256.7308, 33.35503
257.2129, 33.18405
257.6950, 32.82942
258.1772, 32.18208
258.6593, 31.36550
259.1414, 30.72562
259.6235, 30.38925
260.1056, 29.96172
260.5877, 29.21273
261.0699, 27.98118
261.5520, 26.93761
262.0341, 26.11147
262.5162, 25.45190
262.9983, 24.87873
263.4804, 24.47261
263.9626, 23.96975
264.4447, 23.19615
264.9268, 22.02724
265.4089, 20.82363
265.8910, 19.63866
266.3731, 18.57899
266.8553, 17.73369
267.3374, 17.17758
267.8195, 16.55513
268.3016, 15.71693
268.7837, 14.63728
269.2658, 13.54862
269.7480, 12.30493
270.2301, 11.34258
270.7122, 11.48012
271.1943, 13.11769
271.6764, 14.34991
272.1585, 14.29521
272.6407, 12.94298
273.1228, 12.46608
273.6049, 13.12706
274.0870, 14.19698
274.5691, 14.77956
275.0512, 14.72758
275.5334, 14.72493
276.0155, 14.94965
276.4976, 15.42329
276.9797, 16.19225
277.4618, 17.31126
277.9439, 18.37337
278.4260, 18.90273
278.9081, 18.83630
279.3903, 19.03618
279.8724, 19.66171
280.3545, 20.62074
280.8366, 21.74214
281.3187, 23.13626
281.8008, 24.38977
282.2830, 25.01587
282.7651, 24.99316
283.2472, 25.08594
283.7293, 25.45172
284.2114, 26.02518
284.6935, 26.64601
285.1757, 27.33414
285.6578, 27.99208
286.1399, 28.38585
286.6220, 28.55714
287.1041, 29.22360
287.5862, 30.58511
288.0684, 32.33572
288.5505, 33.73570
289.0326, 34.78716
289.5147, 36.00760
289.9968, 37.75618
290.4789, 39.97269
290.9611, 42.23137
291.4432, 44.46533
291.9253, 46.89304
292.4074, 49.91389
292.8895, 53.49770
293.3716, 57.07370
293.8538, 60.38953
294.3359, 63.50351
294.8180, 66.51382
295.3001, 69.34209
295.7822, 72.32478
296.2643, 76.02670
296.7465, 80.29333
297.2286, 84.46683
297.7107, 88.38901
298.1928, 92.04439
298.6749, 95.43452
299.1570, 98.59857
299.6392, 101.2109
300.1213, 103.0655
300.6034, 104.1012
301.0855, 104.0481
301.5676, 102.5479
302.0497, 100.0786
302.5319, 97.16776
303.0140, 93.81305
303.4961, 90.36865
303.9782, 87.17000
304.4603, 84.05383
304.9424, 80.53279
305.4246, 76.03496
305.9067, 71.64008
306.3888, 68.98097
306.8709, 67.70232
307.3530, 66.01772
307.8351, 61.63902
308.3173, 56.65154
308.7994, 53.82753
309.2815, 54.63083
309.7636, 55.76466
310.2457, 54.28041
310.7278, 50.98631
311.2100, 48.09132
311.6921, 46.82397
312.1742, 46.44867
312.6563, 46.50755
313.1384, 47.08250
313.6205, 47.50864
314.1027, 47.24478
314.5848, 46.59221
315.0669, 46.07414
315.5490, 46.48842
316.0311, 46.67247
316.5132, 45.75946
316.9954, 43.57828
317.4775, 41.37329
317.9596, 39.66626
318.4417, 38.22842
318.9238, 36.78464
319.4059, 35.46008
319.8881, 33.91570
320.3702, 31.82434
320.8523, 29.20792
321.3344, 26.95670
321.8165, 25.39955
322.2986, 24.26579
322.7808, 23.34988
323.2629, 22.40971
323.7450, 21.90392
324.2271, 22.22992
324.7092, 23.19063
325.1913, 23.79379
325.6735, 23.60909
326.1556, 23.24190
326.6377, 22.99022
327.1198, 22.87848
327.6019, 22.88986
328.0840, 23.42084
328.5662, 24.09555
329.0483, 23.96922
329.5304, 22.43793
330.0125, 20.67216
330.4946, 19.10776
330.9767, 18.06639
331.4589, 16.31992
331.9410, 13.54161
332.4231, 10.19632
332.9052, 6.860733
333.3873, 3.080170
333.8694, 3.9749000E-02
334.3516, 2.083435
334.8337, 2.988220
335.3158, 3.979019
335.7979, 5.336853
336.2800, 6.453125
336.7621, 6.666351
337.2443, 5.634003
337.7264, 4.626038
338.2085, 3.860092
338.6906, 3.289215
339.1727, 2.588181
339.6548, 1.732910
340.1370, 0.7948910
340.6191, 7.5911999E-02
341.1012, 0.7670140
341.5833, 2.217224
342.0654, 4.771667
342.5475, 7.832184
343.0297, 9.964523
343.5118, 11.06068
343.9939, 11.90291
344.4760, 12.81874
344.9581, 13.79567
345.4402, 14.96300
345.9224, 16.40924
346.4045, 17.73639
346.8866, 18.35617
347.3687, 18.30205
347.8508, 17.90167
348.3329, 17.19330
348.8151, 16.24918
349.2972, 15.20848
349.7793, 14.06787
350.2614, 13.00220
350.7435, 12.15880
351.2256, 11.53288
351.7078, 11.12575
352.1899, 11.04976
352.6720, 11.07060
353.1541, 10.77666
353.6362, 10.23047
354.1183, 9.821472
354.6005, 9.990311
355.0826, 10.40456
355.5647, 10.62962
356.0468, 10.61090
356.5289, 10.31386
357.0110, 9.354843
357.4932, 8.070694
357.9753, 7.251251
358.4574, 7.973373
358.9395, 8.884094
359.4216, 8.695114
359.9037, 7.179245
360.3859, 5.816803
360.8680, 5.942688
361.3501, 6.558228
361.8322, 6.448807
362.3143, 4.233124
362.7964, 2.085022
363.2786, 1.117416
363.7607, 1.232941
364.2428, 1.187668
364.7249, 0.3088840
365.2070, 0.7195890
365.6891, 1.430557
366.1713, 1.637802
366.6534, 1.649734
367.1355, 1.474670
367.6176, 1.138168
368.0997, 0.7123410
368.5818, 1.0635000E-02
369.0640, 0.6406100
369.5461, 0.9979400
370.0282, 0.8822170
370.5103, 0.9841770
370.9924, 1.430176
371.4745, 2.043350
371.9567, 2.567200
372.4388, 2.686386
372.9209, 3.190887
373.4030, 4.420639
373.8851, 6.406876
374.3672, 7.872269
374.8494, 8.588272
375.3315, 9.109131
375.8136, 9.885651
376.2957, 11.01039
376.7778, 12.05247
377.2599, 12.80424
377.7421, 13.49693
378.2242, 15.01932
378.7063, 17.55110
379.1884, 20.11266
379.6705, 22.11269
380.1526, 23.56332
380.6348, 25.00432
381.1169, 26.56438
381.5990, 27.83598
382.0811, 27.94803
382.5632, 26.98491
383.0453, 26.31897
383.5275, 26.61673
384.0096, 27.60233
384.4917, 28.48517
384.9738, 29.26364
385.4559, 30.09644
385.9380, 31.30501
386.4202, 32.69208
386.9023, 33.71895
387.3844, 34.10378
387.8665, 34.31917
388.3486, 35.10544
388.8307, 36.28943
389.3129, 37.17703
389.7950, 36.78255
390.2771, 36.14058
390.7592, 36.58360
391.2413, 38.51659
391.7234, 40.35117
392.2056, 40.71620
392.6877, 40.26367
393.1698, 39.98210
393.6519, 40.77550
394.1340, 41.37990
394.6161, 41.06630
395.0983, 39.89029
395.5804, 38.65880
396.0625, 37.56812
396.5446, 36.56377
397.0267, 35.61473
397.5089, 34.72037
397.9910, 33.87875
398.4731, 33.20558
398.9552, 32.57730
399.4373, 31.66595
399.9194, 29.97121
400.4016, 28.39973
400.8837, 27.34261
401.3658, 26.96567
401.8479, 26.73315
402.3300, 26.36205
402.8121, 26.21494
403.2942, 26.79984
403.7763, 28.48055
404.2585, 30.17624
404.7406, 31.59494
405.2227, 32.78664
405.7048, 34.18636
406.1869, 35.71846
406.6690, 37.66177
407.1512, 40.38057
407.6333, 43.99265
408.1154, 47.19913
408.5975, 49.76860
409.0796, 52.06891
409.5617, 54.96118
410.0439, 58.45940
410.5260, 61.91208
411.0081, 64.60710
411.4902, 66.90523
411.9723, 70.65408
412.4544, 76.00444
412.9366, 81.79434
413.4187, 86.99808
413.9008, 91.82704
414.3829, 96.78409
414.8650, 102.0094
415.3471, 107.5152
415.8293, 113.4058
416.3114, 119.6354
416.7935, 125.7403
417.2756, 131.2029
417.7577, 136.5351
418.2398, 142.2639
418.7220, 148.6411
419.2041, 154.8971
419.6862, 160.9332
420.1683, 166.5841
420.6504, 171.4357
421.1325, 175.4663
421.6147, 178.7034
422.0968, 181.3927
422.5789, 183.5216
423.0610, 184.1402
423.5431, 182.2804
424.0252, 179.3146
424.5074, 176.1077
424.9895, 173.7705
425.4716, 169.9906
425.9537, 163.8251
426.4358, 156.1334
426.9179, 148.7757
427.4001, 141.6441
427.8822, 134.8525
428.3643, 128.3775
428.8464, 122.1748
429.3285, 116.6127
429.8106, 111.7924
430.2928, 107.4987
430.7749, 103.4059
431.2570, 99.41989
431.7391, 96.18390
432.2212, 93.95038
432.7033, 92.46002
433.1855, 90.84756
433.6676, 89.06493
434.1497, 87.57828
434.6318, 86.53571
435.1139, 85.98555
435.5960, 86.27863
436.0782, 87.48114
436.5603, 89.29692
437.0424, 91.48962
437.5245, 94.00909
438.0066, 96.64349
438.4887, 99.08170
438.9709, 101.7754
439.4530, 105.8643
439.9351, 111.0952
440.4172, 115.5685
440.8993, 117.9241
441.3814, 118.9799
441.8636, 119.6560
442.3457, 120.2822
442.8278, 120.0494
443.3099, 118.7475
443.7920, 116.2400
444.2741, 112.2666
444.7563, 106.1146
445.2384, 99.11032
445.7205, 91.41745
446.2026, 83.06168
446.6847, 75.17754
447.1668, 68.06439
447.6490, 61.52148
448.1311, 55.42680
448.6132, 49.94542
449.0953, 44.74545
449.5774, 39.82550
450.0595, 35.21681
450.5417, 31.02045
451.0238, 27.30280
451.5059, 23.96550
451.9880, 21.03627
452.4701, 18.50713
452.9522, 16.05426
453.4344, 13.58237
453.9165, 11.31549
454.3986, 9.501556
454.8807, 8.154755
455.3628, 6.760056
455.8449, 5.147964
456.3271, 3.544983
456.8092, 2.560562
457.2913, 2.129501
457.7734, 1.515381
458.2555, 4.5867998E-02
458.7376, 2.011139
459.2198, 3.191589
459.7019, 3.518234
460.1840, 3.471497
460.6661, 3.415314
461.1482, 3.274902
461.6303, 2.910568
462.1125, 2.056854
462.5946, 1.232376
463.0767, 0.9025730
463.5588, 0.9289550
464.0409, 0.9174350
464.5230, 0.8337100
465.0052, 0.5082240
465.4873, 0.2446900
465.9694, 1.496017
466.4515, 2.679291
466.9336, 3.673187
467.4157, 4.490967
467.8979, 5.154434
468.3800, 5.173111
468.8621, 5.690094
469.3442, 6.931381
469.8263, 8.761566
470.3084, 10.69218
470.7906, 12.71544
471.2727, 14.83902
471.7548, 17.03929
472.2369, 19.27104
472.7190, 21.66515
473.2011, 24.39383
473.6833, 27.09222
474.1654, 29.07217
474.6475, 30.28430
475.1296, 32.33760
475.6117, 35.80962
476.0938, 40.10086
476.5760, 43.56252
477.0581, 46.27797
477.5402, 49.43329
478.0223, 54.26312
478.5044, 60.02147
478.9865, 64.98540
479.4687, 68.93622
479.9508, 73.04257
480.4329, 78.39182
480.9150, 84.49651
481.3971, 90.60847
481.8792, 96.10258
482.3614, 102.0463
482.8435, 109.0460
483.3256, 116.9560
483.8077, 125.3234
484.2898, 133.9684
484.7719, 142.9503
485.2541, 152.1272
485.7362, 161.1493
486.2183, 171.6036
486.7004, 184.2568
487.1825, 198.0195
487.6646, 212.0501
488.1468, 225.9150
488.6289, 240.3021
489.1110, 255.6466
489.5931, 271.4622
490.0752, 286.6515
490.5573, 301.3856
491.0395, 315.1591
491.5216, 328.1476
492.0037, 340.4696
492.4858, 350.3483
492.9679, 357.9007
493.4500, 363.0975
493.9322, 366.2074
494.4143, 367.0629
494.8964, 364.4081
495.3785, 357.8329
495.8606, 347.8023
496.3427, 333.9505
496.8249, 316.9945
497.3070, 299.2901
497.7891, 282.1248
498.2712, 265.0322
498.7533, 247.5270
499.2354, 229.4322
499.7176, 212.1555
500.1997, 196.3212
500.6818, 181.7680
501.1639, 168.4046
501.6460, 156.0929
502.1281, 144.9032
502.6103, 135.7742
503.0924, 127.6835
503.5745, 118.6160
504.0566, 106.2254
504.5387, 95.11432
505.0208, 86.78296
505.5030, 81.37376
505.9851, 75.93887
506.4672, 70.38278
506.9493, 64.98344
507.4314, 59.91850
507.9135, 55.09637
508.3957, 50.79637
508.8778, 47.13237
509.3599, 43.77513
509.8420, 40.00943
510.3241, 35.86603
510.8062, 32.23843
511.2884, 29.63869
511.7705, 27.72499
512.2526, 25.82384
512.7347, 23.92052
513.2168, 21.93372
513.6989, 19.53404
514.1810, 17.11462
514.6631, 15.26211
515.1453, 14.11253
515.6274, 13.24709
516.1095, 12.63794
516.5916, 11.93796
517.0737, 10.78984
517.5558, 8.297836
518.0380, 6.228867
518.5201, 5.551102
519.0022, 5.948837
519.4843, 5.882996
519.9664, 4.604752
520.4485, 3.294983
520.9307, 2.436905
521.4128, 2.168793
521.8949, 1.643997
522.3770, 0.6751400
522.8591, 0.3236080
523.3412, 0.9465940
523.8234, 1.140549
524.3055, 1.142807
524.7876, 0.9131470
525.2697, 0.6112210
525.7518, 0.6340790
526.2339, 0.9792790
526.7161, 1.386414
527.1982, 1.767380
527.6803, 2.111221
528.1624, 2.460144
528.6445, 2.810974
529.1266, 2.932617
529.6088, 2.424072
530.0909, 1.648956
530.5730, 1.120453
531.0551, 0.9591220
531.5372, 0.9890750
532.0193, 1.244507
532.5015, 1.586334
532.9836, 1.795685
533.4657, 1.809143
533.9478, 1.677750
534.4299, 1.240448
534.9120, 0.5711670
535.3942, 0.3137360
535.8763, 0.9187320
536.3584, 1.566727
536.8405, 1.928238
537.3226, 1.962265
537.8047, 1.839447
538.2869, 1.462540
538.7690, 1.062653
539.2511, 0.9671780
539.7332, 1.223099
540.2153, 1.304840
540.6974, 1.095963
541.1796, 0.6893770
541.6617, 0.1000520
542.1438, 0.6203000
542.6259, 0.9801940
543.1080, 0.1983640
543.5901, 0.9089360
544.0723, 0.7654270
544.5544, 0.5716400
545.0365, 1.805908
545.5186, 1.946625
546.0007, 1.535217
546.4828, 1.085983
546.9650, 0.6422120
547.4471, 0.3276210
547.9292, 4.0359002E-02
548.4113, 4.3030001E-02
548.8934, 0.3207550
549.3755, 1.849915
549.8577, 3.081161
550.3398, 3.565826
550.8219, 3.468323
551.3040, 3.616501
551.7861, 4.008636
552.2682, 4.661423
552.7504, 5.689163
553.2325, 7.153656
553.7146, 8.197861
554.1967, 8.724655
554.6788, 9.124969
555.1609, 9.813675
555.6431, 10.74333
556.1252, 11.69243
556.6073, 12.66678
557.0894, 13.53381
557.5715, 13.87091
558.0536, 13.91563
558.5358, 14.36325
559.0179, 15.94019
559.5000, 17.76697
559.9821, 19.01176
560.4642, 19.76816
560.9464, 20.64992
561.4285, 22.01643
561.9106, 23.54198
562.3927, 24.96541
562.8748, 26.13557
563.3569, 27.61847
563.8391, 29.67183
564.3212, 31.96565
564.8033, 34.26146
565.2854, 36.68414
565.7675, 38.84703
566.2496, 40.64345
566.7318, 42.23177
567.2139, 43.91035
567.6960, 45.69160
568.1781, 47.62462
568.6602, 49.83792
569.1423, 52.20360
569.6245, 54.08333
570.1066, 55.51004
570.5887, 56.87741
571.0708, 58.32816
571.5529, 60.00706
572.0350, 62.22453
572.5172, 65.12201
572.9993, 68.04471
573.4814, 70.41162
573.9635, 72.57765
574.4456, 74.94215
574.9277, 78.16820
575.4099, 80.99377
575.8920, 82.70607
576.3741, 83.74219
576.8562, 85.35320
577.3383, 88.28595
577.8204, 91.04431
578.3026, 93.28247
578.7847, 94.98364
579.2668, 96.52647
579.7489, 97.88629
580.2310, 99.09978
580.7131, 100.0352
581.1953, 100.7136
581.6774, 101.9814
582.1595, 104.0222
582.6416, 106.1007
583.1237, 107.4552
583.6058, 108.0936
584.0880, 108.0398
584.5701, 107.2121
585.0522, 105.8288
585.5343, 104.1349
586.0164, 102.0490
586.4985, 99.40909
586.9807, 95.83798
587.4628, 92.01643
587.9449, 88.09674
588.4270, 84.11118
588.9091, 80.66608
589.3912, 78.80862
589.8734, 76.71265
590.3555, 73.37064
590.8376, 68.28038
591.3197, 63.71776
591.8018, 59.64923
592.2839, 56.19504
592.7661, 53.66528
593.2482, 52.14471
593.7303, 50.33447
594.2124, 47.96906
594.6945, 45.34607
595.1766, 42.80266
595.6588, 40.36433
596.1409, 38.13805
596.6230, 36.27579
597.1051, 34.55186
597.5872, 32.50816
598.0693, 30.30391
598.5515, 28.54695
599.0336, 28.00294
599.5157, 27.72995
599.9978, 26.91469
600.4799, 25.29787
600.9620, 24.23799
601.4442, 24.59192
601.9263, 25.27666
602.4084, 25.41357
602.8905, 24.37357
603.3726, 23.87949
603.8547, 24.16075
604.3369, 24.83563
604.8190, 25.21994
605.3011, 25.24347
605.7832, 25.55710
606.2653, 26.39291
606.7474, 27.57584
607.2296, 28.67981
607.7117, 29.70854
608.1938, 30.71878
608.6759, 31.48906
609.1580, 32.37952
609.6401, 33.95912
610.1223, 36.20988
610.6044, 38.51372
611.0865, 40.46808
611.5686, 42.38210
612.0507, 44.50894
612.5328, 46.97911
613.0150, 49.44960
613.4971, 51.90109
613.9792, 54.31905
614.4613, 56.69647
614.9434, 58.89317
615.4255, 61.40559
615.9077, 64.38968
616.3898, 67.64099
616.8719, 70.48875
617.3540, 72.82861
617.8361, 75.78630
618.3182, 79.96655
618.8004, 84.86401
619.2825, 88.99286
619.7646, 92.50758
620.2467, 96.39890
620.7288, 101.7838
621.2109, 107.6690
621.6931, 112.7673
622.1752, 117.0487
622.6573, 121.2559
623.1394, 125.6370
623.6215, 130.1934
624.1036, 134.9017
624.5858, 139.5946
625.0679, 144.7887
625.5500, 150.9457
626.0321, 157.3336
626.5142, 163.0594
626.9963, 167.9590
627.4785, 172.7551
627.9606, 177.5346
628.4427, 182.2989
628.9248, 186.9470
629.4069, 191.4597
629.8890, 196.3814
630.3712, 202.3881
630.8533, 208.7418
631.3354, 214.0387
631.8175, 218.3511
632.2996, 222.1277
632.7817, 225.1769
633.2639, 228.1310
633.7460, 231.9901
634.2281, 236.9406
634.7102, 240.6579
635.1923, 241.5856
635.6744, 241.4463
636.1566, 241.4498
636.6387, 241.6907
637.1208, 242.1093
637.6029, 242.8687
638.0850, 243.6530
638.5671, 244.1766
639.0493, 244.5356
639.5314, 244.0820
640.0135, 242.6577
640.4956, 240.4152
640.9777, 237.4004
641.4598, 233.7056
641.9420, 229.9127
642.4241, 226.4378
642.9062, 222.8657
643.3883, 218.6287
643.8704, 213.8282
644.3525, 208.7934
644.8347, 202.9492
645.3168, 197.3672
645.7989, 192.8659
646.2810, 189.7170
646.7631, 185.9611
647.2452, 180.8860
647.7274, 175.5070
648.2095, 170.3762
648.6916, 165.4592
649.1737, 160.6211
649.6558, 155.8724
650.1379, 151.1159
650.6201, 146.2777
651.1022, 141.3613
651.5843, 136.6924
652.0664, 132.3386
652.5485, 128.0856
653.0306, 123.7001
653.5128, 119.3321
653.9949, 115.2682
654.4770, 111.9578
654.9591, 108.7285
655.4412, 105.0731
655.9233, 101.1774
656.4055, 97.46896
656.8876, 94.19489
657.3697, 91.02087
657.8518, 87.79626
658.3339, 84.55997
658.8160, 81.68195
659.2982, 79.35001
659.7803, 76.97252
660.2624, 74.12686
660.7445, 70.81537
661.2266, 67.99385
661.7087, 65.72134
662.1909, 63.53726
662.6730, 60.89188
663.1551, 58.03275
663.6372, 55.56203
664.1193, 53.61447
664.6014, 51.79726
665.0836, 49.75523
665.5657, 47.66461
666.0478, 45.74117
666.5299, 44.12679
667.0120, 42.58159
667.4941, 41.10135
667.9763, 39.64163
668.4584, 38.12509
668.9405, 36.40549
669.4226, 34.90697
669.9047, 33.82947
670.3868, 32.98381
670.8690, 31.66341
671.3511, 29.81903
671.8332, 28.28461
672.3153, 27.78320
672.7974, 27.71806
673.2795, 26.61946
673.7617, 24.61203
674.2438, 22.57384
674.7259, 21.00656
675.2080, 19.72517
675.6901, 18.54477
676.1722, 17.44620
676.6544, 16.68159
677.1365, 16.77303
677.6186, 16.88925
678.1007, 16.44585
678.5828, 15.13080
679.0649, 14.13397
679.5471, 13.63550
680.0292, 13.21490
680.5113, 12.37816
680.9934, 11.10002
681.4755, 10.12605
681.9576, 9.600388
682.4398, 9.226944
682.9219, 8.496216
683.4040, 7.587219
683.8861, 7.057892
684.3682, 7.422775
684.8503, 7.698151
685.3325, 6.808060
685.8146, 5.327515
686.2967, 4.450195
686.7788, 5.291046
687.2609, 5.956253
687.7430, 5.757523
688.2252, 4.911743
688.7073, 4.272415
689.1894, 3.843796
689.6715, 3.614197
690.1536, 3.686127
690.6357, 3.971252
691.1179, 3.819870
691.6000, 3.217880
692.0821, 2.621155
692.5642, 2.367981
693.0463, 2.301865
693.5284, 2.146713
694.0106, 1.890869
694.4927, 1.653763
694.9748, 1.567993
695.4569, 1.500381
695.9390, 1.337082
696.4211, 1.036972
696.9033, 0.7187040
697.3854, 0.2751010
697.8675, 9.6969999E-02
698.3496, 0.2261660
698.8317, 3.7735000E-02
699.3138, 0.1949160
699.7960, 0.5586700
700.2781, 0.7464900
700.7602, 2.5253000E-02
701.2423, 1.387680
701.7244, 2.053040
702.2065, 1.381958
702.6887, 0.4150700
703.1708, 0.2899930
703.6529, 0.7512970
704.1350, 1.321030
704.6171, 2.079193
705.0992, 2.622665
705.5814, 2.687958
706.0635, 2.405258
706.5456, 2.145828
707.0277, 1.713150
707.5098, 1.649567
707.9919, 2.262238
708.4741, 3.344269
708.9562, 3.809418
709.4383, 3.592239
709.9204, 3.265884
710.4025, 3.165192
710.8846, 3.157654
711.3667, 2.781815
711.8488, 2.098602
712.3309, 1.596924
712.8130, 1.957428
713.2952, 2.392517
713.7773, 2.088226
714.2594, 0.9362640
714.7415, 9.9976003E-02
715.2236, 0.1473540
715.7057, 0.3982240
716.1879, 0.4711300
716.6700, 0.3460080
717.1521, 0.1128690
717.6342, 0.2358250
718.1163, 0.6815190
718.5984, 1.115112
719.0806, 1.576263
719.5627, 2.617233
720.0448, 4.401428
720.5269, 6.095093
721.0090, 6.601349
721.4911, 6.512665
721.9733, 6.771713
722.4554, 7.642548
722.9375, 8.811096
723.4196, 10.47240
723.9017, 12.21841
724.3839, 13.54214
724.8660, 13.59683
725.3481, 14.37393
725.8302, 16.30063
726.3123, 18.82182
726.7944, 20.79185
727.2766, 22.14354
727.7587, 24.01791
728.2408, 26.83305
728.7229, 30.14384
729.2050, 33.09105
729.6871, 35.79245
730.1693, 38.63525
730.6514, 41.68484
731.1335, 45.08998
731.6156, 49.20573
732.0977, 53.77730
732.5798, 58.01317
733.0620, 60.78050
733.5441, 64.18747
734.0262, 68.96913
734.5083, 74.89159
734.9904, 80.68629
735.4725, 86.20853
735.9547, 91.96130
736.4368, 98.22282
736.9189, 104.9508
737.4010, 111.9152
737.8831, 119.0018
738.3652, 126.3206
738.8474, 134.2826
739.3295, 142.3060
739.8116, 149.6979
740.2937, 156.4526
740.7758, 163.2903
741.2579, 171.2644
741.7401, 178.7247
742.2222, 184.8802
742.7043, 189.7727
743.1864, 193.3441
743.6685, 195.5702
744.1506, 196.5876
744.6328, 196.5099
745.1149, 195.3254
745.5970, 192.8201
746.0791, 189.0134
746.5612, 184.0949
747.0433, 177.8981
747.5255, 170.8186
748.0076, 163.5419
748.4897, 156.1841
748.9718, 148.3456
749.4539, 139.4792
749.9360, 130.3565
750.4182, 121.5493
750.9003, 112.6499
751.3824, 104.9386
751.8645, 98.66045
752.3466, 93.16370
752.8287, 87.84067
753.3109, 82.62546
753.7930, 77.73027
754.2751, 73.12543
754.7572, 68.76208
755.2393, 64.44864
755.7214, 60.30235
756.2036, 56.46043
756.6857, 53.03714
757.1678, 49.86478
757.6499, 46.86421
758.1320, 44.04590
758.6141, 41.48753
759.0963, 39.15207
759.5784, 37.00294
760.0605, 35.08546
760.5426, 33.41202
761.0247, 31.95253
761.5068, 30.68730
761.9890, 29.54926
762.4711, 28.56662
762.9532, 27.59526
763.4353, 26.47711
763.9174, 25.24040
764.3995, 23.86909
764.8817, 21.76825
765.3638, 20.21506
765.8459, 20.29810
766.3280, 21.35551
766.8101, 21.97720
767.2922, 22.30418
767.7744, 21.72527
768.2565, 19.66597
768.7386, 16.77281
769.2207, 14.94441
769.7028, 14.26443
770.1849, 13.88342
770.6671, 13.53981
771.1492, 13.18190
771.6313, 12.86711
772.1134, 12.55083
772.5955, 11.94536
773.0776, 10.31215
773.5598, 8.843567
774.0419, 8.421326
774.5240, 8.814590
775.0061, 8.948929
775.4882, 8.648697
775.9703, 8.103958
776.4525, 7.250916
776.9346, 6.190231
777.4167, 5.553528
777.8988, 5.350220
778.3809, 5.197723
778.8630, 4.905411
779.3452, 4.562332
779.8273, 4.341660
780.3094, 4.252563
780.7915, 4.116791
781.2736, 3.736404
781.7557, 3.369370
782.2379, 3.129944
782.7200, 3.075745
783.2021, 3.259476
783.6842, 4.033035
784.1663, 4.447067
784.6484, 4.040314
785.1306, 2.932159
785.6127, 2.013229
786.0948, 1.287659
786.5769, 0.9039460
787.0590, 1.144287
787.5411, 1.707489
788.0233, 2.213913
788.5054, 2.620590
788.9875, 2.673401
789.4696, 1.889648
789.9517, 1.008560
790.4338, 0.4417270
790.9160, 0.2199550
791.3981, 4.4937000E-02
791.8802, 0.1690060
792.3623, 0.1807860
792.8444, 0.2616730
793.3265, 1.067017
793.8087, 1.122437
794.2908, 0.4182280
794.7729, 1.9332999E-02
795.2550, 0.8836670
795.7371, 2.267258
796.2192, 3.064026
796.7014, 3.250748
797.1835, 3.054886
797.6656, 2.068192
798.1477, 1.172806
798.6298, 0.8610380
799.1119, 1.148102
799.5941, 1.706650
800.0762, 2.699081
800.5583, 3.579590
801.0404, 4.023407
801.5225, 4.090302
802.0046, 4.102341
802.4868, 4.068420
802.9689, 4.199387
803.4510, 4.907074
803.9331, 5.682587
804.4152, 5.936752
804.8973, 5.671219
805.3795, 5.473557
805.8616, 5.525192
806.3437, 5.706894
806.8258, 5.973923
807.3079, 6.325790
807.7900, 6.741318
808.2722, 7.266190
808.7543, 7.679703
809.2364, 7.740356
809.7185, 7.589172
810.2006, 7.716446
810.6827, 8.097656
811.1649, 8.487946
811.6470, 8.849197
812.1291, 9.057983
812.6112, 8.905746
813.0933, 8.395477
813.5754, 8.128693
814.0576, 8.609619
814.5397, 8.848648
815.0218, 8.339615
815.5039, 7.151306
815.9860, 6.493637
816.4681, 6.398758
816.9503, 6.389526
817.4324, 6.135986
817.9145, 5.780991
818.3966, 5.605682
818.8787, 5.587440
819.3608, 5.537567
819.8430, 5.405655
820.3251, 5.172523
820.8072, 4.833160
821.2893, 4.379814
821.7714, 3.763542
822.2535, 2.811272
822.7357, 2.086098
823.2178, 1.887154
823.6999, 2.100624
824.1820, 2.205627
824.6641, 2.209862
825.1462, 2.233063
825.6284, 2.471245
826.1105, 2.671211
826.5926, 2.585587
827.0747, 2.233887
827.5568, 1.749840
828.0389, 0.8813930
828.5211, 0.2139890
829.0032, 3.1424999E-02
829.4853, 0.2270580
829.9674, 0.1423420
830.4495, 0.2884670
830.9316, 0.6305310
831.4138, 0.6784820
831.8959, 0.5397260
832.3780, 0.3864820
832.8601, 0.2424390
833.3422, 0.2004700
833.8243, 0.4711380
834.3065, 0.7031250
834.7886, 0.6953580
835.2707, 0.4836580
835.7528, 0.1891780
836.2349, 0.4064250
836.7170, 0.6496730
837.1992, 0.2023770
837.6813, 0.5831070
838.1634, 0.5470730
838.6455, 0.2365490
839.1276, 0.6307830
839.6097, 5.3612001E-02
840.0919, 1.017143
840.5740, 1.429749
841.0561, 1.407722
841.5382, 1.192345
842.0203, 0.7326890
842.5024, 0.2481380
842.9846, 0.3143080
843.4667, 0.8238830
843.9488, 0.9509430
844.4309, 0.5463640
844.9130, 0.5486070
845.3951, 1.281952
845.8773, 2.230377
846.3594, 2.441986
846.8415, 2.184250
847.3236, 2.175789
847.8057, 2.740837
848.2878, 3.410233
848.7700, 3.968330
849.2521, 4.455780
849.7342, 4.917130
850.2163, 5.333733
850.6984, 5.833893
851.1805, 6.445961
851.6627, 7.091621
852.1448, 7.700294
852.6269, 8.265182
853.1090, 8.758591
853.5911, 9.103485
854.0732, 9.573471
854.5554, 10.71075
855.0375, 12.01701
855.5196, 12.83220
856.0017, 12.72729
856.4838, 12.84165
856.9659, 13.43742
857.4481, 14.32392
857.9302, 15.45013
858.4123, 16.87804
858.8944, 17.94741
859.3765, 18.58798
859.8586, 19.16032
860.3408, 20.04288
860.8229, 21.09594
861.3050, 22.12633
861.7871, 23.13325
862.2692, 23.85888
862.7513, 23.74215
863.2335, 23.64369
863.7156, 24.28848
864.1977, 25.79053
864.6798, 26.90491
865.1619, 27.57028
865.6440, 27.99229
866.1262, 28.23776
866.6083, 28.34180
867.0904, 28.36195
867.5725, 28.31847
868.0546, 28.43598
868.5367, 28.98641
869.0189, 29.63708
869.5010, 30.11194
869.9831, 30.42108
870.4652, 30.89521
870.9473, 31.82613
871.4294, 32.46844
871.9116, 32.39204
872.3937, 31.88744
872.8758, 32.19305
873.3579, 33.27675
873.8400, 34.62345
874.3221, 36.42928
874.8043, 37.96519
875.2864, 38.03653
875.7685, 37.22057
876.2506, 36.95691
876.7327, 38.42137
877.2148, 39.60068
877.6970, 39.97975
878.1791, 39.88397
878.6612, 39.98258
879.1433, 40.29253
879.6254, 40.61395
880.1075, 40.87830
880.5897, 41.18001
881.0718, 41.83971
881.5539, 42.59814
882.0360, 42.92403
882.5181, 42.35027
883.0002, 41.87149
883.4824, 42.13930
883.9645, 42.48737
884.4466, 42.12038
884.9287, 40.70720
885.4108, 39.84838
885.8929, 39.80073
886.3751, 39.72205
886.8572, 38.42400
887.3393, 36.46072
887.8214, 35.10175
888.3035, 34.53946
888.7856, 34.02541
889.2678, 33.08754
889.7499, 32.10169
890.2320, 31.40407
890.7141, 31.11110
891.1962, 30.47523
891.6783, 29.39610
892.1605, 28.19052
892.6426, 27.03569
893.1247, 25.95409
893.6068, 24.99129
894.0889, 24.12627
894.5710, 23.19955
895.0532, 21.72722
895.5353, 20.42043
896.0174, 20.08467
896.4995, 20.61537
896.9816, 20.61681
897.4637, 19.74104
897.9459, 18.71687
898.4280, 17.76135
898.9101, 16.91501
899.3922, 16.30801
899.8743, 15.92491
900.3564, 15.59880
900.8386, 15.28798
901.3207, 14.92580
901.8028, 14.52736
902.2849, 14.02425
902.7670, 13.30066
903.2491, 11.90611
903.7313, 10.92473
904.2134, 10.55588
904.6955, 10.47491
905.1776, 10.23337
905.6597, 9.842834
906.1418, 9.497971
906.6240, 9.242889
907.1061, 8.934143
907.5882, 8.228897
908.0703, 7.503036
908.5524, 7.262680
909.0345, 7.838959
909.5167, 8.056885
909.9988, 7.580261
910.4809, 6.934113
910.9630, 6.431747
911.4451, 6.078674
911.9272, 5.613831
912.4094, 5.031311
912.8915, 4.536057
913.3736, 4.327560
913.8557, 4.274185
914.3378, 4.321655
914.8199, 4.451279
915.3021, 4.432281
915.7842, 4.129318
916.2663, 3.763840
916.7484, 3.316788
917.2305, 2.836441
917.7126, 2.542709
918.1948, 2.472107
918.6769, 2.425125
919.1590, 2.252365
919.6411, 2.145447
920.1232, 2.543762
920.6053, 3.115585
921.0875, 3.235291
921.5696, 2.273987
922.0517, 1.624969
922.5338, 1.706467
923.0159, 2.029099
923.4980, 2.037735
923.9802, 1.685852
924.4623, 1.256958
924.9444, 0.7476350
925.4265, 0.4194640
925.9086, 0.6596830
926.3907, 1.140305
926.8729, 1.408737
927.3550, 1.365845
927.8371, 1.313217
928.3192, 1.317947
928.8013, 1.348755
929.2834, 1.348022
929.7656, 1.318329
930.2477, 1.638672
930.7298, 2.325012
931.2119, 2.976196
931.6940, 3.436676
932.1761, 3.636627
932.6583, 3.243103
933.1404, 2.455124
933.6225, 2.067596
934.1046, 2.575684
934.5867, 3.266953
935.0688, 4.034454
935.5510, 4.817520
936.0331, 5.450745
936.5152, 5.945328
936.9973, 6.242966
937.4794, 6.253098
937.9615, 6.277603
938.4437, 6.651016
938.9258, 7.278641
939.4079, 8.028854
939.8900, 8.913712
940.3721, 9.799057
940.8542, 10.65900
941.3364, 11.49817
941.8185, 12.31654
942.3006, 13.10551
942.7827, 13.92831
943.2648, 14.79425
943.7469, 15.69164
944.2291, 16.74957
944.7112, 17.75235
945.1933, 18.38516
945.6754, 18.66411
946.1575, 19.14990
946.6396, 20.40460
947.1218, 21.34447
947.6039, 21.59465
948.0860, 21.31770
948.5681, 21.04109
949.0502, 20.77260
949.5323, 20.59790
950.0145, 20.61545
950.4966, 20.64415
950.9787, 20.67305
951.4608, 20.54797
951.9429, 20.01445
952.4250, 18.38008
952.9072, 17.26630
953.3893, 16.92619
953.8714, 16.85303
954.3535, 16.51559
954.8356, 15.93288
955.3177, 15.22914
955.7999, 14.41885
956.2820, 13.44408
956.7640, 12.08154
957.2462, 10.66418
957.7283, 9.417175
958.2104, 8.358505
958.6925, 7.698761
959.1746, 7.661133
959.6567, 7.518280
960.1389, 6.900955
960.6210, 5.968262
961.1031, 5.244156
961.5852, 4.692078
962.0673, 4.170578
962.5494, 3.408218
963.0316, 2.861145
963.5137, 3.026413
963.9958, 3.515106
964.4779, 3.559433
964.9600, 2.961014
965.4421, 2.369919
965.9243, 1.830551
966.4064, 1.367111
966.8885, 1.025391
967.3706, 0.7764280
967.8527, 0.5281680
968.3348, 0.2616420
968.8170, 8.1267998E-02
969.2991, 0.1722560
969.7812, 0.2593840
970.2633, 0.1020660
970.7454, 0.3032530
971.2275, 0.3212740
971.7097, 0.1585390
972.1918, 0.3505710
972.6739, 0.4220730
973.1560, 1.535828
973.6381, 1.954453
974.1202, 1.810822
974.6024, 1.480453
975.0845, 0.5666810
975.5666, 0.1748500
976.0487, 0.9856110
976.5308, 2.198624
977.0129, 2.737701
977.4951, 2.593552
977.9772, 1.824661
978.4593, 0.3150630
978.9414, 1.049973
979.4235, 1.401855
979.9056, 1.097168
980.3878, 0.3517300
980.8699, 0.9307560
981.3520, 1.487823
981.8341, 0.8790740
982.3162, 0.1021270
982.7983, 1.285355
983.2805, 2.540314
983.7626, 3.020798
984.2447, 2.806793
984.7268, 2.582230
985.2089, 2.619705
985.6910, 2.862274
986.1732, 3.232483
986.6553, 3.782959
987.1374, 4.669388
987.6195, 6.163300
988.1016, 7.370667
988.5837, 8.100616
989.0659, 8.741943
989.5480, 9.837540
990.0301, 11.23718
990.5122, 12.60869
990.9943, 13.93767
991.4764, 14.78250
991.9586, 14.07570
992.4407, 13.51573
992.9228, 14.44797
993.4049, 16.76534
993.8870, 18.25407
994.3691, 18.77974
994.8513, 19.31708
995.3334, 20.39709
995.8155, 21.64500
996.2976, 22.26399
996.7797, 22.62434
997.2618, 23.56245
997.7440, 26.38898
998.2261, 28.44270
998.7082, 28.99606
999.1903, 28.93199
999.6724, 29.25172
1000.155, 29.93225
1000.637, 30.16684
1001.119, 29.84882
1001.601, 29.81299
1002.083, 30.97404
1002.565, 32.58409
1003.047, 34.19830
1003.529, 35.72369
1004.011, 36.48021
1004.494, 36.06931
1004.976, 35.69777
1005.458, 35.74850
1005.940, 36.13142
1006.422, 36.83955
1006.904, 37.71854
1007.386, 38.16699
1007.868, 37.74295
1008.351, 37.30647
1008.833, 37.33687
1009.315, 37.54985
1009.797, 37.61142
1010.279, 37.45093
1010.761, 37.43416
1011.243, 37.58115
1011.725, 37.75301
1012.207, 37.94205
1012.690, 38.01945
1013.172, 37.64375
1013.654, 36.90392
1014.136, 36.45825
1014.618, 36.92159
1015.100, 37.24164
1015.582, 37.24698
1016.064, 36.88470
1016.547, 35.79417
1017.029, 34.10582
1017.511, 32.90335
1017.993, 32.57135
1018.475, 32.41640
1018.957, 31.98473
1019.439, 31.35942
1019.921, 30.63710
1020.403, 29.86894
1020.886, 28.78896
1021.368, 27.31863
1021.850, 25.76540
1022.332, 24.21121
1022.814, 22.76993
1023.296, 21.85660
1023.778, 21.33264
1024.260, 20.69397
1024.743, 19.68236
1025.225, 18.55385
1025.707, 17.34720
1026.189, 16.09732
1026.671, 14.74052
1027.153, 13.25810
1027.635, 12.20897
1028.117, 11.67032
1028.599, 11.48447
1029.082, 12.02655
1029.564, 12.56476
1030.046, 12.17393
1030.528, 10.66823
1031.010, 9.432678
1031.492, 8.745941
1031.974, 8.113068
1032.456, 7.351501
1032.938, 6.547684
1033.421, 5.710678
1033.903, 4.814117
1034.385, 3.971680
1034.867, 3.219284
1035.349, 2.700882
1035.831, 2.643356
1036.313, 2.845078
1036.795, 2.983017
1037.278, 3.019928
1037.760, 3.076965
1038.242, 3.156799
1038.724, 3.193665
1039.206, 3.269440
1039.688, 3.351120
1040.170, 3.188385
1040.652, 2.838486
1041.135, 2.887695
1041.617, 3.867386
1042.099, 4.533035
1042.581, 4.553604
1043.063, 4.321640
1043.545, 4.567459
1044.027, 5.150162
1044.509, 5.550873
1044.991, 5.640030
1045.474, 5.838867
1045.956, 6.450317
1046.438, 7.179398
1046.920, 7.802795
1047.402, 8.319138
1047.884, 8.946243
1048.366, 9.690170
1048.848, 10.50288
1049.330, 11.48311
1049.813, 12.39778
1050.295, 12.84947
1050.777, 13.03969
1051.259, 13.36014
1051.741, 14.03569
1052.223, 14.59717
1052.705, 15.09805
1053.187, 15.51624
1053.670, 15.75557
1054.152, 15.90530
1054.634, 16.15671
1055.116, 16.53743
1055.598, 17.20569
1056.080, 18.89165
1056.562, 20.18329
1057.044, 20.02415
1057.526, 19.07614
1058.009, 19.14525
1058.491, 20.31058
1058.973, 20.98674
1059.455, 20.71320
1059.937, 20.28970
1060.419, 20.63031
1060.901, 21.24416
1061.383, 21.68761
1061.865, 21.97198
1062.348, 21.35892
1062.830, 19.25763
1063.312, 17.65271
1063.794, 17.78140
1064.276, 18.87430
1064.758, 19.22586
1065.240, 18.86362
1065.722, 17.83452
1066.205, 15.22307
1066.687, 13.21323
1067.169, 12.86285
1067.651, 13.02890
1068.133, 12.63538
1068.615, 11.67610
1069.097, 11.13298
1069.579, 11.04399
1070.062, 10.95953
1070.544, 10.39084
1071.026, 9.827881
1071.508, 9.775848
1071.990, 10.08868
1072.472, 9.997162
1072.954, 9.331116
1073.436, 8.752289
1073.918, 8.393814
1074.401, 8.125168
1074.883, 7.756989
1075.365, 7.354446
1075.847, 6.939484
1076.329, 6.475159
1076.811, 6.437866
1077.293, 7.497925
1077.775, 8.301163
1078.257, 8.237320
1078.740, 7.525146
1079.222, 6.798035
1079.704, 6.090775
1080.186, 5.566330
1080.668, 5.314697
1081.150, 5.196655
1081.632, 5.230927
1082.114, 5.297729
1082.596, 5.291687
1083.079, 5.227386
1083.561, 4.885162
1084.043, 4.221695
1084.525, 3.816299
1085.007, 4.360062
1085.489, 5.147797
1085.971, 5.545975
1086.453, 5.584930
1086.936, 5.367844
1087.418, 4.759842
1087.900, 4.232605
1088.382, 3.833344
1088.864, 3.546982
1089.346, 3.264130
1089.828, 3.113220
1090.310, 3.462097
1090.792, 4.338745
1091.275, 5.145706
1091.757, 6.060913
1092.239, 6.317993
1092.721, 5.464096
1093.203, 3.923447
1093.685, 2.839203
1094.167, 2.166672
1094.649, 1.642944
1095.131, 1.193665
1095.614, 0.8785550
1096.096, 0.6769870
1096.578, 0.6789400
1097.060, 1.078293
1097.542, 1.896759
1098.024, 2.142380
1098.506, 1.777069
1098.988, 1.285095
1099.471, 0.8275910
1099.953, 0.4766540
1100.435, 0.4358520
1100.917, 0.5158080
1101.399, 0.3699190
1101.881, 0.2345890
1102.363, 0.7607270
1102.845, 1.225143
1103.328, 1.547516
1103.810, 1.615662
1104.292, 1.512466
1104.774, 1.377213
1105.256, 1.227219
1105.738, 1.123123
1106.220, 1.046371
1106.702, 1.092728
1107.184, 1.369415
1107.667, 1.671143
1108.149, 1.732925
1108.631, 1.546616
1109.113, 0.9074710
1109.595, 0.2426450
1110.077, 1.050995
1110.559, 0.7072910
1111.041, 0.1270450
1111.523, 0.1903530
1112.006, 0.2805330
1112.488, 0.3372650
1112.970, 0.3634490
1113.452, 0.1326900
1113.934, 0.4918370
1114.416, 1.164795
1114.898, 1.354568
1115.380, 1.531586
1115.863, 2.364258
1116.345, 4.100189
1116.827, 4.924576
1117.309, 4.718506
1117.791, 4.122482
1118.273, 3.020798
1118.755, 2.221985
1119.237, 3.452927
1119.719, 5.752716
1120.202, 7.263458
1120.684, 6.701904
1121.166, 6.677322
1121.648, 7.483734
1122.130, 8.421707
1122.612, 8.841187
1123.094, 8.970352
1123.576, 9.368637
1124.058, 10.05342
1124.541, 11.05167
1125.023, 12.40825
1125.505, 14.12811
1125.987, 16.77805
1126.469, 19.13188
1126.951, 19.05316
1127.433, 17.01971
1127.915, 16.24922
1128.398, 17.00188
1128.880, 17.97220
1129.362, 18.30563
1129.844, 18.64282
1130.326, 19.51349
1130.808, 20.61551
1131.290, 21.04910
1131.772, 20.80742
1132.255, 20.93401
1132.737, 21.68834
1133.219, 22.60153
1133.701, 23.35507
1134.183, 24.02937
1134.665, 24.65155
1135.147, 25.22955
1135.629, 26.08534
1136.111, 27.35178
1136.594, 28.01346
1137.076, 27.44673
1137.558, 26.69104
1138.040, 27.36621
1138.522, 28.53754
1139.004, 28.86180
1139.486, 27.61655
1139.968, 27.15485
1140.450, 27.79839
1140.933, 28.33508
1141.415, 27.95016
1141.897, 27.16946
1142.379, 26.91714
1142.861, 27.07018
1143.343, 27.35086
1143.825, 28.04831
1144.307, 28.21350
1144.790, 27.57195
1145.272, 26.81793
1145.754, 26.59779
1146.236, 26.72168
1146.718, 26.55962
1147.200, 26.16600
1147.682, 25.83554
1148.164, 25.55769
1148.646, 25.60217
1149.129, 26.30186
1149.611, 27.01180
1150.093, 26.73842
1150.575, 25.71014
1151.057, 25.28047
1151.539, 25.51927
1152.021, 25.71156
1152.503, 25.29636
1152.985, 24.90204
1153.468, 24.89799
1153.950, 25.07124
1154.432, 24.91055
1154.914, 24.45517
1155.396, 24.36975
1155.878, 24.79590
1156.360, 25.22223
1156.842, 25.16483
1157.325, 25.05231
1157.807, 25.19064
1158.289, 25.53954
1158.771, 25.93460
1159.253, 26.36813
1159.735, 26.96172
1160.217, 27.81142
1160.699, 28.52736
1161.182, 28.64053
1161.664, 28.53322
1162.146, 28.51883
1162.628, 28.62062
1163.110, 29.06752
1163.592, 29.92102
1164.074, 30.59357
1164.556, 30.72115
1165.038, 30.79730
1165.521, 31.61699
1166.003, 32.67520
1166.485, 33.22906
1166.967, 33.04016
1167.449, 33.08711
1167.931, 33.33208
1168.413, 33.71901
1168.895, 34.51460
1169.377, 35.11879
1169.860, 34.18355
1170.342, 32.58708
1170.824, 32.04070
1171.306, 33.83000
1171.788, 34.73288
1172.270, 34.61684
1172.752, 34.18547
1173.234, 33.76674
1173.717, 33.48730
1174.199, 33.80698
1174.681, 34.45000
1175.163, 34.61545
1175.645, 33.58026
1176.127, 32.76396
1176.609, 32.26517
1177.091, 31.96465
1177.573, 31.83159
1178.056, 31.80446
1178.538, 31.71039
1179.020, 31.49617
1179.502, 31.14474
1179.984, 30.54202
1180.466, 30.13751
1180.948, 30.00020
1181.430, 29.86044
1181.912, 29.42511
1182.395, 28.80693
1182.877, 28.19763
1183.359, 27.62750
1183.841, 27.19740
1184.323, 26.99287
1184.805, 26.93784
1185.287, 27.16963
1185.769, 27.29712
1186.252, 26.43584
1186.734, 24.95081
1187.216, 23.83336
1187.698, 23.19037
1188.180, 22.97409
1188.662, 23.72937
1189.144, 24.22395
1189.626, 23.98891
1190.109, 23.29950
1190.591, 22.68523
1191.073, 22.15810
1191.555, 21.82503
1192.037, 21.74638
1192.519, 21.58041
1193.001, 20.84808
1193.483, 20.37959
1193.965, 20.66936
1194.448, 21.41521
1194.930, 21.64507
1195.412, 21.40367
1195.894, 20.96027
1196.376, 20.26701
1196.858, 19.82039
1197.340, 20.27196
1197.822, 20.59117
1198.304, 20.16376
1198.787, 19.16110
1199.269, 18.29443
1199.751, 17.58322
1200.233, 17.11383
1200.715, 16.96841
1201.197, 16.93042
1201.679, 17.12764
1202.161, 17.16051
1202.644, 16.67406
1203.126, 15.78006
1203.608, 15.23973
1204.090, 15.00957
1204.572, 14.85863
1205.054, 14.92805
1205.536, 14.64558
1206.018, 13.24670
1206.500, 11.81723
1206.983, 11.28786
1207.465, 11.56015
1207.947, 11.73662
1208.429, 11.77234
1208.911, 11.37653
1209.393, 9.806152
1209.875, 8.541870
1210.357, 8.570450
1210.839, 8.934280
1211.322, 8.881653
1211.804, 8.429642
1212.286, 7.758560
1212.768, 6.914566
1213.250, 6.278610
1213.732, 6.252014
1214.214, 6.231369
1214.696, 5.888641
1215.179, 5.492935
1215.661, 5.340485
1216.143, 5.404205
1216.625, 5.460037
1217.107, 5.481247
1217.589, 5.305450
1218.071, 4.719643
1218.553, 4.059135
1219.036, 3.338371
1219.518, 2.716057
1220.000, 2.371185
1220.482, 2.297226
1220.964, 2.520569
1221.446, 3.003952
1221.928, 3.373962
1222.410, 3.426117
1222.892, 3.311897
1223.375, 3.065842
1223.857, 2.715622
1224.339, 2.277176
1224.821, 1.757271
1225.303, 1.106415
1225.785, 0.3527070
1226.267, 6.5842003E-02
1226.749, 0.7008820
1227.231, 1.026711
1227.714, 6.6878997E-02
1228.196, 1.220169
1228.678, 1.164902
1229.160, 0.1253590
1229.642, 0.4236370
1230.124, 0.3636780
1230.606, 0.3414920
1231.088, 0.7574310
1231.571, 1.188904
1232.053, 1.543747
1232.535, 1.743271
1233.017, 1.585411
1233.499, 1.171463
1233.981, 0.8230360
1234.463, 0.5749510
1234.945, 0.2855380
1235.427, 0.3384400
1235.910, 0.6456600
1236.392, 0.2823410
1236.874, 0.2175520
1237.356, 0.3444060
1237.838, 1.460724
1238.320, 1.784164
1238.802, 1.134491
1239.284, 0.5364610
1239.766, 0.3544920
1240.249, 0.2574690
1240.731, 0.1870190
1241.213, 0.1340330
1241.695, 0.1226350
1242.177, 0.1066670
1242.659, 6.5727003E-02
1243.141, 0.4228520
1243.623, 0.5654830
1244.106, 0.1702190
1244.588, 4.5166001E-02
1245.070, 0.4845120
1245.552, 1.126770
1246.034, 1.475647
1246.516, 1.592453
1246.998, 1.504967
1247.480, 1.199341
1247.963, 1.205124
1248.445, 1.764183
1248.927, 2.055138
1249.409, 1.727303
1249.891, 1.317520
1250.373, 1.965584
1250.855, 2.834328
1251.337, 2.511963
1251.819, 0.7060320
1252.302, 0.2720570
1252.784, 1.712875
1253.266, 2.837990
1253.748, 2.929054
1254.230, 2.580582
1254.712, 2.348778
1255.194, 2.207657
1255.676, 2.120430
1256.158, 2.086212
1256.641, 2.206215
1257.123, 2.529243
1257.605, 2.562263
1258.087, 2.042809
1258.569, 1.464279
1259.051, 1.810379
1259.533, 2.610245
1260.015, 3.091629
1260.498, 3.245171
1260.980, 3.131798
1261.462, 2.747383
1261.944, 2.631401
1262.426, 2.867851
1262.908, 3.193748
1263.390, 2.583908
1263.872, 1.821571
1264.354, 2.074951
1264.837, 2.941162
1265.319, 3.204903
1265.801, 2.929596
1266.283, 2.687134
1266.765, 2.470833
1267.247, 2.401558
1267.729, 2.580688
1268.211, 2.682030
1268.693, 2.503273
1269.176, 2.117844
1269.658, 1.704323
1270.140, 1.316246
1270.622, 1.085663
1271.104, 1.213409
1271.586, 1.657150
1272.068, 3.019775
1272.550, 3.977203
1273.033, 3.835014
1273.515, 3.056763
1273.997, 2.741302
1274.479, 2.795517
1274.961, 3.035728
1275.443, 3.527046
1275.925, 3.636772
1276.407, 3.121025
1276.890, 2.506752
1277.372, 1.884468
1277.854, 1.420227
1278.336, 1.549263
1278.818, 2.003929
1279.300, 2.328575
1279.782, 2.417336
1280.264, 2.544456
1280.746, 2.794960
1281.229, 2.831619
1281.711, 2.463226
1282.193, 1.987160
1282.675, 1.869949
1283.157, 1.843666
1283.639, 1.469330
1284.121, 0.6677930
1284.603, 0.4740600
1285.085, 0.9844590
1285.568, 1.171318
1286.050, 0.5363010
1286.532, 4.7531001E-02
1287.014, 0.5965730
1287.496, 1.415039
1287.978, 1.076035
1288.460, 0.0000000E+00
##END=



