##NAMES=Jarosite
##RRUFFID=R060236
##IDEAL CHEMISTRY=KFe^3+^_3_(SO_4_)_2_(OH)_6_
##LOCALITY=Gold Hill, Tooele County, Utah, USA
##OWNER=RRUFF
##SOURCE=Michael Scott
##DESCRIPTION=Spherical groups of brown bladed crystals
##STATUS=The identification of this mineral has been confirmed by single-crystal X-ray diffraction.
##URL=rruff.info/R060236
143.8957, 0.0000000E+00
144.3779, 0.3205950
144.8600, 0.6597210
145.3421, 0.8469920
145.8242, 0.7678530
146.3063, 0.7856830
146.7884, 1.673401
147.2706, 2.154625
147.7527, 1.847603
148.2348, 1.158798
148.7169, 0.3905560
149.1990, 8.0261000E-02
149.6811, 0.2721410
150.1633, 0.2762370
150.6454, 0.1375890
151.1275, 8.2176000E-02
151.6096, 0.3603290
152.0917, 0.7318570
152.5738, 1.078415
153.0560, 1.239220
153.5381, 1.174118
154.0202, 1.043190
154.5023, 0.9834900
154.9844, 0.9999920
155.4665, 0.9591450
155.9487, 0.5944210
156.4308, 0.2674940
156.9129, 0.2802730
157.3950, 0.7179720
157.8771, 1.442207
158.3592, 2.258499
158.8414, 3.140053
159.3235, 4.198395
159.8056, 5.561501
160.2877, 7.036194
160.7698, 8.475044
161.2519, 9.810211
161.7341, 11.06491
162.2162, 12.29047
162.6983, 13.44444
163.1804, 14.63223
163.6625, 15.90987
164.1446, 17.21832
164.6268, 18.46282
165.1089, 19.59145
165.5910, 20.63210
166.0731, 21.80027
166.5552, 23.14121
167.0373, 24.55975
167.5195, 26.13670
168.0016, 27.78232
168.4837, 29.36866
168.9658, 30.83141
169.4479, 32.15811
169.9300, 33.09185
170.4122, 33.26321
170.8943, 33.48022
171.3764, 34.13076
171.8585, 35.16625
172.3406, 36.29515
172.8227, 37.25100
173.3049, 38.10604
173.7870, 39.37482
174.2691, 41.41346
174.7512, 43.61901
175.2333, 45.43700
175.7154, 46.83768
176.1976, 48.29968
176.6797, 50.36239
177.1618, 52.75452
177.6439, 54.75513
178.1260, 56.24062
178.6081, 57.24634
179.0903, 57.86243
179.5724, 58.13204
180.0545, 57.84220
180.5366, 56.91597
181.0187, 55.39230
181.5008, 53.19599
181.9830, 50.03049
182.4651, 46.20560
182.9472, 42.62757
183.4293, 39.33032
183.9114, 36.29276
184.3935, 33.44839
184.8757, 30.81558
185.3578, 28.42036
185.8399, 26.34216
186.3220, 24.54527
186.8041, 22.69748
187.2862, 20.78660
187.7684, 18.82029
188.2505, 16.54119
188.7326, 14.20187
189.2147, 12.28281
189.6968, 11.21564
190.1789, 11.02811
190.6611, 10.81581
191.1432, 10.42830
191.6253, 10.15686
192.1074, 10.11385
192.5895, 10.27425
193.0716, 10.55434
193.5538, 10.88615
194.0359, 11.27343
194.5180, 11.69653
195.0001, 12.06754
195.4822, 12.53928
195.9643, 13.12369
196.4465, 13.85362
196.9286, 14.82805
197.4107, 16.15440
197.8928, 17.88635
198.3749, 19.66541
198.8570, 21.43353
199.3392, 23.29703
199.8213, 25.31138
200.3034, 27.61259
200.7855, 30.32703
201.2676, 33.52903
201.7497, 37.04543
202.2319, 40.66638
202.7140, 44.45081
203.1961, 48.32599
203.6782, 52.27740
204.1603, 56.32357
204.6424, 60.24589
205.1246, 63.87780
205.6067, 67.23216
206.0888, 70.31602
206.5709, 73.09406
207.0530, 75.65798
207.5351, 78.11050
208.0173, 80.47028
208.4994, 82.76286
208.9815, 84.97552
209.4636, 87.13313
209.9457, 89.28243
210.4278, 91.34557
210.9100, 93.42732
211.3921, 95.76510
211.8742, 98.35168
212.3563, 101.2139
212.8384, 104.5347
213.3205, 108.1015
213.8027, 111.5283
214.2848, 114.5021
214.7669, 117.1877
215.2490, 120.1563
215.7311, 123.6512
216.2132, 127.0655
216.6953, 130.1353
217.1775, 132.9619
217.6596, 135.7726
218.1417, 138.8283
218.6238, 141.9819
219.1059, 144.3118
219.5880, 145.5005
220.0702, 146.1183
220.5523, 146.6378
221.0344, 146.7261
221.5165, 145.8870
221.9986, 143.8326
222.4807, 140.5598
222.9629, 136.0050
223.4450, 129.3856
223.9271, 122.1836
224.4092, 114.5107
224.8913, 106.4587
225.3734, 98.04585
225.8556, 89.14630
226.3377, 79.92060
226.8198, 71.60366
227.3019, 64.60709
227.7840, 58.19295
228.2661, 52.23917
228.7483, 46.77823
229.2304, 41.97293
229.7125, 37.91938
230.1946, 34.57582
230.6767, 31.60928
231.1588, 28.92389
231.6410, 26.67567
232.1231, 25.11324
232.6052, 24.01008
233.0873, 22.94222
233.5694, 21.65256
234.0515, 20.18275
234.5337, 18.83986
235.0158, 17.61475
235.4979, 16.48648
235.9800, 15.44948
236.4621, 14.50720
236.9442, 13.67586
237.4264, 12.98666
237.9085, 12.39551
238.3906, 11.69177
238.8727, 10.66134
239.3548, 9.778961
239.8369, 9.371704
240.3191, 9.251488
240.8012, 8.909916
241.2833, 8.010025
241.7654, 6.826542
242.2475, 6.166885
242.7296, 6.208141
243.2118, 6.376953
243.6939, 6.491295
244.1760, 6.552078
244.6581, 6.535660
245.1402, 6.373192
245.6223, 6.203560
246.1045, 6.321888
246.5866, 6.831463
247.0687, 7.307903
247.5508, 7.527966
248.0329, 7.537121
248.5150, 7.490612
248.9972, 7.409298
249.4793, 7.330162
249.9614, 7.380146
250.4435, 7.622700
250.9256, 7.624561
251.4077, 7.001648
251.8899, 5.889881
252.3720, 4.866325
252.8541, 4.086498
253.3362, 3.444580
253.8183, 2.848660
254.3004, 2.297779
254.7826, 1.694370
255.2647, 0.9333530
255.7468, 5.2650001E-02
256.2289, 0.7715950
256.7110, 1.577019
257.1931, 2.209705
257.6753, 2.577869
258.1574, 2.697384
258.6395, 2.663097
259.1216, 2.454655
259.6037, 2.111809
260.0858, 1.872395
260.5680, 1.844200
261.0501, 1.802631
261.5322, 1.641773
262.0143, 1.370960
262.4964, 0.9833110
262.9785, 0.3638690
263.4607, 0.4217260
263.9428, 0.9715230
264.4249, 1.112270
264.9070, 1.253132
265.3891, 1.534607
265.8712, 1.959923
266.3534, 2.547558
266.8355, 3.404457
267.3176, 4.421803
267.7997, 5.109608
268.2818, 5.224586
268.7639, 5.369408
269.2461, 5.742500
269.7282, 6.284847
270.2103, 6.922306
270.6924, 7.636574
271.1745, 8.396034
271.6566, 9.097660
272.1388, 9.774361
272.6209, 10.31455
273.1030, 10.43141
273.5851, 10.51090
274.0672, 11.05719
274.5493, 12.33715
275.0315, 14.01740
275.5136, 15.23388
275.9957, 15.65952
276.4778, 16.23387
276.9599, 17.19508
277.4420, 18.31937
277.9242, 19.41523
278.4063, 20.41904
278.8884, 21.36383
279.3705, 22.30080
279.8526, 23.14581
280.3347, 24.16959
280.8169, 25.43899
281.2990, 26.83453
281.7811, 28.31333
282.2632, 29.84731
282.7453, 31.35748
283.2274, 32.69169
283.7096, 33.69542
284.1917, 34.91854
284.6738, 36.69151
285.1559, 38.41562
285.6380, 39.60104
286.1201, 40.27253
286.6023, 40.93901
287.0844, 42.25018
287.5665, 44.44295
288.0486, 46.30101
288.5307, 47.56866
289.0128, 48.75282
289.4950, 50.04710
289.9771, 51.46608
290.4592, 52.96568
290.9413, 54.57677
291.4234, 56.35262
291.9055, 57.48087
292.3877, 57.41996
292.8698, 57.26707
293.3519, 57.45483
293.8340, 57.83054
294.3161, 57.97659
294.7982, 57.56308
295.2804, 56.65062
295.7625, 56.04182
296.2446, 56.52979
296.7267, 56.46591
297.2088, 55.30210
297.6909, 53.43327
298.1731, 51.46341
298.6552, 49.73421
299.1373, 48.12502
299.6194, 46.18311
300.1015, 43.67829
300.5836, 41.09076
301.0658, 38.46423
301.5479, 35.79391
302.0300, 33.01867
302.5121, 30.12886
302.9942, 27.22678
303.4763, 24.46914
303.9585, 21.75964
304.4406, 19.42063
304.9227, 17.47437
305.4048, 15.85419
305.8869, 14.59322
306.3690, 13.67045
306.8512, 12.91291
307.3333, 12.08395
307.8154, 11.14149
308.2975, 10.23057
308.7796, 9.119961
309.2617, 8.189651
309.7439, 7.807274
310.2260, 7.900902
310.7081, 8.038147
311.1902, 7.776119
311.6723, 7.035591
312.1544, 6.404579
312.6366, 5.829952
313.1187, 5.366104
313.6008, 5.147129
314.0829, 5.049583
314.5650, 4.803558
315.0471, 4.196709
315.5293, 3.290375
316.0114, 2.697502
316.4935, 2.943306
316.9756, 2.946327
317.4577, 2.249344
317.9398, 1.218529
318.4220, 0.3929670
318.9041, 5.5557001E-02
319.3862, 0.1083910
319.8683, 0.2348480
320.3504, 0.6146700
320.8326, 0.8599470
321.3147, 0.7834400
321.7968, 0.6312560
322.2789, 0.6621550
322.7610, 0.9613570
323.2431, 1.414337
323.7253, 1.821884
324.2074, 2.153572
324.6895, 2.482040
325.1716, 2.722160
325.6537, 3.022514
326.1358, 3.520218
326.6180, 4.209221
327.1001, 4.948608
327.5822, 5.567924
328.0643, 5.997894
328.5464, 6.684875
329.0285, 7.839188
329.5107, 9.012772
329.9928, 9.978035
330.4749, 10.80032
330.9570, 11.69402
331.4391, 12.84369
331.9212, 14.21802
332.4034, 15.34538
332.8855, 15.96868
333.3676, 16.62160
333.8497, 17.37860
334.3318, 18.23054
334.8139, 19.16294
335.2961, 20.16358
335.7782, 21.22008
336.2603, 22.29549
336.7424, 23.74066
337.2245, 24.63843
337.7066, 24.60054
338.1888, 24.22647
338.6708, 24.02386
339.1530, 24.13595
339.6351, 24.38789
340.1172, 24.50906
340.5993, 24.40781
341.0814, 24.40999
341.5635, 24.65359
342.0457, 24.87196
342.5278, 24.86302
343.0099, 24.66385
343.4920, 24.49361
343.9741, 24.59136
344.4562, 24.98358
344.9384, 25.07470
345.4205, 25.42881
345.9026, 25.65422
346.3847, 25.75791
346.8668, 25.37368
347.3489, 25.62070
347.8311, 25.61552
348.3132, 25.60050
348.7953, 25.93793
349.2774, 25.62746
349.7595, 26.07294
350.2416, 26.16663
350.7238, 26.02382
351.2059, 25.66650
351.6880, 25.10437
352.1701, 24.38764
352.6522, 23.58271
353.1343, 22.65718
353.6165, 21.74216
354.0986, 21.05677
354.5807, 20.22778
355.0628, 18.95444
355.5449, 17.26434
356.0270, 15.48558
356.5092, 13.93452
356.9913, 12.62934
357.4734, 11.27278
357.9555, 9.794403
358.4376, 8.347496
358.9197, 6.974670
359.4019, 5.683441
359.8840, 4.479424
360.3661, 3.342239
360.8482, 2.312675
361.3303, 1.527702
361.8124, 1.097343
362.2946, 0.6816100
362.7767, 0.1305310
363.2588, 0.4540020
363.7409, 0.9740220
364.2230, 1.404083
364.7051, 1.757904
365.1873, 2.068649
365.6694, 2.346764
366.1515, 2.495255
366.6336, 2.419487
367.1157, 2.256546
367.5978, 2.117271
368.0800, 2.001259
368.5621, 1.826408
369.0442, 1.524132
369.5263, 1.110252
370.0084, 0.6378560
370.4905, 3.8773000E-02
370.9727, 0.4828110
371.4548, 0.7384190
371.9369, 0.8197860
372.4190, 0.9267200
372.9011, 1.103073
373.3832, 1.365219
373.8654, 1.777023
374.3475, 2.357872
374.8296, 2.908958
375.3117, 3.300301
375.7938, 3.615211
376.2759, 3.972275
376.7581, 4.372185
377.2402, 4.827454
377.7223, 5.461441
378.2044, 6.184448
378.6865, 6.573921
379.1686, 6.389984
379.6508, 6.040001
380.1329, 6.138794
380.6150, 6.676239
381.0971, 6.936829
381.5792, 6.494949
382.0613, 5.723206
382.5435, 5.114021
383.0256, 4.720543
383.5077, 4.469200
383.9898, 4.350090
384.4719, 4.340057
384.9540, 4.249443
385.4362, 4.029213
385.9183, 3.767769
386.4004, 3.508621
386.8825, 3.252121
387.3646, 2.994270
387.8467, 2.738495
388.3289, 2.474174
388.8110, 2.161140
389.2931, 1.735771
389.7752, 1.400490
390.2573, 1.206932
390.7394, 1.120743
391.2216, 1.139267
391.7037, 1.255081
392.1858, 1.360153
392.6679, 1.302658
393.1500, 1.011681
393.6321, 0.9634320
394.1143, 1.371666
394.5964, 1.806519
395.0785, 2.017014
395.5606, 2.044281
396.0427, 2.041756
396.5248, 2.094269
397.0070, 2.217773
397.4891, 2.506317
397.9712, 3.104523
398.4533, 3.696426
398.9354, 4.154968
399.4175, 4.634277
399.8997, 5.366180
400.3818, 6.400749
400.8639, 7.507690
401.3460, 8.320168
401.8281, 8.683632
402.3102, 9.178375
402.7924, 9.816605
403.2745, 10.55689
403.7566, 11.44010
404.2387, 12.41645
404.7208, 13.35365
405.2029, 14.11755
405.6851, 14.75933
406.1672, 15.67494
406.6493, 17.24585
407.1314, 18.52499
407.6135, 18.96110
408.0956, 19.16814
408.5778, 19.88543
409.0599, 21.37881
409.5420, 23.16273
410.0241, 24.45075
410.5062, 25.07631
410.9883, 26.08332
411.4705, 27.95327
411.9526, 29.97909
412.4347, 31.77784
412.9168, 33.35680
413.3989, 34.90925
413.8810, 36.50754
414.3632, 38.17422
414.8453, 40.01170
415.3274, 42.06719
415.8095, 44.17820
416.2916, 46.25243
416.7737, 48.33085
417.2559, 50.49229
417.7380, 52.81121
418.2201, 55.10356
418.7022, 57.14429
419.1843, 58.96662
419.6664, 60.91733
420.1486, 63.17696
420.6307, 65.48772
421.1128, 67.43227
421.5949, 69.01974
422.0770, 70.72637
422.5591, 72.77910
423.0413, 75.02648
423.5234, 77.31033
424.0055, 79.61136
424.4876, 81.88870
424.9697, 84.07227
425.4518, 86.18709
425.9340, 88.40627
426.4161, 90.89143
426.8982, 93.31525
427.3803, 95.37463
427.8624, 97.27728
428.3445, 99.50246
428.8267, 102.2506
429.3088, 105.1803
429.7909, 107.7146
430.2730, 109.7169
430.7551, 111.5777
431.2372, 113.6193
431.7194, 115.2728
432.2015, 116.0627
432.6836, 116.0253
433.1657, 115.5542
433.6478, 114.9764
434.1299, 114.2604
434.6121, 112.9259
435.0942, 110.3065
435.5763, 107.8148
436.0584, 105.7540
436.5405, 103.9039
437.0226, 102.0303
437.5048, 100.0482
437.9869, 97.93037
438.4690, 95.57629
438.9511, 92.83552
439.4332, 90.35527
439.9153, 88.03886
440.3975, 86.06953
440.8796, 84.64501
441.3617, 83.66082
441.8438, 82.84275
442.3259, 82.00078
442.8080, 81.20516
443.2902, 80.77383
443.7723, 80.85815
444.2544, 80.94114
444.7365, 80.68443
445.2186, 80.40866
445.7007, 80.47604
446.1829, 80.97243
446.6650, 81.68202
447.1471, 82.43097
447.6292, 83.20863
448.1113, 83.90433
448.5934, 84.54420
449.0756, 84.97995
449.5577, 84.93780
450.0398, 84.53727
450.5219, 84.01965
451.0040, 83.78488
451.4861, 83.23969
451.9683, 81.78548
452.4504, 79.48219
452.9325, 76.68657
453.4146, 73.49428
453.8967, 69.94993
454.3788, 66.12059
454.8610, 62.02500
455.3431, 57.78844
455.8252, 53.07185
456.3073, 48.41444
456.7894, 44.29358
457.2715, 40.81345
457.7537, 37.95398
458.2358, 35.69788
458.7179, 34.03207
459.2000, 32.78673
459.6821, 32.73903
460.1642, 32.20847
460.6464, 30.23876
461.1285, 27.64749
461.6106, 25.61661
462.0927, 24.57431
462.5748, 24.04521
463.0569, 23.23448
463.5391, 21.93399
464.0212, 20.97244
464.5033, 20.77386
464.9854, 20.51012
465.4675, 19.64214
465.9496, 18.37020
466.4318, 17.26985
466.9139, 16.73901
467.3960, 16.60214
467.8781, 16.30822
468.3602, 15.79964
468.8423, 15.28069
469.3245, 14.74216
469.8066, 14.25501
470.2887, 13.92852
470.7708, 13.77183
471.2529, 13.58431
471.7350, 13.12545
472.2172, 12.49480
472.6993, 12.10650
473.1814, 12.05668
473.6635, 12.06984
474.1456, 11.93899
474.6277, 11.72736
475.1099, 11.57693
475.5920, 11.51208
476.0741, 11.51184
476.5562, 11.66230
477.0383, 11.87551
477.5204, 11.83402
478.0026, 11.38571
478.4847, 10.84590
478.9668, 10.69868
479.4489, 11.06094
479.9310, 11.23622
480.4131, 11.11205
480.8953, 10.85548
481.3774, 10.49147
481.8595, 10.08431
482.3416, 9.811508
482.8237, 9.795444
483.3058, 9.926891
483.7880, 9.824017
484.2701, 9.226334
484.7522, 8.762386
485.2343, 8.518414
485.7164, 8.359951
486.1985, 8.211376
486.6807, 8.046524
487.1628, 7.845516
487.6449, 7.571995
488.1270, 7.235043
488.6091, 6.976673
489.0912, 6.888241
489.5734, 6.728516
490.0555, 6.385059
490.5376, 5.959484
491.0197, 5.561752
491.5018, 5.222420
491.9839, 4.911995
492.4661, 4.614685
492.9482, 4.326069
493.4303, 4.010265
493.9124, 3.627426
494.3945, 3.284554
494.8766, 3.152550
495.3588, 3.136940
495.8409, 2.975189
496.3230, 2.467815
496.8051, 1.918301
497.2872, 1.610264
497.7693, 1.483192
498.2515, 1.296299
498.7336, 0.9414290
499.2157, 0.5480270
499.6978, 0.3310850
500.1799, 0.3492770
500.6620, 0.3208240
501.1442, 0.1546590
501.6263, 1.3280000E-03
502.1084, 0.3319820
502.5905, 6.6418000E-02
503.0726, 6.9305003E-02
503.5547, 8.2180001E-02
504.0368, 0.3939700
504.5190, 0.2402950
505.0011, 0.3401340
505.4832, 0.4511830
505.9653, 0.2112620
506.4474, 0.6205710
506.9295, 0.3880500
507.4117, 0.4130940
507.8938, 0.3215940
508.3759, 0.4853060
508.8580, 0.5714720
509.3401, 0.4042700
509.8222, 0.3789140
510.3044, 0.5759350
510.7865, 0.7039380
511.2686, 0.7009700
511.7507, 0.8031120
512.2328, 1.038349
512.7150, 1.254620
513.1971, 1.332653
513.6792, 1.303646
514.1613, 1.275688
514.6434, 1.277348
515.1255, 1.192799
515.6077, 0.8464360
516.0898, 0.3357730
516.5719, 8.0681004E-02
517.0540, 0.2749290
517.5361, 0.5089490
518.0182, 0.6680180
518.5004, 0.7270050
518.9825, 0.6293790
519.4646, 0.3609350
519.9467, 2.6726000E-02
520.4288, 0.5058330
520.9109, 1.129337
521.3931, 1.477295
521.8752, 1.381104
522.3573, 1.243233
522.8394, 1.142517
523.3215, 1.108704
523.8036, 1.179310
524.2858, 1.367783
524.7679, 1.628006
525.2500, 1.880955
525.7321, 2.113438
526.2142, 2.405956
526.6964, 2.833508
527.1785, 3.245724
527.6606, 3.509932
528.1427, 3.709629
528.6248, 4.057690
529.1069, 4.737207
529.5891, 5.442400
530.0712, 5.694183
530.5533, 5.522800
531.0354, 5.432972
531.5175, 5.528067
531.9996, 5.809484
532.4818, 6.415995
532.9639, 7.312939
533.4460, 7.962965
533.9281, 7.989126
534.4102, 7.952888
534.8923, 8.361164
535.3745, 9.098930
535.8566, 9.726776
536.3387, 10.02881
536.8208, 10.15762
537.3029, 10.42128
537.7850, 10.89004
538.2672, 11.36325
538.7493, 11.84411
539.2314, 12.32394
539.7135, 12.81889
540.1956, 13.31161
540.6777, 13.75491
541.1599, 14.11186
541.6420, 14.43755
542.1241, 14.86697
542.6062, 15.41156
543.0883, 16.02599
543.5704, 16.85404
544.0526, 17.62250
544.5347, 18.15075
545.0168, 18.45796
545.4989, 18.66735
545.9810, 18.74236
546.4631, 18.81684
546.9453, 19.17548
547.4274, 19.80769
547.9095, 20.27389
548.3916, 20.29481
548.8737, 20.17947
549.3558, 20.55308
549.8380, 21.50670
550.3201, 22.22768
550.8022, 22.32019
551.2843, 22.30847
551.7664, 22.64870
552.2485, 23.28605
552.7307, 23.91561
553.2128, 24.36963
553.6949, 24.68776
554.1770, 24.97492
554.6591, 25.16079
555.1412, 25.44543
555.6234, 25.86318
556.1055, 26.34146
556.5876, 26.87404
557.0697, 27.43210
557.5518, 27.96032
558.0339, 28.44542
558.5161, 28.86098
558.9982, 29.09420
559.4803, 29.08948
559.9624, 29.19961
560.4445, 29.61142
560.9266, 30.15959
561.4088, 30.76329
561.8909, 31.36792
562.3730, 31.76574
562.8551, 31.74442
563.3372, 31.53013
563.8193, 31.28100
564.3015, 31.00467
564.7836, 31.00279
565.2657, 31.43880
565.7478, 32.00048
566.2299, 32.05466
566.7120, 31.27839
567.1942, 30.80585
567.6763, 30.83428
568.1584, 30.95170
568.6405, 31.04564
569.1226, 31.04700
569.6047, 30.82871
570.0869, 30.31466
570.5690, 29.60374
571.0511, 28.92676
571.5332, 28.33635
572.0153, 27.58609
572.4974, 26.53717
572.9796, 25.43531
573.4617, 24.37314
573.9438, 23.38345
574.4259, 22.51725
574.9080, 21.86726
575.3901, 21.18103
575.8723, 20.10233
576.3544, 18.71404
576.8365, 17.45151
577.3186, 16.46272
577.8007, 15.59532
578.2828, 14.66300
578.7650, 13.65138
579.2471, 12.74472
579.7292, 12.01239
580.2113, 11.30911
580.6934, 10.51115
581.1755, 9.711735
581.6577, 9.061441
582.1398, 8.614346
582.6219, 8.291954
583.1040, 8.019850
583.5861, 7.825180
584.0682, 7.462879
584.5504, 6.805424
585.0325, 6.120228
585.5145, 5.402454
585.9966, 4.737852
586.4788, 4.238707
586.9609, 3.936672
587.4430, 3.751871
587.9251, 3.667145
588.4072, 3.643732
588.8893, 3.527348
589.3715, 3.293505
589.8536, 3.000105
590.3357, 2.638447
590.8178, 2.253979
591.2999, 2.000937
591.7820, 1.960821
592.2642, 1.898239
592.7463, 1.688723
593.2284, 1.449266
593.7105, 1.319538
594.1926, 1.306665
594.6747, 1.321459
595.1569, 1.293789
595.6390, 1.237200
596.1211, 1.227272
596.6032, 1.307592
597.0853, 1.357561
597.5674, 1.397364
598.0496, 1.380466
598.5317, 1.199575
599.0138, 0.9085710
599.4959, 0.7321550
599.9780, 0.8565540
600.4601, 1.151323
600.9423, 1.377552
601.4244, 1.534674
601.9065, 1.687624
602.3886, 1.847067
602.8707, 2.027664
603.3528, 2.262962
603.8350, 2.554680
604.3171, 2.826183
604.7992, 3.030592
605.2813, 3.263577
605.7634, 3.539232
606.2455, 3.882200
606.7277, 4.330982
607.2098, 4.933458
607.6919, 5.689135
608.1740, 6.606878
608.6561, 7.726511
609.1382, 8.783781
609.6204, 9.872736
610.1025, 10.78087
610.5846, 11.32608
611.0667, 11.70017
611.5488, 12.16405
612.0309, 12.79686
612.5131, 13.44685
612.9952, 13.91665
613.4773, 14.28948
613.9594, 14.85190
614.4415, 15.63921
614.9236, 16.47241
615.4058, 17.22502
615.8879, 17.97521
616.3700, 18.97267
616.8521, 20.37872
617.3342, 21.68037
617.8163, 22.65431
618.2985, 23.58243
618.7806, 24.68657
619.2627, 25.97649
619.7448, 27.45117
620.2269, 29.15256
620.7090, 30.90422
621.1912, 32.17103
621.6733, 32.84762
622.1554, 33.36774
622.6375, 34.12179
623.1196, 34.38209
623.6017, 33.72318
624.0839, 32.24794
624.5660, 30.23917
625.0481, 27.67566
625.5302, 24.83601
626.0123, 21.82141
626.4944, 18.76664
626.9766, 16.21982
627.4587, 14.30075
627.9408, 12.65520
628.4229, 10.90982
628.9050, 9.091717
629.3871, 7.974209
629.8693, 8.029633
630.3514, 8.073191
630.8335, 7.807096
631.3156, 7.431419
631.7977, 7.145424
632.2798, 6.985367
632.7620, 6.886992
633.2441, 6.799788
633.7262, 6.726061
634.2083, 6.705633
634.6904, 6.775253
635.1725, 6.742237
635.6547, 6.429256
636.1368, 6.109211
636.6189, 6.097466
637.1010, 6.359871
637.5831, 6.533947
638.0652, 6.444963
638.5474, 6.286900
639.0295, 6.166079
639.5116, 6.108223
639.9937, 6.225906
640.4758, 6.554811
640.9579, 6.836708
641.4401, 6.712358
641.9222, 6.127308
642.4043, 5.692268
642.8864, 5.567785
643.3685, 5.382536
643.8506, 5.039284
644.3328, 4.627541
644.8149, 4.239763
645.2970, 3.879606
645.7791, 3.511721
646.2612, 3.044016
646.7433, 2.573990
647.2255, 2.420801
647.7076, 2.603712
648.1897, 2.647404
648.6718, 2.302275
649.1539, 1.773783
649.6360, 1.389387
650.1182, 1.144495
650.6003, 1.031017
651.0824, 1.264761
651.5645, 1.413721
652.0466, 1.109579
652.5287, 0.5754830
653.0109, 0.2446750
653.4930, 0.2688160
653.9751, 0.4184150
654.4572, 0.3441200
654.9393, 3.4035001E-02
655.4214, 3.5696000E-02
655.9036, 0.5596010
656.3857, 0.9795510
656.8678, 0.8872870
657.3499, 0.5961800
657.8320, 0.4613060
658.3141, 0.5363120
658.7963, 0.5755630
659.2784, 0.4044570
659.7605, 0.1844920
660.2426, 0.1297700
660.7247, 0.2041530
661.2068, 0.2086280
661.6890, 4.6094999E-02
662.1711, 0.1979180
662.6532, 0.3915210
663.1353, 0.5772910
663.6174, 0.5498770
664.0995, 1.6458999E-02
664.5817, 0.4402290
665.0638, 0.3737740
665.5459, 9.0797000E-02
666.0280, 1.5579000E-02
666.5101, 0.1541520
666.9922, 0.3631520
667.4744, 0.4258610
667.9565, 0.3719670
668.4386, 0.2467000
668.9207, 5.2685000E-02
669.4028, 0.1038360
669.8849, 0.1569390
670.3671, 0.1522430
670.8492, 0.1933040
671.3313, 0.3289380
671.8134, 0.3614790
672.2955, 0.1929090
672.7776, 1.8310000E-03
673.2598, 0.1311650
673.7419, 0.2097380
674.2240, 0.2580570
674.7061, 0.2746770
675.1882, 0.2196250
675.6703, 2.5658000E-02
676.1525, 0.4189720
676.6346, 0.5573140
677.1167, 0.3742790
677.5988, 0.1433280
678.0809, 3.4297999E-02
678.5630, 0.1670460
679.0452, 0.2652780
679.5273, 0.3186110
680.0094, 0.3870750
680.4915, 0.5457440
680.9736, 0.6664350
681.4557, 0.6032940
681.9379, 0.4277230
682.4200, 0.3389870
682.9021, 0.4192140
683.3842, 0.5253470
683.8663, 0.3902360
684.3484, 3.0293999E-02
684.8306, 8.5933998E-02
685.3127, 0.4866500
685.7948, 0.9538610
686.2769, 0.9167520
686.7590, 0.6793520
687.2411, 0.5376280
687.7233, 0.5203420
688.2054, 0.5694270
688.6875, 0.7277680
689.1696, 0.8861390
689.6517, 0.9055060
690.1339, 0.8267960
690.6160, 0.7872030
691.0981, 0.8402330
691.5802, 0.9413200
692.0623, 1.047455
692.5444, 1.180748
693.0266, 1.143017
693.5087, 0.7174400
693.9908, 0.4197730
694.4729, 0.4548630
694.9550, 0.6264310
695.4371, 0.7505280
695.9193, 0.8060590
696.4014, 0.8253560
696.8835, 0.7823620
697.3656, 0.7407340
697.8477, 0.8381160
698.3298, 1.030432
698.8120, 1.062782
699.2941, 0.8281690
699.7762, 0.5741520
700.2583, 0.6511520
700.7404, 1.108074
701.2225, 1.278093
701.7047, 0.7872910
702.1868, 0.4670520
702.6689, 0.6042020
703.1510, 0.8833080
703.6331, 1.003523
704.1152, 0.9432850
704.5974, 0.8789880
705.0795, 0.9544470
705.5616, 1.065348
706.0437, 1.023825
706.5258, 0.8555600
707.0079, 0.7241690
707.4901, 0.6752640
707.9722, 0.6714380
708.4543, 0.6786990
708.9364, 0.6984710
709.4185, 0.7340180
709.9006, 0.7783510
710.3828, 0.8424800
710.8649, 0.9755480
711.3470, 1.096666
711.8291, 1.112305
712.3112, 1.043293
712.7933, 1.003435
713.2755, 1.088680
713.7576, 1.194202
714.2397, 1.105789
714.7218, 0.8599320
715.2039, 0.7517050
715.6860, 0.8654610
716.1682, 0.9875450
716.6503, 0.9360520
717.1324, 0.7458400
717.6145, 0.6162110
718.0966, 0.5867580
718.5787, 0.5616930
719.0609, 0.4702780
719.5430, 0.4323640
720.0251, 0.5857120
720.5072, 0.8516640
720.9893, 1.049246
721.4714, 1.111492
721.9536, 1.080830
722.4357, 0.8705290
722.9178, 0.5286290
723.3999, 0.4054110
723.8820, 0.5700890
724.3641, 0.7352370
724.8463, 0.7255520
725.3284, 0.5987830
725.8105, 0.4992920
726.2926, 0.4326110
726.7747, 0.3740840
727.2568, 0.2730290
727.7390, 0.2258680
728.2211, 0.3839420
728.7032, 0.6017950
729.1853, 0.6174010
729.6674, 0.3598770
730.1495, 3.1002000E-02
730.6317, 0.2321470
731.1138, 0.4127450
731.5959, 0.3677290
732.0780, 7.5654998E-02
732.5601, 0.1457080
733.0422, 0.1495930
733.5244, 4.8921999E-02
734.0065, 2.7700001E-04
734.4886, 3.9861999E-02
734.9707, 3.1261001E-02
735.4528, 6.5086000E-02
735.9349, 0.1598220
736.4171, 0.2484470
736.8992, 0.3165420
737.3813, 0.3473260
737.8634, 0.3396030
738.3455, 0.3029750
738.8276, 0.2193660
739.3098, 0.1406080
739.7919, 0.2014900
740.2740, 0.3890820
740.7561, 0.5218660
741.2382, 0.5644720
741.7203, 0.5073430
742.2025, 0.3044450
742.6846, 2.8884999E-02
743.1667, 0.1885640
743.6488, 4.4608999E-02
744.1309, 0.1236040
744.6130, 0.3664930
745.0952, 0.5592610
745.5773, 0.5597900
746.0594, 0.4283370
746.5415, 0.3454320
747.0236, 0.4066200
747.5057, 0.5030840
747.9879, 0.5015580
748.4700, 0.4239830
748.9521, 0.3380930
749.4342, 0.2479570
749.9163, 0.2045140
750.3984, 0.2514930
750.8806, 0.3438530
751.3627, 0.3871150
751.8448, 0.3921720
752.3269, 0.3156590
752.8090, 5.8834001E-02
753.2911, 0.1707360
753.7733, 0.2641510
754.2554, 0.2913930
754.7375, 0.3667160
755.2196, 0.5099790
755.7017, 0.6053180
756.1838, 0.5128590
756.6660, 0.3423540
757.1481, 0.2827820
757.6302, 0.3153780
758.1123, 0.3448940
758.5944, 0.3420580
759.0765, 0.3350600
759.5587, 0.3486480
760.0408, 0.3794310
760.5229, 0.5188050
761.0050, 0.9177270
761.4871, 1.196381
761.9692, 1.200499
762.4514, 1.159851
762.9335, 1.246691
763.4156, 1.436550
763.8977, 1.601219
764.3798, 1.660732
764.8619, 1.738497
765.3441, 1.972252
765.8262, 2.286406
766.3083, 2.539967
766.7904, 2.720860
767.2725, 2.880030
767.7546, 3.041243
768.2368, 3.237522
768.7189, 3.556417
769.2010, 4.049686
769.6831, 4.478914
770.1652, 4.869280
770.6473, 5.156467
771.1295, 5.191683
771.6116, 5.173094
772.0937, 5.353790
772.5758, 5.767647
773.0579, 6.256248
773.5400, 6.877596
774.0222, 7.441502
774.5043, 7.683563
774.9864, 7.781223
775.4685, 8.084600
775.9506, 8.686890
776.4327, 9.452824
776.9149, 10.27947
777.3970, 11.14086
777.8791, 11.86287
778.3612, 12.38687
778.8433, 13.11526
779.3254, 14.21671
779.8076, 15.41378
780.2897, 16.45651
780.7718, 17.39354
781.2539, 18.38786
781.7360, 19.37835
782.2181, 20.55721
782.7003, 22.01028
783.1824, 23.63407
783.6645, 25.44444
784.1466, 27.34026
784.6287, 29.09577
785.1108, 30.61547
785.5930, 32.12213
786.0751, 33.87371
786.5572, 35.84491
787.0393, 37.96245
787.5214, 40.21196
788.0035, 42.53015
788.4857, 44.86573
788.9678, 47.30177
789.4499, 49.94889
789.9320, 52.83413
790.4141, 55.87601
790.8962, 59.28100
791.3784, 62.54620
791.8605, 65.36508
792.3426, 68.16827
792.8247, 71.38423
793.3068, 74.97682
793.7889, 78.67216
794.2711, 82.45937
794.7532, 86.08128
795.2353, 89.35443
795.7174, 92.28361
796.1995, 94.81303
796.6816, 96.96507
797.1638, 98.91560
797.6459, 100.7780
798.1280, 102.4767
798.6101, 103.8762
799.0922, 105.0461
799.5743, 105.6493
800.0565, 105.5705
800.5386, 105.1386
801.0207, 104.3124
801.5028, 103.2776
801.9849, 102.1849
802.4670, 101.0310
802.9492, 100.0265
803.4313, 99.46173
803.9134, 98.84805
804.3955, 97.72340
804.8776, 96.42889
805.3597, 95.56166
805.8419, 95.14667
806.3240, 94.60980
806.8061, 93.48384
807.2882, 92.04402
807.7703, 90.97511
808.2524, 90.23623
808.7346, 89.12190
809.2167, 87.51165
809.6988, 85.60047
810.1809, 83.51360
810.6630, 81.24038
811.1451, 78.74300
811.6273, 75.91055
812.1094, 73.11507
812.5915, 70.42863
813.0736, 67.71026
813.5557, 64.93952
814.0378, 62.10506
814.5200, 59.14819
815.0021, 56.09068
815.4842, 53.18142
815.9663, 50.67090
816.4484, 48.32571
816.9305, 45.81915
817.4127, 43.28429
817.8948, 41.08838
818.3769, 39.29012
818.8590, 37.67719
819.3411, 36.08908
819.8232, 34.54743
820.3054, 33.15296
820.7875, 31.93929
821.2696, 30.66712
821.7517, 29.18323
822.2338, 27.85434
822.7159, 26.94595
823.1981, 26.31064
823.6802, 25.71115
824.1623, 25.14307
824.6444, 24.60800
825.1265, 24.07467
825.6086, 23.61264
826.0908, 23.27211
826.5729, 23.02219
827.0550, 22.83382
827.5371, 22.69133
828.0192, 22.56487
828.5013, 22.45122
828.9835, 22.31726
829.4656, 22.21525
829.9477, 22.06633
830.4298, 21.43111
830.9119, 20.22367
831.3940, 18.82922
831.8762, 17.47104
832.3583, 16.18791
832.8404, 15.10194
833.3225, 14.37638
833.8046, 13.36655
834.2867, 11.76412
834.7689, 10.28703
835.2510, 9.249821
835.7331, 8.436138
836.2152, 7.603168
836.6973, 6.731556
837.1794, 5.889519
837.6616, 5.006172
838.1437, 4.255272
838.6258, 3.829525
839.1079, 3.553291
839.5900, 3.167141
840.0721, 2.667015
840.5543, 2.240433
841.0364, 2.005032
841.5185, 1.904308
842.0006, 1.920425
842.4827, 2.011894
842.9648, 1.827419
843.4470, 1.303562
843.9291, 0.9599720
844.4112, 1.119671
844.8933, 1.461773
845.3754, 1.427818
845.8575, 0.9305840
846.3397, 0.6065480
846.8218, 0.5285110
847.3039, 0.5305630
847.7860, 0.5709570
848.2681, 0.6834070
848.7502, 1.001930
849.2324, 1.436657
849.7145, 1.606636
850.1966, 1.189541
850.6787, 0.8697090
851.1608, 1.115406
851.6429, 1.609322
852.1251, 2.050243
852.6072, 2.405514
853.0893, 2.679153
853.5714, 2.875402
854.0535, 3.099478
854.5356, 3.561411
855.0178, 4.167789
855.4999, 4.435198
855.9820, 4.354515
856.4641, 4.298761
856.9462, 4.350895
857.4283, 4.582123
857.9105, 5.132824
858.3926, 5.932133
858.8747, 6.407564
859.3568, 6.314486
859.8389, 6.324154
860.3210, 6.411953
860.8032, 6.670275
861.2853, 7.286413
861.7674, 8.052662
862.2495, 8.589722
862.7316, 8.803921
863.2137, 9.107903
863.6959, 9.839758
864.1780, 10.56731
864.6601, 10.82515
865.1422, 10.89983
865.6243, 11.33878
866.1064, 12.18652
866.5886, 12.98431
867.0707, 13.38309
867.5528, 13.56600
868.0349, 13.83972
868.5170, 14.19226
868.9991, 14.58728
869.4813, 15.03004
869.9634, 15.33619
870.4455, 15.37652
870.9276, 15.28891
871.4097, 15.30069
871.8918, 15.39731
872.3740, 15.71204
872.8561, 16.41390
873.3382, 17.07283
873.8203, 17.43783
874.3024, 17.81404
874.7845, 18.53144
875.2667, 19.50206
875.7488, 20.27400
876.2309, 20.62705
876.7130, 20.99360
877.1951, 21.65142
877.6772, 22.28166
878.1594, 22.45454
878.6415, 22.41647
879.1236, 22.69529
879.6057, 23.45489
880.0878, 24.41655
880.5699, 25.43458
881.0521, 26.42746
881.5342, 27.24539
882.0163, 27.90720
882.4984, 28.41587
882.9805, 28.78891
883.4626, 29.34622
883.9448, 30.37854
884.4269, 31.66582
884.9090, 32.54375
885.3911, 32.95005
885.8732, 33.37432
886.3553, 33.87956
886.8375, 34.31842
887.3196, 34.69741
887.8017, 34.90865
888.2838, 34.70191
888.7659, 34.02509
889.2480, 33.62110
889.7302, 33.74960
890.2123, 33.80105
890.6944, 33.72945
891.1765, 33.43253
891.6586, 32.74401
892.1407, 31.78254
892.6229, 30.88129
893.1050, 30.16108
893.5871, 29.40190
894.0692, 28.44801
894.5513, 27.38564
895.0334, 26.29529
895.5156, 25.20032
895.9977, 24.14500
896.4798, 23.14287
896.9619, 22.13370
897.4440, 21.02722
897.9261, 19.91374
898.4083, 19.08216
898.8904, 18.51251
899.3725, 17.90329
899.8546, 17.19977
900.3367, 16.58696
900.8188, 16.22094
901.3010, 15.89388
901.7831, 15.16521
902.2652, 13.92284
902.7473, 12.96263
903.2294, 12.44592
903.7115, 11.94103
904.1937, 11.16308
904.6758, 10.49321
905.1579, 10.45596
905.6400, 10.84829
906.1221, 10.78117
906.6042, 9.848368
907.0864, 9.017500
907.5685, 8.633553
908.0506, 8.318382
908.5327, 7.850063
909.0148, 7.268799
909.4969, 6.606667
909.9791, 5.897760
910.4612, 5.326950
910.9433, 5.117657
911.4254, 5.006790
911.9075, 4.738779
912.3896, 4.350050
912.8718, 3.859488
913.3539, 3.302467
913.8360, 2.787987
914.3181, 2.376823
914.8002, 2.125830
915.2823, 2.253340
915.7644, 2.670918
916.2465, 2.638527
916.7286, 2.122789
917.2108, 1.687986
917.6929, 1.515528
918.1750, 1.453920
918.6571, 1.365633
919.1392, 1.256536
919.6213, 1.159092
920.1035, 1.122808
920.5856, 0.9670540
921.0677, 0.5400850
921.5498, 0.1857380
922.0319, 0.1414850
922.5140, 0.2253570
922.9962, 0.1702860
923.4783, 4.5201998E-02
923.9604, 0.1210880
924.4425, 0.1548180
924.9246, 0.3536210
925.4067, 0.2931250
925.8889, 0.1295680
926.3710, 6.4199001E-02
926.8531, 0.2324490
927.3352, 0.2541410
927.8173, 6.8089001E-02
928.2994, 9.9137999E-02
928.7816, 9.9228002E-02
929.2637, 1.5320000E-03
929.7458, 0.2010860
930.2279, 0.4248600
930.7100, 0.5054320
931.1921, 0.4296000
931.6743, 0.3620190
932.1564, 0.4376220
932.6385, 0.5423890
933.1206, 0.4341580
933.6027, 0.1776080
934.0848, 8.8987000E-02
934.5670, 0.1839870
935.0491, 0.1875250
935.5312, 2.9951001E-02
936.0133, 0.2798370
936.4954, 0.3246960
936.9775, 0.1822300
937.4597, 5.5620000E-03
937.9418, 0.2532390
938.4239, 0.3256300
938.9060, 7.4065998E-02
939.3881, 0.1647780
939.8702, 0.1617950
940.3524, 1.3678000E-02
940.8345, 7.3587000E-02
941.3166, 9.2776999E-02
941.7987, 7.9461999E-02
942.2808, 6.8839997E-02
942.7629, 0.1134010
943.2451, 0.1194170
943.7272, 0.3790950
944.2093, 0.4343740
944.6914, 0.3367650
945.1735, 0.2938080
945.6556, 0.3626100
946.1378, 0.4514690
946.6199, 0.6191810
947.1020, 0.7033880
947.5841, 0.5142000
948.0662, 0.2031360
948.5483, 4.0936001E-02
949.0305, 0.1645980
949.5126, 0.1406560
949.9947, 0.1362130
950.4768, 0.3951640
950.9589, 0.3262960
951.4410, 8.8224001E-02
951.9232, 9.4935998E-02
952.4053, 0.1972520
952.8874, 0.2323890
953.3695, 0.2066230
953.8516, 0.1196840
954.3337, 7.1344003E-02
954.8159, 0.2883070
955.2980, 0.2867640
955.7801, 0.1018920
956.2622, 1.6750000E-02
956.7443, 2.6450999E-02
957.2264, 2.5707001E-02
957.7086, 7.1941003E-02
958.1907, 0.1463660
958.6728, 0.2121660
959.1549, 0.2683220
959.6370, 0.3770890
960.1191, 0.5700910
960.6013, 0.6661760
961.0834, 0.5513780
961.5655, 0.4855480
962.0476, 0.7348940
962.5297, 1.178783
963.0118, 1.394714
963.4940, 1.299541
963.9761, 1.185530
964.4582, 0.9608060
964.9403, 0.8405020
965.4224, 0.9560010
965.9045, 1.150560
966.3867, 1.300301
966.8688, 1.400875
967.3509, 1.454405
967.8330, 1.447196
968.3151, 1.417924
968.7972, 1.365787
969.2794, 1.303743
969.7615, 1.162124
970.2436, 1.056388
970.7257, 1.210658
971.2078, 1.618090
971.6899, 1.913450
972.1721, 1.888876
972.6542, 1.761251
973.1363, 1.600425
973.6184, 1.458439
974.1005, 1.357737
974.5826, 1.332597
975.0648, 1.486153
975.5469, 1.837197
976.0290, 2.165708
976.5111, 2.265745
976.9932, 2.263567
977.4753, 2.315925
977.9575, 2.404281
978.4396, 2.487281
978.9217, 2.561828
979.4038, 2.634149
979.8859, 2.706827
980.3680, 2.832253
980.8502, 3.111673
981.3323, 3.493538
981.8144, 3.793686
982.2965, 4.020892
982.7786, 4.221195
983.2607, 4.403828
983.7429, 4.588531
984.2250, 4.788411
984.7071, 4.990745
985.1892, 5.175739
985.6713, 5.347650
986.1534, 5.530782
986.6356, 5.697258
987.1177, 6.057341
987.5998, 6.720734
988.0819, 7.399296
988.5640, 7.799384
989.0461, 8.099886
989.5283, 8.905117
990.0104, 10.45954
990.4925, 11.72572
990.9746, 12.38624
991.4567, 13.40818
991.9388, 15.10786
992.4210, 17.28224
992.9031, 19.73263
993.3852, 22.49930
993.8673, 25.78733
994.3494, 30.18420
994.8315, 34.09672
995.3137, 37.21563
995.7958, 40.14643
996.2779, 43.06827
996.7600, 45.98356
997.2421, 48.77759
997.7242, 51.49170
998.2064, 54.55169
998.6885, 58.16725
999.1706, 61.90489
999.6527, 65.60375
1000.135, 69.46538
1000.617, 73.69193
1001.099, 78.08049
1001.581, 82.37543
1002.063, 86.56057
1002.545, 90.53252
1003.028, 94.10574
1003.510, 97.65107
1003.992, 101.9033
1004.474, 105.7565
1004.956, 108.8721
1005.438, 110.5347
1005.920, 109.5098
1006.402, 105.5873
1006.884, 99.91616
1007.367, 92.61860
1007.849, 84.67010
1008.331, 76.69460
1008.813, 68.91996
1009.295, 61.41380
1009.777, 54.40948
1010.259, 48.38993
1010.741, 43.51547
1011.224, 39.18878
1011.706, 34.84024
1012.188, 30.79021
1012.670, 27.59307
1013.152, 25.04223
1013.634, 22.59330
1014.116, 20.24039
1014.598, 18.35791
1015.080, 17.11048
1015.563, 16.10193
1016.045, 14.88165
1016.527, 13.58143
1017.009, 12.53501
1017.491, 11.70652
1017.973, 10.89321
1018.455, 10.07418
1018.937, 9.396667
1019.419, 8.942390
1019.902, 8.582041
1020.384, 8.128195
1020.866, 7.596678
1021.348, 7.051891
1021.830, 6.496504
1022.312, 6.055380
1022.794, 5.752975
1023.276, 5.490219
1023.759, 5.207870
1024.241, 4.932158
1024.723, 4.705517
1025.205, 4.524817
1025.687, 4.392267
1026.169, 4.331789
1026.651, 4.073555
1027.133, 3.503412
1027.615, 3.042309
1028.098, 2.976286
1028.580, 3.108000
1029.062, 3.076851
1029.544, 2.874146
1030.026, 2.715717
1030.508, 2.603092
1030.990, 2.540316
1031.472, 2.583059
1031.955, 2.547674
1032.437, 2.322323
1032.919, 1.938898
1033.401, 1.388968
1033.883, 0.6080840
1034.365, 0.3390500
1034.847, 0.8824210
1035.329, 1.267340
1035.812, 1.272720
1036.294, 1.167929
1036.776, 1.099472
1037.258, 1.046434
1037.740, 0.9606060
1038.222, 0.8279910
1038.704, 0.7541710
1039.186, 0.7775940
1039.668, 0.7974190
1040.151, 0.8001750
1040.633, 0.7929170
1041.115, 0.7975180
1041.597, 0.7882610
1042.079, 0.7022630
1042.561, 0.5202810
1043.043, 0.3899690
1043.525, 0.3013880
1044.007, 0.2839490
1044.490, 0.5004540
1044.972, 0.6280400
1045.454, 0.3254300
1045.936, 0.1449030
1046.418, 0.2784140
1046.900, 5.2809999E-03
1047.382, 0.2005140
1047.864, 0.3768200
1048.347, 0.3589860
1048.829, 0.1362130
1049.311, 0.5877760
1049.793, 0.5948140
1050.275, 0.3565250
1050.757, 0.2206880
1051.239, 0.2267780
1051.721, 0.2663480
1052.203, 0.3595620
1052.686, 0.4272440
1053.168, 0.4604360
1053.650, 0.4472620
1054.132, 0.3310890
1054.614, 0.1855850
1055.096, 0.1437990
1055.578, 0.2208840
1056.060, 0.2642170
1056.542, 0.2079490
1057.025, 0.1482620
1057.507, 0.1154580
1057.989, 8.9468002E-02
1058.471, 5.4745000E-02
1058.953, 1.7336000E-02
1059.435, 2.6839999E-03
1059.917, 6.4300001E-03
1060.399, 4.4101998E-02
1060.882, 9.9469997E-02
1061.364, 0.2365260
1061.846, 0.6557240
1062.328, 0.9862800
1062.810, 0.7994040
1063.292, 0.4285530
1063.774, 0.4425050
1064.256, 0.8677560
1064.739, 1.176809
1065.221, 1.071558
1065.703, 1.014845
1066.185, 1.267736
1066.667, 1.562157
1067.149, 1.690777
1067.631, 1.746607
1068.113, 1.882278
1068.595, 2.105478
1069.078, 2.318071
1069.560, 2.489275
1070.042, 2.640057
1070.524, 2.752295
1071.006, 2.877714
1071.488, 3.109362
1071.970, 3.342989
1072.452, 3.368057
1072.934, 3.241611
1073.417, 3.329985
1073.899, 3.848078
1074.381, 4.315695
1074.863, 4.351076
1075.345, 4.429783
1075.827, 4.972364
1076.309, 5.678017
1076.791, 6.187386
1077.274, 6.487513
1077.756, 6.686649
1078.238, 6.759743
1078.720, 7.017599
1079.202, 7.686028
1079.684, 8.491434
1080.166, 9.318945
1080.648, 10.15001
1081.130, 10.97931
1081.613, 11.80831
1082.095, 12.59684
1082.577, 13.29147
1083.059, 14.31945
1083.541, 16.19110
1084.023, 18.07507
1084.505, 19.26892
1084.987, 20.44366
1085.469, 22.35573
1085.952, 24.77818
1086.434, 27.01535
1086.916, 28.89998
1087.398, 31.02716
1087.880, 33.75315
1088.362, 36.63762
1088.844, 39.61745
1089.326, 42.53462
1089.808, 45.10694
1090.291, 47.56845
1090.773, 50.29197
1091.255, 53.35380
1091.737, 56.69135
1092.219, 60.51245
1092.701, 64.30055
1093.183, 67.90177
1093.665, 71.37769
1094.148, 74.98248
1094.630, 78.35758
1095.112, 80.79514
1095.594, 82.38802
1096.076, 84.26800
1096.558, 87.03674
1097.040, 89.58048
1097.522, 91.61005
1098.005, 93.23306
1098.487, 94.47174
1098.969, 95.36787
1099.451, 96.05375
1099.933, 96.44640
1100.415, 96.21719
1100.897, 95.28075
1101.379, 93.75977
1101.861, 91.53953
1102.344, 88.93307
1102.826, 86.07797
1103.308, 82.86433
1103.790, 79.05579
1104.272, 74.80521
1104.754, 70.50085
1105.236, 66.08489
1105.718, 61.91093
1106.200, 58.13383
1106.683, 54.46741
1107.165, 50.52122
1107.647, 46.93735
1108.129, 44.55159
1108.611, 42.69829
1109.093, 40.08223
1109.575, 36.55063
1110.057, 33.35309
1110.540, 30.79832
1111.022, 28.32646
1111.504, 25.67962
1111.986, 23.33255
1112.468, 21.63867
1112.950, 20.27698
1113.432, 18.79420
1113.914, 17.21249
1114.396, 15.88676
1114.879, 14.94673
1115.361, 14.03828
1115.843, 13.21609
1116.325, 12.33441
1116.807, 11.16490
1117.289, 10.09903
1117.771, 9.578423
1118.253, 9.451708
1118.735, 9.134150
1119.218, 8.590153
1119.700, 7.953003
1120.182, 7.075911
1120.664, 6.421541
1121.146, 6.152332
1121.628, 6.050014
1122.110, 6.030113
1122.592, 5.997742
1123.075, 5.721493
1123.557, 5.172998
1124.039, 4.871725
1124.521, 4.894537
1125.003, 4.874550
1125.485, 4.707804
1125.967, 4.672035
1126.449, 4.966049
1126.932, 5.326616
1127.414, 5.393270
1127.896, 5.206476
1128.378, 5.023212
1128.860, 4.839355
1129.342, 4.678110
1129.824, 4.525366
1130.306, 4.563545
1130.788, 4.884651
1131.271, 5.232992
1131.753, 5.362251
1132.235, 5.363327
1132.717, 5.451130
1133.199, 5.626186
1133.681, 5.899061
1134.163, 6.263906
1134.645, 6.616917
1135.127, 6.951717
1135.610, 7.357082
1136.092, 7.880718
1136.574, 8.418085
1137.056, 8.801075
1137.538, 9.076317
1138.020, 9.266615
1138.502, 9.464491
1138.984, 10.12741
1139.467, 11.24192
1139.949, 12.35842
1140.431, 13.28133
1140.913, 14.01736
1141.395, 14.52718
1141.877, 14.94927
1142.359, 15.48109
1142.841, 16.10407
1143.323, 16.76170
1143.806, 17.49809
1144.288, 18.36583
1144.770, 19.34805
1145.252, 20.37692
1145.734, 21.44031
1146.216, 22.38256
1146.698, 23.02156
1147.180, 23.47376
1147.662, 23.82223
1148.145, 24.12455
1148.627, 24.53101
1149.109, 24.97965
1149.591, 25.16438
1150.073, 24.97738
1150.555, 24.80653
1151.037, 25.07444
1151.519, 25.22118
1152.002, 24.71935
1152.484, 24.09195
1152.966, 23.94820
1153.448, 23.98043
1153.930, 23.60471
1154.412, 22.75792
1154.894, 21.73590
1155.376, 20.47940
1155.859, 19.35266
1156.341, 18.49209
1156.823, 17.75703
1157.305, 16.97935
1157.787, 16.36562
1158.269, 16.45643
1158.751, 16.87023
1159.233, 16.24290
1159.715, 14.02024
1160.198, 12.47922
1160.680, 12.37970
1161.162, 12.05337
1161.644, 10.98872
1162.126, 9.909760
1162.608, 9.250233
1163.090, 8.785574
1163.572, 8.169523
1164.054, 7.412563
1164.537, 6.838490
1165.019, 6.471750
1165.501, 6.237186
1165.983, 6.211149
1166.465, 6.049858
1166.947, 5.582596
1167.429, 5.102015
1167.911, 4.885630
1168.394, 4.809202
1168.876, 4.520039
1169.358, 4.018530
1169.840, 3.765802
1170.322, 3.769268
1170.804, 3.520774
1171.286, 2.921505
1171.768, 2.418972
1172.250, 2.249990
1172.733, 2.197318
1173.215, 1.987137
1173.697, 1.719889
1174.179, 1.680651
1174.661, 1.804636
1175.143, 1.897636
1175.625, 1.932598
1176.107, 1.911144
1176.589, 1.856703
1177.072, 1.819584
1177.554, 1.841953
1178.036, 1.816177
1178.518, 1.534308
1179.000, 1.208925
1179.482, 1.167914
1179.964, 1.256989
1180.446, 1.222866
1180.929, 1.056841
1181.411, 0.8265780
1181.893, 0.5603720
1182.375, 0.3876280
1182.857, 0.4950280
1183.339, 0.5692010
1183.821, 0.3543060
1184.303, 0.1035320
1184.786, 9.5410002E-03
1185.268, 2.3066999E-02
1185.750, 6.8501003E-02
1186.232, 0.1349660
1186.714, 0.2379810
1187.196, 0.4367270
1187.678, 0.5050080
1188.160, 0.2711220
1188.642, 8.3035000E-02
1189.125, 9.9128999E-02
1189.607, 0.1378360
1190.089, 6.4818002E-02
1190.571, 5.7183001E-02
1191.053, 0.1046490
1191.535, 7.8740001E-02
1192.017, 0.1917590
1192.499, 0.5829610
1192.981, 0.6565440
1193.464, 0.2410490
1193.946, 5.5096000E-02
1194.428, 2.1028999E-02
1194.910, 0.1469570
1195.392, 2.4095999E-02
1195.874, 0.2081120
1196.356, 0.1976950
1196.838, 3.1037999E-02
1197.321, 0.1356510
1197.803, 0.1172670
1198.285, 5.7494000E-02
1198.767, 7.1230000E-03
1199.249, 0.1194160
1199.731, 0.2923370
1200.213, 0.3265680
1200.695, 5.4471999E-02
1201.177, 0.5233210
1201.660, 0.4578760
1202.142, 0.1289830
1202.624, 8.1221998E-02
1203.106, 0.2266820
1203.588, 0.2745760
1204.070, 0.1833110
1204.552, 4.4365000E-02
1205.034, 0.1142260
1205.516, 0.1636550
1205.999, 0.1306370
1206.481, 0.4004290
1206.963, 0.3537620
1207.445, 0.1807320
1207.927, 1.0718000E-02
1208.409, 0.1494260
1208.891, 0.1400710
1209.373, 7.0300000E-03
1209.856, 0.1285920
1210.338, 0.2181360
1210.820, 0.2165880
1211.302, 4.4332001E-02
1211.784, 0.1271620
1212.266, 0.2714490
1212.748, 0.3598930
1213.230, 0.3504690
1213.713, 0.2835730
1214.195, 0.2201680
1214.677, 0.1590890
1215.159, 0.2673270
1215.641, 0.6315860
1216.123, 0.7697210
1216.605, 0.6035380
1217.087, 0.3874070
1217.569, 0.1985310
1218.052, 0.1081090
1218.534, 0.1943710
1219.016, 0.3591610
1219.498, 0.4010100
1219.980, 0.3474010
1220.462, 0.2974740
1220.944, 0.2623060
1221.426, 0.3044000
1221.908, 0.4114760
1222.391, 0.4907760
1222.873, 0.5058580
1223.355, 0.4718160
1223.837, 0.3806820
1224.319, 0.2927010
1224.801, 0.2815900
1225.283, 0.2955030
1225.765, 0.2702130
1226.248, 0.2334390
1226.730, 0.2332950
1227.212, 0.2652550
1227.694, 0.3017490
1228.176, 0.3382380
1228.658, 0.3542780
1229.140, 0.2599770
1229.622, 0.2348250
1230.104, 0.4282460
1230.587, 0.5946140
1231.069, 0.6194990
1231.551, 0.5244500
1232.033, 0.2523490
1232.515, 0.1015760
1232.997, 0.1611300
1233.479, 0.1413190
1233.961, 0.3981120
1234.443, 0.6272290
1234.926, 0.7166890
1235.408, 0.6094210
1235.890, 0.5790640
1236.372, 0.7820580
1236.854, 0.9667400
1237.336, 0.8219710
1237.818, 0.5163570
1238.300, 0.5331690
1238.783, 0.7477600
1239.265, 0.6121560
1239.747, 0.2286140
1240.229, 4.5400001E-03
1240.711, 6.0787000E-02
1241.193, 9.6020000E-03
1241.675, 0.1113530
1242.157, 0.2479390
1242.640, 0.3596260
1243.122, 0.4698380
1243.604, 0.6003630
1244.086, 0.7023230
1244.568, 0.6765240
1245.050, 0.5654340
1245.532, 0.5321340
1246.014, 0.5388910
1246.496, 0.4818870
1246.979, 0.4380150
1247.461, 0.5356280
1247.943, 0.9876490
1248.425, 1.168421
1248.907, 0.8168140
1249.389, 0.5285580
1249.871, 0.6326090
1250.353, 0.8534090
1250.835, 0.9069180
1251.318, 0.8165450
1251.800, 0.6274280
1252.282, 0.3161070
1252.764, 0.2836790
1253.246, 0.5344450
1253.728, 0.6586710
1254.210, 0.5857630
1254.692, 0.3772470
1255.175, 6.5228000E-02
1255.657, 9.5152996E-02
1256.139, 0.1907900
1256.621, 0.6275520
1257.103, 0.7659590
1257.585, 0.7597060
1258.067, 0.8704850
1258.549, 1.026561
1259.031, 1.062104
1259.514, 0.8896660
1259.996, 0.7270800
1260.478, 0.5288940
1260.960, 0.4249110
1261.442, 0.6166780
1261.924, 0.7076830
1262.406, 0.3710230
1262.888, 0.1234100
1263.370, 0.3818320
1263.853, 0.7151600
1264.335, 0.5532730
1264.817, 9.2472002E-02
1265.299, 0.1161690
1265.781, 6.0169999E-02
1266.263, 2.1395000E-02
1266.745, 2.0096000E-02
1267.227, 8.1927001E-02
1267.710, 0.3107960
1268.192, 0.5576730
1268.674, 0.7906110
1269.156, 0.9038020
1269.638, 0.7961720
1270.120, 0.6345460
1270.602, 0.7254970
1271.084, 0.8738820
1271.567, 0.7155510
1272.049, 0.4051030
1272.531, 0.4829890
1273.013, 0.8172340
1273.495, 0.8778820
1273.977, 0.5893160
1274.459, 0.3517270
1274.941, 0.3695650
1275.423, 0.4597760
1275.906, 0.5412960
1276.388, 0.6266650
1276.870, 0.6150470
1277.352, 0.5665370
1277.834, 0.5394140
1278.316, 0.5142100
1278.798, 0.4556970
1279.280, 0.3680430
1279.762, 0.3045500
1280.245, 0.2634760
1280.727, 0.2576680
1281.209, 0.3071980
1281.691, 0.3295930
1282.173, 0.3041940
1282.655, 0.3250340
1283.137, 0.4461630
1283.619, 0.5353400
1284.102, 0.4413440
1284.584, 0.2502910
1285.066, 9.3353003E-02
1285.548, 0.0000000E+00
##END=



