##NAMES=Kasolite
##RRUFFID=R060479
##IDEAL CHEMISTRY=Pb(UO_2_)SiO_4_&#183;H_2_O
##LOCALITY=Musonoi Extension, Shaba Province, Zaire
##OWNER=RRUFF
##SOURCE=Michael Scott
##DESCRIPTION=Yellowish-orange prismatic single crystals
##STATUS=The identification of this mineral has been confirmed by single-crystal X-ray diffraction.
##URL=rruff.info/R060479
199.4506, 0.0000000E+00
199.9327, 1.0990000E-03
200.4148, 0.3465880
200.8969, 0.5556640
201.3790, 5.0140001E-02
201.8611, 0.4283450
202.3433, 0.1368710
202.8254, 0.8181150
203.3075, 1.748871
203.7896, 2.440125
204.2717, 3.122681
204.7538, 4.528503
205.2360, 6.831696
205.7181, 9.119659
206.2002, 10.69116
206.6823, 11.34335
207.1644, 12.53610
207.6465, 14.49161
208.1287, 16.97421
208.6108, 19.37952
209.0929, 21.66321
209.5750, 23.97739
210.0571, 26.50134
210.5392, 29.41183
211.0214, 31.70212
211.5035, 33.04639
211.9856, 33.78745
212.4677, 35.21323
212.9498, 37.54013
213.4319, 40.09180
213.9140, 42.52530
214.3962, 44.85703
214.8783, 47.01675
215.3604, 48.87607
215.8425, 50.57443
216.3246, 52.60739
216.8067, 55.10324
217.2889, 57.71204
217.7710, 60.25659
218.2531, 62.74094
218.7352, 65.12628
219.2173, 67.29901
219.6994, 69.39032
220.1816, 71.97125
220.6637, 75.35739
221.1458, 78.73749
221.6279, 81.56174
222.1100, 83.70758
222.5921, 85.66589
223.0743, 87.44638
223.5564, 89.07101
224.0385, 90.73718
224.5206, 92.46970
225.0027, 94.16565
225.4848, 95.82611
225.9670, 97.64362
226.4491, 98.92532
226.9312, 99.44849
227.4133, 99.39218
227.8954, 99.63309
228.3775, 100.3564
228.8597, 101.0884
229.3418, 101.5691
229.8239, 101.8376
230.3060, 101.7578
230.7881, 101.2738
231.2702, 100.4181
231.7524, 99.37402
232.2345, 98.11569
232.7166, 96.71063
233.1987, 95.23285
233.6808, 93.78528
234.1629, 92.01050
234.6451, 89.74359
235.1272, 87.10861
235.6093, 84.65207
236.0914, 82.61499
236.5735, 80.42892
237.0556, 77.72891
237.5378, 74.18323
238.0199, 70.87497
238.5020, 67.97626
238.9841, 65.35657
239.4662, 62.58609
239.9483, 59.58304
240.4305, 56.55786
240.9126, 53.54108
241.3947, 50.30673
241.8768, 47.60663
242.3589, 45.60870
242.8410, 44.16824
243.3232, 42.73294
243.8053, 41.26355
244.2874, 39.85785
244.7695, 38.59933
245.2516, 37.59012
245.7337, 36.45374
246.2159, 35.12439
246.6980, 33.65005
247.1801, 32.18817
247.6622, 30.54309
248.1443, 29.16830
248.6264, 28.40195
249.1086, 28.76422
249.5907, 28.42270
250.0728, 27.00073
250.5549, 25.08691
251.0370, 23.95981
251.5191, 24.01279
252.0013, 23.90329
252.4834, 22.76343
252.9655, 19.70749
253.4476, 17.68222
253.9297, 17.23636
254.4118, 17.74878
254.8940, 17.94910
255.3761, 17.76581
255.8582, 17.22327
256.3403, 16.23663
256.8224, 14.72635
257.3046, 13.49902
257.7867, 12.86398
258.2688, 12.61182
258.7509, 12.34390
259.2330, 12.14340
259.7151, 11.73776
260.1973, 10.88217
260.6794, 9.327881
261.1615, 8.532898
261.6436, 8.786194
262.1257, 9.558380
262.6078, 9.937134
263.0900, 9.739960
263.5721, 9.599854
264.0542, 9.784760
264.5363, 10.37756
265.0184, 10.71771
265.5005, 10.59729
265.9827, 10.47925
266.4648, 11.12949
266.9469, 12.84232
267.4290, 14.46335
267.9111, 15.61975
268.3932, 16.27322
268.8754, 16.96713
269.3575, 17.68320
269.8396, 18.45404
270.3217, 19.25659
270.8038, 20.00513
271.2859, 21.09595
271.7681, 22.75513
272.2502, 24.94388
272.7323, 26.78665
273.2144, 28.16608
273.6965, 29.37555
274.1786, 30.71725
274.6608, 32.22913
275.1429, 33.73071
275.6250, 35.20154
276.1071, 36.62827
276.5892, 37.93768
277.0714, 39.09277
277.5535, 40.18930
278.0356, 41.33746
278.5177, 42.55258
278.9998, 43.62036
279.4819, 44.41449
279.9641, 45.04340
280.4462, 46.10623
280.9283, 47.75909
281.4104, 49.17767
281.8925, 49.58258
282.3746, 48.96240
282.8568, 48.34787
283.3389, 47.94247
283.8210, 47.63406
284.3031, 47.16553
284.7852, 46.55670
285.2673, 45.66138
285.7495, 44.26904
286.2316, 42.42111
286.7137, 40.58536
287.1958, 38.80627
287.6779, 37.09512
288.1600, 35.56723
288.6422, 34.22696
289.1243, 32.69647
289.6064, 30.68628
290.0885, 28.26550
290.5706, 25.87799
291.0527, 23.53937
291.5349, 21.28476
292.0170, 19.14508
292.4991, 17.13870
292.9812, 15.27216
293.4633, 13.58667
293.9454, 12.05954
294.4276, 10.62440
294.9097, 9.277115
295.3918, 8.100952
295.8739, 7.374603
296.3560, 6.996216
296.8381, 6.430008
297.3203, 5.241318
297.8024, 3.738052
298.2845, 2.491760
298.7666, 1.507401
299.2487, 0.8025820
299.7308, 0.6433870
300.2130, 0.8031460
300.6951, 0.6286160
301.1772, 0.6123500
301.6593, 2.103683
302.1414, 2.529480
302.6235, 1.906845
303.1057, 1.175293
303.5878, 1.156570
304.0699, 1.575760
304.5520, 1.927383
305.0341, 2.090836
305.5162, 2.076263
305.9984, 1.734451
306.4805, 1.132645
306.9626, 0.7300110
307.4447, 1.022369
307.9268, 1.640991
308.4089, 2.108414
308.8911, 2.255142
309.3732, 2.264984
309.8553, 2.306274
310.3374, 2.328415
310.8195, 2.209305
311.3016, 1.940674
311.7838, 1.465851
312.2659, 0.6203920
312.7480, 0.9394380
313.2301, 2.203369
313.7122, 2.291473
314.1943, 1.660309
314.6765, 1.274536
315.1586, 1.737610
315.6407, 2.431992
316.1228, 2.988190
316.6049, 3.313812
317.0870, 3.531036
317.5692, 3.635986
318.0513, 3.744568
318.5334, 4.012146
319.0155, 4.783676
319.4976, 5.536392
319.9797, 5.977142
320.4619, 6.056793
320.9440, 6.043777
321.4261, 5.821777
321.9082, 5.613007
322.3903, 5.630035
322.8724, 6.489075
323.3546, 7.033615
323.8367, 6.651108
324.3188, 5.382431
324.8009, 4.739105
325.2830, 5.484543
325.7651, 6.627609
326.2473, 7.527924
326.7294, 8.059692
327.2115, 8.423767
327.6936, 8.575729
328.1757, 8.554855
328.6578, 8.548752
329.1400, 8.481583
329.6221, 8.517944
330.1042, 8.736526
330.5863, 9.301498
331.0684, 9.781601
331.5505, 10.11757
332.0327, 10.36996
332.5148, 10.68163
332.9969, 11.08612
333.4790, 11.49414
333.9611, 11.84399
334.4432, 12.06442
334.9254, 12.49707
335.4075, 13.24579
335.8896, 14.10271
336.3717, 14.79648
336.8538, 15.31693
337.3359, 15.67213
337.8180, 15.81862
338.3001, 15.76234
338.7823, 15.78590
339.2644, 15.92148
339.7465, 16.08925
340.2286, 16.19051
340.7107, 16.20279
341.1928, 16.32784
341.6750, 16.64085
342.1571, 17.09177
342.6392, 17.48344
343.1213, 17.82016
343.6034, 18.09773
344.0855, 18.37416
344.5677, 18.64003
345.0498, 18.57684
345.5319, 18.03375
346.0140, 17.33469
346.4961, 17.20786
346.9782, 17.62828
347.4604, 17.93901
347.9425, 17.66466
348.4246, 16.96138
348.9067, 16.37128
349.3888, 15.90788
349.8709, 15.63104
350.3531, 15.79568
350.8352, 16.26060
351.3173, 16.50380
351.7994, 16.05870
352.2815, 15.32867
352.7636, 15.03702
353.2458, 15.18120
353.7279, 15.35844
354.2100, 15.24916
354.6921, 14.93428
355.1742, 14.56306
355.6563, 14.23288
356.1385, 13.79784
356.6206, 12.97000
357.1027, 11.84233
357.5848, 10.90781
358.0669, 10.65924
358.5490, 10.63313
359.0312, 10.35423
359.5133, 9.607559
359.9954, 8.787628
360.4775, 8.157394
360.9596, 7.655426
361.4417, 7.118866
361.9239, 6.307129
362.4060, 5.555191
362.8881, 5.120071
363.3702, 5.117310
363.8523, 5.022125
364.3344, 4.596893
364.8166, 4.014130
365.2987, 3.443283
365.7808, 3.107086
366.2629, 2.603561
366.7450, 1.625244
367.2271, 0.1854250
367.7093, 0.6999660
368.1914, 0.5923310
368.6735, 9.3887001E-02
369.1556, 0.4173430
369.6377, 1.274353
370.1198, 1.723434
370.6020, 1.526001
371.0841, 0.8244930
371.5662, 0.3001400
372.0483, 7.5638004E-02
372.5304, 0.2385560
373.0125, 0.1928410
373.4947, 3.9992999E-02
373.9768, 0.7328640
374.4589, 2.738922
374.9410, 4.882263
375.4231, 5.202560
375.9052, 3.022583
376.3874, 0.9310300
376.8695, 0.2992100
377.3516, 0.6944890
377.8337, 0.8881530
378.3158, 0.8566590
378.7979, 0.6891170
379.2801, 0.4124150
379.7622, 1.2146000E-02
380.2443, 0.2438050
380.7264, 0.2541960
381.2085, 0.1310120
381.6906, 0.1845090
382.1728, 0.4153750
382.6549, 0.6731410
383.1370, 0.8115230
383.6191, 0.8774720
384.1012, 1.053482
384.5833, 1.351044
385.0655, 1.772903
385.5476, 2.413177
386.0297, 3.206711
386.5118, 3.892792
386.9939, 4.271088
387.4760, 4.504684
387.9582, 4.758438
388.4403, 5.038788
388.9224, 5.533356
389.4045, 6.718430
389.8866, 8.128693
390.3687, 9.094070
390.8509, 9.090836
391.3330, 8.896729
391.8151, 8.971649
392.2972, 9.300476
392.7793, 9.812317
393.2614, 10.50539
393.7436, 11.34297
394.2257, 12.38556
394.7078, 13.83632
395.1899, 14.99118
395.6720, 15.33623
396.1541, 15.26619
396.6363, 15.41209
397.1184, 15.88013
397.6005, 16.62791
398.0826, 17.73946
398.5647, 19.27306
399.0468, 20.67380
399.5290, 21.84265
400.0111, 22.88499
400.4932, 23.87473
400.9753, 24.55862
401.4574, 25.55023
401.9395, 27.05101
402.4217, 28.93117
402.9038, 30.52811
403.3859, 31.65855
403.8680, 32.79706
404.3501, 34.21451
404.8322, 36.09882
405.3144, 37.50641
405.7965, 38.23131
406.2786, 38.75125
406.7607, 39.86807
407.2428, 41.68649
407.7249, 43.47409
408.2071, 44.92677
408.6892, 46.10535
409.1713, 47.36623
409.6534, 48.73740
410.1355, 50.09860
410.6176, 51.30170
411.0998, 52.38615
411.5819, 53.59779
412.0640, 55.09656
412.5461, 56.55490
413.0282, 57.43129
413.5103, 57.77856
413.9925, 57.94270
414.4746, 58.11725
414.9567, 58.24597
415.4388, 58.25815
415.9209, 58.15521
416.4030, 57.87924
416.8852, 57.34030
417.3673, 56.59784
417.8494, 55.74959
418.3315, 54.74364
418.8136, 53.71709
419.2957, 52.80203
419.7779, 51.97830
420.2600, 51.01045
420.7421, 49.76775
421.2242, 48.39006
421.7063, 47.01408
422.1884, 45.69051
422.6706, 44.26970
423.1527, 42.61462
423.6348, 40.84207
424.1169, 39.15601
424.5990, 37.50159
425.0811, 35.93073
425.5633, 34.54701
426.0454, 33.47034
426.5275, 32.20361
427.0096, 30.41837
427.4917, 28.67970
427.9738, 27.46518
428.4560, 27.09964
428.9381, 26.47871
429.4202, 25.38255
429.9023, 23.97754
430.3844, 22.80933
430.8665, 21.96857
431.3487, 21.18224
431.8308, 20.39029
432.3129, 19.62202
432.7950, 18.56839
433.2771, 17.08507
433.7592, 15.61543
434.2414, 14.83429
434.7235, 14.66679
435.2056, 14.35838
435.6877, 13.64722
436.1698, 12.68965
436.6519, 11.73154
437.1341, 10.78529
437.6162, 9.929855
438.0983, 9.213150
438.5804, 8.589920
439.0625, 7.992599
439.5446, 7.410568
440.0268, 6.908203
440.5089, 6.541489
440.9910, 6.282928
441.4731, 6.088943
441.9552, 6.151459
442.4373, 6.111832
442.9195, 5.593124
443.4016, 4.607651
443.8837, 3.859894
444.3658, 3.871750
444.8479, 4.091370
445.3300, 4.081909
445.8122, 3.439392
446.2943, 2.972092
446.7764, 2.958908
447.2585, 3.223633
447.7406, 3.307968
448.2227, 2.887802
448.7049, 2.574585
449.1870, 2.661057
449.6691, 3.308899
450.1512, 3.354355
450.6333, 2.486694
451.1154, 1.361938
451.5976, 0.5493160
452.0797, 3.8681000E-02
452.5618, 4.3853998E-02
453.0439, 0.5063480
453.5260, 1.406403
454.0081, 1.767502
454.4903, 1.527954
454.9724, 1.163284
455.4545, 0.9203030
455.9366, 0.7813110
456.4187, 0.5646820
456.9008, 0.2347870
457.3830, 9.3230000E-03
457.8651, 0.1756290
458.3472, 0.6583100
458.8293, 1.016525
459.3114, 1.132477
459.7935, 1.033752
460.2757, 0.5950010
460.7578, 9.7290002E-02
461.2399, 0.6069640
461.7220, 0.3901210
462.2041, 1.4236000E-02
462.6862, 6.2469002E-02
463.1684, 0.7013240
463.6505, 1.375061
464.1326, 1.935211
464.6147, 2.313278
465.0968, 2.425201
465.5789, 1.968323
466.0611, 1.512222
466.5432, 1.195724
467.0253, 1.018784
467.5074, 0.9313510
467.9895, 0.9892730
468.4716, 1.083282
468.9538, 1.180756
469.4359, 1.377457
469.9180, 1.352707
470.4001, 0.9543910
470.8822, 0.4432530
471.3643, 0.2571720
471.8465, 0.5694270
472.3286, 0.7060700
472.8107, 0.4483800
473.2928, 0.1268920
473.7749, 0.6680910
474.2570, 1.203262
474.7392, 1.529922
475.2213, 1.413071
475.7034, 0.9140010
476.1855, 0.3672330
476.6676, 0.2740630
477.1497, 0.6709750
477.6319, 0.1038670
478.1140, 1.146072
478.5961, 2.150574
479.0782, 2.199661
479.5603, 1.983612
480.0424, 2.385086
480.5246, 3.330078
481.0067, 4.199478
481.4888, 4.409775
481.9709, 4.476868
482.4530, 4.935623
482.9352, 6.162735
483.4173, 7.091385
483.8994, 6.943542
484.3815, 6.307800
484.8636, 6.082855
485.3457, 6.968918
485.8279, 7.772308
486.3100, 8.088776
486.7921, 7.914291
487.2742, 7.982803
487.7563, 8.413620
488.2384, 8.975510
488.7206, 9.561600
489.2027, 10.22861
489.6848, 10.74707
490.1669, 11.01720
490.6490, 11.24808
491.1311, 11.90622
491.6133, 13.10109
492.0954, 13.90627
492.5775, 13.89230
493.0596, 13.30537
493.5417, 13.01167
494.0238, 13.00844
494.5060, 13.25763
494.9881, 13.94931
495.4702, 14.85410
495.9523, 15.39157
496.4344, 15.43855
496.9165, 15.30093
497.3987, 15.16350
497.8808, 15.07027
498.3629, 15.10867
498.8450, 15.57465
499.3271, 15.96773
499.8092, 15.90147
500.2914, 15.44460
500.7735, 14.98386
501.2556, 14.72141
501.7377, 14.46130
502.2198, 14.05109
502.7019, 13.32520
503.1841, 12.83862
503.6662, 12.90089
504.1483, 13.14053
504.6304, 13.11476
505.1125, 12.57579
505.5946, 12.19383
506.0768, 12.21945
506.5589, 12.49388
507.0410, 12.13171
507.5231, 10.89377
508.0052, 9.686371
508.4873, 8.955414
508.9695, 8.711746
509.4516, 8.720505
509.9337, 9.031021
510.4158, 9.366257
510.8979, 9.313202
511.3800, 8.976746
511.8622, 8.881042
512.3443, 9.287277
512.8264, 9.817734
513.3085, 9.933273
513.7906, 9.731522
514.2728, 9.560349
514.7549, 9.727600
515.2370, 9.938065
515.7191, 9.889435
516.2012, 9.542267
516.6833, 9.287888
517.1655, 9.315445
517.6476, 9.513046
518.1297, 9.787064
518.6118, 10.23889
519.0939, 10.60023
519.5760, 10.90437
520.0582, 11.10970
520.5403, 11.10475
521.0224, 10.60434
521.5045, 10.24541
521.9866, 10.26149
522.4688, 10.65779
522.9509, 10.89920
523.4330, 11.00734
523.9151, 10.99921
524.3972, 10.78383
524.8793, 10.34435
525.3615, 10.18407
525.8436, 10.36040
526.3257, 10.75925
526.8078, 11.36154
527.2899, 12.08589
527.7720, 12.55920
528.2542, 12.54785
528.7363, 12.28581
529.2184, 12.03682
529.7005, 11.78865
530.1826, 11.52168
530.6647, 11.17737
531.1469, 10.85558
531.6290, 10.57088
532.1111, 10.27415
532.5932, 10.30688
533.0753, 11.08810
533.5574, 12.14799
534.0396, 12.98645
534.5217, 13.52246
535.0038, 13.82648
535.4859, 13.80145
535.9680, 13.55948
536.4501, 13.46693
536.9323, 13.53606
537.4144, 13.73456
537.8965, 14.05188
538.3786, 14.48494
538.8607, 15.12039
539.3428, 16.06999
539.8250, 16.85298
540.3071, 16.72653
540.7892, 15.83948
541.2713, 15.76418
541.7534, 16.95207
542.2355, 18.42137
542.7177, 18.62929
543.1998, 17.93860
543.6819, 17.50119
544.1640, 18.01910
544.6461, 18.91560
545.1282, 19.92012
545.6104, 20.93991
546.0925, 21.44493
546.5746, 20.33569
547.0567, 19.19557
547.5388, 19.23116
548.0209, 21.05005
548.5031, 22.55626
548.9852, 23.23959
549.4673, 23.44160
549.9494, 23.51147
550.4315, 23.29034
550.9136, 23.20177
551.3958, 23.31924
551.8779, 23.58873
552.3600, 23.88123
552.8421, 24.23811
553.3242, 24.46645
553.8063, 24.40251
554.2885, 24.10733
554.7706, 24.17574
555.2527, 24.65407
555.7348, 25.02281
556.2169, 24.67769
556.6990, 23.88437
557.1812, 23.30737
557.6633, 23.06926
558.1454, 22.99419
558.6275, 23.06697
559.1096, 23.16464
559.5917, 23.06769
560.0739, 22.27260
560.5560, 21.66183
561.0381, 21.93695
561.5202, 22.85782
562.0023, 23.36238
562.4844, 22.84537
562.9666, 22.13774
563.4487, 21.52695
563.9308, 20.96196
564.4129, 20.79448
564.8950, 21.33852
565.3771, 21.93690
565.8593, 21.96890
566.3414, 21.22534
566.8235, 20.83455
567.3056, 20.97301
567.7877, 21.40067
568.2698, 21.74841
568.7520, 22.01257
569.2341, 22.10713
569.7162, 21.83601
570.1983, 21.50084
570.6804, 21.83945
571.1625, 22.73663
571.6447, 23.37419
572.1268, 22.88969
572.6089, 22.06067
573.0910, 21.72307
573.5731, 22.05202
574.0552, 22.28905
574.5374, 22.02773
575.0195, 21.53386
575.5016, 21.05386
575.9837, 20.55193
576.4658, 20.16354
576.9479, 19.92294
577.4301, 19.79134
577.9122, 19.68860
578.3943, 19.56538
578.8764, 19.56557
579.3585, 19.84668
579.8406, 20.29788
580.3228, 20.12396
580.8049, 19.27147
581.2870, 18.20447
581.7691, 17.02856
582.2512, 15.86632
582.7333, 15.26038
583.2155, 15.28316
583.6975, 15.49193
584.1796, 15.58586
584.6617, 15.52174
585.1439, 15.24179
585.6260, 14.68892
586.1081, 14.05627
586.5902, 13.38341
587.0723, 12.70872
587.5544, 12.12621
588.0366, 11.72400
588.5187, 11.35152
589.0008, 10.85921
589.4829, 10.27629
589.9650, 10.11937
590.4471, 10.81752
590.9293, 11.34862
591.4114, 11.10957
591.8935, 9.913986
592.3756, 9.181122
592.8577, 8.964462
593.3398, 9.083267
593.8220, 9.548050
594.3041, 10.29681
594.7862, 10.62134
595.2683, 10.25581
595.7504, 9.694443
596.2325, 9.610016
596.7147, 9.882217
597.1968, 10.17249
597.6789, 10.38527
598.1610, 10.53313
598.6431, 10.58949
599.1252, 10.56599
599.6074, 10.53365
600.0895, 10.56406
600.5716, 10.52028
601.0537, 10.38658
601.5358, 10.21664
602.0179, 9.819626
602.5001, 8.828537
602.9822, 7.936798
603.4643, 7.736465
603.9464, 8.456772
604.4285, 8.844574
604.9106, 8.790375
605.3928, 8.587112
605.8749, 8.554733
606.3570, 8.636276
606.8391, 8.878494
607.3212, 9.460495
607.8033, 10.07513
608.2855, 10.12056
608.7676, 9.738037
609.2497, 9.440155
609.7318, 9.652863
610.2139, 9.934769
610.6960, 9.852768
611.1782, 9.415634
611.6603, 9.250000
612.1424, 10.09485
612.6245, 10.90390
613.1066, 10.93851
613.5887, 9.532852
614.0709, 8.776749
614.5530, 9.009674
615.0351, 9.568008
615.5172, 9.737320
615.9993, 9.408295
616.4814, 9.291046
616.9636, 9.591797
617.4457, 10.03076
617.9278, 10.02844
618.4099, 9.587509
618.8920, 9.018555
619.3741, 8.323669
619.8563, 7.685532
620.3384, 7.377777
620.8205, 7.375153
621.3026, 7.525787
621.7847, 7.933090
622.2668, 8.281815
622.7490, 8.345398
623.2311, 8.100616
623.7132, 7.734467
624.1953, 7.139542
624.6774, 6.551575
625.1595, 6.136292
625.6417, 5.940216
626.1238, 5.869766
626.6059, 6.034103
627.0880, 6.203674
627.5701, 6.015991
628.0522, 5.426468
628.5344, 4.909195
629.0165, 4.516754
629.4986, 4.318405
629.9807, 4.626282
630.4628, 5.328110
630.9449, 5.810333
631.4271, 5.553070
631.9092, 5.063889
632.3913, 4.888611
632.8734, 4.988907
633.3555, 5.112061
633.8376, 5.235168
634.3198, 5.258408
634.8019, 5.086182
635.2840, 4.658203
635.7661, 4.300980
636.2482, 4.013260
636.7303, 3.834198
637.2125, 3.832016
637.6946, 4.151062
638.1767, 4.222198
638.6588, 3.981049
639.1409, 3.569595
639.6230, 3.159927
640.1052, 2.753998
640.5873, 2.342773
641.0694, 1.856674
641.5515, 1.487473
642.0336, 1.682816
642.5157, 2.256454
642.9979, 2.673492
643.4800, 2.521149
643.9621, 2.233398
644.4442, 2.124878
644.9263, 2.160599
645.4084, 2.101501
645.8906, 1.834869
646.3727, 1.485794
646.8548, 1.074921
647.3369, 0.5792390
647.8190, 0.2140050
648.3011, 9.4299996E-03
648.7833, 0.1181340
649.2654, 9.6329004E-02
649.7475, 7.7881001E-02
650.2296, 0.1775050
650.7117, 0.2030490
651.1938, 0.1097560
651.6760, 0.3095250
652.1581, 0.9127200
652.6402, 1.228226
653.1223, 1.031784
653.6044, 0.7288670
654.0865, 0.6263430
654.5687, 0.6806640
655.0508, 0.8038640
655.5329, 1.065506
656.0150, 1.281158
656.4971, 1.396591
656.9792, 1.411026
657.4614, 1.315369
657.9435, 0.9035340
658.4256, 0.6791380
658.9077, 0.8744050
659.3898, 1.466232
659.8719, 1.875763
660.3541, 2.097473
660.8362, 2.186783
661.3183, 2.012115
661.8004, 1.709229
662.2825, 1.946457
662.7646, 2.798737
663.2468, 3.535156
663.7289, 3.322754
664.2110, 2.675674
664.6931, 2.263077
665.1752, 2.278275
665.6573, 2.396439
666.1395, 2.562241
666.6216, 2.715317
667.1037, 2.779190
667.5858, 2.597595
668.0679, 2.504471
668.5500, 2.555313
669.0322, 2.701828
669.5143, 2.872192
669.9964, 3.088394
670.4785, 3.196442
670.9606, 3.156097
671.4427, 2.981903
671.9249, 2.637482
672.4070, 2.140091
672.8891, 1.712555
673.3712, 1.451736
673.8533, 1.371048
674.3354, 1.627640
674.8176, 2.167816
675.2997, 2.500412
675.7818, 2.141174
676.2639, 1.687668
676.7460, 1.508270
677.2281, 1.721680
677.7103, 1.974823
678.1924, 2.425262
678.6745, 2.726196
679.1566, 2.556595
679.6387, 1.771515
680.1208, 1.193451
680.6030, 0.8964080
681.0851, 0.7155300
681.5672, 0.3533330
682.0493, 0.1055450
682.5314, 0.2949520
683.0135, 1.2955000E-02
683.4957, 0.2960660
683.9778, 6.8389997E-02
684.4599, 0.8495030
684.9420, 1.565674
685.4241, 2.217148
685.9063, 2.584991
686.3884, 2.361237
686.8705, 1.766861
687.3526, 1.577759
687.8347, 2.123581
688.3168, 2.718964
688.7990, 3.217331
689.2811, 3.601074
689.7632, 3.604462
690.2453, 3.131592
690.7274, 2.987030
691.2095, 3.961273
691.6917, 5.588501
692.1738, 6.416351
692.6559, 6.437775
693.1380, 6.378052
693.6201, 6.629883
694.1022, 7.134796
694.5844, 8.018219
695.0665, 9.411987
695.5486, 10.31934
696.0307, 9.707153
696.5128, 8.886871
696.9949, 8.944733
697.4771, 10.51465
697.9592, 11.56729
698.4413, 11.65384
698.9234, 11.78568
699.4055, 13.64816
699.8876, 17.32578
700.3698, 19.70474
700.8519, 20.06110
701.3340, 19.33719
701.8161, 18.37906
702.2982, 17.40265
702.7803, 16.93683
703.2625, 17.27185
703.7446, 18.05511
704.2267, 19.28705
704.7088, 20.77002
705.1909, 22.06317
705.6730, 22.87576
706.1552, 23.66028
706.6373, 24.42648
707.1194, 25.24268
707.6015, 26.44754
708.0836, 28.09589
708.5657, 29.91132
709.0479, 31.98148
709.5300, 34.08646
710.0121, 35.02969
710.4942, 34.89551
710.9763, 35.22702
711.4584, 37.70505
711.9406, 40.89481
712.4227, 42.89630
712.9048, 43.64972
713.3869, 44.44092
713.8690, 46.01996
714.3511, 47.78024
714.8333, 49.30701
715.3154, 50.36551
715.7975, 51.88663
716.2796, 54.14499
716.7617, 56.51675
717.2438, 58.46518
717.7260, 59.91098
718.2081, 61.82590
718.6902, 64.31754
719.1723, 67.05789
719.6544, 69.54855
720.1365, 71.91446
720.6187, 74.52911
721.1008, 77.58646
721.5829, 80.76389
722.0650, 83.73019
722.5471, 86.69992
723.0292, 90.04205
723.5114, 94.08511
723.9935, 98.09702
724.4756, 102.0918
724.9577, 105.9592
725.4398, 109.4860
725.9219, 112.2975
726.4041, 115.8550
726.8862, 120.6010
727.3683, 126.1488
727.8504, 131.3932
728.3325, 136.3855
728.8146, 141.4982
729.2968, 146.8383
729.7789, 152.3776
730.2610, 158.0067
730.7431, 163.7864
731.2252, 169.9300
731.7073, 176.5696
732.1895, 183.5312
732.6716, 190.6683
733.1537, 198.0341
733.6358, 205.9450
734.1179, 214.5319
734.6000, 223.6397
735.0822, 233.1893
735.5643, 243.1877
736.0464, 253.0663
736.5285, 262.7815
737.0106, 273.3975
737.4927, 286.1882
737.9749, 300.1940
738.4570, 313.5830
738.9391, 326.1994
739.4212, 339.7434
739.9033, 355.2747
740.3854, 372.0262
740.8676, 389.3028
741.3497, 406.7653
741.8318, 426.1598
742.3139, 448.5096
742.7960, 471.8089
743.2781, 494.7621
743.7603, 517.0962
744.2424, 540.9698
744.7245, 566.5336
745.2066, 593.6124
745.6887, 622.7864
746.1708, 653.7176
746.6530, 684.9573
747.1351, 716.0233
747.6172, 748.1222
748.0993, 782.2070
748.5814, 817.8588
749.0635, 854.1738
749.5457, 891.1526
750.0278, 929.2545
750.5099, 967.8162
750.9920, 1007.252
751.4741, 1048.220
751.9562, 1090.967
752.4384, 1132.477
752.9205, 1171.517
753.4026, 1209.858
753.8847, 1250.724
754.3668, 1293.217
754.8489, 1334.804
755.3311, 1375.628
755.8132, 1413.374
756.2953, 1445.097
756.7774, 1472.147
757.2595, 1496.198
757.7416, 1519.722
758.2238, 1538.374
758.7059, 1552.300
759.1880, 1560.850
759.6701, 1562.332
760.1522, 1556.466
760.6343, 1544.496
761.1165, 1526.244
761.5986, 1502.448
762.0807, 1474.638
762.5628, 1442.777
763.0449, 1406.570
763.5270, 1364.651
764.0092, 1319.585
764.4913, 1272.029
764.9734, 1222.836
765.4555, 1173.917
765.9376, 1126.428
766.4197, 1079.513
766.9019, 1033.028
767.3840, 987.1243
767.8661, 942.7031
768.3482, 900.2018
768.8303, 858.1262
769.3124, 815.4671
769.7946, 773.4228
770.2767, 735.0865
770.7588, 700.2682
771.2409, 667.1931
771.7230, 634.4908
772.2051, 603.2274
772.6873, 574.9862
773.1694, 549.3555
773.6515, 524.1627
774.1336, 497.1690
774.6157, 471.6283
775.0978, 449.2779
775.5800, 429.9923
776.0621, 410.3975
776.5442, 389.9119
777.0263, 370.7059
777.5084, 354.5088
777.9905, 340.7192
778.4727, 326.8672
778.9548, 313.0504
779.4369, 299.8856
779.9190, 287.5289
780.4011, 276.1637
780.8832, 266.0336
781.3654, 257.2288
781.8475, 248.6193
782.3296, 239.3766
782.8117, 230.7049
783.2938, 223.1240
783.7759, 216.6909
784.2581, 210.6945
784.7402, 205.1640
785.2223, 200.0463
785.7044, 195.2953
786.1865, 190.9381
786.6686, 186.7722
787.1508, 182.7820
787.6329, 179.4023
788.1150, 177.4324
788.5971, 175.8452
789.0792, 173.6913
789.5613, 170.7689
790.0435, 167.8482
790.5256, 164.6968
791.0077, 161.9276
791.4898, 159.8827
791.9719, 158.7378
792.4540, 157.4186
792.9362, 156.1081
793.4183, 154.0485
793.9004, 149.8834
794.3825, 144.5206
794.8646, 140.9898
795.3467, 139.4940
795.8289, 137.8395
796.3110, 134.6331
796.7931, 130.4577
797.2752, 125.7014
797.7573, 120.2431
798.2394, 115.0115
798.7216, 110.2004
799.2037, 105.5611
799.6858, 100.9946
800.1679, 96.47260
800.6500, 92.09824
801.1321, 87.80902
801.6143, 83.68277
802.0964, 79.75647
802.5785, 76.04495
803.0606, 72.50974
803.5427, 69.14877
804.0248, 66.01523
804.5070, 63.12369
804.9891, 60.43256
805.4712, 57.95819
805.9533, 55.78134
806.4354, 53.44412
806.9175, 50.76935
807.3997, 48.18692
807.8818, 46.00925
808.3639, 44.24887
808.8460, 42.69452
809.3281, 41.35626
809.8102, 40.01575
810.2924, 38.36877
810.7745, 36.65024
811.2566, 35.20117
811.7387, 34.10669
812.2208, 33.04816
812.7029, 31.96335
813.1851, 30.82526
813.6672, 29.55524
814.1493, 28.03049
814.6314, 26.95364
815.1135, 26.44443
815.5956, 26.11130
816.0778, 25.72931
816.5599, 25.27347
817.0420, 24.64728
817.5241, 23.83734
818.0062, 22.86841
818.4883, 21.45197
818.9705, 20.05038
819.4526, 19.22018
819.9347, 19.12466
820.4168, 18.84732
820.8989, 18.16043
821.3810, 17.26657
821.8632, 16.18118
822.3453, 14.85657
822.8274, 13.83133
823.3095, 13.14346
823.7916, 12.68930
824.2737, 12.61456
824.7559, 12.67157
825.2380, 12.23883
825.7201, 11.30914
826.2022, 10.53445
826.6843, 10.74115
827.1664, 10.91351
827.6486, 10.24057
828.1307, 8.466644
828.6128, 7.154297
829.0949, 6.433685
829.5770, 5.931366
830.0591, 5.384186
830.5413, 4.830597
831.0234, 4.900421
831.5055, 5.578735
831.9876, 5.882660
832.4697, 4.688507
832.9518, 3.014893
833.4340, 1.937683
833.9161, 1.498688
834.3982, 1.178009
834.8803, 1.166687
835.3624, 0.8514710
835.8445, 0.2101140
836.3267, 1.954071
836.8088, 2.919617
837.2909, 2.951538
837.7730, 2.876343
838.2551, 3.171631
838.7372, 3.683411
839.2194, 3.996521
839.7015, 4.149567
840.1836, 4.369690
840.6657, 5.006256
841.1478, 5.557526
841.6299, 5.602966
842.1121, 5.205261
842.5942, 5.018768
843.0763, 5.206299
843.5584, 5.393494
844.0405, 5.467224
844.5226, 5.453735
845.0048, 5.466217
845.4869, 5.500488
845.9690, 5.463867
846.4511, 5.199890
846.9332, 4.931213
847.4153, 5.032166
847.8975, 5.333984
848.3796, 5.360748
848.8617, 4.539001
849.3438, 3.886475
849.8259, 3.818237
850.3080, 4.077728
850.7902, 4.006287
851.2723, 3.561981
851.7544, 3.012024
852.2365, 2.409363
852.7186, 1.773682
853.2007, 1.202911
853.6829, 0.6307070
854.1650, 0.1372990
854.6471, 1.477997
855.1292, 2.645538
855.6113, 3.195892
856.0934, 3.345703
856.5756, 3.482147
857.0577, 3.484222
857.5398, 3.766785
858.0219, 4.393341
858.5040, 5.286316
858.9861, 6.335846
859.4683, 7.539368
859.9504, 8.900452
860.4325, 10.44473
860.9146, 12.02576
861.3967, 13.66748
861.8788, 15.17856
862.3610, 16.30316
862.8431, 16.51837
863.3252, 17.17288
863.8073, 18.55008
864.2894, 20.20731
864.7715, 21.73312
865.2537, 23.12704
865.7358, 24.47498
866.2179, 25.80063
866.7000, 27.06573
867.1821, 27.99420
867.6642, 28.94968
868.1464, 30.55936
868.6285, 33.05087
869.1106, 35.38885
869.5927, 37.00107
870.0748, 38.49002
870.5569, 40.27176
871.0391, 42.41391
871.5212, 44.24515
872.0033, 45.65744
872.4854, 47.12268
872.9675, 49.07715
873.4496, 51.31158
873.9318, 53.34056
874.4139, 55.13594
874.8960, 56.66743
875.3781, 57.66914
875.8602, 58.61343
876.3423, 59.92725
876.8245, 61.60033
877.3066, 62.64299
877.7887, 62.76392
878.2708, 62.93147
878.7529, 63.44701
879.2350, 64.35715
879.7172, 65.94418
880.1993, 68.13126
880.6814, 70.47455
881.1635, 72.87027
881.6456, 75.21236
882.1277, 77.19882
882.6099, 79.04980
883.0920, 81.41824
883.5741, 84.30295
884.0562, 87.96411
884.5383, 92.77061
885.0204, 98.14474
885.5026, 102.7634
885.9847, 106.6750
886.4668, 110.5978
886.9489, 114.4439
887.4310, 119.0668
887.9131, 126.1764
888.3953, 134.3813
888.8774, 141.6212
889.3595, 146.2156
889.8416, 151.5118
890.3237, 158.5323
890.8058, 165.9765
891.2880, 172.4588
891.7701, 177.8263
892.2522, 183.9134
892.7343, 190.9532
893.2164, 198.3991
893.6985, 205.7418
894.1807, 213.0010
894.6628, 220.5748
895.1449, 228.6187
895.6270, 236.2863
896.1091, 242.9112
896.5912, 249.3943
897.0734, 256.4438
897.5555, 264.0936
898.0376, 271.5457
898.5197, 278.8579
899.0018, 285.1543
899.4839, 289.4227
899.9661, 292.4121
900.4482, 295.5010
900.9303, 298.6117
901.4124, 300.9846
901.8945, 302.8234
902.3766, 303.3246
902.8588, 301.6599
903.3409, 298.2320
903.8230, 294.7838
904.3051, 291.5644
904.7872, 287.2453
905.2693, 281.2328
905.7515, 273.8918
906.2336, 265.6158
906.7157, 256.6716
907.1978, 247.6790
907.6799, 238.6342
908.1620, 229.8711
908.6442, 221.8171
909.1263, 214.0462
909.6084, 205.7162
910.0905, 196.4760
910.5726, 187.5460
911.0547, 178.8054
911.5369, 170.6165
912.0190, 163.5892
912.5011, 157.4921
912.9832, 151.5699
913.4653, 145.6539
913.9474, 139.9830
914.4296, 134.6687
914.9117, 129.6923
915.3938, 125.1110
915.8759, 121.0150
916.3580, 116.8219
916.8401, 112.4025
917.3223, 108.1656
917.8044, 104.3186
918.2865, 100.9011
918.7686, 97.95377
919.2507, 95.46686
919.7328, 93.33646
920.2150, 91.93706
920.6971, 90.48576
921.1792, 88.22932
921.6613, 85.33264
922.1434, 83.20645
922.6255, 82.15234
923.1077, 81.20474
923.5898, 80.08357
924.0719, 78.90443
924.5540, 77.83887
925.0361, 76.91307
925.5182, 76.27649
926.0004, 76.16144
926.4825, 75.99258
926.9646, 75.07050
927.4467, 73.97934
927.9288, 73.65448
928.4109, 74.60223
928.8931, 75.40634
929.3752, 76.02266
929.8573, 76.36948
930.3394, 76.27008
930.8215, 75.83640
931.3036, 75.41931
931.7858, 75.07123
932.2679, 74.79666
932.7500, 74.86362
933.2321, 74.75244
933.7142, 73.88387
934.1964, 72.09222
934.6785, 71.12970
935.1606, 71.35982
935.6427, 71.57614
936.1248, 71.17938
936.6069, 70.26871
937.0891, 69.11746
937.5712, 67.76706
938.0533, 66.50781
938.5354, 65.52907
939.0175, 64.63582
939.4996, 63.88986
939.9818, 63.10109
940.4639, 61.82106
940.9460, 59.99420
941.4281, 57.87070
941.9102, 55.33514
942.3923, 52.86432
942.8745, 51.46588
943.3566, 50.68985
943.8387, 49.34993
944.3208, 47.08325
944.8029, 44.83543
945.2850, 43.48587
945.7672, 42.18082
946.2493, 39.96588
946.7314, 36.32845
947.2135, 33.75165
947.6956, 32.51244
948.1777, 31.58218
948.6599, 30.28503
949.1420, 28.70700
949.6241, 26.88623
950.1062, 24.89087
950.5883, 23.24767
951.0704, 22.48010
951.5526, 21.89606
952.0347, 21.27388
952.5168, 20.55133
952.9989, 19.46959
953.4810, 17.93121
953.9631, 16.51637
954.4453, 15.36581
954.9274, 14.46049
955.4095, 13.89407
955.8916, 13.54414
956.3737, 13.13756
956.8558, 12.60159
957.3380, 11.92825
957.8201, 10.97366
958.3022, 9.994217
958.7843, 9.233932
959.2664, 8.662231
959.7485, 8.218109
960.2307, 7.944382
960.7128, 7.582504
961.1949, 6.601974
961.6770, 5.530991
962.1591, 5.346725
962.6412, 6.069962
963.1234, 6.620132
963.6055, 6.567795
964.0876, 6.266418
964.5697, 5.747467
965.0518, 5.101944
965.5339, 4.758911
966.0161, 4.713333
966.4982, 4.629913
966.9803, 4.333374
967.4624, 4.021439
967.9445, 4.006683
968.4266, 4.102905
968.9088, 4.012680
969.3909, 3.508911
969.8730, 3.020477
970.3551, 2.523224
970.8372, 2.085220
971.3193, 1.760391
971.8015, 1.557678
972.2836, 1.525757
972.7657, 1.678589
973.2478, 1.695587
973.7299, 1.050247
974.2120, 0.3731230
974.6942, 0.2778320
975.1763, 0.8158870
975.6584, 1.130417
976.1405, 1.123932
976.6226, 0.9949490
977.1047, 0.7774660
977.5869, 0.5197910
978.0690, 0.3406980
978.5511, 0.2406770
979.0332, 0.2302400
979.5153, 0.3983000
979.9974, 0.5328980
980.4796, 0.5033260
980.9617, 0.3613890
981.4438, 0.1912840
981.9259, 2.6154000E-02
982.4080, 0.2151640
982.8901, 0.3838650
983.3723, 0.4583440
983.8544, 0.3024140
984.3365, 5.5206001E-02
984.8186, 6.2042002E-02
985.3007, 3.1876002E-02
985.7828, 0.1356050
986.2650, 0.7166440
986.7471, 1.139923
987.2292, 1.102051
987.7113, 0.7034760
988.1934, 0.4355770
988.6755, 0.3004910
989.1577, 0.3375850
989.6398, 0.6940610
990.1219, 1.008545
990.6040, 0.6942140
991.0861, 7.9467997E-02
991.5682, 0.2819370
992.0504, 5.2029998E-03
992.5325, 0.1945650
993.0146, 0.2085570
993.4967, 0.1307370
993.9788, 2.5787000E-02
994.4609, 0.2283330
994.9431, 0.1428530
995.4252, 0.2446440
995.9073, 0.6423030
996.3894, 0.9543610
996.8715, 1.099960
997.3536, 0.9042360
997.8358, 0.4109500
998.3179, 0.2077940
998.8000, 0.3960720
999.2821, 0.6736450
999.7642, 1.072296
1000.246, 1.340134
1000.728, 0.7297060
1001.211, 0.4176480
1001.693, 1.223175
1002.175, 1.411148
1002.657, 1.248413
1003.139, 0.4148250
1003.621, 0.4135280
1004.103, 0.5603030
1004.585, 0.1533360
1005.068, 0.4872590
1005.550, 0.4163360
1006.032, 0.2244720
1006.514, 4.3044999E-02
1006.996, 9.0363003E-02
1007.478, 0.1232450
1007.960, 6.3888997E-02
1008.442, 3.3859000E-02
1008.924, 6.8816997E-02
1009.407, 0.2787480
1009.889, 0.8617400
1010.371, 1.508423
1010.853, 1.469681
1011.335, 0.8566280
1011.817, 0.4249110
1012.299, 0.3802490
1012.781, 0.4122770
1013.263, 0.2236790
1013.746, 4.7577001E-02
1014.228, 0.1900020
1014.710, 0.8073430
1015.192, 0.9049070
1015.674, 0.2740480
1016.156, 0.1730500
1016.638, 0.4272310
1017.120, 1.444321
1017.603, 1.332199
1018.085, 0.3893890
1018.567, 0.3262480
1019.049, 0.1883390
1019.531, 4.6234000E-02
1020.013, 5.6000002E-02
1020.495, 6.6863999E-02
1020.977, 0.9199370
1021.459, 2.944763
1021.942, 3.925568
1022.424, 3.514587
1022.906, 2.737091
1023.388, 2.500412
1023.870, 2.414551
1024.352, 2.032257
1024.834, 1.279266
1025.316, 0.8007200
1025.799, 0.7581790
1026.281, 0.7347870
1026.763, 0.4968260
1027.245, 0.2342380
1027.727, 0.5630950
1028.209, 1.298416
1028.691, 1.806351
1029.173, 1.703384
1029.656, 1.549454
1030.138, 1.620377
1030.620, 1.754959
1031.102, 1.784180
1031.584, 1.693237
1032.066, 1.479218
1032.548, 1.101761
1033.030, 0.9448240
1033.512, 1.558075
1033.995, 2.411362
1034.477, 2.866669
1034.959, 2.949707
1035.441, 3.032867
1035.923, 3.410797
1036.405, 3.404663
1036.887, 2.626755
1037.369, 1.701416
1037.851, 2.189774
1038.334, 3.628021
1038.816, 4.178589
1039.298, 3.283493
1039.780, 2.136078
1040.262, 0.9830630
1040.744, 0.2527920
1041.226, 0.4748990
1041.708, 1.740204
1042.191, 2.256378
1042.673, 1.935501
1043.155, 1.593323
1043.637, 1.658829
1044.119, 1.927826
1044.601, 2.248993
1045.083, 2.615814
1045.565, 2.957428
1046.047, 3.514877
1046.530, 3.570007
1047.012, 2.832260
1047.494, 1.886597
1047.976, 1.394348
1048.458, 1.324127
1048.940, 1.463745
1049.422, 1.757065
1049.904, 1.934006
1050.386, 1.554642
1050.869, 1.269379
1051.351, 1.620956
1051.833, 2.428162
1052.315, 2.926697
1052.797, 3.076843
1053.279, 3.157990
1053.761, 3.267212
1054.243, 3.282883
1054.726, 2.976196
1055.208, 2.540009
1055.690, 2.235046
1056.172, 2.121872
1056.654, 2.002060
1057.136, 1.826553
1057.618, 1.676926
1058.100, 1.676865
1058.583, 1.799210
1059.065, 1.700333
1059.547, 1.383606
1060.029, 1.078339
1060.511, 0.7920230
1060.993, 0.6723180
1061.475, 0.9575350
1061.957, 1.342117
1062.439, 1.365173
1062.922, 0.9049380
1063.404, 0.8271640
1063.886, 1.216324
1064.368, 1.825684
1064.850, 2.814209
1065.332, 3.653732
1065.814, 3.688751
1066.296, 2.942474
1066.778, 2.293427
1067.261, 1.822556
1067.743, 1.446167
1068.225, 1.116760
1068.707, 0.8991850
1069.189, 1.064682
1069.671, 1.423447
1070.153, 1.480560
1070.635, 0.9920040
1071.118, 0.6615600
1071.600, 0.8829350
1072.082, 1.269394
1072.564, 1.665253
1073.046, 2.043289
1073.528, 2.163605
1074.010, 2.012939
1074.492, 1.656906
1074.974, 0.7183690
1075.457, 1.5518000E-02
1075.939, 0.3888400
1076.421, 1.237686
1076.903, 1.392136
1077.385, 0.3996580
1077.867, 3.2088999E-02
1078.349, 0.5110630
1078.831, 1.048660
1079.313, 0.6262050
1079.796, 0.1118160
1080.278, 7.9285003E-02
1080.760, 0.6540830
1081.242, 1.246582
1081.724, 1.385941
1082.206, 1.399185
1082.688, 1.285889
1083.170, 1.149323
1083.652, 1.293900
1084.135, 1.595795
1084.617, 1.450668
1085.099, 0.6496890
1085.581, 0.1472170
1086.063, 0.9703830
1086.545, 1.826050
1087.027, 1.817322
1087.509, 1.049835
1087.992, 0.6788330
1088.474, 0.7100070
1088.956, 0.7389830
1089.438, 0.5710600
1089.920, 0.4170680
1090.402, 0.3618930
1090.884, 0.3965150
1091.366, 0.6127780
1091.849, 1.231506
1092.331, 1.362915
1092.813, 0.8365170
1093.295, 0.3939060
1093.777, 0.7956090
1094.259, 1.540756
1094.741, 1.635498
1095.223, 1.231842
1095.705, 0.9129490
1096.188, 0.9411160
1096.670, 1.012466
1097.152, 1.098465
1097.634, 1.163528
1098.116, 1.112366
1098.598, 0.9844510
1099.080, 1.012497
1099.562, 1.220062
1100.044, 1.524170
1100.527, 2.121353
1101.009, 2.550537
1101.491, 2.435669
1101.973, 2.019104
1102.455, 1.989975
1102.937, 2.359512
1103.419, 2.492447
1103.901, 2.198853
1104.384, 1.760406
1104.866, 1.234406
1105.348, 0.8414310
1105.830, 0.9278260
1106.312, 1.632751
1106.794, 1.752182
1107.276, 1.098541
1107.758, 0.6213380
1108.240, 0.8724210
1108.723, 1.416153
1109.205, 1.364761
1109.687, 1.063416
1110.169, 1.156693
1110.651, 2.396133
1111.133, 2.894226
1111.615, 2.168961
1112.097, 1.353348
1112.579, 1.472183
1113.062, 2.194519
1113.544, 2.345535
1114.026, 2.004135
1114.508, 1.590591
1114.990, 1.069733
1115.472, 0.8209690
1115.954, 1.139160
1116.436, 1.644760
1116.919, 1.918747
1117.401, 1.958908
1117.883, 1.513977
1118.365, 0.5639040
1118.847, 6.9687001E-02
1119.329, 0.5877990
1119.811, 1.404480
1120.293, 1.514542
1120.776, 1.155502
1121.258, 1.285080
1121.740, 1.987717
1122.222, 2.293594
1122.704, 1.917862
1123.186, 1.434311
1123.668, 1.315201
1124.150, 1.493378
1124.632, 1.934601
1125.115, 2.697189
1125.597, 3.106110
1126.079, 3.100494
1126.561, 2.922058
1127.043, 2.651779
1127.525, 2.283798
1128.007, 1.634933
1128.489, 0.9341130
1128.971, 0.6327510
1129.454, 1.106308
1129.936, 1.251907
1130.418, 0.7921450
1130.900, 0.3522950
1131.382, 0.3965000
1131.864, 0.7126620
1132.346, 0.5400090
1132.828, 4.9240001E-02
1133.311, 0.1863860
1133.793, 0.3447420
1134.275, 0.8179470
1134.757, 0.9427340
1135.239, 1.030548
1135.721, 1.534836
1136.203, 2.339630
1136.685, 2.226135
1137.167, 1.267303
1137.650, 0.6731260
1138.132, 1.796066
1138.614, 2.796448
1139.096, 2.409592
1139.578, 1.489075
1140.060, 1.502411
1140.542, 2.480606
1141.024, 2.991776
1141.506, 2.883057
1141.989, 2.480637
1142.471, 1.800110
1142.953, 1.138779
1143.435, 0.7075200
1143.917, 0.5122530
1144.399, 0.4679870
1144.881, 0.5931850
1145.363, 0.7761080
1145.846, 1.044769
1146.328, 1.122833
1146.810, 0.2521360
1147.292, 0.6852260
1147.774, 0.6048890
1148.256, 0.7196660
1148.738, 1.608429
1149.220, 2.031555
1149.703, 1.966309
1150.185, 1.195923
1150.667, 0.3359830
1151.149, 0.3771820
1151.631, 0.9294890
1152.113, 1.390610
1152.595, 1.638611
1153.077, 1.763351
1153.559, 1.811935
1154.042, 1.650330
1154.524, 1.021057
1155.006, 0.2950900
1155.488, 0.4729310
1155.970, 1.211044
1156.452, 1.666855
1156.934, 1.409393
1157.416, 1.150085
1157.898, 1.043198
1158.381, 0.8708800
1158.863, 0.2528990
1159.345, 0.5581820
1159.827, 0.2711790
1160.309, 0.8149720
1160.791, 1.488693
1161.273, 0.7792510
1161.755, 0.1149600
1162.238, 0.1571960
1162.720, 0.1700290
1163.202, 1.0056000E-02
1163.684, 0.3461000
1164.166, 0.6715700
1164.648, 0.9535980
1165.130, 0.9768370
1165.612, 2.4063000E-02
1166.094, 0.5098570
1166.577, 0.4026180
1167.059, 1.786850
1167.541, 1.939880
1168.023, 1.002762
1168.505, 0.9263460
1168.987, 1.919464
1169.469, 2.625641
1169.951, 1.538300
1170.433, 0.4361570
1170.916, 0.6303860
1171.398, 1.563004
1171.880, 1.839462
1172.362, 1.469406
1172.844, 1.038437
1173.326, 0.6290130
1173.808, 0.3785250
1174.290, 0.4976650
1174.773, 0.7365420
1175.255, 0.9112090
1175.737, 1.031372
1176.219, 1.185486
1176.701, 1.374390
1177.183, 1.568054
1177.665, 1.772034
1178.147, 1.968109
1178.630, 2.078049
1179.112, 2.071808
1179.594, 2.022232
1180.076, 1.966034
1180.558, 1.412125
1181.040, 0.2345280
1181.522, 0.3389430
1182.004, 0.3813320
1182.486, 1.413742
1182.969, 1.750702
1183.451, 1.752151
1183.933, 1.882080
1184.415, 2.249161
1184.897, 2.267517
1185.379, 1.880035
1185.861, 1.485168
1186.343, 1.229858
1186.825, 1.146255
1187.308, 1.371109
1187.790, 1.760223
1188.272, 2.095734
1188.754, 2.367645
1189.236, 2.535065
1189.718, 2.615112
1190.200, 2.548599
1190.682, 1.990463
1191.165, 1.384613
1191.647, 1.529617
1192.129, 2.119110
1192.611, 2.553757
1193.093, 2.826660
1193.575, 2.648254
1194.057, 1.896439
1194.539, 1.178131
1195.021, 1.019989
1195.504, 1.135376
1195.986, 1.133911
1196.468, 1.072327
1196.950, 1.143585
1197.432, 1.417175
1197.914, 1.741135
1198.396, 2.130188
1198.878, 2.536026
1199.360, 2.859344
1199.843, 2.966690
1200.325, 2.654160
1200.807, 2.068024
1201.289, 1.846329
1201.771, 2.474686
1202.253, 2.545334
1202.735, 1.742294
1203.217, 0.8931730
1203.700, 1.024994
1204.182, 1.630402
1204.664, 2.012177
1205.146, 2.121796
1205.628, 2.245087
1206.110, 2.512085
1206.592, 2.598083
1207.074, 2.387466
1207.557, 2.166428
1208.039, 2.421097
1208.521, 2.819138
1209.003, 2.782532
1209.485, 2.304977
1209.967, 2.176804
1210.449, 2.742920
1210.931, 3.030106
1211.413, 2.781693
1211.896, 2.336166
1212.378, 2.040237
1212.860, 1.897751
1213.342, 1.955780
1213.824, 2.220779
1214.306, 2.509140
1214.788, 2.817352
1215.270, 3.130203
1215.752, 3.500549
1216.235, 3.736755
1216.717, 3.618622
1217.199, 3.136459
1217.681, 2.088455
1218.163, 0.3464050
1218.645, 0.1519470
1219.127, 1.169556
1219.609, 2.271347
1220.092, 2.492004
1220.574, 2.240631
1221.056, 1.924484
1221.538, 1.630600
1222.020, 1.533325
1222.502, 1.700653
1222.984, 1.624329
1223.466, 1.112595
1223.948, 0.9442290
1224.431, 1.627792
1224.913, 2.470642
1225.395, 2.397476
1225.877, 1.909210
1226.359, 1.723785
1226.841, 2.053421
1227.323, 2.160248
1227.805, 1.964859
1228.287, 1.911591
1228.770, 2.324966
1229.252, 2.768738
1229.734, 2.664917
1230.216, 2.205978
1230.698, 1.547562
1231.180, 0.5736540
1231.662, 0.3023830
1232.144, 0.8622890
1232.627, 1.394821
1233.109, 1.513184
1233.591, 1.413620
1234.073, 1.391388
1234.555, 1.274475
1235.037, 0.6987150
1235.519, 0.5414120
1236.001, 0.9567720
1236.484, 0.4508970
1236.966, 6.6849001E-02
1237.448, 9.0301998E-02
1237.930, 4.7760000E-03
1238.412, 0.2547300
1238.894, 0.6032260
1239.376, 0.6765900
1239.858, 0.4562680
1240.340, 0.3625640
1240.823, 0.3929140
1241.305, 0.4852750
1241.787, 0.5334170
1242.269, 0.7243500
1242.751, 1.378845
1243.233, 2.169357
1243.715, 2.704514
1244.197, 2.977707
1244.679, 2.970505
1245.162, 2.685684
1245.644, 2.292862
1246.126, 1.902557
1246.608, 1.420853
1247.090, 0.4636540
1247.572, 0.3799740
1248.054, 0.3911290
1248.536, 0.4747010
1249.019, 1.013367
1249.501, 1.240829
1249.983, 1.301834
1250.465, 1.060516
1250.947, 0.9416350
1251.429, 1.328064
1251.911, 1.808716
1252.393, 2.031082
1252.875, 1.995316
1253.358, 1.604782
1253.840, 0.9487760
1254.322, 0.6291050
1254.804, 1.659317
1255.286, 2.139267
1255.768, 0.7625890
1256.250, 0.7429500
1256.732, 0.7693480
1257.214, 0.3991090
1257.697, 1.026398
1258.179, 1.215851
1258.661, 1.456879
1259.143, 2.370682
1259.625, 2.748947
1260.107, 2.110489
1260.589, 1.353104
1261.071, 1.299759
1261.554, 1.747681
1262.036, 1.734360
1262.518, 1.403229
1263.000, 1.269135
1263.482, 1.878265
1263.964, 2.103302
1264.446, 1.724350
1264.928, 1.242004
1265.411, 0.9935000
1265.893, 0.9744260
1266.375, 1.306351
1266.857, 1.855164
1267.339, 2.260757
1267.821, 2.453690
1268.303, 2.436493
1268.785, 2.167557
1269.267, 1.849579
1269.750, 1.374557
1270.232, 1.114456
1270.714, 1.133255
1271.196, 1.319504
1271.678, 1.427795
1272.160, 1.428406
1272.642, 1.339249
1273.124, 1.144684
1273.606, 0.9817050
1274.089, 0.9101560
1274.571, 0.9479980
1275.053, 1.153229
1275.535, 1.384903
1276.017, 1.669220
1276.499, 2.167511
1276.981, 2.069000
1277.463, 1.371170
1277.946, 0.7203830
1278.428, 0.3927150
1278.910, 0.4196010
1279.392, 1.241898
1279.874, 2.011108
1280.356, 1.983688
1280.838, 1.357681
1281.320, 1.042343
1281.802, 1.024353
1282.285, 1.019272
1282.767, 0.8831180
1283.249, 0.7127530
1283.731, 0.5141300
1284.213, 0.3216710
1284.695, 3.3156998E-02
1285.177, 0.2319490
1285.659, 0.3295290
1286.141, 1.496536
1286.624, 2.343887
1287.106, 2.401779
1287.588, 2.156296
1288.070, 1.575699
1288.552, 0.9794310
1289.034, 0.6036070
1289.516, 0.4248200
1289.998, 0.3329160
1290.481, 0.3947600
1290.963, 0.8024600
1291.445, 2.199539
1291.927, 2.845795
1292.409, 2.613434
1292.891, 2.079956
1293.373, 1.328217
1293.855, 0.7864380
1294.338, 0.8682710
1294.820, 1.646240
1295.302, 3.099838
1295.784, 5.574997
1296.266, 7.154709
1296.748, 7.821823
1297.230, 7.884445
1297.712, 7.049820
1298.194, 6.240204
1298.677, 6.656387
1299.159, 7.189117
1299.641, 6.399246
1300.123, 4.240982
1300.605, 2.429184
1301.087, 0.9830780
1301.569, 6.3492000E-02
1302.051, 1.5549000E-02
1302.533, 8.8486001E-02
1303.016, 0.0000000E+00
##END=



