##NAMES=Kleinite
##RRUFFID=R150069
##IDEAL CHEMISTRY=Hg_2_N(Cl,SO_4_)&#183;nH_2_O
##LOCALITY=Terlingua, Brewster County, Texas, USA
##OWNER=RRUFF
##SOURCE=Marcus Origlieri
##DESCRIPTION=Aggregates of orange-yellow short prismatic or equant crystals
##STATUS=The identification of this mineral is not yet confirmed.
##URL=rruff.info/R150069
89.78320, 0.0000000E+00
90.26532, 37.57129
90.74744, 0.3110350
91.22955, 8.059570
91.71167, 6.755615
92.19379, 26.23853
92.67590, 49.92798
93.15802, 70.05249
93.64014, 76.01245
94.12225, 73.02808
94.60437, 75.32153
95.08649, 87.37769
95.56860, 104.8577
96.05072, 121.0193
96.53284, 137.6362
97.01495, 156.3225
97.49707, 177.7305
97.97919, 201.6711
98.46130, 228.6560
98.94342, 258.0259
99.42554, 290.0181
99.90765, 328.6228
100.3898, 374.6929
100.8719, 425.5127
101.3540, 478.0671
101.8361, 533.4392
102.3182, 587.8506
102.8004, 641.6433
103.2825, 696.0723
103.7646, 744.3828
104.2467, 787.4375
104.7288, 824.5981
105.2109, 852.6240
105.6931, 865.8416
106.1752, 879.4622
106.6573, 899.8623
107.1394, 924.1907
107.6215, 959.4529
108.1036, 1010.332
108.5858, 1073.698
109.0679, 1132.509
109.5500, 1182.146
110.0321, 1231.165
110.5142, 1283.772
110.9963, 1344.676
111.4785, 1404.147
111.9606, 1461.800
112.4427, 1517.686
112.9248, 1569.684
113.4069, 1620.415
113.8890, 1665.943
114.3712, 1703.634
114.8533, 1731.141
115.3354, 1752.405
115.8175, 1769.332
116.2996, 1782.548
116.7817, 1788.359
117.2639, 1783.302
117.7460, 1770.858
118.2281, 1755.388
118.7102, 1738.436
119.1923, 1718.734
119.6744, 1694.701
120.1566, 1665.085
120.6387, 1635.687
121.1208, 1609.282
121.6029, 1585.684
122.0850, 1564.928
122.5671, 1546.723
123.0493, 1531.297
123.5314, 1520.211
124.0135, 1515.887
124.4956, 1509.946
124.9777, 1492.681
125.4598, 1466.203
125.9420, 1439.045
126.4241, 1416.189
126.9062, 1396.398
127.3883, 1377.569
127.8704, 1359.431
128.3525, 1341.750
128.8347, 1324.316
129.3168, 1307.010
129.7989, 1289.774
130.2810, 1272.244
130.7631, 1254.628
131.2452, 1236.954
131.7274, 1219.513
132.2095, 1201.966
132.6916, 1183.136
133.1737, 1162.705
133.6558, 1142.216
134.1379, 1122.233
134.6201, 1102.791
135.1022, 1084.409
135.5843, 1067.666
136.0664, 1052.325
136.5485, 1037.199
137.0306, 1021.966
137.5128, 1007.510
137.9949, 993.6509
138.4770, 979.8591
138.9591, 969.6331
139.4412, 965.3706
139.9233, 968.0173
140.4055, 966.8213
140.8876, 959.5269
141.3697, 949.4771
141.8518, 941.3860
142.3339, 933.0229
142.8160, 928.0049
143.2982, 927.7844
143.7803, 932.6914
144.2624, 939.9573
144.7445, 951.2725
145.2266, 965.3030
145.7087, 978.7861
146.1909, 996.8594
146.6730, 1006.518
147.1551, 1002.419
147.6372, 977.3660
148.1193, 947.2649
148.6014, 909.2439
149.0836, 866.6792
149.5657, 827.3257
150.0478, 792.0776
150.5299, 759.7041
151.0120, 729.4236
151.4941, 700.7974
151.9763, 675.1577
152.4584, 653.7271
152.9405, 635.6653
153.4226, 616.4978
153.9047, 593.5620
154.3868, 570.9404
154.8690, 550.9890
155.3511, 536.8691
155.8332, 522.3279
156.3153, 506.9810
156.7974, 490.5962
157.2795, 472.1743
157.7617, 449.2373
158.2438, 425.3303
158.7259, 403.0427
159.2080, 383.7209
159.6901, 365.5962
160.1722, 348.5884
160.6544, 332.6072
161.1365, 316.7388
161.6186, 299.6597
162.1007, 283.1243
162.5828, 268.2263
163.0649, 255.9634
163.5471, 245.0298
164.0292, 235.1917
164.5113, 226.4417
164.9934, 217.5217
165.4755, 206.9873
165.9576, 196.0571
166.4398, 186.4429
166.9219, 180.5244
167.4040, 174.6794
167.8861, 166.3547
168.3682, 155.2673
168.8503, 143.8394
169.3325, 132.4517
169.8146, 121.8232
170.2967, 113.3423
170.7788, 108.5739
171.2609, 105.5159
171.7430, 102.8621
172.2252, 100.6151
172.7073, 97.88806
173.1894, 93.92200
173.6715, 88.85559
174.1536, 83.34314
174.6357, 76.44910
175.1179, 69.57703
175.6000, 64.71655
176.0821, 62.40515
176.5642, 60.63306
177.0463, 57.78516
177.5284, 53.92041
178.0106, 49.36707
178.4927, 43.46606
178.9748, 37.13525
179.4569, 32.20435
179.9390, 28.87378
180.4211, 26.56030
180.9033, 25.07812
181.3854, 24.15735
181.8675, 22.63867
182.3496, 19.38367
182.8317, 15.07129
183.3138, 10.67639
183.7960, 6.136719
184.2781, 2.204346
184.7602, 0.5482180
185.2423, 0.8858640
185.7244, 1.393311
186.2065, 0.7515870
186.6887, 0.7175290
187.1708, 1.833252
187.6529, 2.417847
188.1350, 2.739380
188.6171, 2.834229
189.0992, 2.766968
189.5814, 3.375366
190.0635, 5.924316
190.5456, 10.05127
191.0277, 12.35156
191.5098, 11.86853
191.9919, 10.34863
192.4741, 11.82019
192.9562, 16.41077
193.4383, 20.71692
193.9204, 21.86194
194.4025, 20.06799
194.8846, 19.18396
195.3668, 19.87195
195.8489, 21.48145
196.3310, 22.62927
196.8131, 23.33826
197.2952, 23.42822
197.7773, 22.41809
198.2595, 20.24622
198.7416, 18.96948
199.2237, 18.94141
199.7058, 19.82275
200.1879, 20.91736
200.6700, 22.44836
201.1522, 23.30957
201.6343, 22.45947
202.1164, 19.69324
202.5985, 17.19226
203.0806, 15.19238
203.5627, 13.63049
204.0449, 12.05713
204.5270, 10.15759
205.0091, 9.304810
205.4912, 11.13269
205.9733, 16.39111
206.4554, 19.79126
206.9376, 20.38208
207.4197, 18.77820
207.9018, 17.30225
208.3839, 15.87695
208.8660, 14.75696
209.3481, 14.36060
209.8303, 15.07898
210.3124, 14.55200
210.7945, 11.76172
211.2766, 7.621460
211.7587, 6.237793
212.2408, 8.582886
212.7230, 11.63599
213.2051, 13.75977
213.6872, 15.20715
214.1693, 14.76758
214.6514, 11.69934
215.1335, 6.682983
215.6157, 2.760620
216.0978, 3.5889000E-02
216.5799, 1.711548
217.0620, 2.353882
217.5441, 1.224854
218.0262, 0.9223630
218.5084, 2.061646
218.9905, 4.210571
219.4726, 5.174805
219.9547, 4.327026
220.4368, 3.363647
220.9189, 3.487427
221.4011, 5.195190
221.8832, 6.748657
222.3653, 8.091553
222.8474, 9.212280
223.3295, 9.899048
223.8116, 10.00513
224.2938, 9.994385
224.7759, 10.18396
225.2580, 10.80884
225.7401, 11.03333
226.2222, 10.47607
226.7043, 9.450317
227.1865, 9.175781
227.6686, 9.851563
228.1507, 11.02686
228.6328, 12.68555
229.1149, 15.65332
229.5970, 17.08044
230.0792, 16.15259
230.5613, 13.56934
231.0434, 12.06116
231.5255, 11.59204
232.0076, 12.35193
232.4897, 14.81995
232.9719, 20.54675
233.4540, 24.45312
233.9361, 25.49268
234.4182, 24.66443
234.9003, 25.44653
235.3824, 28.38196
235.8646, 32.14758
236.3467, 36.17615
236.8288, 40.66650
237.3109, 44.85217
237.7930, 48.22913
238.2751, 51.33264
238.7573, 55.97668
239.2394, 63.50281
239.7215, 70.56897
240.2036, 75.31018
240.6857, 75.41016
241.1678, 78.51172
241.6500, 85.90723
242.1321, 95.90613
242.6142, 104.2578
243.0963, 109.9016
243.5784, 115.4318
244.0605, 121.9613
244.5427, 130.0942
245.0248, 137.6658
245.5069, 144.3527
245.9890, 150.6688
246.4711, 157.6996
246.9532, 166.0197
247.4354, 174.2308
247.9175, 181.6042
248.3996, 187.7891
248.8817, 194.0966
249.3638, 200.5135
249.8459, 207.3883
250.3281, 215.2535
250.8102, 224.8225
251.2923, 233.6520
251.7744, 240.9247
252.2565, 246.1049
252.7386, 252.8250
253.2208, 261.8730
253.7029, 271.6509
254.1850, 279.6230
254.6671, 284.2760
255.1492, 290.2532
255.6313, 299.7384
256.1135, 313.7316
256.5956, 324.3557
257.0777, 329.9730
257.5598, 333.3967
258.0419, 338.3544
258.5240, 345.0914
259.0062, 352.5953
259.4883, 361.0509
259.9704, 370.5342
260.4525, 379.3464
260.9346, 387.3307
261.4167, 394.6263
261.8989, 401.0945
262.3810, 405.9312
262.8631, 412.0697
263.3452, 420.2382
263.8273, 430.3472
264.3094, 440.1674
264.7916, 450.2162
265.2737, 460.1047
265.7558, 469.1801
266.2379, 476.7727
266.7200, 485.6848
267.2021, 496.9518
267.6843, 510.1525
268.1664, 522.2460
268.6485, 532.9543
269.1306, 543.5728
269.6127, 554.4725
270.0948, 565.0098
270.5770, 577.1265
271.0591, 591.3591
271.5412, 607.3336
272.0233, 623.9148
272.5054, 641.1127
272.9875, 658.7994
273.4697, 676.5752
273.9518, 694.4596
274.4339, 712.5677
274.9160, 730.6722
275.3981, 748.8816
275.8802, 768.6455
276.3624, 790.1917
276.8445, 811.8462
277.3266, 831.8850
277.8087, 850.0087
278.2908, 870.0027
278.7729, 892.2676
279.2551, 916.6517
279.7372, 942.8369
280.2193, 971.3315
280.7014, 998.8105
281.1835, 1022.818
281.6656, 1043.425
282.1478, 1066.313
282.6299, 1092.036
283.1120, 1119.476
283.5941, 1146.707
284.0762, 1173.783
284.5583, 1201.502
285.0405, 1230.968
285.5226, 1261.934
286.0047, 1291.692
286.4868, 1319.910
286.9689, 1347.986
287.4510, 1377.718
287.9332, 1409.039
288.4153, 1441.429
288.8974, 1474.722
289.3795, 1508.618
289.8616, 1540.714
290.3438, 1570.828
290.8259, 1600.426
291.3080, 1631.592
291.7901, 1663.695
292.2722, 1694.797
292.7543, 1723.747
293.2365, 1751.214
293.7186, 1778.668
294.2007, 1805.900
294.6828, 1832.358
295.1649, 1857.214
295.6470, 1880.645
296.1292, 1904.456
296.6113, 1930.411
297.0934, 1955.153
297.5755, 1973.917
298.0576, 1986.857
298.5397, 1994.999
299.0219, 1997.576
299.5040, 1996.143
299.9861, 1994.100
300.4682, 1992.386
300.9503, 1989.793
301.4324, 1984.709
301.9146, 1977.453
302.3967, 1968.937
302.8788, 1960.284
303.3609, 1950.627
303.8430, 1938.520
304.3251, 1923.325
304.8073, 1907.333
305.2894, 1892.325
305.7715, 1878.078
306.2536, 1863.597
306.7357, 1849.233
307.2178, 1833.981
307.7000, 1816.282
308.1821, 1795.645
308.6642, 1775.626
309.1463, 1759.530
309.6284, 1745.698
310.1105, 1731.312
310.5927, 1714.263
311.0748, 1697.120
311.5569, 1681.901
312.0390, 1668.642
312.5211, 1655.044
313.0032, 1639.511
313.4854, 1622.945
313.9675, 1606.530
314.4496, 1590.402
314.9317, 1574.855
315.4138, 1560.682
315.8959, 1547.573
316.3781, 1532.977
316.8602, 1515.557
317.3423, 1496.589
317.8244, 1477.122
318.3065, 1458.414
318.7886, 1437.886
319.2708, 1413.140
319.7529, 1385.770
320.2350, 1360.211
320.7171, 1341.377
321.1992, 1322.340
321.6813, 1299.689
322.1635, 1271.977
322.6456, 1242.662
323.1277, 1211.915
323.6098, 1180.023
324.0919, 1147.319
324.5740, 1114.240
325.0562, 1080.464
325.5383, 1045.993
326.0204, 1010.814
326.5025, 974.5782
326.9846, 936.9387
327.4667, 898.6130
327.9489, 859.8406
328.4310, 819.5127
328.9131, 779.9213
329.3952, 740.7710
329.8773, 701.9841
330.3594, 665.1792
330.8416, 631.9116
331.3237, 599.8977
331.8058, 567.5442
332.2879, 533.1244
332.7700, 500.7255
333.2521, 470.2155
333.7343, 441.7906
334.2164, 415.8019
334.6985, 393.0275
335.1806, 371.7742
335.6627, 351.1440
336.1448, 331.2319
336.6270, 312.2213
337.1091, 293.8856
337.5912, 276.6315
338.0733, 261.5070
338.5554, 249.2004
339.0375, 237.8062
339.5197, 226.5183
340.0018, 215.4222
340.4839, 204.7472
340.9660, 194.5847
341.4481, 185.1039
341.9302, 176.9351
342.4124, 170.0226
342.8945, 163.9843
343.3766, 159.0237
343.8587, 154.8894
344.3408, 149.4469
344.8229, 142.4634
345.3051, 135.6718
345.7872, 131.0847
346.2693, 128.3077
346.7514, 124.6953
347.2335, 119.5216
347.7156, 113.8773
348.1978, 109.9121
348.6799, 107.4846
349.1620, 105.3962
349.6441, 103.0793
350.1262, 100.6488
350.6083, 98.36475
351.0905, 96.34558
351.5726, 94.26709
352.0547, 91.11035
352.5368, 87.22070
353.0189, 83.92822
353.5010, 82.62305
353.9832, 81.86682
354.4653, 79.75085
354.9474, 76.16809
355.4295, 72.85876
355.9116, 71.55847
356.3937, 71.45239
356.8759, 71.17212
357.3580, 69.61218
357.8401, 67.64014
358.3222, 65.97095
358.8043, 64.59595
359.2864, 63.24512
359.7686, 62.22705
360.2507, 61.01208
360.7328, 59.02026
361.2149, 55.30762
361.6970, 52.06885
362.1791, 50.76111
362.6613, 50.54395
363.1434, 49.54468
363.6255, 46.23730
364.1076, 42.80127
364.5897, 40.15881
365.0718, 38.51611
365.5540, 37.55139
366.0361, 38.34802
366.5182, 39.41504
367.0003, 38.96411
367.4824, 35.06409
367.9645, 31.43396
368.4467, 29.05933
368.9288, 28.09119
369.4109, 26.61914
369.8930, 24.30530
370.3751, 21.78833
370.8572, 19.43176
371.3394, 16.87463
371.8215, 15.21350
372.3036, 14.96436
372.7857, 15.65771
373.2678, 15.55664
373.7499, 14.23730
374.2321, 12.83325
374.7142, 12.04431
375.1963, 12.23999
375.6784, 11.13489
376.1605, 7.981079
376.6426, 4.466553
377.1248, 3.864502
377.6069, 6.825928
378.0890, 8.597168
378.5711, 6.963379
379.0532, 2.583496
379.5353, 0.6721190
380.0175, 1.569458
380.4996, 3.142456
380.9817, 3.463745
381.4638, 2.641602
381.9459, 1.366455
382.4280, 0.5762940
382.9102, 2.413330
383.3923, 2.083740
383.8744, 0.1766360
384.3565, 2.017822
384.8386, 1.358887
385.3207, 0.7169190
385.8029, 2.046143
386.2850, 2.419189
386.7671, 2.099243
387.2492, 0.6043700
387.7313, 1.404907
388.2134, 2.389526
388.6956, 0.5220950
389.1777, 1.935791
389.6598, 2.554443
390.1419, 1.422729
390.6240, 0.7889400
391.1061, 2.514404
391.5883, 5.216187
392.0704, 7.449585
392.5525, 8.642090
393.0346, 9.513184
393.5167, 10.69568
393.9988, 11.85718
394.4810, 12.09546
394.9631, 9.894653
395.4452, 7.624634
395.9273, 6.566406
396.4094, 7.259644
396.8915, 7.915405
397.3737, 8.349365
397.8558, 8.541626
398.3379, 8.468262
398.8200, 7.875732
399.3021, 7.318237
399.7842, 6.817993
400.2664, 6.387329
400.7485, 6.410156
401.2306, 7.405640
401.7127, 8.390259
402.1948, 8.762329
402.6769, 8.437500
403.1591, 7.630981
403.6412, 5.956665
404.1233, 3.997803
404.6054, 3.287964
405.0875, 4.271240
405.5696, 5.223633
406.0518, 5.245850
406.5339, 4.278687
407.0160, 4.123901
407.4981, 4.836914
407.9802, 6.166382
408.4623, 8.311890
408.9445, 11.22534
409.4266, 12.94324
409.9087, 12.78931
410.3908, 11.23950
410.8729, 8.988892
411.3550, 6.047119
411.8372, 3.561768
412.3193, 2.223022
412.8014, 1.922241
413.2835, 2.827271
413.7656, 5.399292
414.2477, 7.417358
414.7299, 5.957642
415.2120, 2.052368
415.6941, 1.739258
416.1762, 4.554810
416.6583, 6.525024
417.1404, 7.451660
417.6226, 7.386963
418.1047, 7.342285
418.5868, 7.699585
419.0689, 8.430176
419.5510, 9.591431
420.0331, 11.55542
420.5153, 13.45789
420.9974, 15.06189
421.4795, 16.34192
421.9616, 17.09473
422.4437, 16.63269
422.9258, 16.26624
423.4080, 16.58435
423.8901, 17.83960
424.3722, 19.23303
424.8543, 20.91492
425.3364, 22.62854
425.8185, 24.11243
426.3007, 25.28809
426.7828, 26.44812
427.2649, 27.57214
427.7470, 28.67444
428.2291, 30.06995
428.7112, 32.02795
429.1934, 33.73059
429.6755, 34.45166
430.1576, 33.65344
430.6397, 34.82153
431.1218, 38.64368
431.6039, 43.41321
432.0861, 46.20923
432.5682, 46.85388
433.0503, 48.24622
433.5324, 51.63806
434.0145, 56.49500
434.4966, 61.48254
434.9788, 66.68750
435.4609, 70.89062
435.9430, 72.36975
436.4251, 72.04736
436.9072, 72.49023
437.3893, 74.58240
437.8715, 76.85071
438.3536, 77.52832
438.8357, 76.87170
439.3178, 75.65100
439.7999, 74.05310
440.2820, 72.29785
440.7642, 70.42090
441.2463, 68.44861
441.7284, 66.71375
442.2105, 65.66724
442.6926, 64.76685
443.1747, 63.49963
443.6569, 61.22400
444.1390, 59.21838
444.6211, 57.98840
445.1032, 57.33911
445.5853, 56.53760
446.0674, 55.02942
446.5496, 53.83850
447.0317, 53.36987
447.5138, 53.86621
447.9959, 54.73767
448.4780, 56.86914
448.9601, 58.74524
449.4423, 58.79089
449.9244, 55.53638
450.4065, 53.81763
450.8886, 55.27344
451.3707, 58.73071
451.8528, 58.80566
452.3350, 54.14087
452.8171, 50.63623
453.2992, 52.59082
453.7813, 60.04199
454.2634, 63.75977
454.7455, 63.03601
455.2277, 60.35034
455.7098, 58.26648
456.1919, 56.85803
456.6740, 56.97705
457.1561, 59.75916
457.6382, 63.37463
458.1204, 63.92346
458.6025, 61.83789
459.0846, 60.05090
459.5667, 61.74536
460.0488, 64.58984
460.5309, 65.27979
461.0131, 62.96399
461.4952, 60.53369
461.9773, 59.59814
462.4594, 59.80420
462.9415, 60.69104
463.4236, 62.92627
463.9058, 65.05750
464.3879, 66.41504
464.8700, 66.97034
465.3521, 67.66687
465.8342, 68.96326
466.3163, 70.22217
466.7985, 71.02539
467.2806, 70.85547
467.7627, 71.45581
468.2448, 73.65479
468.7269, 76.40747
469.2090, 78.26685
469.6912, 78.74695
470.1733, 79.09546
470.6554, 79.14905
471.1375, 79.02051
471.6196, 81.16296
472.1017, 86.92578
472.5839, 91.52917
473.0660, 91.02637
473.5481, 85.32935
474.0302, 81.14185
474.5123, 79.07910
474.9944, 78.16943
475.4766, 77.08716
475.9587, 75.92078
476.4408, 75.21155
476.9229, 75.85828
477.4050, 76.72852
477.8871, 75.47363
478.3693, 72.32642
478.8514, 69.36072
479.3335, 68.32874
479.8156, 68.17920
480.2977, 67.65723
480.7798, 66.45276
481.2620, 65.10767
481.7441, 63.79846
482.2262, 62.54004
482.7083, 61.35681
483.1904, 61.19299
483.6725, 60.15186
484.1547, 56.89282
484.6368, 51.60681
485.1189, 47.19324
485.6010, 44.77209
486.0831, 42.73706
486.5652, 40.26709
487.0474, 37.08167
487.5295, 34.00610
488.0116, 30.81445
488.4937, 27.90186
488.9758, 26.19373
489.4579, 26.61401
489.9401, 25.25317
490.4222, 20.36743
490.9043, 13.08398
491.3864, 9.022949
491.8685, 8.624756
492.3506, 8.399170
492.8328, 5.478882
493.3149, 0.5811770
493.7970, 2.765259
494.2791, 4.029541
494.7612, 5.043579
495.2433, 8.826294
495.7255, 14.03027
496.2076, 17.15063
496.6897, 15.17334
497.1718, 12.24316
497.6539, 13.13135
498.1360, 16.76343
498.6182, 18.97302
499.1003, 15.83838
499.5824, 11.68066
500.0645, 9.718262
500.5466, 10.69617
501.0287, 11.87708
501.5109, 13.62573
501.9930, 14.68933
502.4751, 13.81580
502.9572, 7.806396
503.4393, 3.550537
503.9214, 3.008545
504.4036, 4.885742
504.8857, 4.503418
505.3678, 0.9156490
505.8499, 3.369629
506.3320, 7.487305
506.8141, 11.44946
507.2963, 15.06067
507.7784, 18.19287
508.2605, 21.53137
508.7426, 26.06897
509.2247, 31.71887
509.7068, 37.13953
510.1890, 42.01624
510.6711, 46.63965
511.1532, 51.29028
511.6353, 55.99707
512.1174, 60.74524
512.5995, 64.79822
513.0817, 69.33313
513.5638, 76.50635
514.0459, 86.19373
514.5280, 95.17566
515.0101, 100.6719
515.4922, 104.9303
515.9744, 109.8081
516.4565, 115.2925
516.9386, 122.3837
517.4207, 132.7179
517.9028, 144.6388
518.3849, 155.4169
518.8671, 162.0643
519.3492, 170.3090
519.8313, 181.8789
520.3134, 196.4465
520.7955, 210.9269
521.2776, 224.7234
521.7598, 239.3431
522.2419, 255.7219
522.7240, 274.3938
523.2061, 291.9019
523.6882, 307.4158
524.1703, 323.5782
524.6525, 344.0677
525.1346, 368.7961
525.6167, 395.3002
526.0988, 423.2249
526.5809, 451.7991
527.0630, 479.0708
527.5452, 505.3013
528.0273, 532.4314
528.5094, 560.1707
528.9915, 590.4080
529.4736, 626.2643
529.9557, 668.2285
530.4379, 712.3215
530.9200, 757.0327
531.4021, 802.7874
531.8842, 850.1125
532.3663, 898.1548
532.8484, 949.0107
533.3306, 1003.595
533.8127, 1061.185
534.2948, 1118.808
534.7769, 1172.634
535.2590, 1231.626
535.7411, 1299.397
536.2233, 1375.362
536.7054, 1449.337
537.1875, 1519.909
537.6696, 1590.160
538.1517, 1662.451
538.6339, 1736.148
539.1160, 1813.467
539.5981, 1895.232
540.0802, 1977.763
540.5623, 2057.812
541.0444, 2135.802
541.5266, 2216.043
542.0087, 2300.324
542.4908, 2386.921
542.9729, 2473.022
543.4550, 2557.881
543.9371, 2641.424
544.4193, 2723.840
544.9014, 2805.509
545.3835, 2887.596
545.8656, 2970.294
546.3477, 3050.246
546.8298, 3124.745
547.3120, 3197.747
547.7941, 3272.045
548.2762, 3355.006
548.7583, 3430.479
549.2404, 3495.870
549.7225, 3553.569
550.2047, 3607.460
550.6868, 3657.718
551.1689, 3704.094
551.6510, 3746.856
552.1331, 3785.641
552.6152, 3815.435
553.0974, 3835.216
553.5795, 3851.000
554.0616, 3868.260
554.5437, 3885.848
555.0258, 3894.439
555.5079, 3892.616
555.9901, 3888.060
556.4722, 3889.621
556.9543, 3894.646
557.4364, 3896.936
557.9185, 3892.817
558.4006, 3888.185
558.8828, 3889.528
559.3649, 3893.852
559.8470, 3894.396
560.3291, 3885.003
560.8112, 3874.311
561.2933, 3865.955
561.7755, 3859.958
562.2576, 3853.012
562.7397, 3846.398
563.2218, 3837.349
563.7039, 3824.684
564.1860, 3809.325
564.6682, 3787.605
565.1503, 3758.598
565.6324, 3724.268
566.1145, 3688.189
566.5966, 3650.604
567.0787, 3606.867
567.5609, 3556.199
568.0430, 3498.841
568.5251, 3436.317
569.0072, 3368.201
569.4893, 3295.543
569.9714, 3216.570
570.4536, 3133.544
570.9357, 3049.052
571.4178, 2963.464
571.8999, 2875.649
572.3820, 2783.930
572.8641, 2690.986
573.3463, 2600.661
573.8284, 2513.230
574.3105, 2426.576
574.7926, 2341.550
575.2747, 2256.256
575.7568, 2168.609
576.2390, 2071.594
576.7211, 1979.760
577.2032, 1895.772
577.6853, 1817.684
578.1674, 1741.624
578.6495, 1667.424
579.1317, 1595.824
579.6138, 1527.159
580.0959, 1461.416
580.5780, 1398.594
581.0601, 1338.164
581.5422, 1280.446
582.0244, 1226.164
582.5065, 1174.383
582.9886, 1123.860
583.4707, 1073.556
583.9528, 1024.790
584.4349, 977.9292
584.9171, 933.4104
585.3992, 891.9033
585.8813, 856.0182
586.3634, 820.5242
586.8455, 782.8525
587.3276, 743.8524
587.8098, 707.4176
588.2919, 675.1538
588.7740, 644.7733
589.2561, 615.4814
589.7382, 587.1836
590.2203, 560.6456
590.7025, 536.8525
591.1846, 513.6372
591.6667, 489.3007
592.1488, 463.5387
592.6309, 440.0400
593.1130, 419.0726
593.5952, 399.6180
594.0773, 380.5558
594.5594, 361.9967
595.0415, 344.8215
595.5236, 329.4055
596.0057, 314.8483
596.4879, 300.1017
596.9700, 285.5482
597.4521, 272.2716
597.9342, 262.0830
598.4163, 252.2037
598.8984, 240.6494
599.3806, 227.3816
599.8627, 214.6411
600.3448, 203.1036
600.8269, 192.5387
601.3090, 182.5212
601.7911, 172.7715
602.2733, 163.8882
602.7554, 156.0834
603.2375, 148.9421
603.7196, 142.6027
604.2017, 137.1746
604.6838, 130.2489
605.1660, 120.8998
605.6481, 111.1327
606.1302, 105.0023
606.6123, 101.8508
607.0944, 98.01868
607.5765, 90.92700
608.0587, 83.28723
608.5408, 78.78076
609.0229, 76.71594
609.5050, 74.10596
609.9871, 68.46191
610.4692, 62.59351
610.9514, 58.32544
611.4335, 55.75415
611.9156, 52.98535
612.3977, 49.34985
612.8798, 45.79651
613.3619, 42.77405
613.8441, 39.71277
614.3262, 38.18628
614.8083, 39.02002
615.2904, 40.49805
615.7725, 40.04980
616.2546, 37.41455
616.7368, 36.20081
617.2189, 37.73181
617.7010, 40.10034
618.1831, 40.02905
618.6652, 37.75964
619.1473, 34.14990
619.6295, 28.20972
620.1116, 21.99194
620.5937, 17.70068
621.0758, 15.24341
621.5579, 13.58118
622.0400, 12.23853
622.5222, 11.60522
623.0043, 12.23157
623.4864, 14.50696
623.9685, 15.81079
624.4506, 15.18127
624.9327, 14.09949
625.4149, 13.36865
625.8970, 12.82520
626.3791, 13.31140
626.8612, 15.53906
627.3433, 17.88940
627.8254, 17.62439
628.3076, 14.80774
628.7897, 12.48792
629.2718, 11.70801
629.7539, 11.42578
630.2360, 9.515015
630.7181, 6.559937
631.2003, 4.611206
631.6824, 6.043823
632.1645, 7.874878
632.6466, 7.328491
633.1287, 4.773438
633.6108, 3.177734
634.0930, 4.912109
634.5751, 6.736450
635.0572, 6.969849
635.5393, 5.231201
636.0214, 3.322144
636.5035, 0.7703860
636.9857, 1.375732
637.4678, 2.287720
637.9499, 1.875488
638.4320, 0.7604980
638.9141, 1.295410
639.3962, 3.373535
639.8784, 4.370728
640.3605, 4.365356
640.8426, 3.427368
641.3247, 1.035278
641.8068, 1.227417
642.2889, 1.365112
642.7711, 5.8715999E-02
643.2532, 1.056641
643.7353, 1.330078
644.2174, 1.228638
644.6995, 0.9337160
645.1816, 0.4500730
645.6638, 0.2801510
646.1459, 2.287598
646.6280, 3.485962
647.1101, 3.078735
647.5922, 0.9729000
648.0743, 1.627930
648.5565, 5.400269
649.0386, 7.859131
649.5207, 6.074707
650.0028, 0.6804200
650.4849, 2.573486
650.9670, 3.087280
651.4492, 2.619995
651.9313, 2.598999
652.4134, 2.981445
652.8955, 3.648560
653.3776, 4.690063
653.8597, 5.846924
654.3419, 6.878540
654.8240, 7.936279
655.3061, 9.203491
655.7882, 12.03027
656.2703, 13.53125
656.7524, 11.94141
657.2346, 8.533447
657.7167, 7.266724
658.1988, 9.195068
658.6809, 10.82458
659.1630, 10.87952
659.6451, 9.649048
660.1273, 8.811035
660.6094, 8.411133
661.0915, 8.090332
661.5736, 7.755005
662.0557, 7.340088
662.5378, 6.498657
663.0200, 5.232422
663.5021, 4.415039
663.9842, 5.487305
664.4663, 6.853271
664.9484, 6.822388
665.4305, 4.516235
665.9127, 2.592773
666.3948, 1.875122
666.8769, 1.732056
667.3590, 1.542114
667.8411, 1.393921
668.3232, 0.8818360
668.8054, 0.2991940
669.2875, 1.584473
669.7696, 1.654785
670.2517, 0.4667970
670.7338, 0.1927490
671.2159, 1.869873
671.6981, 4.283569
672.1802, 5.090210
672.6623, 4.742065
673.1444, 4.845825
673.6265, 7.224365
674.1086, 9.586304
674.5908, 9.952271
675.0729, 8.609131
675.5550, 7.584473
676.0371, 6.879639
676.5192, 7.249390
677.0013, 9.623779
677.4835, 14.38232
677.9656, 16.84521
678.4477, 16.25671
678.9298, 14.76184
679.4119, 13.58667
679.8940, 12.69519
680.3762, 12.65308
680.8583, 13.50806
681.3404, 14.81421
681.8225, 15.82373
682.3046, 16.97205
682.7867, 19.57690
683.2689, 24.55603
683.7510, 28.72119
684.2331, 28.68201
684.7152, 26.80237
685.1973, 26.11511
685.6794, 29.15076
686.1616, 31.37085
686.6437, 31.07349
687.1258, 29.70483
687.6079, 29.99524
688.0900, 32.76404
688.5721, 34.98950
689.0543, 35.59570
689.5364, 35.39185
690.0185, 37.14978
690.5006, 40.77759
690.9827, 43.92078
691.4648, 45.06750
691.9470, 45.15808
692.4291, 45.63318
692.9112, 46.40808
693.3933, 47.01941
693.8754, 46.30762
694.3575, 46.07239
694.8397, 47.96716
695.3218, 52.35437
695.8039, 55.57947
696.2860, 56.65369
696.7681, 56.98352
697.2502, 57.07678
697.7324, 56.75342
698.2145, 57.24915
698.6966, 58.71533
699.1787, 60.59082
699.6608, 62.55957
700.1429, 64.50769
700.6251, 65.74573
701.1072, 66.04114
701.5893, 66.07214
702.0714, 66.19495
702.5535, 66.56836
703.0356, 67.44482
703.5178, 69.04187
703.9999, 70.73438
704.4820, 72.50049
704.9641, 74.28088
705.4462, 75.99365
705.9283, 77.90137
706.4105, 79.21606
706.8926, 79.55225
707.3747, 79.38574
707.8568, 79.84644
708.3389, 80.92639
708.8210, 81.76587
709.3032, 82.07349
709.7853, 81.98486
710.2674, 81.40259
710.7495, 80.55115
711.2316, 80.43542
711.7137, 82.06799
712.1959, 84.24597
712.6780, 86.28992
713.1601, 88.14062
713.6422, 89.53772
714.1243, 91.51196
714.6064, 92.25879
715.0886, 90.52222
715.5707, 86.03955
716.0528, 83.61182
716.5349, 83.90051
717.0170, 84.69397
717.4991, 84.36340
717.9813, 83.14746
718.4634, 83.64722
718.9455, 86.01941
719.4276, 87.71826
719.9097, 85.54236
720.3918, 81.83789
720.8740, 79.75708
721.3561, 79.85693
721.8382, 80.54077
722.3203, 81.42017
722.8024, 82.44263
723.2845, 83.65527
723.7667, 85.23071
724.2488, 86.58728
724.7309, 88.03357
725.2130, 88.86328
725.6951, 87.76587
726.1772, 84.55652
726.6594, 83.02185
727.1415, 84.23584
727.6236, 85.80396
728.1057, 83.69019
728.5878, 79.34460
729.0699, 76.58838
729.5521, 77.52771
730.0342, 78.97876
730.5163, 78.77222
730.9984, 77.61365
731.4805, 76.81201
731.9626, 77.44031
732.4448, 77.38452
732.9269, 75.71533
733.4090, 73.20227
733.8911, 72.18066
734.3732, 73.18079
734.8553, 73.68030
735.3375, 72.59570
735.8196, 70.73047
736.3017, 70.42529
736.7838, 71.44446
737.2659, 72.51624
737.7480, 73.19128
738.2302, 73.44873
738.7123, 73.38818
739.1944, 72.95044
739.6765, 71.83679
740.1586, 68.77063
740.6407, 66.13525
741.1229, 65.40137
741.6050, 66.42212
742.0871, 66.27869
742.5692, 64.22046
743.0513, 62.69604
743.5334, 63.64978
744.0156, 66.59351
744.4977, 67.04688
744.9798, 65.00452
745.4619, 62.98877
745.9440, 63.54053
746.4261, 64.98352
746.9083, 65.10815
747.3904, 63.68591
747.8725, 62.19604
748.3546, 61.13623
748.8367, 60.39062
749.3188, 59.81738
749.8010, 59.26428
750.2831, 59.42883
750.7652, 60.94739
751.2473, 62.18042
751.7294, 61.56958
752.2115, 59.15479
752.6937, 57.11963
753.1758, 55.59192
753.6579, 54.56824
754.1400, 54.51477
754.6221, 54.81189
755.1042, 54.46545
755.5864, 53.27429
756.0685, 51.54333
756.5506, 48.89856
757.0327, 46.09619
757.5148, 43.94421
757.9969, 42.63245
758.4791, 41.84460
758.9612, 41.82556
759.4433, 42.03870
759.9254, 41.72400
760.4075, 40.83118
760.8896, 40.41235
761.3718, 40.75720
761.8539, 41.16296
762.3360, 40.61353
762.8181, 39.43726
763.3002, 38.34778
763.7823, 37.71936
764.2645, 36.90979
764.7466, 35.11914
765.2287, 33.07031
765.7108, 31.82422
766.1929, 32.11462
766.6750, 32.56104
767.1572, 33.58728
767.6393, 34.33044
768.1214, 32.36963
768.6035, 27.37854
769.0856, 24.95422
769.5677, 27.36108
770.0499, 31.33496
770.5320, 31.77295
771.0141, 29.66943
771.4962, 27.58740
771.9783, 26.83557
772.4604, 26.14026
772.9426, 24.94312
773.4247, 23.30908
773.9068, 21.36536
774.3889, 18.44983
774.8710, 16.22168
775.3531, 15.09473
775.8353, 14.78687
776.3174, 14.70801
776.7995, 14.90747
777.2816, 14.45508
777.7637, 12.64624
778.2458, 10.41553
778.7280, 9.338745
779.2101, 9.183838
779.6922, 9.193359
780.1743, 9.448730
780.6564, 9.341309
781.1385, 8.075195
781.6207, 6.054077
782.1028, 5.163330
782.5849, 6.667480
783.0670, 7.359009
783.5491, 5.929932
784.0313, 3.149902
784.5134, 2.321167
784.9955, 3.457275
785.4776, 4.488525
785.9597, 4.377930
786.4418, 3.621094
786.9240, 2.803589
787.4061, 1.980103
787.8882, 1.377563
788.3703, 1.186035
788.8524, 1.187500
789.3345, 1.577881
789.8167, 2.210693
790.2988, 1.950195
790.7809, 9.4971001E-02
791.2630, 1.334717
791.7451, 1.552124
792.2272, 0.8104250
792.7094, 0.2065430
793.1915, 0.2619630
793.6736, 0.7395020
794.1557, 1.621216
794.6378, 2.356445
795.1199, 1.856445
795.6021, 0.4440920
796.0842, 0.4333500
796.5663, 0.3306880
797.0484, 1.309204
797.5305, 2.042114
798.0126, 2.483032
798.4948, 2.239746
798.9769, 0.8868410
799.4590, 8.6792000E-02
799.9411, 5.2611999E-02
800.4232, 1.045532
800.9053, 1.943604
801.3875, 2.751465
801.8696, 3.490112
802.3517, 4.394287
802.8338, 5.084351
803.3159, 4.812378
803.7980, 3.818481
804.2802, 3.535767
804.7623, 4.819214
805.2444, 6.481812
805.7265, 8.135620
806.2086, 9.766602
806.6907, 11.37036
807.1729, 12.95508
807.6550, 14.41553
808.1371, 15.79517
808.6192, 16.97656
809.1013, 17.70483
809.5834, 17.97913
810.0656, 17.79248
810.5477, 16.00378
811.0298, 14.74805
811.5119, 15.76099
811.9940, 18.84460
812.4761, 22.04529
812.9583, 26.27356
813.4404, 29.00293
813.9225, 28.76709
814.4046, 26.31702
814.8867, 26.54480
815.3688, 29.59351
815.8510, 32.37390
816.3331, 32.63416
816.8152, 31.99207
817.2973, 33.50610
817.7794, 36.60974
818.2615, 39.09045
818.7437, 38.94275
819.2258, 38.72327
819.7079, 40.08447
820.1900, 42.65063
820.6721, 43.33557
821.1542, 40.55200
821.6364, 39.48364
822.1185, 42.61389
822.6006, 48.30786
823.0827, 51.71289
823.5648, 52.86768
824.0469, 52.24512
824.5291, 48.16858
825.0112, 43.96594
825.4933, 43.53882
825.9754, 45.73474
826.4575, 46.83740
826.9396, 44.56116
827.4218, 42.31543
827.9039, 40.94263
828.3860, 40.29346
828.8681, 40.00110
829.3502, 40.14661
829.8323, 40.06885
830.3145, 39.23975
830.7966, 38.41748
831.2787, 39.75781
831.7608, 42.43164
832.2429, 43.84338
832.7250, 41.93750
833.2072, 39.31445
833.6893, 36.82178
834.1714, 34.67078
834.6535, 33.45935
835.1356, 33.50940
835.6177, 33.98694
836.0999, 35.14404
836.5820, 36.30042
837.0641, 35.42627
837.5462, 32.76147
838.0283, 31.02319
838.5104, 31.22620
838.9926, 32.43860
839.4747, 34.41736
839.9568, 36.49817
840.4389, 37.54333
840.9210, 35.90686
841.4031, 34.69043
841.8853, 35.17029
842.3674, 36.12146
842.8495, 35.43665
843.3316, 32.39551
843.8137, 31.66577
844.2958, 34.67712
844.7780, 38.47302
845.2601, 38.21375
845.7422, 35.30481
846.2243, 33.20642
846.7064, 33.08264
847.1885, 33.35156
847.6707, 33.60278
848.1528, 33.57581
848.6349, 32.86902
849.1170, 30.49988
849.5991, 29.39624
850.0812, 30.07788
850.5634, 31.19482
851.0455, 31.00793
851.5276, 29.79407
852.0097, 29.80969
852.4918, 31.55176
852.9739, 33.59583
853.4561, 34.21387
853.9382, 34.36389
854.4203, 35.37622
854.9024, 38.08557
855.3845, 40.00720
855.8666, 39.94336
856.3488, 39.08191
856.8309, 38.43823
857.3130, 38.04785
857.7951, 37.90906
858.2772, 37.83032
858.7593, 37.81628
859.2415, 38.21167
859.7236, 38.96204
860.2057, 39.73926
860.6878, 40.35132
861.1699, 40.55945
861.6520, 39.89685
862.1342, 39.29456
862.6163, 39.48962
863.0984, 40.56567
863.5805, 40.85303
864.0626, 40.28137
864.5447, 39.16980
865.0269, 37.26526
865.5090, 35.03943
865.9911, 34.33447
866.4732, 34.99731
866.9553, 35.91748
867.4374, 37.03467
867.9196, 37.62744
868.4017, 36.53699
868.8838, 34.12659
869.3659, 33.25574
869.8480, 34.95483
870.3301, 36.79834
870.8123, 38.30762
871.2944, 39.33667
871.7765, 39.23901
872.2586, 38.09717
872.7407, 36.88367
873.2228, 35.88489
873.7050, 35.17102
874.1871, 34.83862
874.6692, 34.85339
875.1513, 35.14014
875.6334, 36.45215
876.1155, 37.08960
876.5977, 36.90173
877.0798, 35.87488
877.5619, 33.61353
878.0440, 29.98438
878.5261, 27.25488
879.0082, 26.01208
879.4904, 25.38550
879.9725, 24.41174
880.4546, 23.15710
880.9367, 21.66199
881.4188, 19.62390
881.9009, 18.03296
882.3831, 17.98364
882.8652, 18.06409
883.3473, 16.76331
883.8294, 13.48730
884.3115, 11.10779
884.7936, 9.781128
885.2758, 9.173950
885.7579, 9.324707
886.2400, 9.873901
886.7221, 9.908813
887.2042, 9.299194
887.6863, 8.773193
888.1685, 8.766602
888.6506, 8.967651
889.1327, 9.112915
889.6148, 9.124756
890.0969, 9.639038
890.5790, 11.07458
891.0612, 11.83557
891.5433, 10.28992
892.0254, 7.304565
892.5075, 6.327637
892.9896, 7.157837
893.4717, 8.304321
893.9539, 9.505127
894.4360, 10.12781
894.9181, 9.511963
895.4002, 7.836060
895.8823, 6.324463
896.3644, 4.909912
896.8466, 3.989258
897.3287, 3.771851
897.8108, 4.064453
898.2929, 4.508057
898.7750, 5.044556
899.2571, 5.213013
899.7393, 4.783569
900.2214, 4.020996
900.7035, 2.843384
901.1856, 1.551392
901.6677, 0.6833500
902.1498, 0.2629390
902.6320, 0.4577640
903.1141, 1.671265
903.5962, 2.977295
904.0783, 3.001099
904.5604, 1.824585
905.0425, 0.6417240
905.5247, 0.3930660
906.0068, 1.309814
906.4889, 2.311035
906.9710, 3.105591
907.4531, 3.277954
907.9352, 2.548096
908.4174, 1.960693
908.8995, 1.420654
909.3816, 1.318970
909.8637, 2.159180
910.3458, 3.949829
910.8279, 4.500244
911.3101, 3.792603
911.7922, 3.034546
912.2743, 3.906006
912.7564, 4.667114
913.2385, 2.446411
913.7206, 2.203003
914.2028, 4.783447
914.6849, 1.570068
915.1670, 1.155640
915.6491, 1.128784
916.1312, 0.7252200
916.6133, 0.3842770
917.0955, 2.195679
917.5776, 3.645508
918.0597, 2.454224
918.5418, 5.4809999E-02
919.0239, 3.144897
919.5060, 6.207153
919.9882, 8.006470
920.4703, 6.776489
920.9524, 6.022705
921.4345, 6.466553
921.9166, 7.476318
922.3987, 8.204224
922.8809, 8.594238
923.3630, 9.754517
923.8451, 11.90967
924.3272, 14.27246
924.8093, 15.87073
925.2914, 17.25085
925.7736, 19.05518
926.2557, 21.32703
926.7378, 23.87891
927.2199, 26.95312
927.7020, 30.10864
928.1841, 32.98877
928.6663, 35.65369
929.1484, 39.99365
929.6305, 46.01697
930.1126, 51.97791
930.5947, 56.51709
931.0768, 60.69958
931.5590, 65.42871
932.0411, 70.81897
932.5232, 77.15393
933.0053, 84.84033
933.4874, 93.58813
933.9695, 103.1257
934.4517, 113.6968
934.9338, 126.0675
935.4159, 140.1366
935.8980, 156.5935
936.3801, 175.7195
936.8622, 196.2565
937.3444, 216.3922
937.8265, 236.6404
938.3086, 257.9775
938.7907, 280.1621
939.2728, 304.0447
939.7549, 329.1147
940.2371, 356.1978
940.7192, 386.3922
941.2013, 419.5687
941.6834, 456.2964
942.1655, 496.4003
942.6476, 540.6213
943.1298, 588.7037
943.6119, 641.1711
944.0940, 700.0035
944.5761, 765.5212
945.0582, 832.2072
945.5403, 901.1085
946.0225, 968.5994
946.5046, 1035.591
946.9867, 1099.588
947.4688, 1155.375
947.9509, 1201.473
948.4330, 1226.642
948.9152, 1226.148
949.3973, 1202.528
949.8794, 1149.720
950.3615, 1077.465
950.8436, 1002.750
951.3257, 925.9246
951.8079, 853.2334
952.2900, 784.0662
952.7721, 720.4502
953.2542, 665.1562
953.7363, 617.8224
954.2184, 575.8918
954.7006, 538.9901
955.1827, 507.0277
955.6648, 481.3945
956.1469, 459.0323
956.6290, 437.8333
957.1111, 417.5482
957.5933, 397.9973
958.0754, 379.3175
958.5575, 360.9802
959.0396, 342.7289
959.5217, 324.8256
960.0038, 308.5798
960.4860, 293.5305
960.9681, 277.1359
961.4502, 257.1099
961.9323, 236.4073
962.4144, 215.7021
962.8965, 195.8589
963.3787, 179.3805
963.8608, 167.7166
964.3429, 155.0812
964.8250, 140.3247
965.3071, 125.3229
965.7892, 112.3716
966.2714, 101.4122
966.7535, 92.54858
967.2356, 86.12952
967.7177, 79.58264
968.1998, 71.21265
968.6819, 62.51855
969.1641, 54.42542
969.6462, 46.78247
970.1283, 41.09766
970.6104, 37.62378
971.0925, 34.52869
971.5746, 30.27637
972.0568, 25.73230
972.5389, 23.11609
973.0210, 21.77686
973.5031, 20.21179
973.9852, 17.27258
974.4673, 14.66760
974.9495, 13.04126
975.4316, 11.84070
975.9137, 10.13391
976.3958, 7.970215
976.8779, 6.246338
977.3600, 5.017822
977.8422, 4.112427
978.3243, 3.442139
978.8064, 2.922729
979.2885, 2.522095
979.7706, 2.326294
980.2527, 1.798340
980.7349, 0.6314700
981.2170, 0.5827640
981.6991, 1.496826
982.1812, 2.186035
982.6633, 3.396484
983.1454, 5.027100
983.6276, 5.768677
984.1097, 3.963257
984.5918, 1.814209
985.0739, 0.7462160
985.5560, 0.6766360
986.0381, 1.518433
986.5203, 4.291870
987.0024, 5.560547
987.4845, 4.495239
987.9666, 2.530762
988.4487, 1.914795
988.9308, 2.094482
989.4130, 1.144653
989.8951, 1.504761
990.3772, 3.414429
990.8593, 2.330566
991.3414, 0.6430660
991.8235, 7.0679002E-02
992.3057, 0.6798100
992.7878, 1.522095
993.2699, 2.630615
993.7520, 3.807983
994.2341, 4.784424
994.7162, 5.884888
995.1984, 8.230591
995.6805, 11.17456
996.1626, 12.88586
996.6447, 11.62939
997.1268, 10.37524
997.6089, 9.356567
998.0911, 8.987183
998.5732, 10.08313
999.0553, 12.63135
999.5374, 15.08411
1000.020, 17.21545
1000.502, 19.14893
1000.984, 20.80017
1001.466, 22.38379
1001.948, 23.96582
1002.430, 25.48743
1002.912, 27.86877
1003.394, 31.56055
1003.876, 35.31787
1004.359, 39.04297
1004.841, 42.22168
1005.323, 42.49805
1005.805, 40.56897
1006.287, 39.21655
1006.769, 40.07507
1007.251, 41.29126
1007.733, 41.59534
1008.216, 41.85706
1008.698, 43.40149
1009.180, 46.94580
1009.662, 48.95911
1010.144, 49.04907
1010.626, 48.63696
1011.108, 48.63293
1011.590, 49.25476
1012.072, 51.73645
1012.555, 55.91931
1013.037, 57.75085
1013.519, 52.74683
1014.001, 48.75854
1014.483, 48.83447
1014.965, 51.55640
1015.447, 52.15564
1015.929, 50.78491
1016.411, 48.86926
1016.894, 46.55493
1017.376, 44.62280
1017.858, 44.52905
1018.340, 44.88074
1018.822, 43.85181
1019.304, 40.44116
1019.786, 37.56775
1020.268, 35.16577
1020.751, 33.51038
1021.233, 32.78381
1021.715, 32.98511
1022.197, 35.13098
1022.679, 38.61829
1023.161, 39.87244
1023.643, 33.49805
1024.125, 28.58215
1024.607, 30.20251
1025.090, 35.17029
1025.572, 36.77576
1026.054, 34.75513
1026.536, 33.15015
1027.018, 32.73804
1027.500, 32.71106
1027.982, 32.69226
1028.464, 32.30420
1028.947, 30.85205
1029.429, 27.85767
1029.911, 25.98926
1030.393, 25.98096
1030.875, 26.03857
1031.357, 25.15576
1031.839, 23.71948
1032.321, 22.86877
1032.803, 22.62073
1033.286, 22.93335
1033.768, 24.60071
1034.250, 25.91846
1034.732, 25.90674
1035.214, 25.18225
1035.696, 24.57825
1036.178, 24.04004
1036.660, 23.89221
1037.143, 24.18689
1037.625, 24.59875
1038.107, 25.15210
1038.589, 25.38440
1039.071, 24.22229
1039.553, 21.77075
1040.035, 20.70691
1040.517, 22.69031
1041.000, 24.32874
1041.482, 24.79626
1041.964, 24.51294
1042.446, 23.61230
1042.928, 22.34900
1043.410, 22.08398
1043.892, 23.56970
1044.374, 24.81445
1044.856, 24.83264
1045.339, 24.26025
1045.821, 23.46338
1046.303, 22.23193
1046.785, 21.72986
1047.267, 22.02380
1047.749, 23.23254
1048.231, 26.27148
1048.713, 29.33606
1049.195, 29.25549
1049.677, 27.30176
1050.160, 27.12415
1050.642, 31.57751
1051.124, 35.34680
1051.606, 37.83459
1052.088, 39.42310
1052.570, 40.06433
1053.052, 40.19189
1053.534, 41.88257
1054.017, 45.43762
1054.499, 48.35010
1054.981, 47.98376
1055.463, 47.46973
1055.945, 49.19006
1056.427, 52.62708
1056.909, 54.47412
1057.391, 54.58716
1057.874, 54.91687
1058.356, 56.18335
1058.838, 57.87439
1059.320, 59.21680
1059.802, 60.64490
1060.284, 63.03784
1060.766, 68.00830
1061.248, 70.22632
1061.730, 68.34216
1062.213, 66.08838
1062.695, 66.51135
1063.177, 68.67407
1063.659, 69.39050
1064.141, 68.75134
1064.623, 67.23218
1065.105, 63.83948
1065.587, 60.97888
1066.070, 59.38928
1066.552, 58.95850
1067.034, 60.24463
1067.516, 63.35461
1067.998, 64.27979
1068.480, 62.45093
1068.962, 59.39478
1069.444, 56.14661
1069.927, 52.58032
1070.409, 48.05786
1070.891, 42.70422
1071.373, 39.20361
1071.855, 38.38196
1072.337, 37.21399
1072.819, 34.44812
1073.301, 31.32520
1073.783, 30.67517
1074.266, 31.21936
1074.748, 29.99097
1075.230, 25.08459
1075.712, 21.55505
1076.194, 22.19971
1076.676, 22.88928
1077.158, 20.60791
1077.640, 15.85779
1078.122, 14.46155
1078.604, 15.96252
1079.087, 16.50146
1079.569, 12.40344
1080.051, 8.263794
1080.533, 7.264160
1081.015, 7.914673
1081.497, 6.678223
1081.979, 1.902954
1082.461, 4.775879
1082.944, 17.50488
1083.426, 28.41711
1083.908, 23.02454
1084.390, 11.51099
1084.872, 6.038696
1085.354, 6.880615
1085.836, 7.028687
1086.318, 4.398071
1086.801, 2.972412
1087.283, 4.046387
1087.765, 6.253296
1088.247, 7.720581
1088.729, 8.217651
1089.211, 6.551880
1089.693, 1.753540
1090.175, 1.336060
1090.657, 0.9619140
1091.140, 3.980225
1091.622, 5.051758
1092.104, 4.517822
1092.586, 5.586304
1093.068, 8.051147
1093.550, 9.322754
1094.032, 7.156128
1094.514, 5.054199
1094.997, 6.403320
1095.479, 8.948120
1095.961, 9.491089
1096.443, 6.999146
1096.925, 5.894897
1097.407, 6.363403
1097.889, 7.137817
1098.371, 6.977417
1098.854, 6.723999
1099.336, 7.782227
1099.818, 9.751831
1100.300, 10.97021
1100.782, 10.50427
1101.264, 10.27600
1101.746, 10.66626
1102.228, 11.06726
1102.710, 10.30566
1103.193, 8.993286
1103.675, 8.852905
1104.157, 10.09814
1104.639, 11.13525
1105.121, 10.73303
1105.603, 10.65857
1106.085, 11.88867
1106.567, 13.77673
1107.049, 14.12878
1107.531, 13.15283
1108.014, 12.26013
1108.496, 11.62830
1108.978, 11.78674
1109.460, 13.51611
1109.942, 15.86279
1110.424, 18.34412
1110.906, 21.03979
1111.388, 21.13696
1111.871, 18.40222
1112.353, 16.43726
1112.835, 17.56909
1113.317, 19.69092
1113.799, 21.01147
1114.281, 21.68384
1114.763, 21.70312
1115.245, 20.09106
1115.728, 20.04089
1116.210, 22.11108
1116.692, 24.10962
1117.174, 24.02856
1117.656, 22.74805
1118.138, 21.24988
1118.620, 19.91296
1119.102, 19.81323
1119.584, 23.10657
1120.067, 25.08044
1120.549, 24.52588
1121.031, 23.00940
1121.513, 22.76746
1121.995, 23.29407
1122.477, 22.59827
1122.959, 20.55884
1123.441, 19.09790
1123.924, 19.53259
1124.406, 20.30591
1124.888, 20.80151
1125.370, 21.14270
1125.852, 21.86621
1126.334, 22.86462
1126.816, 22.37927
1127.298, 19.76294
1127.781, 16.95691
1128.263, 14.88916
1128.745, 13.67542
1129.227, 13.69470
1129.709, 14.84644
1130.191, 15.76624
1130.673, 16.49829
1131.155, 16.32935
1131.637, 14.55591
1132.120, 12.59802
1132.602, 11.76855
1133.084, 11.64600
1133.566, 11.56665
1134.048, 11.33948
1134.530, 11.48218
1135.012, 12.10107
1135.494, 12.59998
1135.976, 12.11401
1136.458, 11.58594
1136.941, 13.48706
1137.423, 16.50818
1137.905, 17.46326
1138.387, 13.55225
1138.869, 10.29529
1139.351, 7.936401
1139.833, 6.359619
1140.315, 5.683594
1140.798, 5.659546
1141.280, 5.812500
1141.762, 6.079346
1142.244, 6.275269
1142.726, 6.612061
1143.208, 6.386597
1143.690, 5.064209
1144.172, 3.608765
1144.655, 4.113892
1145.137, 5.971558
1145.619, 5.851685
1146.101, 3.280884
1146.583, 0.8157960
1147.065, 0.9255370
1147.547, 0.8930660
1148.029, 2.259155
1148.511, 6.951904
1148.994, 8.331299
1149.476, 6.742065
1149.958, 5.103271
1150.440, 3.943359
1150.922, 3.483032
1151.404, 4.303711
1151.886, 5.509888
1152.368, 6.397827
1152.851, 6.992920
1153.333, 8.010254
1153.815, 9.427856
1154.297, 9.906372
1154.779, 8.327515
1155.261, 6.981201
1155.743, 8.999634
1156.225, 11.83728
1156.708, 12.32874
1157.190, 10.06360
1157.672, 8.116455
1158.154, 6.545532
1158.636, 4.840698
1159.118, 2.358276
1159.600, 6.9458000E-02
1160.082, 0.7312010
1160.564, 0.6063230
1161.047, 0.5402830
1161.529, 0.7261960
1162.011, 0.7778320
1162.493, 0.6591800
1162.975, 0.4584960
1163.457, 2.3437999E-02
1163.939, 0.3366700
1164.421, 4.2969000E-02
1164.903, 0.7105710
1165.385, 1.318970
1165.868, 1.837524
1166.350, 1.868164
1166.832, 1.340088
1167.314, 0.4912110
1167.796, 0.8337400
1168.278, 2.099487
1168.760, 2.254639
1169.242, 1.416992
1169.725, 0.7419430
1170.207, 1.223022
1170.689, 0.7615970
1171.171, 1.442261
1171.653, 3.751709
1172.135, 3.614990
1172.617, 1.953979
1173.099, 0.5544430
1173.582, 0.3599850
1174.064, 0.6437990
1174.546, 1.130371
1175.028, 1.611816
1175.510, 0.7795410
1175.992, 3.949829
1176.474, 3.413086
1176.956, 0.5463870
1177.438, 0.4814450
1177.921, 1.231934
1178.403, 3.053345
1178.885, 5.109619
1179.367, 5.685669
1179.849, 3.334717
1180.331, 0.8146970
1180.813, 1.582520
1181.295, 0.2004390
1181.778, 1.048340
1182.260, 0.3780520
1182.742, 1.345947
1183.224, 0.2436520
1183.706, 1.136108
1184.188, 1.809204
1184.670, 1.972046
1185.152, 2.926514
1185.635, 4.395020
1186.117, 4.850098
1186.599, 2.829956
1187.081, 1.546387
1187.563, 4.266113
1188.045, 6.764160
1188.527, 5.199341
1189.009, 0.1333010
1189.491, 0.8601070
1189.974, 1.740967
1190.456, 4.464600
1190.938, 6.282104
1191.420, 6.869263
1191.902, 4.698242
1192.384, 2.207886
1192.866, 2.142090
1193.348, 4.580200
1193.830, 4.719971
1194.313, 2.779419
1194.795, 1.636108
1195.277, 4.227173
1195.759, 6.708008
1196.241, 6.800293
1196.723, 5.651367
1197.205, 4.434937
1197.687, 3.124146
1198.169, 3.461792
1198.652, 5.455933
1199.134, 6.956665
1199.616, 5.717773
1200.098, 4.394287
1200.580, 5.550659
1201.062, 7.197266
1201.544, 5.454346
1202.026, 0.1766360
1202.509, 2.776733
1202.991, 2.880615
1203.473, 1.657104
1203.955, 1.091064
1204.437, 3.485474
1204.919, 3.987671
1205.401, 3.297485
1205.883, 2.797241
1206.365, 2.453369
1206.848, 2.599487
1207.330, 3.272949
1207.812, 4.308716
1208.294, 6.637817
1208.776, 8.295044
1209.258, 7.193604
1209.740, 4.412354
1210.222, 2.801758
1210.705, 2.361084
1211.187, 2.668457
1211.669, 3.762573
1212.151, 4.616089
1212.633, 4.100098
1213.115, 3.323242
1213.597, 3.209595
1214.079, 3.540039
1214.562, 3.378174
1215.044, 2.732666
1215.526, 2.407227
1216.008, 2.600586
1216.490, 3.038452
1216.972, 3.490356
1217.454, 4.106079
1217.936, 5.332764
1218.418, 6.828857
1218.901, 6.356445
1219.383, 4.015381
1219.865, 2.746704
1220.347, 3.634277
1220.829, 4.720337
1221.311, 4.133667
1221.793, 3.547485
1222.275, 4.510620
1222.757, 6.681519
1223.240, 7.505371
1223.722, 7.055908
1224.204, 5.904419
1224.686, 3.869019
1225.168, 2.414551
1225.650, 3.470337
1226.132, 4.613770
1226.614, 3.830811
1227.096, 1.414673
1227.579, 0.1679690
1228.061, 0.9661870
1228.543, 1.519409
1229.025, 2.234863
1229.507, 2.464233
1229.989, 1.724365
1230.471, 6.9945998E-02
1230.953, 2.954834
1231.436, 6.883423
1231.918, 6.406006
1232.400, 2.278198
1232.882, 0.2933350
1233.364, 4.834106
1233.846, 8.337646
1234.328, 5.355103
1234.810, 1.624756
1235.292, 1.901245
1235.775, 5.408447
1236.257, 4.323364
1236.739, 0.2905270
1237.221, 2.762085
1237.703, 1.156494
1238.185, 4.713013
1238.667, 5.424316
1239.149, 4.863525
1239.632, 3.330566
1240.114, 1.197754
1240.596, 1.145020
1241.078, 2.803711
1241.560, 4.226074
1242.042, 4.054199
1242.524, 4.220581
1243.006, 5.886963
1243.489, 7.091187
1243.971, 5.641357
1244.453, 2.508545
1244.935, 1.885864
1245.417, 3.320068
1245.899, 5.332886
1246.381, 8.748169
1246.863, 11.06665
1247.345, 12.13013
1247.828, 11.90564
1248.310, 9.114746
1248.792, 5.404053
1249.274, 5.878906
1249.756, 9.444092
1250.238, 12.15601
1250.720, 11.50085
1251.202, 11.77930
1251.684, 13.94287
1252.167, 15.51050
1252.649, 12.92126
1253.131, 9.153809
1253.613, 9.178589
1254.095, 11.61609
1254.577, 12.45764
1255.059, 8.992432
1255.541, 7.122925
1256.023, 7.374023
1256.506, 8.448608
1256.988, 9.529541
1257.470, 10.57092
1257.952, 11.71985
1258.434, 12.77869
1258.916, 13.06189
1259.398, 12.44470
1259.880, 11.42310
1260.363, 9.912720
1260.845, 8.646484
1261.327, 8.490601
1261.809, 8.687134
1262.291, 8.533325
1262.773, 8.009888
1263.255, 6.992554
1263.737, 5.073730
1264.219, 4.564819
1264.702, 5.551636
1265.184, 6.844727
1265.666, 9.216309
1266.148, 10.67212
1266.630, 8.805298
1267.112, 5.421631
1267.594, 5.025757
1268.076, 8.316895
1268.559, 9.270752
1269.041, 7.619141
1269.523, 5.805908
1270.005, 6.077148
1270.487, 6.737793
1270.969, 5.009277
1271.451, 2.345825
1271.933, 1.233276
1272.416, 1.463379
1272.898, 2.740845
1273.380, 4.864746
1273.862, 6.248901
1274.344, 5.314331
1274.826, 4.518433
1275.308, 5.047363
1275.790, 5.802979
1276.272, 4.967773
1276.755, 3.196777
1277.237, 3.352417
1277.719, 5.285400
1278.201, 6.647095
1278.683, 6.127197
1279.165, 4.926392
1279.647, 1.919922
1280.129, 0.9111330
1280.611, 9.324219
1281.094, 21.56348
1281.576, 25.61572
1282.058, 22.08484
1282.540, 16.80310
1283.022, 9.295654
1283.504, 3.924805
1283.986, 1.265747
1284.468, 0.4395750
1284.950, 1.103394
1285.433, 2.644653
1285.915, 5.099609
1286.397, 7.785645
1286.879, 7.960693
1287.361, 4.550171
1287.843, 2.349243
1288.325, 1.766357
1288.807, 2.088501
1289.290, 3.674194
1289.772, 5.012329
1290.254, 4.162598
1290.736, 2.216431
1291.218, 1.751465
1291.700, 2.922852
1292.182, 4.640137
1292.664, 6.816284
1293.146, 8.604248
1293.629, 9.537109
1294.111, 9.744019
1294.593, 8.732422
1295.075, 7.261719
1295.557, 6.087769
1296.039, 5.235962
1296.521, 4.971313
1297.003, 5.249390
1297.486, 5.726563
1297.968, 7.217529
1298.450, 7.678345
1298.932, 6.476929
1299.414, 4.554565
1299.896, 2.022949
1300.378, 0.1209720
1300.860, 2.154663
1301.343, 3.330444
1301.825, 0.0000000E+00
##END=



