##NAMES=Kolbeckite
##RRUFFID=R060981
##IDEAL CHEMISTRY=ScPO_4_&#183;2H_2_O
##LOCALITY=Hot Springs County, Arkansas, USA
##OWNER=RRUFF
##SOURCE=Bob Jenkins
##DESCRIPTION=Greenish-yellow prismatic single crystal. Used in the Yang et al (2007) study
##STATUS=The identification of this mineral is confirmed by single-crystal X-ray diffraction and chemical analysis.
##URL=rruff.info/R060981
##MEASURED CHEMISTRY=(Sc_0.94_V^3+^_0.03_Fe^3+^_0.02_Al_0.01_)_Σ=1_P_1.00_O_4_·2H_2_O
136.4677, 0.0000000E+00
136.9499, 9.482422
137.4320, 10.23926
137.9141, 29.77637
138.3962, 99.68262
138.8783, 172.9707
139.3604, 241.6934
139.8426, 320.0762
140.3247, 410.4912
140.8068, 509.4854
141.2889, 630.0059
141.7710, 784.4648
142.2531, 947.4922
142.7353, 1073.511
143.2174, 1149.104
143.6995, 1205.808
144.1816, 1253.693
144.6637, 1289.938
145.1458, 1322.420
145.6280, 1354.089
146.1101, 1381.595
146.5922, 1394.159
147.0743, 1390.903
147.5564, 1372.463
148.0385, 1338.139
148.5207, 1274.573
149.0028, 1212.938
149.4849, 1158.871
149.9670, 1113.104
150.4491, 1061.011
150.9312, 1004.665
151.4134, 942.4502
151.8955, 873.3438
152.3776, 781.8154
152.8597, 700.4873
153.3418, 627.3438
153.8239, 552.8633
154.3061, 532.4941
154.7882, 641.5244
155.2703, 792.9268
155.7524, 867.2920
156.2345, 765.0352
156.7166, 645.9355
157.1988, 566.5732
157.6809, 537.9111
158.1630, 538.5498
158.6451, 580.6064
159.1272, 648.0400
159.6093, 705.7998
160.0915, 737.3369
160.5736, 757.3975
161.0557, 773.9961
161.5378, 781.8105
162.0199, 792.9199
162.5020, 820.7666
162.9841, 858.8779
163.4663, 879.2617
163.9484, 852.0732
164.4305, 809.4355
164.9126, 780.3047
165.3947, 789.1074
165.8768, 802.7588
166.3590, 807.2402
166.8411, 802.6748
167.3232, 788.2207
167.8053, 757.0586
168.2874, 717.5752
168.7695, 681.2158
169.2517, 652.4326
169.7338, 629.4229
170.2159, 610.7383
170.6980, 596.2002
171.1801, 586.7168
171.6622, 587.0020
172.1444, 593.0410
172.6265, 596.0156
173.1086, 583.0371
173.5907, 567.5508
174.0728, 569.2148
174.5549, 596.7617
175.0371, 623.5254
175.5192, 610.1016
176.0013, 568.5557
176.4834, 543.8955
176.9655, 580.2119
177.4476, 649.7832
177.9298, 705.3447
178.4119, 734.2900
178.8940, 749.8818
179.3761, 770.4004
179.8582, 794.8711
180.3403, 817.7764
180.8225, 834.5342
181.3046, 846.0361
181.7867, 855.3086
182.2688, 860.7988
182.7509, 868.4980
183.2330, 881.4307
183.7152, 910.5518
184.1973, 954.1709
184.6794, 1034.587
185.1615, 1143.733
185.6436, 1200.397
186.1257, 1168.859
186.6079, 1089.803
187.0900, 1068.518
187.5721, 1116.145
188.0542, 1179.144
188.5363, 1196.021
189.0184, 1170.999
189.5006, 1143.628
189.9827, 1137.434
190.4648, 1148.104
190.9469, 1142.757
191.4290, 1113.548
191.9111, 1086.877
192.3932, 1117.814
192.8754, 1208.143
193.3575, 1283.148
193.8396, 1297.348
194.3217, 1249.004
194.8038, 1198.127
195.2859, 1145.455
195.7681, 1098.037
196.2502, 1073.281
196.7323, 1074.057
197.2144, 1077.803
197.6965, 1066.389
198.1786, 1039.184
198.6608, 1026.061
199.1429, 1034.117
199.6250, 1056.400
200.1071, 1069.746
200.5892, 1070.279
201.0714, 1075.885
201.5535, 1103.764
202.0356, 1156.535
202.5177, 1204.318
202.9998, 1240.805
203.4819, 1267.668
203.9641, 1290.510
204.4462, 1306.676
204.9283, 1324.352
205.4104, 1358.439
205.8925, 1417.982
206.3746, 1447.791
206.8568, 1420.939
207.3389, 1343.172
207.8210, 1326.086
208.3031, 1390.422
208.7852, 1479.572
209.2673, 1528.242
209.7495, 1527.178
210.2316, 1520.760
210.7137, 1522.320
211.1958, 1533.232
211.6779, 1534.873
212.1600, 1524.748
212.6422, 1509.496
213.1243, 1498.510
213.6064, 1493.533
214.0885, 1487.307
214.5706, 1479.369
215.0527, 1471.631
215.5349, 1445.316
216.0170, 1391.367
216.4991, 1324.875
216.9812, 1276.322
217.4633, 1257.725
217.9454, 1230.295
218.4276, 1175.412
218.9097, 1081.578
219.3918, 1000.018
219.8739, 939.2969
220.3560, 887.8555
220.8381, 815.3828
221.3203, 709.7910
221.8024, 607.1523
222.2845, 526.6758
222.7666, 478.7910
223.2487, 425.4199
223.7308, 360.2695
224.2129, 290.8965
224.6951, 242.4199
225.1772, 227.3359
225.6593, 213.5781
226.1414, 182.1133
226.6235, 120.9766
227.1056, 68.01953
227.5878, 22.02344
228.0699, 14.97656
228.5520, 31.62695
229.0341, 12.31641
229.5162, 5.597656
229.9983, 3.251953
230.4805, 57.73047
230.9626, 98.66016
231.4447, 114.4492
231.9268, 109.8223
232.4089, 121.9648
232.8910, 170.5645
233.3732, 211.5215
233.8553, 208.7812
234.3374, 125.7402
234.8195, 70.62500
235.3016, 65.33398
235.7837, 105.6094
236.2659, 129.4004
236.7480, 127.7715
237.2301, 119.1270
237.7122, 119.3438
238.1943, 138.9980
238.6764, 146.6660
239.1586, 134.4863
239.6407, 102.2891
240.1228, 72.45508
240.6049, 45.94141
241.0870, 20.41992
241.5691, 4.441406
242.0513, 20.65625
242.5334, 50.98828
243.0155, 106.2441
243.4976, 187.8086
243.9797, 245.1270
244.4618, 263.1797
244.9440, 268.8594
245.4261, 289.4062
245.9082, 331.1816
246.3903, 374.2715
246.8724, 412.2559
247.3545, 443.5957
247.8367, 489.5332
248.3188, 562.0918
248.8009, 638.0430
249.2830, 690.8633
249.7651, 714.0000
250.2472, 726.9668
250.7294, 729.6504
251.2115, 719.4023
251.6936, 730.1934
252.1757, 766.9375
252.6578, 822.0996
253.1399, 893.0840
253.6220, 998.8828
254.1042, 1084.447
254.5863, 1128.322
255.0684, 1122.781
255.5505, 1136.480
256.0326, 1177.514
256.5147, 1230.096
256.9969, 1274.295
257.4790, 1304.322
257.9611, 1336.906
258.4432, 1382.258
258.9253, 1446.754
259.4074, 1478.172
259.8896, 1467.654
260.3717, 1431.662
260.8538, 1390.980
261.3359, 1341.613
261.8180, 1295.459
262.3001, 1255.873
262.7823, 1223.451
263.2644, 1193.855
263.7465, 1168.734
264.2286, 1144.742
264.7107, 1118.172
265.1928, 1090.621
265.6750, 1056.182
266.1571, 1006.258
266.6392, 935.5762
267.1213, 899.2793
267.6034, 909.7852
268.0855, 941.7168
268.5677, 956.4883
269.0498, 950.6758
269.5319, 940.0664
270.0140, 929.0000
270.4961, 917.3652
270.9782, 910.6562
271.4604, 912.5059
271.9425, 915.1328
272.4246, 899.9766
272.9067, 857.6094
273.3888, 835.8691
273.8709, 864.0898
274.3531, 946.4805
274.8352, 990.3145
275.3173, 983.9922
275.7994, 955.5879
276.2815, 951.8457
276.7636, 978.0156
277.2458, 995.0156
277.7279, 986.3594
278.2100, 951.5938
278.6921, 903.9863
279.1742, 836.2422
279.6563, 769.2773
280.1385, 741.4199
280.6206, 756.7324
281.1027, 767.0957
281.5848, 747.7617
282.0669, 700.7285
282.5490, 670.8418
283.0312, 663.3125
283.5133, 660.3145
283.9954, 630.3105
284.4775, 572.0547
284.9596, 526.0078
285.4417, 516.4375
285.9239, 536.5332
286.4060, 538.0469
286.8881, 519.5488
287.3702, 495.0078
287.8523, 474.8203
288.3344, 457.4883
288.8166, 457.6367
289.2987, 499.4863
289.7808, 569.3945
290.2629, 596.4453
290.7450, 572.5801
291.2271, 531.5098
291.7093, 512.1699
292.1914, 517.2754
292.6735, 534.3691
293.1556, 561.3789
293.6377, 592.1016
294.1198, 615.1484
294.6020, 632.0938
295.0841, 646.2480
295.5662, 653.9727
296.0483, 659.0879
296.5304, 679.8809
297.0125, 730.8574
297.4947, 803.7207
297.9768, 881.3535
298.4589, 964.5977
298.9410, 1045.256
299.4231, 1104.031
299.9052, 1152.586
300.3873, 1216.281
300.8694, 1299.369
301.3516, 1401.873
301.8337, 1530.637
302.3158, 1688.852
302.7979, 1848.855
303.2800, 1996.180
303.7621, 2125.621
304.2443, 2231.703
304.7264, 2286.713
305.2085, 2330.352
305.6906, 2410.906
306.1727, 2527.723
306.6548, 2640.965
307.1370, 2711.145
307.6191, 2759.943
308.1012, 2816.629
308.5833, 2891.492
309.0654, 2977.635
309.5475, 3081.418
310.0297, 3199.453
310.5118, 3302.822
310.9939, 3357.514
311.4760, 3389.953
311.9581, 3429.070
312.4402, 3498.062
312.9224, 3567.176
313.4045, 3621.340
313.8866, 3661.912
314.3687, 3692.350
314.8508, 3701.061
315.3329, 3707.301
315.8151, 3727.504
316.2972, 3775.943
316.7793, 3828.180
317.2614, 3880.068
317.7435, 3929.990
318.2256, 3970.609
318.7078, 3985.656
319.1899, 3999.432
319.6720, 4029.541
320.1541, 4105.393
320.6362, 4160.004
321.1183, 4157.555
321.6005, 4115.965
322.0826, 4089.109
322.5647, 4112.213
323.0468, 4135.582
323.5289, 4133.846
324.0110, 4090.682
324.4932, 4043.531
324.9753, 4000.729
325.4574, 3957.402
325.9395, 3903.178
326.4216, 3829.293
326.9037, 3750.652
327.3859, 3673.078
327.8680, 3602.238
328.3501, 3521.346
328.8322, 3417.350
329.3143, 3307.215
329.7964, 3219.998
330.2786, 3187.154
330.7607, 3141.787
331.2428, 3059.545
331.7249, 2926.283
332.2070, 2810.564
332.6891, 2721.771
333.1713, 2645.385
333.6534, 2560.414
334.1355, 2461.900
334.6176, 2362.863
335.0997, 2259.732
335.5818, 2149.275
336.0640, 2082.586
336.5461, 2086.111
337.0282, 2099.836
337.5103, 2045.986
337.9924, 1898.000
338.4745, 1773.980
338.9567, 1714.215
339.4388, 1711.670
339.9209, 1663.377
340.4030, 1557.562
340.8851, 1436.861
341.3672, 1345.857
341.8494, 1285.785
342.3315, 1230.752
342.8136, 1179.723
343.2957, 1129.107
343.7778, 1060.336
344.2599, 972.7188
344.7421, 880.0508
345.2242, 789.4219
345.7063, 701.6738
346.1884, 634.6250
346.6705, 596.6465
347.1526, 573.3652
347.6348, 534.1719
348.1169, 479.6504
348.5990, 428.3809
349.0811, 389.4336
349.5632, 363.2949
350.0453, 357.9258
350.5275, 382.2988
351.0096, 406.7441
351.4917, 385.4531
351.9738, 327.9004
352.4559, 275.0820
352.9380, 266.9844
353.4202, 273.3965
353.9023, 246.3945
354.3844, 175.0137
354.8665, 103.4746
355.3486, 79.60352
355.8307, 84.95703
356.3129, 80.85938
356.7950, 27.21484
357.2771, 29.30469
357.7592, 39.73438
358.2413, 3.125000
358.7234, 33.09570
359.2056, 5.181641
359.6877, 75.08789
360.1698, 129.5918
360.6519, 162.0938
361.1340, 166.7422
361.6161, 121.1152
362.0982, 28.00195
362.5804, 34.21289
363.0625, 15.52734
363.5446, 34.99219
364.0267, 76.60352
364.5088, 106.2305
364.9909, 119.2715
365.4731, 100.2949
365.9552, 56.31445
366.4373, 34.72852
366.9194, 70.77539
367.4015, 110.6562
367.8836, 125.9570
368.3658, 101.8789
368.8479, 68.59180
369.3300, 10.68750
369.8121, 57.05078
370.2942, 88.42773
370.7763, 47.78906
371.2585, 11.06641
371.7406, 9.990234
372.2227, 63.02734
372.7048, 100.1016
373.1869, 115.9473
373.6690, 117.6484
374.1512, 115.2324
374.6333, 103.4082
375.1154, 98.99805
375.5975, 109.2773
376.0796, 135.4492
376.5617, 157.5859
377.0439, 172.0547
377.5260, 190.5059
378.0081, 234.5176
378.4902, 309.6660
378.9723, 362.3789
379.4544, 369.5879
379.9366, 345.7812
380.4187, 353.3184
380.9008, 395.1816
381.3829, 450.6387
381.8650, 503.1621
382.3471, 554.2070
382.8293, 607.5625
383.3114, 663.0801
383.7935, 722.6367
384.2756, 795.8555
384.7577, 880.4492
385.2398, 958.3574
385.7220, 1008.682
386.2041, 1046.135
386.6862, 1098.758
387.1683, 1171.908
387.6504, 1255.584
388.1325, 1345.324
388.6147, 1438.990
389.0968, 1527.455
389.5789, 1613.213
390.0610, 1689.391
390.5431, 1746.328
391.0252, 1782.457
391.5074, 1814.445
391.9895, 1859.980
392.4716, 1906.754
392.9537, 1937.768
393.4358, 1907.393
393.9179, 1897.566
394.4001, 1969.527
394.8822, 2119.381
395.3643, 2222.600
395.8464, 2203.391
396.3285, 2144.596
396.8106, 2107.246
397.2928, 2109.357
397.7749, 2122.557
398.2570, 2154.402
398.7391, 2197.492
399.2212, 2219.764
399.7033, 2225.525
400.1855, 2205.576
400.6676, 2150.918
401.1497, 2029.289
401.6318, 1943.602
402.1139, 1907.752
402.5960, 1901.770
403.0782, 1887.705
403.5603, 1855.730
404.0424, 1837.584
404.5245, 1855.562
405.0066, 1914.918
405.4887, 1915.180
405.9709, 1837.516
406.4530, 1737.068
406.9351, 1675.826
407.4172, 1657.205
407.8993, 1636.820
408.3814, 1599.539
408.8636, 1553.947
409.3457, 1533.988
409.8278, 1541.102
410.3099, 1550.275
410.7920, 1533.600
411.2741, 1500.516
411.7563, 1491.189
412.2384, 1520.912
412.7205, 1559.156
413.2026, 1552.066
413.6847, 1511.742
414.1668, 1491.877
414.6490, 1553.242
415.1311, 1637.578
415.6132, 1663.488
416.0953, 1616.592
416.5774, 1576.367
417.0595, 1618.672
417.5417, 1700.615
418.0238, 1762.105
418.5059, 1764.338
418.9880, 1754.143
419.4701, 1754.037
419.9522, 1768.051
420.4344, 1798.713
420.9165, 1853.250
421.3986, 1918.107
421.8807, 1985.607
422.3628, 2068.795
422.8449, 2140.123
423.3270, 2188.244
423.8091, 2221.939
424.2913, 2266.393
424.7734, 2319.090
425.2555, 2380.580
425.7376, 2456.025
426.2197, 2563.807
426.7018, 2643.158
427.1840, 2674.447
427.6661, 2689.223
428.1482, 2734.846
428.6303, 2817.037
429.1124, 2919.674
429.5945, 3051.107
430.0767, 3207.471
430.5588, 3312.680
431.0409, 3349.137
431.5230, 3380.812
432.0051, 3475.979
432.4872, 3636.523
432.9694, 3771.188
433.4515, 3862.770
433.9336, 3927.074
434.4157, 3996.031
434.8978, 4069.076
435.3799, 4144.430
435.8621, 4225.051
436.3442, 4306.777
436.8263, 4377.811
437.3084, 4437.189
437.7905, 4493.539
438.2726, 4557.500
438.7548, 4624.838
439.2369, 4686.461
439.7190, 4734.289
440.2011, 4776.500
440.6832, 4819.033
441.1653, 4861.625
441.6475, 4900.627
442.1296, 4949.004
442.6117, 4985.367
443.0938, 4985.930
443.5759, 4935.459
444.0580, 4862.498
444.5402, 4774.297
445.0223, 4675.543
445.5044, 4581.281
445.9865, 4501.805
446.4686, 4419.277
446.9507, 4323.742
447.4329, 4199.635
447.9150, 4103.695
448.3971, 4064.727
448.8792, 4038.592
449.3613, 3966.986
449.8434, 3814.795
450.3256, 3682.064
450.8077, 3595.818
451.2898, 3551.387
451.7719, 3498.143
452.2540, 3436.648
452.7361, 3365.025
453.2183, 3274.305
453.7004, 3163.885
454.1825, 3070.758
454.6646, 3002.770
455.1467, 2948.900
455.6288, 2893.268
456.1110, 2835.875
456.5931, 2775.229
457.0752, 2708.330
457.5573, 2639.648
458.0394, 2583.367
458.5215, 2540.229
459.0037, 2498.338
459.4858, 2451.115
459.9679, 2396.699
460.4500, 2332.592
460.9321, 2243.883
461.4142, 2159.271
461.8964, 2102.852
462.3785, 2069.438
462.8606, 2036.482
463.3427, 1997.342
463.8248, 1951.820
464.3069, 1899.146
464.7891, 1834.947
465.2712, 1772.277
465.7533, 1712.623
466.2354, 1656.316
466.7175, 1604.787
467.1996, 1551.742
467.6818, 1510.355
468.1639, 1494.529
468.6460, 1504.947
469.1281, 1472.588
469.6102, 1367.662
470.0923, 1255.014
470.5745, 1184.283
471.0566, 1175.727
471.5387, 1140.684
472.0208, 1063.777
472.5029, 963.6191
472.9850, 876.9746
473.4672, 803.7754
473.9493, 747.4941
474.4314, 721.8887
474.9135, 718.9824
475.3956, 688.1309
475.8777, 626.6094
476.3599, 564.4395
476.8420, 530.6797
477.3241, 521.5234
477.8062, 530.3418
478.2883, 575.1562
478.7704, 612.3965
479.2526, 585.7617
479.7347, 506.6738
480.2168, 422.4277
480.6989, 337.9844
481.1810, 270.8262
481.6631, 237.5664
482.1453, 244.6836
482.6274, 263.7051
483.1095, 301.1777
483.5916, 336.6387
484.0737, 344.1836
484.5558, 283.3887
485.0379, 229.6562
485.5201, 207.0078
486.0022, 213.8828
486.4843, 208.4199
486.9664, 189.0312
487.4485, 160.3496
487.9306, 122.9707
488.4128, 70.33789
488.8949, 30.75781
489.3770, 10.20508
489.8591, 1.564453
490.3412, 24.66797
490.8233, 61.77148
491.3055, 91.88867
491.7876, 108.8496
492.2697, 112.9414
492.7518, 99.86328
493.2339, 68.77930
493.7160, 39.91211
494.1982, 32.72852
494.6803, 42.28320
495.1624, 55.32617
495.6445, 70.54102
496.1266, 86.73828
496.6087, 105.6680
497.0909, 124.8047
497.5730, 138.0391
498.0551, 131.0410
498.5372, 124.4180
499.0193, 144.5508
499.5014, 193.5742
499.9836, 213.4609
500.4657, 140.3789
500.9478, 49.66016
501.4299, 1.246094
501.9120, 55.79102
502.3941, 96.95898
502.8763, 105.4043
503.3584, 90.03906
503.8405, 76.11328
504.3226, 65.87891
504.8047, 55.35742
505.2868, 42.51367
505.7690, 26.85156
506.2511, 18.73828
506.7332, 22.90820
507.2153, 26.27539
507.6974, 11.06641
508.1795, 24.13477
508.6617, 48.01562
509.1438, 52.05664
509.6259, 45.63672
510.1080, 48.59766
510.5901, 60.35547
511.0722, 71.84570
511.5544, 82.69336
512.0365, 88.48828
512.5186, 68.89062
513.0007, 20.09375
513.4828, 4.001953
513.9650, 62.89648
514.4471, 173.2246
514.9292, 263.8086
515.4113, 311.0977
515.8934, 337.0547
516.3755, 338.1816
516.8576, 323.7891
517.3397, 324.5605
517.8218, 360.6406
518.3040, 403.2324
518.7861, 442.5137
519.2682, 479.9844
519.7503, 506.1543
520.2324, 517.4570
520.7145, 520.7383
521.1967, 521.7559
521.6788, 519.4688
522.1609, 518.3906
522.6430, 518.0488
523.1251, 520.2227
523.6072, 529.8105
524.0894, 546.8145
524.5715, 570.3086
525.0536, 600.2793
525.5357, 636.0430
526.0178, 681.2441
526.4999, 738.0020
526.9821, 786.6855
527.4642, 796.9551
527.9463, 785.3809
528.4284, 788.4648
528.9105, 826.6973
529.3926, 869.1289
529.8748, 879.7598
530.3569, 871.3418
530.8390, 879.8633
531.3211, 950.9355
531.8032, 1020.863
532.2853, 1046.189
532.7675, 1013.357
533.2496, 1003.061
533.7317, 1066.174
534.2138, 1140.420
534.6959, 1170.381
535.1780, 1096.375
535.6602, 1069.262
536.1423, 1117.447
536.6244, 1213.838
537.1065, 1285.645
537.5886, 1325.238
538.0707, 1360.326
538.5529, 1398.705
539.0350, 1440.652
539.5171, 1502.756
539.9992, 1588.809
540.4813, 1667.992
540.9634, 1695.611
541.4456, 1689.383
541.9277, 1712.131
542.4098, 1784.201
542.8919, 1871.613
543.3740, 1930.582
543.8561, 1971.918
544.3383, 2021.725
544.8204, 2110.018
545.3025, 2197.588
545.7846, 2250.172
546.2667, 2267.061
546.7488, 2293.959
547.2310, 2372.266
547.7131, 2450.439
548.1952, 2492.910
548.6773, 2463.932
549.1594, 2443.135
549.6415, 2425.832
550.1237, 2422.654
550.6058, 2458.980
551.0879, 2565.309
551.5700, 2640.854
552.0521, 2645.939
552.5342, 2593.080
553.0164, 2579.529
553.4985, 2611.100
553.9806, 2645.320
554.4627, 2649.375
554.9448, 2629.295
555.4269, 2613.451
555.9091, 2607.555
556.3912, 2600.000
556.8733, 2567.586
557.3554, 2521.301
557.8375, 2488.932
558.3196, 2492.877
558.8018, 2515.471
559.2839, 2554.090
559.7660, 2594.764
560.2481, 2609.939
560.7302, 2559.871
561.2123, 2509.242
561.6945, 2495.119
562.1766, 2535.686
562.6587, 2557.223
563.1408, 2539.697
563.6229, 2511.662
564.1050, 2498.467
564.5872, 2509.090
565.0693, 2510.227
565.5514, 2499.482
566.0335, 2477.918
566.5156, 2438.973
566.9977, 2379.121
567.4799, 2339.121
567.9620, 2349.166
568.4441, 2394.494
568.9262, 2429.674
569.4083, 2455.209
569.8904, 2457.893
570.3726, 2409.154
570.8547, 2336.059
571.3368, 2278.422
571.8189, 2247.412
572.3010, 2227.596
572.7831, 2218.814
573.2653, 2213.127
573.7474, 2197.848
574.2295, 2157.525
574.7116, 2119.035
575.1937, 2092.641
575.6758, 2077.754
576.1580, 2061.945
576.6401, 2052.303
577.1222, 2034.186
577.6043, 1997.197
578.0864, 1931.756
578.5685, 1891.508
579.0507, 1885.520
579.5328, 1886.467
580.0149, 1854.160
580.4970, 1789.982
580.9791, 1750.979
581.4612, 1758.367
581.9434, 1783.289
582.4255, 1777.523
582.9076, 1744.889
583.3897, 1702.350
583.8718, 1652.723
584.3539, 1601.264
584.8361, 1549.387
585.3182, 1497.551
585.8003, 1455.473
586.2824, 1442.527
586.7645, 1432.674
587.2466, 1404.621
587.7288, 1334.988
588.2109, 1282.924
588.6930, 1268.367
589.1751, 1270.230
589.6572, 1262.805
590.1393, 1252.125
590.6215, 1217.385
591.1036, 1140.232
591.5857, 1037.809
592.0678, 993.9961
592.5499, 1016.365
593.0320, 1044.848
593.5142, 1044.732
593.9963, 1021.445
594.4784, 995.6699
594.9605, 968.2246
595.4426, 935.8652
595.9247, 890.1777
596.4069, 839.0117
596.8890, 792.4863
597.3711, 745.6855
597.8532, 718.3926
598.3353, 735.6445
598.8174, 777.7832
599.2996, 808.1855
599.7817, 801.0000
600.2638, 795.6641
600.7459, 806.9785
601.2280, 833.7188
601.7101, 852.6465
602.1923, 865.1094
602.6744, 867.6816
603.1565, 852.7734
603.6386, 814.1035
604.1207, 800.7832
604.6028, 816.6973
605.0850, 845.6699
605.5671, 877.0156
606.0492, 907.3418
606.5313, 915.6523
607.0134, 889.2031
607.4955, 853.9062
607.9777, 840.6367
608.4598, 844.2188
608.9419, 850.5469
609.4240, 851.7012
609.9061, 853.9160
610.3882, 867.3965
610.8704, 890.6582
611.3525, 897.1836
611.8346, 852.8672
612.3167, 811.2520
612.7988, 807.3457
613.2809, 866.5195
613.7631, 895.9082
614.2452, 881.4258
614.7273, 854.3105
615.2094, 853.3789
615.6915, 884.1035
616.1736, 900.8477
616.6558, 890.2070
617.1379, 871.1191
617.6200, 882.3887
618.1021, 918.5859
618.5842, 951.6074
619.0663, 959.0137
619.5485, 960.9961
620.0306, 985.9180
620.5127, 1031.312
620.9948, 1075.400
621.4769, 1110.928
621.9590, 1135.406
622.4412, 1146.373
622.9233, 1142.205
623.4054, 1127.996
623.8875, 1093.340
624.3696, 1055.533
624.8517, 1032.086
625.3339, 1027.879
625.8160, 1025.312
626.2981, 1027.150
626.7802, 1028.184
627.2623, 1011.268
627.7444, 974.5781
628.2266, 947.1484
628.7087, 944.7676
629.1908, 958.1211
629.6729, 970.3438
630.1550, 980.1777
630.6371, 972.2559
631.1193, 920.7227
631.6014, 854.6094
632.0835, 798.3477
632.5656, 752.2207
633.0477, 736.7988
633.5298, 805.2168
634.0120, 885.2773
634.4941, 911.3379
634.9762, 802.9805
635.4583, 731.9043
635.9404, 720.2773
636.4225, 742.0527
636.9047, 752.2363
637.3868, 746.7500
637.8689, 741.5742
638.3510, 742.6094
638.8331, 746.0840
639.3152, 737.9336
639.7973, 718.5742
640.2794, 697.1250
640.7615, 685.3340
641.2437, 677.4141
641.7258, 645.1465
642.2079, 585.0293
642.6900, 548.7051
643.1721, 605.4180
643.6542, 689.5977
644.1364, 737.4941
644.6185, 715.2246
645.1006, 697.3945
645.5827, 706.5469
646.0648, 726.5703
646.5469, 734.0430
647.0291, 709.8242
647.5112, 699.5820
647.9933, 719.2305
648.4754, 761.2246
648.9575, 776.4297
649.4396, 754.6133
649.9218, 722.5645
650.4039, 692.0371
650.8860, 670.2148
651.3681, 666.3281
651.8502, 675.5527
652.3323, 681.4824
652.8145, 688.9941
653.2966, 685.4473
653.7787, 648.1289
654.2608, 566.7363
654.7429, 497.7188
655.2250, 469.2852
655.7072, 462.1504
656.1893, 459.6289
656.6714, 473.7070
657.1535, 468.5879
657.6356, 425.8770
658.1177, 374.4199
658.5999, 374.8359
659.0820, 443.9746
659.5641, 476.5840
660.0462, 435.3145
660.5283, 350.6758
661.0104, 292.1660
661.4926, 258.0273
661.9747, 234.0020
662.4568, 216.4648
662.9389, 201.2969
663.4210, 178.3145
663.9031, 149.9102
664.3853, 140.3301
664.8674, 179.5430
665.3495, 227.5938
665.8316, 257.9414
666.3137, 262.6602
666.7958, 259.9180
667.2780, 244.9844
667.7601, 227.3145
668.2422, 214.3984
668.7243, 206.4492
669.2064, 190.4258
669.6885, 161.9238
670.1707, 129.3945
670.6528, 108.4395
671.1349, 97.51172
671.6170, 84.31055
672.0991, 66.26562
672.5812, 44.48047
673.0634, 21.78125
673.5455, 2.214844
674.0276, 31.51367
674.5097, 83.52148
674.9918, 126.0176
675.4739, 135.3770
675.9561, 109.4395
676.4382, 87.05273
676.9203, 72.85938
677.4024, 60.81445
677.8845, 54.08789
678.3666, 54.09180
678.8488, 50.07422
679.3309, 43.20508
679.8130, 32.50586
680.2951, 10.25977
680.7772, 18.57617
681.2593, 22.59766
681.7415, 10.24023
682.2236, 44.25586
682.7057, 40.38281
683.1878, 9.933594
683.6699, 24.83398
684.1520, 75.23438
684.6342, 107.7754
685.1163, 93.29297
685.5984, 49.90820
686.0805, 24.58398
686.5626, 42.76953
687.0447, 62.85742
687.5269, 79.94141
688.0090, 93.05664
688.4911, 87.01953
688.9732, 53.24219
689.4553, 32.01172
689.9374, 57.07617
690.4196, 116.2012
690.9017, 147.6465
691.3838, 149.9727
691.8659, 137.4043
692.3480, 107.2676
692.8301, 74.43750
693.3123, 59.65234
693.7944, 69.96875
694.2765, 82.52539
694.7586, 89.91406
695.2407, 93.75781
695.7228, 95.01758
696.2050, 95.89844
696.6871, 92.13281
697.1692, 90.23047
697.6513, 80.87695
698.1334, 38.59766
698.6155, 44.90820
699.0977, 96.65820
699.5798, 89.04297
700.0619, 48.67969
700.5440, 37.85547
701.0261, 49.66016
701.5082, 62.78711
701.9904, 66.97656
702.4725, 66.58008
702.9546, 66.71484
703.4367, 66.88477
703.9188, 55.67578
704.4009, 10.23438
704.8831, 55.66211
705.3652, 22.36914
705.8473, 109.8359
706.3294, 163.4590
706.8115, 97.44727
707.2936, 17.99414
707.7758, 8.703125
708.2579, 70.28125
708.7400, 85.04883
709.2221, 41.00195
709.7042, 13.91016
710.1863, 25.21289
710.6685, 9.816406
711.1506, 1.802734
711.6327, 11.56250
712.1148, 22.25195
712.5969, 19.59766
713.0790, 11.71484
713.5612, 9.855469
714.0433, 15.03125
714.5254, 28.13672
715.0075, 51.45898
715.4896, 81.18359
715.9717, 114.9883
716.4539, 161.3457
716.9360, 177.8535
717.4181, 141.4766
717.9002, 73.08203
718.3823, 28.18359
718.8644, 6.548828
719.3466, 4.886719
719.8287, 41.70117
720.3108, 85.34375
720.7929, 93.94727
721.2750, 70.80664
721.7571, 54.27148
722.2393, 71.18750
722.7214, 92.09375
723.2035, 101.2520
723.6856, 96.39844
724.1677, 82.62109
724.6498, 48.26172
725.1320, 21.28711
725.6141, 27.66797
726.0962, 69.47852
726.5783, 91.72266
727.0604, 90.25000
727.5425, 81.18555
728.0247, 83.02734
728.5068, 90.76367
728.9889, 93.64453
729.4710, 88.44336
729.9531, 81.26758
730.4352, 71.57812
730.9174, 64.04688
731.3995, 64.51367
731.8816, 80.02930
732.3637, 94.78320
732.8458, 115.9902
733.3279, 132.2500
733.8101, 110.5801
734.2922, 33.38086
734.7743, 3.326172
735.2564, 40.25977
735.7385, 123.6973
736.2206, 149.5020
736.7028, 125.7871
737.1849, 98.91602
737.6670, 99.66992
738.1491, 104.3281
738.6312, 81.12305
739.1133, 38.57031
739.5955, 17.36719
740.0776, 60.52539
740.5597, 102.7617
741.0418, 108.4824
741.5239, 76.67969
742.0060, 64.86719
742.4882, 77.98633
742.9703, 98.17383
743.4524, 115.3027
743.9345, 128.8047
744.4166, 138.2598
744.8987, 142.3809
745.3809, 149.6543
745.8630, 164.5430
746.3451, 187.6348
746.8272, 227.4766
747.3093, 291.7188
747.7914, 333.6797
748.2736, 320.7559
748.7557, 283.9258
749.2378, 251.2441
749.7199, 237.0078
750.2020, 208.1289
750.6841, 159.1855
751.1663, 104.9102
751.6484, 58.78125
752.1305, 20.93945
752.6126, 1.689453
753.0947, 2.777344
753.5768, 21.42773
754.0590, 63.96875
754.5411, 119.7305
755.0232, 166.3340
755.5053, 209.7500
755.9874, 221.7656
756.4695, 141.9023
756.9517, 22.02148
757.4338, 31.39062
757.9159, 84.95117
758.3980, 157.7422
758.8801, 142.8516
759.3622, 66.52148
759.8444, 4.703125
760.3265, 71.65625
760.8086, 106.6309
761.2907, 82.67188
761.7728, 30.95508
762.2549, 18.36523
762.7370, 36.68750
763.2191, 41.40039
763.7012, 10.10156
764.1833, 61.14844
764.6655, 75.11523
765.1476, 54.49023
765.6297, 35.45898
766.1118, 10.83984
766.5939, 4.238281
767.0760, 0.9003910
767.5582, 25.67578
768.0403, 37.94336
768.5224, 32.11133
769.0045, 30.78906
769.4866, 60.20508
769.9688, 104.9824
770.4509, 123.0039
770.9330, 113.0664
771.4151, 95.64648
771.8972, 86.57422
772.3793, 76.91406
772.8615, 55.03906
773.3436, 12.71680
773.8257, 7.601563
774.3078, 20.27539
774.7899, 54.58398
775.2720, 68.11328
775.7542, 55.75977
776.2363, 47.13477
776.7184, 43.02344
777.2005, 45.77148
777.6826, 61.80469
778.1647, 86.56445
778.6469, 110.1621
779.1290, 131.0293
779.6111, 146.3164
780.0932, 153.7109
780.5753, 155.6895
781.0574, 154.9141
781.5396, 154.1953
782.0217, 145.4434
782.5038, 126.0410
782.9859, 98.11328
783.4680, 59.71484
783.9501, 5.908203
784.4323, 12.98828
784.9144, 16.46484
785.3965, 66.40234
785.8786, 99.82031
786.3607, 121.5645
786.8428, 144.8750
787.3250, 174.7539
787.8071, 205.0625
788.2892, 235.1602
788.7713, 262.0625
789.2534, 281.9863
789.7355, 295.9590
790.2177, 297.9805
790.6998, 277.4160
791.1819, 248.8086
791.6640, 241.3691
792.1461, 254.2031
792.6282, 278.6523
793.1104, 321.8906
793.5925, 370.1172
794.0746, 414.7793
794.5567, 447.3125
795.0388, 446.6191
795.5209, 360.4414
796.0031, 281.7285
796.4852, 271.0879
796.9673, 306.8535
797.4494, 320.9746
797.9315, 276.9277
798.4136, 261.3516
798.8958, 308.0859
799.3779, 391.4062
799.8600, 422.9082
800.3421, 402.6074
800.8242, 346.8203
801.3063, 225.4551
801.7885, 101.8164
802.2706, 89.20117
802.7527, 162.8105
803.2348, 240.6211
803.7169, 303.0469
804.1990, 340.3633
804.6812, 339.6211
805.1633, 304.1992
805.6454, 269.2969
806.1275, 223.0664
806.6096, 203.0684
807.0917, 234.3477
807.5739, 301.2988
808.0560, 325.6035
808.5381, 309.3359
809.0202, 290.9180
809.5023, 295.8887
809.9844, 308.7363
810.4666, 308.1934
810.9487, 298.0605
811.4308, 300.4473
811.9129, 336.4219
812.3950, 373.7949
812.8771, 401.7676
813.3593, 420.0137
813.8414, 422.6797
814.3235, 407.1309
814.8056, 383.6777
815.2877, 348.2715
815.7698, 313.3965
816.2520, 311.6035
816.7341, 339.7598
817.2162, 367.7285
817.6983, 383.5625
818.1804, 381.5723
818.6625, 349.9082
819.1447, 294.0078
819.6268, 266.2129
820.1089, 297.1523
820.5910, 332.3789
821.0731, 358.0586
821.5552, 374.8027
822.0374, 357.5078
822.5195, 299.2656
823.0016, 255.5430
823.4837, 273.2695
823.9658, 326.7793
824.4479, 366.7324
824.9301, 392.8125
825.4122, 415.9746
825.8943, 442.2129
826.3764, 467.4883
826.8585, 484.4434
827.3406, 490.2656
827.8228, 521.5391
828.3049, 591.2930
828.7870, 664.5137
829.2691, 736.3320
829.7512, 801.0723
830.2333, 779.2227
830.7155, 672.0527
831.1976, 562.5176
831.6797, 516.6777
832.1618, 496.6367
832.6439, 449.0332
833.1260, 374.2344
833.6082, 343.2852
834.0903, 442.0430
834.5724, 532.9297
835.0545, 545.5977
835.5366, 477.9961
836.0187, 422.4277
836.5009, 376.0684
836.9830, 350.3105
837.4651, 362.5176
837.9472, 398.5859
838.4293, 423.8223
838.9114, 437.5273
839.3936, 440.4609
839.8757, 419.3770
840.3578, 398.8223
840.8399, 399.7949
841.3220, 424.4375
841.8041, 436.4160
842.2863, 431.2500
842.7684, 414.7266
843.2505, 375.9961
843.7326, 321.9805
844.2147, 351.9941
844.6968, 465.9766
845.1790, 542.8652
845.6611, 461.8379
846.1432, 321.3164
846.6253, 235.6504
847.1074, 205.4668
847.5895, 191.3066
848.0717, 185.7188
848.5538, 186.0176
849.0359, 196.2695
849.5180, 214.8281
850.0001, 216.4238
850.4822, 200.1699
850.9644, 172.9824
851.4465, 124.5703
851.9286, 72.55273
852.4107, 79.32031
852.8928, 134.1816
853.3749, 176.9375
853.8571, 147.6094
854.3392, 117.2832
854.8213, 136.6348
855.3034, 201.8008
855.7855, 254.3945
856.2676, 280.0566
856.7498, 311.6875
857.2319, 371.0566
857.7140, 442.4023
858.1961, 449.3848
858.6782, 394.8926
859.1603, 350.1836
859.6425, 360.8281
860.1246, 395.1504
860.6067, 415.1309
861.0888, 427.8477
861.5709, 461.3203
862.0530, 556.3242
862.5352, 639.5488
863.0173, 697.1328
863.4994, 727.0801
863.9815, 719.9277
864.4636, 670.3926
864.9457, 626.8770
865.4279, 609.5410
865.9100, 606.1875
866.3921, 590.7715
866.8742, 571.8809
867.3563, 572.6797
867.8384, 633.9785
868.3206, 686.3770
868.8027, 687.3125
869.2848, 657.7168
869.7669, 654.4395
870.2490, 687.4766
870.7311, 724.2031
871.2133, 758.0645
871.6954, 792.1250
872.1775, 839.6270
872.6596, 893.5859
873.1417, 923.4531
873.6238, 908.0605
874.1060, 883.9238
874.5881, 865.4238
875.0702, 858.7129
875.5523, 875.0566
876.0344, 944.8945
876.5165, 1001.535
876.9987, 1034.127
877.4808, 1056.932
877.9629, 1097.736
878.4450, 1155.926
878.9271, 1197.199
879.4092, 1207.021
879.8914, 1204.840
880.3735, 1221.689
880.8556, 1250.189
881.3377, 1269.314
881.8198, 1261.633
882.3019, 1254.617
882.7841, 1248.375
883.2662, 1245.633
883.7483, 1256.365
884.2304, 1286.943
884.7125, 1316.158
885.1946, 1340.727
885.6768, 1362.414
886.1588, 1382.217
886.6409, 1402.123
887.1230, 1425.959
887.6052, 1455.314
888.0873, 1479.248
888.5694, 1484.449
889.0515, 1481.494
889.5336, 1482.898
890.0157, 1492.979
890.4979, 1521.523
890.9800, 1565.883
891.4621, 1616.840
891.9442, 1688.277
892.4263, 1760.924
892.9084, 1767.855
893.3906, 1705.643
893.8727, 1653.947
894.3548, 1686.832
894.8369, 1726.645
895.3190, 1716.506
895.8011, 1653.023
896.2833, 1614.811
896.7654, 1614.316
897.2475, 1612.164
897.7296, 1601.633
898.2117, 1574.092
898.6938, 1478.451
899.1760, 1327.768
899.6581, 1200.057
900.1402, 1162.246
900.6223, 1140.934
901.1044, 1076.240
901.5865, 983.3477
902.0687, 927.0352
902.5508, 923.4316
903.0329, 937.8340
903.5150, 976.6172
903.9971, 1015.549
904.4792, 984.6504
904.9614, 892.6094
905.4435, 800.5293
905.9256, 713.3066
906.4077, 661.8633
906.8898, 718.6172
907.3719, 817.5703
907.8541, 851.1152
908.3362, 735.1152
908.8183, 629.1348
909.3004, 536.5996
909.7825, 467.4961
910.2646, 449.9316
910.7468, 479.4141
911.2289, 470.3359
911.7110, 401.5859
912.1931, 332.1348
912.6752, 341.7129
913.1573, 372.4883
913.6395, 348.3750
914.1216, 227.2988
914.6037, 138.6426
915.0858, 108.3633
915.5679, 109.1113
916.0500, 135.9531
916.5322, 191.5742
917.0143, 195.9219
917.4964, 145.8594
917.9785, 100.3828
918.4606, 118.5352
918.9427, 161.1035
919.4249, 177.5234
919.9070, 165.5527
920.3891, 170.2754
920.8712, 241.9922
921.3533, 290.5449
921.8354, 270.5527
922.3176, 193.9824
922.7997, 152.6504
923.2818, 146.6250
923.7639, 152.6309
924.2460, 167.1543
924.7281, 179.5762
925.2103, 164.9980
925.6924, 136.7656
926.1745, 132.7363
926.6566, 210.6133
927.1387, 260.6836
927.6208, 245.4023
928.1030, 194.9863
928.5851, 169.3867
929.0672, 171.1934
929.5493, 165.6895
930.0314, 144.5156
930.5135, 116.4414
930.9957, 87.74414
931.4778, 61.51562
931.9599, 44.01367
932.4420, 44.39062
932.9241, 37.29102
933.4063, 8.548828
933.8884, 23.82617
934.3705, 43.77344
934.8526, 49.32812
935.3347, 70.09961
935.8168, 111.1738
936.2990, 134.9219
936.7811, 72.07617
937.2632, 11.25781
937.7453, 11.79297
938.2274, 82.87500
938.7095, 151.3613
939.1917, 144.8359
939.6738, 110.4492
940.1559, 53.87891
940.6380, 18.69336
941.1201, 26.14258
941.6022, 34.41406
942.0844, 100.1855
942.5665, 136.7012
943.0486, 158.5527
943.5307, 184.5605
944.0128, 210.6113
944.4949, 224.5840
944.9771, 236.6250
945.4592, 213.7949
945.9413, 120.6562
946.4234, 8.078125
946.9055, 10.04688
947.3876, 66.41016
947.8698, 117.2656
948.3519, 108.6992
948.8340, 85.91602
949.3161, 113.4629
949.7982, 154.5645
950.2803, 153.6641
950.7625, 67.81641
951.2446, 8.025391
951.7267, 5.001953
952.2088, 14.37305
952.6909, 3.078125
953.1730, 47.01367
953.6552, 67.81641
954.1373, 62.85938
954.6194, 58.57812
955.1015, 85.62305
955.5836, 117.2148
956.0657, 125.1602
956.5479, 108.3535
957.0300, 93.51367
957.5121, 77.94531
957.9942, 75.82227
958.4763, 90.12109
958.9584, 122.0312
959.4406, 188.4297
959.9227, 283.5918
960.4048, 359.4727
960.8869, 389.3887
961.3690, 394.5586
961.8511, 375.0449
962.3333, 346.1719
962.8154, 338.5859
963.2975, 361.9766
963.7796, 401.1953
964.2617, 463.2891
964.7438, 529.4805
965.2260, 567.9258
965.7081, 585.8301
966.1902, 611.5781
966.6723, 650.2285
967.1544, 692.2832
967.6365, 728.6836
968.1187, 766.9043
968.6008, 810.1836
969.0829, 858.0742
969.5650, 924.9355
970.0471, 1020.492
970.5292, 1110.477
971.0114, 1164.217
971.4935, 1199.535
971.9756, 1257.064
972.4577, 1341.502
972.9398, 1485.697
973.4219, 1794.021
973.9041, 2079.375
974.3862, 2253.883
974.8683, 2333.670
975.3504, 2364.219
975.8325, 2320.607
976.3146, 2337.379
976.7968, 2457.643
977.2789, 2611.613
977.7610, 2690.070
978.2431, 2730.102
978.7252, 2808.318
979.2073, 2955.867
979.6895, 3108.375
980.1716, 3246.713
980.6537, 3374.639
981.1358, 3489.371
981.6179, 3585.902
982.1000, 3720.834
982.5822, 3899.293
983.0643, 4077.959
983.5464, 4217.049
984.0285, 4339.980
984.5106, 4472.969
984.9927, 4615.611
985.4749, 4757.908
985.9570, 4877.648
986.4391, 5022.217
986.9212, 5211.561
987.4033, 5428.641
987.8854, 5629.656
988.3676, 5816.402
988.8497, 6008.684
989.3318, 6212.059
989.8139, 6425.246
990.2960, 6667.564
990.7781, 6913.400
991.2603, 7116.781
991.7424, 7216.891
992.2245, 7389.441
992.7066, 7657.543
993.1887, 7952.996
993.6708, 8216.656
994.1530, 8455.980
994.6351, 8698.926
995.1172, 8949.531
995.5993, 9208.295
996.0814, 9507.871
996.5635, 9776.062
997.0457, 9933.635
997.5278, 10010.58
998.0099, 10207.06
998.4920, 10549.32
998.9741, 10902.15
999.4562, 11227.72
999.9384, 11517.57
1000.420, 11712.20
1000.903, 11867.21
1001.385, 12109.81
1001.867, 12609.09
1002.349, 12995.18
1002.831, 13090.75
1003.313, 13113.97
1003.795, 13263.06
1004.277, 13545.71
1004.760, 13832.64
1005.242, 14118.11
1005.724, 14372.26
1006.206, 14578.80
1006.688, 14750.76
1007.170, 14888.26
1007.652, 14992.63
1008.134, 15115.43
1008.616, 15283.72
1009.099, 15448.80
1009.581, 15602.93
1010.063, 15733.48
1010.545, 15793.18
1011.027, 15803.33
1011.509, 15854.79
1011.991, 16026.49
1012.473, 16163.82
1012.955, 16144.41
1013.438, 16058.53
1013.920, 16029.72
1014.402, 16106.32
1014.884, 16073.53
1015.366, 15908.84
1015.848, 15717.46
1016.330, 15591.98
1016.812, 15505.29
1017.294, 15419.78
1017.777, 15332.25
1018.259, 15238.28
1018.741, 15118.80
1019.223, 15013.67
1019.705, 14943.62
1020.187, 14894.36
1020.669, 14815.35
1021.151, 14708.67
1021.634, 14599.20
1022.116, 14480.89
1022.598, 14393.05
1023.080, 14403.20
1023.562, 14450.37
1024.044, 14454.12
1024.526, 14375.00
1025.008, 14297.95
1025.490, 14207.23
1025.973, 14156.85
1026.455, 14216.39
1026.937, 14345.74
1027.419, 14426.22
1027.901, 14461.61
1028.383, 14510.35
1028.865, 14607.39
1029.347, 14724.04
1029.830, 14851.62
1030.312, 14990.13
1030.794, 15149.40
1031.276, 15332.92
1031.758, 15496.75
1032.240, 15616.04
1032.722, 15745.58
1033.204, 15939.45
1033.687, 16183.88
1034.169, 16470.50
1034.651, 16819.22
1035.133, 17141.42
1035.615, 17423.87
1036.097, 17691.45
1036.579, 17954.13
1037.061, 18218.12
1037.543, 18528.73
1038.026, 18876.03
1038.508, 19183.80
1038.990, 19382.57
1039.472, 19564.10
1039.954, 19785.65
1040.436, 20026.21
1040.918, 20252.14
1041.400, 20474.31
1041.882, 20624.82
1042.365, 20692.48
1042.847, 20703.93
1043.329, 20680.34
1043.811, 20626.52
1044.293, 20554.32
1044.775, 20469.23
1045.257, 20335.92
1045.739, 20148.22
1046.222, 19913.77
1046.704, 19640.23
1047.186, 19321.75
1047.668, 18912.08
1048.150, 18419.49
1048.632, 17913.62
1049.114, 17449.74
1049.596, 16956.61
1050.078, 16362.87
1050.561, 15733.54
1051.043, 15169.84
1051.525, 14694.97
1052.007, 14183.34
1052.489, 13628.75
1052.971, 13051.10
1053.453, 12443.16
1053.935, 11834.24
1054.417, 11280.58
1054.900, 10780.51
1055.382, 10273.84
1055.864, 9726.617
1056.346, 9209.328
1056.828, 8755.277
1057.310, 8332.117
1057.792, 7820.289
1058.274, 7252.551
1058.757, 6757.371
1059.239, 6389.598
1059.721, 6059.188
1060.203, 5748.387
1060.685, 5426.129
1061.167, 5053.496
1061.649, 4611.223
1062.131, 4234.738
1062.614, 3923.176
1063.096, 3653.488
1063.578, 3421.641
1064.060, 3212.535
1064.542, 3020.605
1065.024, 2842.355
1065.506, 2671.512
1065.988, 2511.871
1066.470, 2348.074
1066.953, 2174.453
1067.435, 1999.727
1067.917, 1822.461
1068.399, 1655.148
1068.881, 1562.898
1069.363, 1559.414
1069.845, 1531.988
1070.327, 1393.492
1070.809, 1233.219
1071.292, 1100.402
1071.774, 992.0781
1072.256, 871.0352
1072.738, 736.0898
1073.220, 634.5430
1073.702, 597.3828
1074.184, 579.4336
1074.666, 550.6289
1075.148, 505.0547
1075.631, 433.1523
1076.113, 313.3633
1076.595, 204.7422
1077.077, 100.9766
1077.559, 28.22266
1078.041, 33.32031
1078.523, 78.64453
1079.005, 73.55078
1079.488, 24.12109
1079.970, 22.71094
1080.452, 56.40234
1080.934, 70.11328
1081.416, 49.96875
1081.898, 22.05078
1082.380, 49.13672
1082.862, 123.4062
1083.344, 145.2852
1083.827, 93.38672
1084.309, 32.12500
1084.791, 13.66797
1085.273, 6.820313
1085.755, 21.98828
1086.237, 73.41406
1086.719, 79.28516
1087.201, 32.78125
1087.683, 15.46484
1088.166, 47.46094
1088.648, 62.58203
1089.130, 51.32031
1089.612, 26.95312
1090.094, 8.937500
1090.576, 11.05078
1091.058, 2.378906
1091.540, 46.65625
1092.023, 80.98438
1092.505, 54.68359
1092.987, 8.585938
1093.469, 17.83203
1093.951, 21.54297
1094.433, 62.60156
1094.915, 86.21094
1095.397, 99.19922
1095.880, 103.5352
1096.362, 99.12500
1096.844, 80.14844
1097.326, 47.41406
1097.808, 30.94922
1098.290, 37.12109
1098.772, 47.95312
1099.254, 44.73438
1099.736, 40.14062
1100.219, 58.34766
1100.701, 98.70312
1101.183, 67.71484
1101.665, 59.79297
1102.147, 144.3125
1102.629, 118.0234
1103.111, 50.98438
1103.593, 41.31250
1104.075, 63.44922
1104.558, 76.56641
1105.040, 75.42188
1105.522, 47.51953
1106.004, 36.29297
1106.486, 90.62891
1106.968, 32.48438
1107.450, 94.37891
1107.932, 148.8594
1108.415, 141.9219
1108.897, 103.0742
1109.379, 3.476563
1109.861, 79.64844
1110.343, 124.9492
1110.825, 131.0469
1111.307, 78.76953
1111.789, 23.11719
1112.271, 50.96484
1112.754, 2.500000
1113.236, 56.21875
1113.718, 44.62109
1114.200, 16.80859
1114.682, 1.152344
1115.164, 5.886719
1115.646, 18.56641
1116.128, 78.61328
1116.610, 122.7656
1117.093, 139.2852
1117.575, 133.0547
1118.057, 86.26562
1118.539, 34.10938
1119.021, 27.14062
1119.503, 94.42969
1119.985, 105.7969
1120.467, 27.95312
1120.950, 24.24219
1121.432, 18.65039
1121.914, 109.7051
1122.396, 158.1504
1122.878, 170.2910
1123.360, 159.5566
1123.842, 89.58984
1124.324, 64.85156
1124.807, 121.5254
1125.289, 193.2168
1125.771, 211.0312
1126.253, 190.9609
1126.735, 233.3613
1127.217, 331.3105
1127.699, 417.5723
1128.181, 447.8398
1128.663, 462.7363
1129.146, 474.4141
1129.628, 481.2168
1130.110, 478.8965
1130.592, 467.2695
1131.074, 455.4727
1131.556, 444.7715
1132.038, 444.2324
1132.520, 476.3613
1133.002, 512.4238
1133.485, 536.9512
1133.967, 546.0625
1134.449, 513.8594
1134.931, 432.8027
1135.413, 368.1934
1135.895, 341.8359
1136.377, 334.1953
1136.859, 331.7715
1137.342, 329.7246
1137.824, 315.0547
1138.306, 279.8398
1138.788, 263.1133
1139.270, 276.8574
1139.752, 270.5430
1140.234, 195.7129
1140.716, 101.8965
1141.198, 101.8574
1141.681, 158.8281
1142.163, 190.3398
1142.645, 146.2227
1143.127, 114.7012
1143.609, 110.2129
1144.091, 108.7148
1144.573, 89.10547
1145.055, 58.57812
1145.537, 32.61133
1146.020, 14.07617
1146.502, 15.82812
1146.984, 72.96680
1147.466, 114.7969
1147.948, 115.2461
1148.430, 99.64258
1148.912, 97.25195
1149.394, 107.5332
1149.877, 138.4883
1150.359, 188.6309
1150.841, 221.9277
1151.323, 186.1523
1151.805, 156.8770
1152.287, 183.1074
1152.769, 238.7676
1153.251, 256.2324
1153.734, 236.8770
1154.216, 229.4844
1154.698, 248.7012
1155.180, 255.3672
1155.662, 186.1250
1156.144, 117.4570
1156.626, 134.9043
1157.108, 225.9395
1157.590, 244.9570
1158.073, 186.6055
1158.555, 137.0352
1159.037, 128.4688
1159.519, 136.9570
1160.001, 152.6211
1160.483, 166.5586
1160.965, 161.1406
1161.447, 127.7559
1161.929, 95.93750
1162.412, 64.89453
1162.894, 45.63477
1163.376, 60.60352
1163.858, 77.58203
1164.340, 36.58203
1164.822, 30.64844
1165.304, 67.17188
1165.786, 27.06641
1166.269, 20.39258
1166.751, 57.51758
1167.233, 86.21680
1167.715, 49.24609
1168.197, 8.789063
1168.679, 7.537109
1169.161, 73.84180
1169.643, 95.00977
1170.125, 3.312500
1170.608, 79.01562
1171.090, 113.1992
1171.572, 124.8848
1172.054, 130.1973
1172.536, 131.1875
1173.018, 136.9980
1173.500, 148.1406
1173.982, 151.9121
1174.464, 141.2090
1174.947, 122.2988
1175.429, 84.58203
1175.911, 57.12305
1176.393, 120.1621
1176.875, 232.3926
1177.357, 263.1875
1177.839, 185.1973
1178.321, 137.8281
1178.804, 220.7051
1179.286, 296.9980
1179.768, 304.9473
1180.250, 274.7422
1180.732, 299.7363
1181.214, 360.0605
1181.696, 381.7988
1182.178, 336.2559
1182.661, 283.2090
1183.143, 226.1055
1183.625, 196.9902
1184.107, 229.2930
1184.589, 301.9824
1185.071, 296.5645
1185.553, 228.4707
1186.035, 178.5840
1186.517, 186.2637
1187.000, 202.3457
1187.482, 192.6680
1187.964, 193.4277
1188.446, 251.3594
1188.928, 360.0176
1189.410, 350.4355
1189.892, 235.5684
1190.374, 129.3359
1190.856, 85.99609
1191.339, 73.39258
1191.821, 84.41602
1192.303, 113.0664
1192.785, 165.5039
1193.267, 243.8066
1193.749, 234.6680
1194.231, 140.6992
1194.713, 70.84766
1195.195, 132.6777
1195.678, 199.4961
1196.160, 179.2969
1196.642, 123.2402
1197.124, 119.7344
1197.606, 171.7676
1198.088, 207.7676
1198.570, 222.7461
1199.052, 221.2188
1199.535, 178.8965
1200.017, 148.4805
1200.499, 183.6523
1200.981, 253.8379
1201.463, 281.0254
1201.945, 263.4980
1202.427, 252.8008
1202.909, 254.6523
1203.391, 261.8984
1203.874, 270.8750
1204.356, 282.8398
1204.838, 293.1211
1205.320, 307.4355
1205.802, 367.3359
1206.284, 477.7598
1206.766, 527.7734
1207.248, 481.3262
1207.730, 416.8203
1208.213, 391.7051
1208.695, 386.7812
1209.177, 385.4805
1209.659, 386.1426
1210.141, 402.8086
1210.623, 437.0664
1211.105, 436.9941
1211.587, 374.1387
1212.070, 314.0742
1212.552, 327.7832
1213.034, 366.3789
1213.516, 388.6719
1213.998, 392.5664
1214.480, 361.6289
1214.962, 293.9961
1215.444, 274.4160
1215.927, 364.4453
1216.409, 450.3730
1216.891, 416.4238
1217.373, 338.6641
1217.855, 294.5586
1218.337, 287.3750
1218.819, 313.2129
1219.301, 372.8594
1219.783, 393.5547
1220.266, 307.7617
1220.748, 221.3320
1221.230, 233.8672
1221.712, 288.7559
1222.194, 308.8965
1222.676, 280.6914
1223.158, 311.6406
1223.640, 406.3984
1224.122, 471.8633
1224.605, 418.1367
1225.087, 349.0938
1225.569, 352.3281
1226.051, 386.7891
1226.533, 383.7578
1227.015, 332.0547
1227.497, 310.2539
1227.979, 326.5078
1228.462, 338.6211
1228.944, 290.6406
1229.426, 256.8086
1229.908, 312.7812
1230.390, 401.9883
1230.872, 437.5742
1231.354, 418.1484
1231.836, 360.9297
1232.318, 267.5352
1232.801, 216.7852
1233.283, 300.8672
1233.765, 401.0781
1234.247, 457.0508
1234.729, 479.7109
1235.211, 474.8438
1235.693, 442.2656
1236.175, 410.0859
1236.657, 382.8477
1237.140, 371.4180
1237.622, 410.9727
1238.104, 439.1172
1238.586, 408.1250
1239.068, 352.5117
1239.550, 331.0859
1240.032, 345.6445
1240.514, 349.5000
1240.997, 341.2773
1241.479, 329.8281
1241.961, 307.4609
1242.443, 298.8516
1242.925, 315.7617
1243.407, 351.8125
1243.889, 394.8594
1244.371, 438.9297
1244.854, 458.0781
1245.336, 450.9336
1245.818, 439.4258
1246.300, 410.8242
1246.782, 416.1445
1247.264, 472.1172
1247.746, 558.2617
1248.228, 650.1562
1248.710, 722.7734
1249.193, 664.6641
1249.675, 452.7188
1250.157, 294.7930
1250.639, 353.6797
1251.121, 405.9219
1251.603, 368.5859
1252.085, 294.4766
1252.567, 297.7578
1253.049, 351.1484
1253.532, 387.2812
1254.014, 393.4297
1254.496, 391.0664
1254.978, 382.2852
1255.460, 369.3008
1255.942, 351.2148
1256.424, 324.2656
1256.906, 278.6953
1257.389, 225.2695
1257.871, 195.8828
1258.353, 204.0430
1258.835, 184.2773
1259.317, 98.86328
1259.799, 46.30078
1260.281, 65.97656
1260.763, 118.8594
1261.245, 152.7266
1261.728, 164.2773
1262.210, 141.5547
1262.692, 77.33984
1263.174, 19.40234
1263.656, 40.87500
1264.138, 47.66406
1264.620, 42.16797
1265.102, 142.1641
1265.584, 110.0039
1266.067, 29.20703
1266.549, 13.30859
1267.031, 84.03906
1267.513, 171.8242
1267.995, 283.8633
1268.477, 355.0117
1268.959, 346.6719
1269.441, 318.7305
1269.924, 336.8320
1270.406, 369.5859
1270.888, 380.2891
1271.370, 367.0508
1271.852, 348.4180
1272.334, 323.6758
1272.816, 316.4297
1273.298, 342.5195
1273.781, 373.4492
1274.263, 389.7031
1274.745, 397.3984
1275.227, 390.5000
1275.709, 376.3555
1276.191, 471.8516
1276.673, 657.4102
1277.155, 725.3750
1277.637, 546.2930
1278.120, 365.1914
1278.602, 309.5156
1279.084, 307.8438
1279.566, 319.1016
1280.048, 332.9648
1280.530, 294.1602
1281.012, 229.2617
1281.494, 204.8633
1281.976, 220.1758
1282.459, 245.5156
1282.941, 273.7930
1283.423, 281.7969
1283.905, 242.9102
1284.387, 184.5977
1284.869, 209.5039
1285.351, 279.3750
1285.833, 300.0352
1286.316, 217.8711
1286.798, 155.0625
1287.280, 124.8242
1287.762, 113.6602
1288.244, 114.1484
1288.726, 131.0820
1289.208, 206.4609
1289.690, 295.6289
1290.172, 316.4180
1290.655, 221.9492
1291.137, 128.7695
1291.619, 33.93359
1292.101, 14.44922
1292.583, 22.40234
1293.065, 78.47266
1293.547, 65.94141
1294.029, 31.29297
1294.511, 36.53125
1294.994, 49.09766
1295.476, 44.84766
1295.958, 2.7344000E-02
1296.440, 25.38281
1296.922, 0.0000000E+00
##END=



