##NAMES=Kurnakovite
##RRUFFID=R050105
##IDEAL CHEMISTRY=MgB_3_O_3_(OH)_5_&#183;5H_2_O
##LOCALITY=Kramer deposit, Boron, Kern County, California, USA
##OWNER=RRUFF
##SOURCE=Rock Currier
##DESCRIPTION=Tabular single crystal
##STATUS=The identification of this mineral has been confirmed by X-ray diffraction and chemical analysis
##URL=rruff.info/R050105
##MEASURED CHEMISTRY=MgB_3_O_3_(OH)_5_·5H_2_O
96.161, 0.000
97.554, 421.702
98.947, 721.552
100.340, 1266.049
101.732, 1532.208
103.124, 1451.407
104.516, 1092.137
105.908, 665.099
107.300, 428.812
108.691, 92.942
110.082, 155.551
111.473, 33.903
112.864, 33.018
114.254, 91.673
115.644, 192.740
117.034, 439.840
118.424, 666.711
119.813, 699.156
121.203, 982.999
122.592, 612.119
123.981, 556.005
125.369, 595.666
126.758, 541.307
128.146, 656.726
129.534, 844.801
130.922, 1320.458
132.309, 1325.637
133.696, 1525.277
135.083, 1563.332
136.470, 1890.768
137.857, 2181.597
139.243, 2904.821
140.630, 3339.532
142.016, 3657.616
143.401, 3633.052
144.787, 3470.808
146.172, 3148.851
147.557, 3078.416
148.942, 2960.525
150.327, 2998.250
151.711, 2855.805
153.096, 2784.231
154.480, 2677.850
155.863, 2468.255
157.247, 2212.854
158.630, 1965.318
160.013, 1923.818
161.396, 1924.350
162.779, 1898.908
164.161, 2127.488
165.544, 2325.085
166.926, 2558.695
168.308, 2578.311
169.689, 2621.929
171.070, 2192.549
172.452, 2078.166
173.833, 1674.779
175.213, 1379.407
176.594, 1277.396
177.974, 942.854
179.354, 859.751
180.734, 763.766
182.114, 607.893
183.493, 565.953
184.872, 687.687
186.251, 653.612
187.630, 861.588
189.008, 886.639
190.387, 870.713
191.765, 965.725
193.143, 721.678
194.520, 602.581
195.898, 424.431
197.275, 328.758
198.652, 219.642
200.029, 159.000
201.405, 39.905
202.782, 9.807
204.158, 96.732
205.534, 48.605
206.909, 34.107
208.285, 56.704
209.660, 78.155
211.035, 124.367
212.410, 40.134
213.784, 21.340
215.159, 25.788
216.533, 14.788
217.907, 196.610
219.281, 101.983
220.654, 197.331
222.027, 170.653
223.400, 359.948
224.773, 480.218
226.146, 769.459
227.518, 907.671
228.891, 1157.855
230.263, 1282.009
231.634, 1379.134
233.006, 1328.203
234.377, 1099.221
235.748, 865.170
237.119, 725.064
238.490, 489.917
239.860, 480.729
241.231, 287.506
242.601, 365.249
243.970, 294.957
245.340, 419.631
246.709, 389.271
248.079, 422.876
249.448, 540.450
250.816, 567.989
252.185, 685.495
253.553, 842.034
254.921, 857.470
256.289, 903.245
257.657, 885.494
259.024, 829.311
260.391, 715.604
261.758, 557.009
263.125, 302.270
264.492, 388.026
265.858, 292.311
267.224, 60.042
268.590, 213.655
269.956, 13.769
271.321, 131.897
272.687, 180.091
274.052, 151.602
275.416, 68.540
276.781, 347.907
278.146, 383.138
279.510, 385.873
280.874, 540.174
282.237, 578.757
283.601, 758.506
284.964, 686.941
286.327, 318.230
287.690, 502.134
289.053, 345.313
290.416, 143.282
291.778, 260.275
293.140, 131.289
294.502, 131.319
295.863, 33.637
297.225, 48.401
298.586, 13.447
299.947, 29.493
301.308, 65.540
302.668, 27.591
304.029, 99.362
305.389, 7.649
306.749, 25.352
308.108, 64.373
309.468, 95.572
310.827, 166.489
312.186, 48.387
313.545, 70.754
314.903, 44.015
316.262, 83.761
317.620, 31.435
318.978, 330.066
320.336, 279.681
321.693, 303.271
323.051, 323.844
324.408, 380.396
325.765, 288.932
327.121, 337.276
328.478, 414.942
329.834, 322.419
331.190, 338.877
332.546, 281.315
333.902, 238.734
335.257, 313.135
336.612, 127.514
337.967, 255.875
339.322, 241.215
340.677, 204.534
342.031, 195.830
343.385, 202.101
344.739, 329.346
346.093, 290.564
347.446, 178.740
348.799, 269.889
350.153, 158.007
351.505, 240.095
352.858, 126.151
354.210, 203.177
355.563, 145.171
356.915, 149.137
358.267, 215.071
359.618, 197.978
360.969, 175.820
362.321, 428.615
363.672, 437.375
365.022, 448.034
366.373, 482.401
367.723, 522.893
369.073, 601.275
370.423, 659.630
371.773, 705.294
373.122, 678.170
374.471, 862.446
375.821, 1117.568
377.169, 1111.802
378.518, 1379.015
379.866, 1221.777
381.215, 1312.945
382.563, 1392.094
383.910, 1272.223
385.258, 1022.330
386.605, 941.418
387.952, 813.154
389.299, 729.531
390.646, 658.559
391.992, 601.568
393.339, 597.557
394.685, 561.526
396.031, 541.477
397.376, 547.920
398.722, 474.324
400.067, 501.222
401.412, 371.102
402.757, 205.965
404.101, 466.812
405.446, 312.640
406.790, 167.453
408.134, 24.250
409.478, 114.979
410.821, 86.729
412.165, 39.578
413.508, 105.929
414.851, 19.663
416.193, 30.783
417.536, 197.316
418.878, 75.007
420.220, 74.781
421.562, 69.708
422.904, 28.281
424.245, 152.838
425.586, 30.965
426.927, 120.255
428.268, 10.574
429.609, 115.938
430.949, 272.401
432.289, 128.462
433.629, 198.217
434.969, 26.118
436.309, 111.072
437.648, 12.127
438.987, 69.773
440.326, 25.343
441.665, 113.514
443.003, 38.216
444.342, 85.919
445.680, 74.606
447.018, 139.276
448.355, 211.933
449.693, 58.571
451.030, 214.190
452.367, 248.795
453.704, 405.384
455.041, 396.956
456.377, 623.513
457.713, 591.214
459.049, 883.564
460.385, 965.661
461.721, 1263.362
463.056, 1661.846
464.391, 1733.390
465.726, 1877.871
467.061, 2010.429
468.395, 2019.146
469.730, 1792.525
471.064, 1801.926
472.398, 1429.832
473.731, 1432.807
475.065, 1043.578
476.398, 1019.354
477.731, 944.707
479.064, 926.959
480.397, 782.289
481.729, 827.607
483.062, 624.916
484.394, 790.211
485.725, 802.498
487.057, 740.773
488.389, 865.037
489.720, 795.291
491.051, 709.535
492.382, 847.768
493.712, 1004.990
495.043, 941.207
496.373, 978.412
497.703, 947.607
499.032, 997.797
500.362, 1227.975
501.691, 1263.145
503.020, 1409.305
504.349, 1503.457
505.678, 1710.600
507.007, 2025.736
508.335, 2153.861
509.663, 2471.982
510.991, 2494.096
512.319, 2782.201
513.646, 2914.303
514.973, 3152.414
516.300, 3214.523
517.627, 3425.629
518.954, 3487.738
520.280, 3558.842
521.607, 3926.941
522.933, 3957.127
524.259, 4243.352
525.584, 4331.605
526.910, 4581.893
528.235, 4832.195
529.560, 5129.531
530.885, 5277.873
532.209, 5421.469
533.534, 5379.615
534.858, 5578.057
536.182, 5682.508
537.506, 5734.982
538.829, 5564.480
540.152, 5491.051
541.476, 5166.625
542.799, 5418.227
544.121, 4938.873
545.444, 5094.521
546.766, 5177.174
548.088, 4952.828
549.410, 5147.477
550.732, 5111.150
552.053, 5348.834
553.375, 5235.523
554.696, 5183.275
556.017, 5197.031
557.337, 5119.812
558.658, 4808.604
559.978, 4484.434
561.298, 3748.262
562.618, 3570.123
563.938, 3003.982
565.257, 2680.854
566.576, 2560.732
567.895, 2189.047
569.214, 2134.064
570.533, 1835.867
571.851, 1667.021
573.170, 1697.025
574.488, 1859.795
575.805, 1770.539
577.123, 1738.848
578.440, 1659.852
579.758, 1665.895
581.075, 1924.281
582.391, 1775.299
583.708, 1854.533
585.024, 1946.938
586.341, 1925.289
587.657, 2059.561
588.972, 2100.488
590.288, 2295.199
591.603, 2161.279
592.918, 2153.035
594.233, 2045.652
595.548, 2094.160
596.863, 2335.617
598.177, 2295.525
599.491, 2441.445
600.805, 2691.898
602.119, 2849.156
603.432, 3086.889
604.746, 3288.453
606.059, 3539.650
607.372, 3826.859
608.685, 4025.844
609.997, 4671.082
611.309, 4976.336
612.621, 5493.602
613.933, 5823.883
615.245, 6866.176
616.557, 7579.504
617.868, 8660.848
619.179, 9526.207
620.490, 10988.207
621.801, 12178.604
623.111, 14301.020
624.421, 15387.480
625.731, 17238.971
627.041, 17596.486
628.351, 19265.094
629.660, 18759.947
630.970, 18219.590
632.279, 17618.250
633.588, 15784.246
634.896, 14308.969
636.205, 12124.703
637.513, 10904.527
638.821, 9127.303
640.129, 7875.088
641.437, 6978.885
642.744, 5798.695
644.051, 4798.521
645.358, 4356.363
646.665, 3610.219
647.972, 3283.088
649.278, 2540.969
650.584, 2395.865
651.890, 1902.158
653.196, 2050.082
654.502, 1552.021
655.807, 1395.971
657.113, 1175.936
658.418, 1116.916
659.722, 1064.910
661.027, 908.916
662.331, 866.934
663.636, 794.969
664.940, 848.018
666.244, 523.078
667.547, 899.152
668.851, 604.893
670.154, 842.994
671.457, 697.014
672.760, 520.773
674.062, 789.699
675.365, 572.830
676.667, 668.076
677.969, 804.723
679.271, 665.801
680.572, 872.859
681.874, 800.664
683.175, 983.539
684.476, 912.504
685.777, 880.877
687.077, 1150.055
688.378, 907.906
689.678, 1163.250
690.978, 1230.559
692.278, 1156.693
693.577, 1006.600
694.877, 1535.967
696.176, 1231.291
697.475, 1701.494
698.774, 1450.660
700.072, 1736.260
701.371, 1816.574
702.669, 1829.695
703.967, 2033.949
705.265, 2090.062
706.562, 2239.451
707.860, 2088.006
709.157, 2038.400
710.454, 2451.939
711.751, 2038.008
713.047, 2506.502
714.344, 1902.361
715.640, 2391.254
716.936, 1849.936
718.232, 2043.898
719.527, 2094.770
720.823, 1811.055
722.118, 1846.396
723.413, 1787.482
724.708, 1647.346
726.002, 1728.150
727.297, 1764.559
728.591, 1602.740
729.885, 1750.566
731.179, 1774.680
732.472, 1505.934
733.766, 1299.674
735.059, 1321.074
736.352, 1303.715
737.645, 1105.908
738.937, 1053.391
740.230, 1076.135
741.522, 899.330
742.814, 775.256
744.106, 732.463
745.397, 801.090
746.689, 536.879
747.980, 431.537
749.271, 662.855
750.562, 430.469
751.853, 670.568
753.143, 361.514
754.433, 501.070
755.723, 489.195
757.013, 234.361
758.303, 642.527
759.592, 191.688
760.881, 250.846
762.170, 341.098
763.459, 368.246
764.748, 299.391
766.036, 56.617
767.325, 303.748
768.613, 130.875
769.901, 218.994
771.188, 333.107
772.476, 98.213
773.763, 256.314
775.050, 15.592
776.337, 286.484
777.624, 182.553
778.910, 107.617
780.196, 128.672
781.482, 254.719
782.768, 28.242
784.054, 80.227
785.339, 261.746
786.625, 317.711
787.910, 36.668
789.195, 239.607
790.479, 115.539
791.764, 97.459
793.048, 325.369
794.332, 171.268
795.616, 310.152
796.900, 376.027
798.183, 424.891
799.467, 188.742
800.750, 319.582
802.033, 421.406
803.316, 151.221
804.598, 511.020
805.880, 55.809
807.163, 564.578
808.445, 326.336
809.726, 460.076
811.008, 331.805
812.289, 525.518
813.570, 219.219
814.851, 389.904
816.132, 326.576
817.413, 358.232
818.693, 202.873
819.973, 424.500
821.253, 197.201
822.533, 31.793
823.813, 215.363
825.092, 57.082
826.371, 45.420
827.650, 13.170
828.929, 22.377
830.208, 187.301
831.486, 99.498
832.764, 321.125
834.042, 144.205
835.320, 107.135
836.598, 123.150
837.875, 52.191
839.152, 128.945
840.429, 11.816
841.706, 93.846
842.983, 125.447
844.259, 155.838
845.536, 39.652
846.812, 83.887
848.088, 58.504
849.363, 248.189
850.639, 38.957
851.914, 84.846
853.189, 138.814
854.464, 22.104
855.739, 70.994
857.013, 195.854
858.288, 165.592
859.562, 52.500
860.836, 6.756
862.110, 23.947
863.383, 212.385
864.656, 103.303
865.930, 67.199
867.203, 7.225
868.475, 104.389
869.748, 203.924
871.020, 72.793
872.292, 162.420
873.564, 2.611
874.836, 53.768
876.108, 57.100
877.379, 53.033
878.650, 199.963
879.922, 338.934
881.192, 118.965
882.463, 215.973
883.733, 150.957
885.004, 124.951
886.274, 264.922
887.544, 116.863
888.813, 426.812
890.083, 185.738
891.352, 123.641
892.621, 380.531
893.890, 210.398
895.159, 287.242
896.427, 22.061
897.695, 136.885
898.964, 120.182
900.232, 163.477
901.499, 261.250
902.767, 198.025
904.034, 384.770
905.301, 134.492
906.568, 229.180
907.835, 539.922
909.102, 361.662
910.368, 357.379
911.634, 392.072
912.900, 550.736
914.166, 323.377
915.432, 699.986
916.697, 394.568
917.962, 332.125
919.227, 551.666
920.492, 498.176
921.757, 716.658
923.021, 385.109
924.285, 689.535
925.550, 651.928
926.813, 591.287
928.077, 692.996
929.341, 557.283
930.604, 678.541
931.867, 845.762
933.130, 488.953
934.393, 515.111
935.655, 785.189
936.918, 541.004
938.180, 1007.094
939.442, 423.148
940.703, 434.885
941.965, 741.891
943.226, 590.859
944.488, 544.736
945.749, 682.650
947.009, 571.357
948.270, 824.371
949.530, 595.180
950.791, 852.951
952.051, 1009.688
953.311, 767.391
954.570, 636.055
955.830, 744.684
957.089, 879.275
958.348, 863.453
959.607, 842.980
960.866, 1012.469
962.124, 673.922
963.383, 841.412
964.641, 847.859
965.899, 490.268
967.156, 819.643
968.414, 492.982
969.671, 444.283
970.928, 844.543
972.185, 405.766
973.442, 737.951
974.699, 475.443
975.955, 570.549
977.211, 601.711
978.468, 368.098
979.723, 584.295
980.979, 372.254
982.234, 245.064
983.490, 809.443
984.745, 54.355
986.000, 479.252
987.254, 599.371
988.509, 295.385
989.763, 762.275
991.017, 408.727
992.271, 330.342
993.525, 454.246
994.779, 424.629
996.032, 450.012
997.285, 553.531
998.538, 464.252
999.791, 406.477
1001.044, 826.709
1002.296, 352.029
1003.548, 834.354
1004.800, 389.209
1006.052, 551.312
1007.304, 412.574
1008.555, 479.309
1009.807, 564.229
1011.058, 576.459
1012.309, 502.162
1013.559, 682.084
1014.810, 314.209
1016.060, 487.514
1017.310, 477.070
1018.560, 577.322
1019.810, 386.645
1021.060, 389.520
1022.309, 703.678
1023.558, 502.879
1024.807, 561.182
1026.056, 416.555
1027.305, 517.553
1028.553, 545.957
1029.801, 693.775
1031.049, 584.988
1032.297, 568.045
1033.545, 418.781
1034.793, 563.926
1036.040, 771.260
1037.287, 780.621
1038.534, 1011.127
1039.781, 974.381
1041.027, 1098.516
1042.274, 1082.123
1043.520, 1121.742
1044.766, 1293.584
1046.012, 1170.311
1047.257, 1123.447
1048.503, 1149.201
1049.748, 1481.580
1050.993, 1019.498
1052.238, 1605.184
1053.483, 1385.492
1054.727, 1278.900
1055.971, 1231.432
1057.216, 1402.357
1058.459, 1359.918
1059.703, 1187.686
1060.947, 1055.049
1062.190, 1100.912
1063.433, 1077.697
1064.676, 1013.535
1065.919, 942.154
1067.162, 780.383
1068.404, 1137.850
1069.646, 676.947
1070.888, 1016.658
1072.130, 1170.402
1073.372, 785.797
1074.613, 925.477
1075.855, 1080.529
1077.096, 608.887
1078.337, 672.746
1079.578, 943.855
1080.818, 875.348
1082.059, 1056.451
1083.299, 765.656
1084.539, 1089.584
1085.779, 1264.221
1087.018, 1305.072
1088.258, 775.088
1089.497, 972.984
1090.736, 883.412
1091.975, 932.637
1093.213, 871.131
1094.452, 807.799
1095.690, 903.834
1096.928, 733.994
1098.166, 1122.904
1099.404, 1108.748
1100.642, 1340.912
1101.879, 1131.572
1103.116, 1300.963
1104.353, 1245.457
1105.590, 1536.947
1106.827, 1088.965
1108.063, 1624.541
1109.299, 1293.295
1110.536, 1599.594
1111.771, 1718.445
1113.007, 1261.480
1114.243, 1725.715
1115.478, 1478.992
1116.713, 1438.340
1117.948, 1762.525
1119.183, 1384.576
1120.418, 1392.404
1121.652, 1565.188
1122.886, 1644.051
1124.120, 1702.426
1125.354, 1437.684
1126.588, 1395.141
1127.821, 1517.865
1129.055, 966.371
1130.288, 1467.414
1131.521, 1429.859
1132.753, 1101.047
1133.986, 960.521
1135.218, 1010.723
1136.450, 1336.891
1137.682, 822.580
1138.914, 1292.691
1140.146, 796.801
1141.377, 780.588
1142.609, 594.631
1143.840, 997.680
1145.071, 751.742
1146.301, 932.764
1147.532, 820.779
1148.762, 657.781
1149.992, 760.812
1151.222, 729.717
1152.452, 720.680
1153.682, 684.861
1154.911, 629.520
1156.140, 569.338
1157.369, 463.109
1158.598, 467.732
1159.827, 307.324
1161.055, 523.820
1162.284, 68.227
1163.512, 493.465
1164.740, 130.785
1165.967, 300.066
1167.195, 20.785
1168.422, 415.285
1169.650, 106.254
1170.877, 108.176
1172.103, 54.883
1173.330, 142.512
1174.557, 94.070
1175.783, 192.578
1177.009, 348.016
1178.235, 268.621
1179.461, 187.586
1180.686, 148.730
1181.912, 96.188
1183.137, 221.789
1184.362, 214.695
1185.587, 65.465
1186.811, 105.227
1188.036, 171.812
1189.260, 20.684
1190.484, 166.730
1191.708, 84.066
1192.932, 303.328
1194.155, 120.484
1195.378, 9.410
1196.602, 14.559
1197.825, 27.551
1199.047, 65.875
1200.270, 235.684
1201.492, 48.168
1202.715, 330.562
1203.937, 282.121
1205.159, 30.965
1206.380, 19.098
1207.602, 120.078
1208.823, 173.805
1210.044, 176.855
1211.265, 152.621
1212.486, 184.867
1213.707, 105.492
1214.927, 4.961
1216.147, 259.910
1217.367, 149.297
1218.587, 319.266
1219.807, 68.504
1221.027, 309.656
1222.246, 445.953
1223.465, 360.965
1224.684, 466.898
1225.903, 393.762
1227.121, 289.633
1228.340, 164.562
1229.558, 410.625
1230.776, 272.211
1231.994, 309.727
1233.212, 63.824
1234.429, 263.523
1235.646, 231.355
1236.864, 19.438
1238.081, 573.676
1239.297, 16.445
1240.514, 153.430
1241.730, 456.352
1242.947, 230.211
1244.163, 248.344
1245.378, 250.078
1246.594, 398.758
1247.810, 265.383
1249.025, 315.793
1250.240, 277.418
1251.455, 263.836
1252.670, 161.195
1253.885, 91.488
1255.099, 398.004
1256.313, 253.176
1257.527, 229.715
1258.741, 575.266
1259.955, 464.156
1261.168, 86.977
1262.382, 183.711
1263.595, 432.391
1264.808, 212.203
1266.021, 250.770
1267.233, 225.281
1268.446, 462.582
1269.658, 325.977
1270.870, 339.441
1272.082, 551.742
1273.294, 379.000
1274.505, 481.340
1275.716, 594.652
1276.928, 604.176
1278.139, 675.691
1279.349, 661.379
1280.560, 677.309
1281.770, 828.578
1282.981, 710.219
1284.191, 709.945
1285.401, 836.609
1286.610, 837.211
1287.820, 788.758
1289.029, 888.230
1290.239, 847.738
1291.448, 991.992
1292.656, 847.266
1293.865, 710.719
1295.073, 701.629
1296.282, 734.672
1297.490, 648.289
1298.698, 991.680
1299.906, 1011.488
1301.113, 1027.832
1302.320, 829.934
1303.528, 788.949
1304.735, 950.031
1305.942, 604.301
1307.148, 950.457
1308.355, 1474.289
1309.561, 805.934
1310.767, 1397.914
1311.973, 1077.340
1313.179, 1046.188
1314.384, 974.473
1315.590, 1604.000
1316.795, 1457.551
1318.000, 1358.070
1319.205, 1092.402
1320.410, 1612.414
1321.614, 1287.562
1322.819, 902.633
1324.023, 1491.781
1325.227, 1129.848
1326.431, 1467.238
1327.634, 1292.727
1328.838, 1465.703
1330.041, 1554.164
1331.244, 1551.352
1332.447, 1232.348
1333.650, 1330.945
1334.852, 1266.047
1336.055, 1193.664
1337.257, 1261.484
1338.459, 1245.684
1339.661, 1052.461
1340.862, 1157.984
1342.064, 918.156
1343.265, 897.824
1344.466, 669.625
1345.667, 609.512
1346.868, 508.156
1348.068, 710.219
1349.269, 507.852
1350.469, 347.137
1351.669, 478.082
1352.869, 299.195
1354.069, 343.191
1355.268, 545.094
1356.468, 167.750
1357.667, 574.090
1358.866, 392.086
1360.065, 191.738
1361.263, 497.055
1362.462, 124.102
1363.660, 460.969
1364.858, 457.637
1366.056, 219.504
1367.254, 393.441
1368.451, 337.320
1369.649, 477.250
1370.846, 241.465
1372.043, 208.008
1373.240, 156.895
1374.436, 297.777
1375.633, 370.656
1376.829, 351.406
1378.025, 294.004
1379.221, 5.355
1380.417, 397.574
1381.613, 40.492
1382.808, 72.375
1384.003, 508.285
1385.199, 237.645
1386.393, 498.551
1387.588, 151.594
1388.783, 405.742
1389.977, 436.781
1391.171, 447.922
1392.365, 320.793
1393.559, 240.168
1394.753, 303.371
1395.946, 247.609
1397.140, 382.949
1398.333, 154.512
1399.526, 349.754
1400.719, 261.297
1401.911, 302.168
1403.104, 471.750
1404.296, 365.148
1405.488, 308.879
1406.680, 559.223
1407.872, 33.016
1409.063, 323.145
1410.255, 516.430
1411.446, 53.051
1412.637, 488.539
1413.828, 208.883
1415.018, 517.605
1416.209, 585.754
1417.399, 198.566
1418.589, 200.273
1419.779, 570.109
1420.969, 25.508
1422.159, 427.605
1423.348, 50.344
1424.537, 62.949
1425.726, 0.000
##END=



