##NAMES=Lazulite
##RRUFFID=R050110
##IDEAL CHEMISTRY=MgAl_2_(PO_4_)_2_(OH)_2_
##LOCALITY=Rapid Creek, Yukon Territory, Canada
##OWNER=RRUFF
##SOURCE=Rock Currier
##DESCRIPTION=Azure-blue stubby crystals with complex terminations
##STATUS=The identification of this mineral has been confirmed by X-ray diffraction and chemical analysis
##URL=rruff.info/R050110
##MEASURED CHEMISTRY=(Mg_0.84_Fe_0.16_)Al_2.00_(P_1.00_O_4_)_2_(OH)_2_
143.6380, 0.0000000E+00
144.1201, 2.626465
144.6022, 15.39600
145.0843, 45.15887
145.5664, 63.47052
146.0485, 71.64313
146.5307, 66.76440
147.0128, 57.38861
147.4949, 42.43127
147.9770, 19.70129
148.4591, 5.478027
148.9412, 8.357788
149.4234, 12.86987
149.9055, 13.05750
150.3876, 1.546936
150.8697, 4.306702
151.3518, 1.802429
151.8339, 9.251892
152.3161, 13.12097
152.7982, 8.857178
153.2803, 4.949158
153.7624, 7.321289
154.2445, 28.53363
154.7266, 44.62164
155.2087, 48.24866
155.6909, 38.13171
156.1730, 27.35461
156.6551, 17.94397
157.1372, 9.752502
157.6193, 2.519653
158.1014, 6.938538
158.5836, 13.07782
159.0657, 13.52936
159.5478, 7.786987
160.0299, 2.605347
160.5120, 23.75354
160.9941, 49.27521
161.4763, 65.88647
161.9584, 60.32233
162.4405, 48.58569
162.9226, 41.49445
163.4047, 41.37366
163.8868, 46.18665
164.3690, 56.63489
164.8511, 71.76385
165.3332, 87.46130
165.8153, 97.38519
166.2974, 108.4573
166.7795, 127.7356
167.2617, 161.5401
167.7438, 201.2979
168.2259, 237.9694
168.7080, 271.5890
169.1901, 315.9302
169.6722, 376.9719
170.1544, 455.2510
170.6365, 551.7513
171.1186, 696.0449
171.6007, 844.0481
172.0828, 951.0715
172.5649, 1012.135
173.0471, 1051.689
173.5292, 1087.589
174.0113, 1118.930
174.4934, 1142.684
174.9755, 1147.911
175.4576, 1146.564
175.9397, 1157.452
176.4219, 1184.326
176.9040, 1220.687
177.3861, 1261.155
177.8682, 1305.148
178.3503, 1351.525
178.8324, 1398.076
179.3146, 1446.044
179.7967, 1499.998
180.2788, 1559.530
180.7609, 1625.193
181.2430, 1698.515
181.7251, 1778.793
182.2073, 1863.474
182.6894, 1945.908
183.1715, 2029.243
183.6536, 2122.438
184.1357, 2224.178
184.6178, 2339.218
185.1000, 2480.986
185.5821, 2650.219
186.0642, 2848.941
186.5463, 3079.061
187.0284, 3339.483
187.5105, 3646.058
187.9927, 4052.147
188.4748, 4516.041
188.9569, 4898.297
189.4390, 5218.567
189.9211, 5384.765
190.4032, 5200.965
190.8854, 4661.310
191.3675, 4042.613
191.8496, 3443.668
192.3317, 2869.111
192.8138, 2390.131
193.2959, 2018.840
193.7781, 1734.824
194.2602, 1503.028
194.7423, 1328.501
195.2244, 1178.571
195.7065, 1034.002
196.1886, 894.6301
196.6708, 767.1240
197.1529, 652.0469
197.6350, 549.4802
198.1171, 459.5045
198.5992, 381.8300
199.0813, 317.5370
199.5634, 269.9504
200.0456, 240.4120
200.5277, 215.3722
201.0098, 192.7410
201.4919, 171.6876
201.9740, 151.9612
202.4561, 133.0186
202.9383, 116.4609
203.4204, 103.5613
203.9025, 93.96167
204.3846, 89.55774
204.8667, 92.29535
205.3488, 102.1719
205.8310, 108.2573
206.3131, 107.3707
206.7952, 107.2642
207.2773, 120.7925
207.7594, 152.7061
208.2415, 183.6037
208.7237, 208.2271
209.2058, 227.8323
209.6879, 232.5245
210.1700, 214.8567
210.6521, 188.6613
211.1342, 182.1068
211.6164, 201.6566
212.0985, 225.4480
212.5806, 245.2358
213.0627, 261.3491
213.5448, 271.1468
214.0269, 271.8059
214.5091, 267.2700
214.9912, 268.2010
215.4733, 274.1370
215.9554, 286.0919
216.4375, 306.4413
216.9196, 339.2910
217.4018, 368.2141
217.8839, 389.8954
218.3660, 406.2397
218.8481, 427.9283
219.3302, 454.3777
219.8123, 486.7620
220.2945, 526.9687
220.7766, 579.3887
221.2587, 628.6590
221.7408, 671.9330
222.2229, 709.9659
222.7050, 750.1696
223.1871, 805.7869
223.6693, 848.2485
224.1514, 852.8295
224.6335, 809.7945
225.1156, 747.8076
225.5977, 666.4714
226.0798, 565.9749
226.5620, 466.2883
227.0441, 362.7941
227.5262, 265.7956
228.0083, 184.9023
228.4904, 122.2512
228.9725, 73.15216
229.4547, 38.77148
229.9368, 20.93256
230.4189, 3.716431
230.9010, 15.17285
231.3831, 31.92224
231.8652, 41.07294
232.3474, 39.51654
232.8295, 35.73187
233.3116, 33.23224
233.7937, 34.51947
234.2758, 26.52576
234.7579, 5.919312
235.2401, 22.19318
235.7222, 49.04352
236.2043, 74.03595
236.6864, 101.0252
237.1685, 131.7037
237.6507, 168.4232
238.1328, 197.9406
238.6149, 217.4558
239.0970, 231.4297
239.5791, 248.9908
240.0612, 271.3083
240.5434, 294.3469
241.0255, 315.2970
241.5076, 329.2073
241.9897, 355.2224
242.4718, 399.3073
242.9539, 452.9351
243.4360, 493.2299
243.9182, 514.7642
244.4003, 532.2830
244.8824, 552.3777
245.3645, 573.7727
245.8466, 598.4322
246.3287, 626.4691
246.8109, 658.8068
247.2930, 697.4756
247.7751, 745.9933
248.2572, 795.3562
248.7393, 838.8498
249.2214, 868.6430
249.7036, 909.0784
250.1857, 961.8073
250.6678, 1026.370
251.1499, 1106.187
251.6320, 1214.540
252.1141, 1320.563
252.5963, 1407.511
253.0784, 1491.738
253.5605, 1519.291
254.0426, 1475.397
254.5247, 1366.120
255.0068, 1235.842
255.4890, 1069.587
255.9711, 902.5529
256.4532, 759.5693
256.9353, 642.2551
257.4174, 544.1871
257.8995, 463.6223
258.3817, 400.9962
258.8638, 354.6005
259.3459, 329.5747
259.8280, 313.5519
260.3101, 294.7877
260.7922, 270.6641
261.2744, 251.2130
261.7565, 238.2611
262.2386, 231.6267
262.7207, 231.9505
263.2028, 240.3596
263.6849, 253.9733
264.1671, 271.3920
264.6492, 294.6259
265.1313, 314.8824
265.6134, 329.6670
266.0955, 339.1129
266.5776, 345.3939
267.0598, 346.2947
267.5419, 347.6008
268.0240, 356.0703
268.5061, 372.9551
268.9882, 392.5754
269.4703, 415.6941
269.9525, 442.1161
270.4346, 457.8485
270.9167, 458.7924
271.3988, 457.0146
271.8809, 468.5332
272.3630, 495.9902
272.8452, 522.7114
273.3273, 542.6212
273.8094, 555.9131
274.2915, 573.2383
274.7736, 595.1816
275.2557, 619.7623
275.7379, 642.9223
276.2200, 663.7609
276.7021, 690.0167
277.1842, 726.6208
277.6663, 772.4093
278.1484, 814.1953
278.6305, 851.5997
279.1126, 885.7626
279.5948, 919.6714
280.0769, 953.9502
280.5590, 978.9863
281.0411, 995.1248
281.5232, 1000.952
282.0053, 978.1702
282.4875, 922.5670
282.9696, 851.2577
283.4517, 786.0808
283.9338, 727.0335
284.4159, 665.6868
284.8980, 596.4460
285.3802, 520.9128
285.8623, 453.0852
286.3444, 393.0404
286.8265, 338.8374
287.3086, 286.1622
287.7907, 235.5980
288.2729, 194.4157
288.7550, 171.0547
289.2371, 159.8677
289.7192, 137.7812
290.2013, 103.1429
290.6834, 69.15479
291.1656, 56.51318
291.6477, 61.31671
292.1298, 63.19794
292.6119, 51.49872
293.0940, 29.85309
293.5761, 6.943359
294.0583, 17.82758
294.5404, 38.58026
295.0225, 45.64886
295.5046, 42.11969
295.9867, 39.98456
296.4688, 47.17767
296.9510, 58.96625
297.4331, 65.38367
297.9152, 65.63745
298.3973, 65.13477
298.8794, 72.94690
299.3615, 84.93237
299.8437, 89.93524
300.3258, 76.82721
300.8079, 55.96790
301.2900, 41.94366
301.7721, 36.29877
302.2542, 31.03564
302.7364, 19.33496
303.2185, 2.965820
303.7006, 14.70349
304.1827, 31.77753
304.6648, 49.47113
305.1469, 69.31458
305.6291, 91.57330
306.1112, 113.6234
306.5933, 134.6434
307.0754, 154.1117
307.5575, 170.7321
308.0396, 177.8383
308.5218, 185.9792
309.0039, 206.0480
309.4860, 239.5626
309.9681, 270.1511
310.4502, 282.7467
310.9323, 287.5775
311.4145, 298.7596
311.8966, 326.8231
312.3787, 359.0870
312.8608, 388.2755
313.3429, 413.8857
313.8250, 440.0835
314.3072, 465.9313
314.7893, 494.7042
315.2714, 530.3192
315.7535, 576.5292
316.2356, 627.6053
316.7177, 681.6171
317.1999, 738.6944
317.6820, 797.9382
318.1641, 862.3279
318.6462, 928.0061
319.1283, 990.3572
319.6104, 1059.274
320.0926, 1114.259
320.5747, 1152.840
321.0568, 1175.311
321.5389, 1171.111
322.0210, 1129.553
322.5031, 1064.750
322.9852, 989.4396
323.4673, 890.7075
323.9495, 796.2966
324.4316, 705.5959
324.9137, 618.2019
325.3958, 553.4352
325.8779, 530.9357
326.3600, 520.9439
326.8422, 502.1454
327.3243, 454.5593
327.8064, 423.8378
328.2885, 420.3827
328.7706, 442.9397
329.2527, 460.5099
329.7349, 467.0916
330.2170, 474.0106
330.6991, 489.5790
331.1812, 519.1204
331.6633, 547.5953
332.1454, 574.0079
332.6276, 598.2974
333.1097, 619.7898
333.5918, 636.8472
334.0739, 653.2828
334.5560, 672.6746
335.0381, 697.0808
335.5203, 716.2105
336.0024, 725.3428
336.4845, 729.2379
336.9666, 746.7675
337.4487, 780.8140
337.9308, 819.9586
338.4130, 856.2229
338.8951, 889.7442
339.3772, 923.6846
339.8593, 957.1744
340.3414, 992.7766
340.8235, 1040.466
341.3057, 1101.348
341.7878, 1161.594
342.2699, 1208.425
342.7520, 1244.165
343.2341, 1290.497
343.7162, 1356.541
344.1984, 1420.321
344.6805, 1444.134
345.1626, 1429.289
345.6447, 1394.095
346.1268, 1345.135
346.6089, 1283.842
347.0911, 1214.665
347.5732, 1137.016
348.0553, 1056.145
348.5374, 979.6447
349.0195, 906.9123
349.5016, 833.4205
349.9838, 752.6854
350.4659, 672.5068
350.9480, 605.1208
351.4301, 550.3790
351.9122, 504.6643
352.3943, 470.9871
352.8765, 445.3739
353.3586, 418.3257
353.8407, 376.3060
354.3228, 335.6845
354.8049, 313.7242
355.2870, 312.1858
355.7692, 316.1758
356.2513, 318.9009
356.7334, 320.0244
357.2155, 319.5278
357.6976, 316.2386
358.1797, 314.3125
358.6619, 314.9048
359.1440, 317.6867
359.6261, 324.7107
360.1082, 337.1538
360.5903, 354.6180
361.0724, 376.6731
361.5546, 406.0274
362.0367, 435.7494
362.5188, 462.7659
363.0009, 487.6694
363.4830, 516.7870
363.9651, 560.0131
364.4473, 602.4132
364.9294, 634.7971
365.4115, 639.1093
365.8936, 652.6008
366.3757, 685.3250
366.8578, 732.3065
367.3399, 768.5865
367.8221, 782.5164
368.3042, 796.2426
368.7863, 819.9705
369.2684, 857.0521
369.7505, 899.1717
370.2326, 948.0618
370.7148, 1001.031
371.1969, 1049.562
371.6790, 1088.836
372.1611, 1131.468
372.6432, 1183.751
373.1253, 1247.609
373.6075, 1313.082
374.0896, 1384.241
374.5717, 1451.553
375.0538, 1498.329
375.5359, 1522.026
376.0180, 1537.695
376.5002, 1555.770
376.9823, 1575.149
377.4644, 1566.852
377.9465, 1528.328
378.4286, 1470.275
378.9107, 1404.259
379.3929, 1329.454
379.8750, 1244.808
380.3571, 1142.969
380.8392, 1032.203
381.3213, 931.2411
381.8034, 840.5887
382.2856, 759.7348
382.7677, 692.6185
383.2498, 636.0798
383.7319, 579.1384
384.2140, 514.9007
384.6961, 452.5333
385.1783, 404.3617
385.6604, 369.3193
386.1425, 339.3503
386.6246, 305.1753
387.1067, 274.0657
387.5888, 255.3309
388.0710, 254.9317
388.5531, 259.2802
389.0352, 260.0852
389.5173, 258.7365
389.9994, 259.3678
390.4815, 265.4523
390.9637, 273.2377
391.4458, 280.0858
391.9279, 285.0488
392.4100, 290.3843
392.8921, 296.8965
393.3742, 304.2701
393.8564, 311.8588
394.3385, 312.4534
394.8206, 319.4297
395.3027, 337.7098
395.7848, 368.5078
396.2669, 407.0944
396.7491, 463.1488
397.2312, 522.9158
397.7133, 570.6216
398.1954, 595.0681
398.6775, 620.7070
399.1596, 652.0266
399.6418, 689.1995
400.1239, 726.5278
400.6060, 763.5916
401.0881, 801.3967
401.5702, 841.3190
402.0523, 884.2056
402.5345, 925.3132
403.0166, 961.7784
403.4987, 996.1965
403.9808, 1040.450
404.4629, 1095.240
404.9450, 1155.805
405.4272, 1215.903
405.9093, 1275.499
406.3914, 1351.233
406.8735, 1444.198
407.3556, 1553.766
407.8377, 1673.960
408.3199, 1805.982
408.8020, 1964.620
409.2841, 2163.782
409.7662, 2397.761
410.2483, 2656.708
410.7304, 2944.730
411.2126, 3223.980
411.6946, 3505.619
412.1768, 3749.577
412.6589, 3858.582
413.1410, 3771.119
413.6231, 3535.965
414.1052, 3151.998
414.5873, 2626.498
415.0695, 2123.185
415.5516, 1747.163
416.0337, 1458.205
416.5158, 1217.049
416.9979, 1011.998
417.4800, 846.7237
417.9622, 730.3294
418.4443, 658.1730
418.9264, 605.2932
419.4085, 570.7406
419.8906, 548.4635
420.3727, 535.6177
420.8549, 533.9432
421.3370, 537.8749
421.8191, 545.8815
422.3012, 558.8770
422.7833, 579.0734
423.2654, 612.0457
423.7476, 646.8495
424.2297, 680.9979
424.7118, 715.3607
425.1939, 746.5549
425.6760, 781.1812
426.1581, 806.9778
426.6403, 809.3633
427.1224, 786.4509
427.6045, 744.2311
428.0866, 680.0361
428.5687, 595.4416
429.0508, 514.2377
429.5330, 435.8224
430.0151, 362.2250
430.4972, 293.2084
430.9793, 228.9802
431.4614, 173.1299
431.9435, 127.5139
432.4257, 89.68512
432.9078, 53.68231
433.3899, 19.99860
433.8720, 6.536987
434.3541, 19.11407
434.8362, 22.97058
435.3184, 28.56671
435.8005, 37.54785
436.2826, 45.88782
436.7647, 50.26862
437.2468, 51.32715
437.7289, 50.15515
438.2111, 45.72089
438.6932, 40.19482
439.1753, 34.01685
439.6574, 26.83594
440.1395, 22.45306
440.6216, 26.86664
441.1038, 34.09906
441.5859, 37.78949
442.0680, 34.22150
442.5501, 29.00806
443.0322, 22.15363
443.5143, 14.29077
443.9965, 9.268188
444.4786, 13.78778
444.9607, 16.81494
445.4428, 12.64996
445.9249, 4.861389
446.4070, 19.69617
446.8892, 32.91467
447.3713, 43.72302
447.8534, 48.91003
448.3355, 42.35199
448.8176, 40.73993
449.2997, 51.95538
449.7819, 77.17975
450.2640, 96.76630
450.7461, 110.3622
451.2282, 119.1954
451.7103, 121.0023
452.1924, 115.4345
452.6746, 117.6407
453.1567, 134.6127
453.6388, 160.0631
454.1209, 178.1786
454.6030, 189.1286
455.0851, 195.0141
455.5673, 190.7221
456.0494, 183.1506
456.5315, 190.4006
457.0136, 220.7147
457.4957, 252.5308
457.9778, 263.0383
458.4599, 258.1657
458.9420, 253.2477
459.4242, 254.6888
459.9063, 260.0707
460.3884, 270.2709
460.8705, 286.3357
461.3526, 296.1137
461.8347, 287.4091
462.3169, 272.1169
462.7990, 262.3969
463.2811, 269.7427
463.7632, 274.2512
464.2453, 269.6852
464.7274, 256.9070
465.2096, 245.4168
465.6917, 232.9006
466.1738, 224.4408
466.6559, 223.0807
467.1380, 233.9904
467.6201, 241.9084
468.1023, 245.2430
468.5844, 246.4960
469.0665, 250.3438
469.5486, 256.8441
470.0307, 265.5681
470.5128, 275.7100
470.9950, 287.4673
471.4771, 306.5776
471.9592, 334.9299
472.4413, 362.6758
472.9234, 376.8903
473.4055, 379.9169
473.8877, 387.2306
474.3698, 403.9983
474.8519, 425.5137
475.3340, 446.6089
475.8161, 466.6986
476.2982, 481.3657
476.7804, 486.4210
477.2625, 485.1927
477.7446, 482.7535
478.2267, 481.1484
478.7088, 472.9005
479.1909, 452.8215
479.6731, 422.9165
480.1552, 386.3854
480.6373, 335.4501
481.1194, 285.9941
481.6015, 244.7395
482.0836, 211.7816
482.5658, 182.8090
483.0479, 157.5950
483.5300, 135.7737
484.0121, 116.9019
484.4942, 101.2576
484.9763, 88.01221
485.4585, 78.91626
485.9406, 72.09546
486.4227, 61.88483
486.9048, 45.71350
487.3869, 31.84912
487.8690, 23.57611
488.3512, 21.12518
488.8333, 23.29175
489.3154, 31.80737
489.7975, 40.31683
490.2796, 39.74780
490.7617, 30.80426
491.2439, 24.02295
491.7260, 23.20551
492.2081, 25.07556
492.6902, 23.00397
493.1723, 17.45850
493.6544, 13.08405
494.1366, 14.96161
494.6187, 20.17548
495.1008, 24.93121
495.5829, 29.45001
496.0650, 30.22723
496.5471, 22.02533
497.0293, 9.435425
497.5114, 7.8979000E-02
497.9935, 1.986816
498.4756, 2.446594
498.9577, 3.296326
499.4398, 4.404846
499.9220, 5.920532
500.4041, 8.245483
500.8862, 10.49091
501.3683, 12.13342
501.8504, 14.32611
502.3325, 14.77136
502.8146, 11.25330
503.2968, 6.037964
503.7789, 6.381470
504.2610, 16.36084
504.7431, 24.20435
505.2252, 23.95593
505.7073, 15.63806
506.1895, 11.18378
506.6716, 11.69830
507.1537, 11.84955
507.6358, 4.052979
508.1179, 10.24078
508.6000, 21.72266
509.0822, 27.56201
509.5643, 29.89789
510.0464, 31.84741
510.5285, 33.24316
511.0106, 33.29028
511.4927, 28.55377
511.9749, 23.69171
512.4570, 24.29462
512.9391, 31.94629
513.4212, 40.35907
513.9033, 48.05804
514.3854, 53.98523
514.8676, 56.70551
515.3497, 52.15338
515.8318, 48.20258
516.3139, 46.53381
516.7960, 47.22864
517.2781, 50.42017
517.7603, 58.87854
518.2424, 67.12091
518.7245, 72.51599
519.2066, 74.25714
519.6887, 74.74884
520.1708, 73.13654
520.6530, 71.11548
521.1351, 71.65063
521.6172, 74.98834
522.0993, 79.04950
522.5814, 83.49591
523.0635, 88.10803
523.5457, 91.83447
524.0278, 94.67865
524.5099, 97.29987
524.9920, 100.8086
525.4741, 104.4078
525.9562, 105.9649
526.4384, 104.3553
526.9205, 102.6592
527.4026, 103.9705
527.8847, 107.3026
528.3668, 110.5825
528.8489, 110.1899
529.3311, 111.6439
529.8132, 121.1689
530.2953, 139.1862
530.7774, 149.3613
531.2595, 139.4426
531.7416, 124.7510
532.2238, 116.3028
532.7059, 123.4598
533.1880, 124.6924
533.6701, 113.5864
534.1522, 98.25128
534.6343, 99.06500
535.1165, 124.6125
535.5986, 145.4507
536.0807, 149.6151
536.5628, 138.0206
537.0449, 130.0071
537.5270, 125.8336
538.0092, 123.3713
538.4913, 121.8640
538.9734, 120.6632
539.4555, 116.5542
539.9376, 108.1904
540.4197, 98.13666
540.9019, 88.79510
541.3840, 80.15863
541.8661, 72.08057
542.3482, 62.59180
542.8303, 54.96472
543.3124, 52.59222
543.7946, 55.89325
544.2767, 59.27161
544.7588, 62.75226
545.2409, 63.89966
545.7230, 60.72559
546.2051, 50.55518
546.6873, 39.29431
547.1694, 24.57983
547.6515, 9.407166
548.1336, 1.695435
548.6157, 4.908447
549.0978, 9.207214
549.5800, 12.50824
550.0621, 14.99365
550.5442, 11.94055
551.0263, 1.829224
551.5084, 9.359131
551.9905, 16.22534
552.4727, 18.75031
552.9548, 17.43469
553.4369, 10.81329
553.9190, 3.689697
554.4011, 4.746704
554.8832, 12.06061
555.3654, 17.98761
555.8475, 17.71222
556.3296, 14.00336
556.8117, 9.045654
557.2938, 2.939270
557.7759, 3.902039
558.2581, 14.67615
558.7402, 24.17548
559.2223, 27.98248
559.7044, 16.24402
560.1865, 10.47302
560.6686, 18.62659
561.1508, 34.09485
561.6329, 42.26288
562.1150, 37.03693
562.5971, 33.38477
563.0792, 37.05713
563.5613, 48.40698
564.0435, 57.21783
564.5256, 62.85101
565.0077, 66.80646
565.4898, 70.51569
565.9719, 74.24902
566.4540, 77.35938
566.9362, 78.89398
567.4183, 81.59473
567.9004, 90.96246
568.3824, 104.7922
568.8646, 116.4337
569.3467, 122.0444
569.8288, 124.8079
570.3109, 125.8382
570.7930, 125.5535
571.2751, 128.1553
571.7573, 134.2934
572.2394, 144.7754
572.7215, 160.6961
573.2036, 186.6977
573.6857, 209.7509
574.1678, 227.7506
574.6500, 242.5718
575.1321, 256.0144
575.6142, 266.2372
576.0963, 279.2331
576.5784, 298.2515
577.0605, 321.2084
577.5427, 336.9693
578.0248, 345.4747
578.5069, 347.9205
578.9890, 344.1026
579.4711, 334.7378
579.9532, 322.8948
580.4354, 308.9251
580.9175, 291.7541
581.3996, 265.8244
581.8817, 236.4583
582.3638, 213.8247
582.8459, 206.7253
583.3281, 201.7097
583.8102, 188.8754
584.2923, 170.8077
584.7744, 156.5825
585.2565, 149.9557
585.7386, 147.1343
586.2208, 145.7580
586.7029, 144.2546
587.1850, 150.9149
587.6671, 171.1000
588.1492, 194.2043
588.6313, 210.3256
589.1135, 217.1486
589.5956, 225.7793
590.0777, 237.6810
590.5598, 251.9708
591.0419, 266.1572
591.5240, 280.2183
592.0062, 297.4234
592.4883, 321.3039
592.9704, 348.9407
593.4525, 374.1554
593.9346, 397.1039
594.4167, 419.4927
594.8989, 437.7969
595.3810, 458.5172
595.8631, 490.3177
596.3452, 541.9484
596.8273, 588.7983
597.3094, 614.8745
597.7916, 631.8540
598.2737, 658.4230
598.7558, 703.5052
599.2379, 751.8428
599.7200, 801.3611
600.2021, 852.1208
600.6843, 903.6157
601.1664, 956.2291
601.6485, 1007.769
602.1306, 1058.148
602.6127, 1107.592
603.0948, 1146.907
603.5770, 1174.216
604.0591, 1196.430
604.5412, 1222.331
605.0233, 1249.230
605.5054, 1268.326
605.9875, 1275.904
606.4697, 1277.004
606.9518, 1272.999
607.4339, 1266.049
607.9160, 1261.780
608.3981, 1253.300
608.8802, 1256.136
609.3624, 1286.115
609.8445, 1347.812
610.3266, 1389.247
610.8087, 1386.938
611.2908, 1376.532
611.7729, 1379.387
612.2551, 1403.330
612.7372, 1419.114
613.2193, 1425.925
613.7014, 1424.310
614.1835, 1409.948
614.6656, 1382.300
615.1478, 1363.137
615.6299, 1357.748
616.1120, 1365.638
616.5941, 1391.424
617.0762, 1432.469
617.5583, 1471.427
618.0405, 1497.394
618.5226, 1516.233
619.0047, 1532.005
619.4868, 1544.552
619.9689, 1560.932
620.4510, 1590.268
620.9332, 1621.347
621.4153, 1643.715
621.8974, 1661.280
622.3795, 1662.831
622.8616, 1643.528
623.3438, 1609.837
623.8259, 1574.422
624.3080, 1535.963
624.7901, 1499.044
625.2722, 1463.288
625.7543, 1430.530
626.2365, 1411.619
626.7186, 1407.030
627.2007, 1405.004
627.6828, 1397.507
628.1649, 1386.925
628.6470, 1377.647
629.1292, 1370.118
629.6113, 1362.453
630.0934, 1356.056
630.5755, 1347.787
631.0576, 1333.634
631.5397, 1299.221
632.0219, 1274.072
632.5040, 1275.953
632.9861, 1293.961
633.4682, 1294.912
633.9503, 1267.432
634.4324, 1237.237
634.9146, 1211.962
635.3967, 1191.603
635.8788, 1167.088
636.3609, 1136.364
636.8430, 1109.557
637.3251, 1098.457
637.8073, 1099.455
638.2894, 1091.976
638.7715, 1071.775
639.2536, 1051.648
639.7357, 1045.453
640.2178, 1049.112
640.7000, 1055.259
641.1821, 1063.955
641.6642, 1071.451
642.1463, 1075.013
642.6284, 1075.715
643.1105, 1076.801
643.5927, 1079.677
644.0748, 1082.457
644.5569, 1085.856
645.0390, 1090.244
645.5211, 1088.460
646.0032, 1081.444
646.4854, 1066.745
646.9675, 1042.753
647.4496, 1009.298
647.9317, 965.9633
648.4138, 910.9189
648.8959, 853.8259
649.3781, 810.5547
649.8602, 775.8377
650.3423, 733.7161
650.8244, 672.1878
651.3065, 610.7807
651.7886, 565.1742
652.2708, 531.4588
652.7529, 498.2916
653.2350, 460.3083
653.7171, 423.2761
654.1992, 389.0312
654.6813, 357.6518
655.1635, 330.2872
655.6456, 309.6630
656.1277, 289.4313
656.6098, 264.6513
657.0919, 233.8806
657.5740, 209.6804
658.0562, 193.3109
658.5382, 181.4266
659.0203, 171.3571
659.5024, 162.6212
659.9846, 153.5905
660.4667, 144.4344
660.9488, 133.7611
661.4309, 116.4590
661.9130, 96.57590
662.3951, 83.99353
662.8773, 88.67639
663.3594, 96.39673
663.8415, 103.1261
664.3236, 108.5306
664.8057, 107.1276
665.2878, 91.01376
665.7700, 77.26849
666.2521, 76.27417
666.7342, 92.17725
667.2163, 95.30273
667.6984, 82.33408
668.1805, 65.59387
668.6627, 59.20615
669.1448, 61.14774
669.6269, 60.62122
670.1090, 55.17999
670.5911, 47.33951
671.0732, 38.30762
671.5554, 29.00299
672.0375, 21.31073
672.5196, 15.48294
673.0017, 12.10876
673.4838, 13.78915
673.9659, 19.15619
674.4481, 19.95581
674.9302, 9.497711
675.4123, 0.2777100
675.8944, 2.650574
676.3765, 1.537842
676.8586, 1.545258
677.3408, 4.087494
677.8229, 9.625458
678.3050, 9.116028
678.7871, 3.789642
679.2692, 0.9836730
679.7513, 1.818085
680.2335, 4.200409
680.7156, 6.884613
681.1977, 9.363007
681.6798, 10.69025
682.1619, 9.087769
682.6440, 8.016907
683.1262, 10.21967
683.6083, 14.17334
684.0904, 15.89502
684.5725, 10.98953
685.0546, 8.002563
685.5367, 9.983887
686.0189, 16.27066
686.5010, 18.60867
686.9831, 16.30923
687.4652, 12.55115
687.9473, 8.113190
688.4294, 3.561096
688.9116, 3.191589
689.3937, 7.427826
689.8758, 11.45731
690.3579, 11.08871
690.8400, 7.833313
691.3221, 3.234711
691.8043, 4.195923
692.2864, 8.583893
692.7685, 4.916840
693.2506, 2.543243
693.7327, 7.644073
694.2148, 8.655975
694.6970, 8.484283
695.1791, 7.775238
695.6612, 6.031311
696.1433, 0.8980410
696.6254, 8.432343
697.1075, 16.35416
697.5897, 19.62231
698.0718, 19.98340
698.5539, 23.46771
699.0360, 29.83017
699.5181, 35.74533
700.0002, 37.74472
700.4824, 38.58197
700.9645, 41.55951
701.4466, 47.50293
701.9287, 51.87054
702.4108, 52.35876
702.8929, 50.84274
703.3751, 48.67178
703.8572, 42.44427
704.3393, 41.83496
704.8214, 48.93985
705.3035, 59.58029
705.7856, 68.66940
706.2678, 76.37787
706.7499, 79.01743
707.2320, 72.61923
707.7141, 65.28720
708.1962, 74.59491
708.6783, 96.20795
709.1605, 114.0501
709.6426, 119.5937
710.1247, 118.9489
710.6068, 114.0250
711.0889, 105.7441
711.5710, 100.2710
712.0532, 99.52350
712.5353, 101.9015
713.0174, 107.0715
713.4995, 115.3878
713.9816, 123.6790
714.4637, 132.0793
714.9459, 139.9738
715.4280, 146.8301
715.9101, 152.5894
716.3922, 157.6211
716.8743, 161.7405
717.3564, 166.0082
717.8386, 170.0089
718.3207, 175.2374
718.8028, 184.7345
719.2849, 202.9808
719.7670, 219.8146
720.2491, 227.6934
720.7313, 231.1746
721.2134, 238.9497
721.6955, 254.0756
722.1776, 271.2793
722.6597, 290.3104
723.1418, 310.6295
723.6240, 330.1346
724.1061, 348.7597
724.5882, 366.9183
725.0703, 384.8390
725.5524, 402.5667
726.0345, 420.4818
726.5167, 438.5656
726.9988, 456.5599
727.4809, 471.5418
727.9630, 488.0892
728.4451, 511.3067
728.9272, 542.6583
729.4094, 573.8138
729.8915, 603.9397
730.3736, 631.6947
730.8557, 655.8734
731.3378, 675.3599
731.8199, 693.7820
732.3021, 709.6188
732.7842, 727.0924
733.2663, 753.7863
733.7484, 788.7300
734.2305, 820.1931
734.7126, 844.4934
735.1948, 864.7786
735.6769, 887.4892
736.1590, 909.6596
736.6411, 923.5676
737.1232, 914.1320
737.6053, 907.2963
738.0875, 918.9113
738.5696, 943.7630
739.0517, 958.0257
739.5338, 957.1317
740.0159, 951.2969
740.4980, 943.3441
740.9802, 932.4977
741.4623, 917.7241
741.9444, 899.5043
742.4265, 878.1957
742.9086, 853.1916
743.3907, 824.8113
743.8729, 794.1508
744.3550, 761.4295
744.8371, 728.9101
745.3192, 698.6906
745.8013, 668.8375
746.2834, 637.9634
746.7656, 605.9428
747.2477, 571.4822
747.7298, 528.6174
748.2119, 487.2095
748.6940, 458.4890
749.1761, 446.4415
749.6582, 429.5761
750.1403, 404.4341
750.6224, 375.7982
751.1046, 351.0753
751.5867, 329.0177
752.0688, 304.8382
752.5509, 272.3668
753.0330, 244.0515
753.5151, 235.6996
753.9973, 239.5804
754.4794, 238.0533
754.9615, 221.6691
755.4436, 202.1823
755.9257, 181.3918
756.4078, 160.0165
756.8900, 140.8389
757.3721, 122.2835
757.8542, 110.5866
758.3363, 111.3667
758.8184, 120.7846
759.3005, 120.3034
759.7827, 110.5093
760.2648, 101.9120
760.7469, 105.1336
761.2290, 111.7029
761.7111, 111.5882
762.1932, 103.9547
762.6754, 95.71109
763.1575, 90.37708
763.6396, 84.65628
764.1217, 75.50278
764.6038, 59.84293
765.0859, 51.62970
765.5681, 53.85110
766.0502, 58.49408
766.5323, 56.38235
767.0144, 47.86984
767.4965, 44.22049
767.9786, 47.80209
768.4608, 52.53360
768.9429, 51.27966
769.4250, 46.77094
769.9071, 43.47086
770.3892, 43.49973
770.8713, 43.69965
771.3535, 44.75021
771.8356, 44.74881
772.3177, 39.92825
772.7998, 25.33487
773.2819, 15.38635
773.7640, 13.00305
774.2462, 15.83798
774.7283, 19.13165
775.2104, 22.81964
775.6925, 25.10666
776.1746, 25.08664
776.6567, 23.38516
777.1389, 19.55487
777.6210, 14.50461
778.1031, 11.46881
778.5852, 14.02869
779.0673, 17.04111
779.5494, 17.24899
780.0316, 14.74802
780.5137, 15.87259
780.9958, 22.53745
781.4779, 29.46191
781.9600, 35.01413
782.4421, 39.02194
782.9243, 38.48621
783.4064, 33.28220
783.8885, 27.27933
784.3706, 22.72281
784.8527, 19.65054
785.3348, 18.89136
785.8170, 20.66653
786.2991, 21.50555
786.7812, 17.43747
787.2633, 13.35754
787.7454, 13.53638
788.2275, 21.12845
788.7097, 24.22269
789.1918, 20.84470
789.6739, 16.17648
790.1560, 15.88702
790.6381, 19.57361
791.1202, 21.54727
791.6024, 21.24011
792.0845, 18.66449
792.5666, 11.36157
793.0487, 2.507721
793.5308, 2.782623
794.0129, 2.146057
794.4951, 0.4793400
794.9772, 6.469360
795.4593, 12.61774
795.9414, 14.12924
796.4235, 9.298096
796.9056, 3.027527
797.3878, 5.899933
797.8699, 13.87427
798.3520, 12.20160
798.8341, 2.011444
799.3162, 6.872314
799.7983, 11.16019
800.2805, 12.45645
800.7626, 12.15427
801.2447, 10.18594
801.7268, 6.409332
802.2089, 3.726807
802.6910, 10.88351
803.1732, 9.392151
803.6553, 2.332397
804.1374, 0.1079710
804.6195, 5.223846
805.1016, 7.281403
805.5837, 0.7919310
806.0659, 10.61551
806.5480, 15.36618
807.0301, 14.02161
807.5122, 10.96957
807.9943, 7.100098
808.4764, 3.913971
808.9586, 2.995087
809.4407, 4.201202
809.9228, 5.760498
810.4049, 8.049377
810.8870, 9.662872
811.3691, 9.926361
811.8513, 8.845703
812.3334, 7.823822
812.8155, 6.900879
813.2976, 5.792877
813.7797, 3.365570
814.2618, 0.7338260
814.7440, 1.498474
815.2261, 5.639160
815.7082, 9.643921
816.1903, 11.91193
816.6724, 12.56436
817.1545, 11.17160
817.6367, 6.974518
818.1188, 4.572937
818.6009, 6.157562
819.0830, 7.311615
819.5651, 4.242798
820.0472, 3.622986
820.5294, 6.733093
821.0115, 4.412079
821.4936, 0.6404720
821.9757, 2.007172
822.4578, 3.117096
822.9399, 0.7875370
823.4221, 6.419678
823.9042, 10.41443
824.3863, 4.036377
824.8684, 5.596008
825.3505, 12.04034
825.8326, 14.65927
826.3148, 14.40961
826.7969, 9.419647
827.2790, 4.941132
827.7611, 7.545837
828.2432, 16.33066
828.7253, 24.17780
829.2075, 30.21884
829.6896, 34.09518
830.1717, 34.03311
830.6538, 32.12152
831.1359, 31.38763
831.6180, 35.48734
832.1002, 35.96991
832.5823, 25.09784
833.0644, 12.86392
833.5465, 11.08884
834.0286, 22.41245
834.5107, 33.59943
834.9929, 43.97513
835.4750, 51.35550
835.9571, 50.55374
836.4392, 44.02072
836.9213, 38.98889
837.4034, 38.19397
837.8855, 38.53372
838.3676, 35.56381
838.8497, 33.11151
839.3318, 37.23810
839.8140, 62.29129
840.2961, 74.30084
840.7782, 65.12329
841.2603, 46.29254
841.7424, 39.20432
842.2245, 43.63632
842.7067, 47.18939
843.1888, 45.88293
843.6709, 43.78540
844.1530, 46.66870
844.6351, 52.55386
845.1172, 57.37698
845.5994, 58.25095
846.0815, 59.41837
846.5636, 63.16776
847.0457, 67.78812
847.5278, 69.71756
848.0099, 68.28229
848.4921, 66.66864
848.9742, 65.56320
849.4563, 64.66937
849.9384, 62.11441
850.4205, 58.92737
850.9026, 59.14395
851.3848, 68.40472
851.8669, 77.26288
852.3490, 78.37271
852.8311, 74.10385
853.3132, 70.62344
853.7953, 68.06561
854.2775, 68.29449
854.7596, 72.82376
855.2417, 79.58853
855.7238, 83.07776
856.2059, 83.80234
856.6880, 84.86847
857.1702, 87.86783
857.6523, 90.16931
858.1344, 86.60764
858.6165, 79.66837
859.0986, 75.54193
859.5807, 81.71738
860.0629, 85.66904
860.5450, 79.73959
861.0271, 69.03656
861.5092, 65.93701
861.9913, 72.30154
862.4734, 77.65546
862.9556, 78.66766
863.4377, 77.71475
863.9198, 80.49478
864.4019, 85.28491
864.8840, 86.08914
865.3661, 75.88669
865.8483, 65.06174
866.3304, 59.51678
866.8125, 58.02905
867.2946, 56.27823
867.7767, 51.14798
868.2589, 50.65790
868.7410, 59.04181
869.2231, 71.33179
869.7052, 73.46942
870.1873, 66.11835
870.6694, 57.41315
871.1516, 49.14471
871.6337, 42.91086
872.1158, 42.16498
872.5979, 44.86490
873.0800, 46.06766
873.5621, 43.31854
874.0443, 39.92908
874.5264, 35.85046
875.0085, 31.88531
875.4906, 30.87454
875.9727, 33.28430
876.4548, 34.22046
876.9370, 31.18207
877.4191, 27.27899
877.9012, 28.30151
878.3833, 32.36102
878.8654, 34.95230
879.3475, 32.41895
879.8297, 29.85571
880.3118, 29.42087
880.7939, 30.11453
881.2760, 29.50397
881.7581, 26.87180
882.2402, 26.13794
882.7224, 29.12708
883.2045, 32.46173
883.6866, 26.32162
884.1687, 14.05060
884.6508, 8.476563
885.1329, 19.80148
885.6151, 32.59201
886.0972, 36.96854
886.5793, 35.72519
887.0614, 34.62646
887.5435, 34.65778
888.0256, 34.81213
888.5078, 35.48856
888.9899, 35.42120
889.4720, 31.41953
889.9541, 24.17157
890.4362, 18.58517
890.9183, 15.94028
891.4005, 15.28763
891.8826, 17.03598
892.3647, 20.24500
892.8468, 23.13507
893.3289, 22.00259
893.8110, 24.70767
894.2932, 35.53622
894.7753, 47.53882
895.2574, 47.32828
895.7395, 34.33319
896.2216, 32.92477
896.7037, 51.42282
897.1859, 71.58865
897.6680, 67.61737
898.1501, 50.33945
898.6322, 38.18915
899.1143, 38.13232
899.5964, 40.22986
900.0786, 45.92209
900.5607, 50.68106
901.0428, 47.91284
901.5249, 34.54681
902.0070, 28.34982
902.4891, 32.57828
902.9713, 39.51227
903.4534, 37.89374
903.9355, 32.37094
904.4176, 33.34335
904.8997, 45.53918
905.3818, 56.19196
905.8640, 57.82715
906.3461, 54.90900
906.8282, 51.92096
907.3103, 48.16806
907.7924, 49.47391
908.2745, 57.79572
908.7567, 64.91724
909.2388, 56.86362
909.7209, 41.43036
910.2030, 43.90262
910.6851, 69.25241
911.1672, 89.18143
911.6494, 78.89438
912.1315, 60.99701
912.6136, 53.07999
913.0957, 58.20883
913.5778, 64.19894
914.0599, 72.75690
914.5421, 81.75278
915.0242, 89.90305
915.5063, 95.86581
915.9884, 96.65268
916.4705, 92.83942
916.9526, 86.99457
917.4348, 76.40564
917.9169, 66.44305
918.3990, 62.71994
918.8811, 66.72363
919.3632, 71.49112
919.8453, 76.62793
920.3275, 80.52151
920.8096, 81.87457
921.2917, 81.79990
921.7738, 85.97391
922.2559, 93.83536
922.7380, 100.1195
923.2202, 102.2044
923.7023, 101.1033
924.1844, 95.29321
924.6665, 85.72647
925.1486, 80.12759
925.6307, 81.91864
926.1129, 83.21417
926.5950, 80.93176
927.0771, 76.93604
927.5591, 78.89923
928.0413, 85.97607
928.5234, 90.94034
929.0055, 88.79840
929.4876, 84.75793
929.9697, 83.08093
930.4518, 82.83130
930.9340, 81.76044
931.4161, 77.19882
931.8982, 75.10159
932.3803, 77.24203
932.8624, 81.34750
933.3445, 83.35825
933.8267, 83.37778
934.3088, 82.17480
934.7909, 79.43640
935.2730, 76.74701
935.7551, 76.57739
936.2372, 77.13773
936.7194, 75.89517
937.2015, 66.34073
937.6836, 64.11218
938.1657, 74.73389
938.6478, 86.98770
939.1299, 86.02551
939.6121, 72.97101
940.0942, 63.39578
940.5763, 59.53766
941.0584, 58.37372
941.5405, 59.28995
942.0226, 60.19415
942.5048, 58.44263
942.9869, 52.29129
943.4690, 48.96289
943.9511, 50.68472
944.4332, 52.82245
944.9153, 51.41278
945.3975, 46.84192
945.8796, 46.56891
946.3617, 50.74063
946.8438, 52.88394
947.3259, 45.05682
947.8080, 34.78833
948.2902, 29.45514
948.7723, 29.73251
949.2544, 27.81161
949.7365, 20.35742
950.2186, 14.25070
950.7007, 12.24622
951.1829, 13.81915
951.6650, 17.08121
952.1471, 21.92166
952.6292, 26.39584
953.1113, 31.25516
953.5934, 33.46838
954.0756, 28.21368
954.5577, 18.00470
955.0398, 11.79214
955.5219, 13.11639
956.0040, 14.93719
956.4861, 16.77530
956.9683, 17.46918
957.4504, 12.53348
957.9325, 3.216919
958.4146, 2.809479
958.8967, 1.723236
959.3788, 0.8270570
959.8610, 0.7985840
960.3431, 0.4179380
960.8252, 0.8609010
961.3073, 1.263336
961.7894, 0.8194270
962.2715, 4.054382
962.7537, 8.303497
963.2358, 3.482269
963.7179, 7.427094
964.2000, 11.54245
964.6821, 6.398285
965.1642, 0.5404360
965.6464, 6.024780
966.1285, 9.335388
966.6106, 9.037201
967.0927, 3.458496
967.5748, 2.329468
968.0569, 6.872192
968.5391, 11.95761
969.0212, 15.30740
969.5033, 16.64853
969.9854, 12.22971
970.4675, 3.118835
970.9496, 0.4630430
971.4318, 14.67825
971.9139, 30.34009
972.3960, 34.45865
972.8781, 28.61472
973.3602, 28.78232
973.8423, 38.09003
974.3245, 41.35947
974.8066, 29.79794
975.2887, 13.17905
975.7708, 12.34604
976.2529, 22.36771
976.7350, 28.99426
977.2172, 22.27740
977.6993, 15.56873
978.1814, 14.06979
978.6635, 15.27213
979.1456, 15.39951
979.6277, 14.10358
980.1099, 13.88525
980.5920, 15.64606
981.0741, 16.53888
981.5562, 12.27087
982.0383, 5.040039
982.5204, 2.066101
983.0026, 9.074524
983.4847, 13.65802
983.9668, 12.84894
984.4489, 11.18054
984.9310, 11.30072
985.4131, 13.28180
985.8953, 16.57837
986.3774, 21.21490
986.8595, 25.96771
987.3416, 31.41510
987.8237, 35.50891
988.3058, 33.05402
988.7880, 25.01013
989.2701, 24.99414
989.7522, 39.95184
990.2343, 58.46002
990.7164, 79.77081
991.1985, 101.2051
991.6807, 111.5349
992.1628, 111.9814
992.6449, 113.3525
993.1270, 120.5593
993.6091, 129.9996
994.0912, 138.4008
994.5734, 147.0454
995.0555, 158.3126
995.5376, 173.3416
996.0197, 190.3312
996.5018, 210.7723
996.9839, 229.6443
997.4661, 236.5882
997.9482, 236.0953
998.4303, 243.4203
998.9124, 262.4415
999.3945, 280.3188
999.8766, 283.6796
1000.359, 286.3490
1000.841, 300.3994
1001.323, 328.1559
1001.805, 350.2039
1002.287, 366.2195
1002.769, 379.0350
1003.251, 387.7756
1003.734, 396.0758
1004.216, 412.7935
1004.698, 436.1669
1005.180, 457.1059
1005.662, 469.3661
1006.144, 480.8442
1006.626, 494.5187
1007.108, 509.4843
1007.591, 522.2204
1008.073, 532.6708
1008.555, 547.8641
1009.037, 571.7819
1009.519, 598.0626
1010.001, 619.4415
1010.483, 638.5074
1010.965, 659.4465
1011.447, 679.5939
1011.930, 707.3489
1012.412, 745.6357
1012.894, 786.5523
1013.376, 825.2021
1013.858, 860.7532
1014.340, 889.2495
1014.822, 910.0809
1015.304, 926.0505
1015.786, 937.0294
1016.269, 945.2548
1016.751, 955.4774
1017.233, 967.6071
1017.715, 965.7255
1018.197, 948.9084
1018.679, 920.8115
1019.161, 880.8192
1019.643, 832.4707
1020.125, 779.6825
1020.608, 724.3847
1021.090, 672.6221
1021.572, 627.1006
1022.054, 585.1204
1022.536, 548.0508
1023.018, 512.4040
1023.500, 472.6203
1023.982, 428.4742
1024.465, 387.7196
1024.947, 351.7454
1025.429, 319.1685
1025.911, 285.6220
1026.393, 256.5001
1026.875, 238.8507
1027.357, 236.2861
1027.839, 235.3524
1028.322, 237.1830
1028.804, 236.6468
1029.286, 230.1410
1029.768, 217.7822
1030.250, 195.4610
1030.732, 166.9993
1031.214, 152.4561
1031.696, 178.3436
1032.178, 205.4453
1032.661, 210.9388
1033.143, 202.4178
1033.625, 200.8710
1034.107, 206.1005
1034.589, 215.5796
1035.071, 229.4107
1035.553, 248.5851
1036.035, 276.0308
1036.517, 309.1320
1037.000, 343.8827
1037.482, 378.7087
1037.964, 417.3860
1038.446, 463.9297
1038.928, 510.5046
1039.410, 547.8023
1039.892, 576.7566
1040.374, 627.6498
1040.857, 698.9774
1041.339, 777.7207
1041.821, 848.6664
1042.303, 927.7069
1042.785, 1031.177
1043.267, 1155.431
1043.749, 1276.715
1044.231, 1389.380
1044.714, 1514.953
1045.196, 1658.938
1045.678, 1818.742
1046.160, 1992.442
1046.642, 2180.033
1047.124, 2384.628
1047.606, 2614.607
1048.088, 2843.871
1048.570, 3058.488
1049.052, 3273.264
1049.535, 3500.810
1050.017, 3742.327
1050.499, 3973.805
1050.981, 4194.814
1051.463, 4417.402
1051.945, 4638.805
1052.427, 4872.240
1052.909, 5137.795
1053.392, 5431.797
1053.874, 5704.531
1054.356, 5948.242
1054.838, 6183.546
1055.320, 6417.538
1055.802, 6640.259
1056.284, 6834.630
1056.766, 6997.799
1057.249, 7120.870
1057.731, 7204.135
1058.213, 7240.010
1058.695, 7240.428
1059.177, 7176.372
1059.659, 7022.237
1060.141, 6775.812
1060.623, 6472.768
1061.105, 6112.670
1061.588, 5715.808
1062.070, 5274.485
1062.552, 4820.396
1063.034, 4373.464
1063.516, 3936.692
1063.998, 3533.444
1064.480, 3171.908
1064.962, 2832.510
1065.444, 2508.029
1065.927, 2206.693
1066.409, 1936.160
1066.891, 1696.819
1067.373, 1488.342
1067.855, 1312.602
1068.337, 1157.981
1068.819, 1022.880
1069.301, 903.4872
1069.783, 798.6913
1070.266, 707.6459
1070.748, 629.2030
1071.230, 562.5011
1071.712, 503.2679
1072.194, 449.3406
1072.676, 399.7733
1073.158, 351.2036
1073.640, 305.3701
1074.123, 270.0358
1074.605, 248.3333
1075.087, 230.7644
1075.569, 215.6410
1076.051, 202.6718
1076.533, 191.6864
1077.015, 182.2635
1077.497, 172.5262
1077.979, 158.8083
1078.462, 154.5375
1078.944, 176.9283
1079.426, 198.9633
1079.908, 200.3595
1080.390, 181.7075
1080.872, 183.0984
1081.354, 203.9623
1081.836, 226.9027
1082.318, 239.6475
1082.801, 251.8151
1083.283, 270.8942
1083.765, 295.3794
1084.247, 318.1976
1084.729, 336.3057
1085.211, 364.1249
1085.693, 407.6044
1086.175, 451.6575
1086.658, 471.1226
1087.140, 479.1383
1087.622, 497.0186
1088.104, 529.9490
1088.586, 567.3448
1089.068, 613.7787
1089.550, 654.0402
1090.032, 677.7787
1090.515, 688.6560
1090.997, 706.6808
1091.479, 730.6115
1091.961, 751.8925
1092.443, 763.7601
1092.925, 774.6666
1093.407, 791.5649
1093.889, 809.3190
1094.371, 818.3872
1094.854, 817.2825
1095.336, 817.0309
1095.818, 818.5007
1096.300, 823.0654
1096.782, 833.6967
1097.264, 847.1737
1097.746, 860.8307
1098.228, 874.5458
1098.710, 884.2271
1099.193, 890.7032
1099.675, 891.2681
1100.157, 886.7162
1100.639, 873.5974
1101.121, 840.7280
1101.603, 792.6938
1102.085, 743.0103
1102.567, 696.2097
1103.050, 648.5487
1103.532, 597.3826
1104.014, 545.8507
1104.496, 499.0984
1104.978, 456.2736
1105.460, 400.4323
1105.942, 330.2986
1106.424, 265.1271
1106.906, 218.4493
1107.389, 182.0787
1107.871, 151.9016
1108.353, 125.8192
1108.835, 96.22656
1109.317, 61.44104
1109.799, 32.87036
1110.281, 13.08911
1110.763, 1.346313
1111.245, 1.377808
1111.728, 5.493530
1112.210, 2.828247
1112.692, 12.19739
1113.174, 24.79474
1113.656, 35.87714
1114.138, 40.26910
1114.620, 31.10071
1115.102, 12.68512
1115.585, 1.197021
1116.067, 10.06042
1116.549, 15.50916
1117.031, 11.78296
1117.513, 15.22577
1117.995, 31.97797
1118.477, 55.85870
1118.959, 77.17950
1119.442, 96.63208
1119.924, 124.2535
1120.406, 162.4366
1120.888, 198.7321
1121.370, 215.6859
1121.852, 233.4820
1122.334, 270.6323
1122.816, 325.8133
1123.298, 376.8209
1123.781, 421.8330
1124.263, 468.0956
1124.745, 518.4387
1125.227, 571.9579
1125.709, 626.7670
1126.191, 684.3677
1126.673, 748.1899
1127.155, 824.9010
1127.637, 896.0356
1128.120, 959.7140
1128.602, 1022.811
1129.084, 1090.665
1129.566, 1160.375
1130.048, 1227.864
1130.530, 1295.040
1131.012, 1368.129
1131.494, 1459.608
1131.977, 1542.265
1132.459, 1609.297
1132.941, 1666.157
1133.423, 1720.067
1133.905, 1770.010
1134.387, 1813.950
1134.869, 1853.586
1135.351, 1876.300
1135.833, 1876.227
1136.316, 1854.119
1136.798, 1810.244
1137.280, 1745.719
1137.762, 1670.821
1138.244, 1586.615
1138.726, 1497.453
1139.208, 1404.528
1139.690, 1309.342
1140.172, 1211.547
1140.655, 1114.512
1141.137, 1023.796
1141.619, 939.5170
1142.101, 857.2374
1142.583, 776.3675
1143.065, 700.9503
1143.547, 637.8381
1144.029, 581.1238
1144.512, 524.0946
1144.994, 467.4814
1145.476, 419.8143
1145.958, 386.6221
1146.440, 351.6414
1146.922, 308.5629
1147.404, 266.7213
1147.886, 245.3193
1148.369, 235.6637
1148.851, 220.4651
1149.333, 194.6417
1149.815, 170.9684
1150.297, 151.4072
1150.779, 136.5314
1151.261, 128.3418
1151.743, 124.6007
1152.225, 115.6096
1152.708, 102.2965
1153.190, 88.54651
1153.672, 76.41022
1154.154, 63.83160
1154.636, 46.10046
1155.118, 30.58490
1155.600, 27.83093
1156.082, 37.28070
1156.564, 32.48267
1157.047, 12.46112
1157.529, 3.712158
1158.011, 1.796265
1158.493, 11.42859
1158.975, 14.88995
1159.457, 13.16797
1159.939, 8.816711
1160.421, 1.390869
1160.903, 2.722534
1161.386, 1.515991
1161.868, 0.3143310
1162.350, 3.656799
1162.832, 8.302185
1163.314, 6.771790
1163.796, 2.622314
1164.278, 1.733765
1164.760, 12.43738
1165.243, 22.54163
1165.725, 18.27209
1166.207, 8.842102
1166.689, 5.371033
1167.171, 6.493469
1167.653, 9.847473
1168.135, 19.88702
1168.617, 23.14679
1169.099, 18.29602
1169.582, 10.34344
1170.064, 0.8287350
1170.546, 7.375183
1171.028, 8.047424
1171.510, 2.052979
1171.992, 5.319824
1172.474, 18.42969
1172.956, 22.06677
1173.438, 9.755798
1173.921, 5.895386
1174.403, 3.653015
1174.885, 9.785217
1175.367, 16.84033
1175.849, 14.78790
1176.331, 10.12872
1176.813, 3.735107
1177.295, 3.191650
1177.778, 11.66272
1178.260, 19.53680
1178.742, 19.06500
1179.224, 11.89874
1179.706, 3.344543
1180.188, 8.154846
1180.670, 12.44031
1181.152, 4.370300
1181.635, 22.08478
1182.117, 25.41937
1182.599, 15.33185
1183.081, 7.502319
1183.563, 1.879822
1184.045, 1.317078
1184.527, 0.8412480
1185.009, 2.122131
1185.491, 4.395020
1185.974, 11.90308
1186.456, 8.142822
1186.938, 8.060059
1187.420, 10.65918
1187.902, 2.865234
1188.384, 14.25140
1188.866, 3.619446
1189.348, 8.632202
1189.830, 5.098022
1190.313, 9.412781
1190.795, 15.59210
1191.277, 12.75558
1191.759, 7.908295
1192.241, 1.885345
1192.723, 2.667816
1193.205, 0.5675660
1193.687, 2.561035
1194.170, 0.1837770
1194.652, 9.512054
1195.134, 12.60532
1195.616, 8.388123
1196.098, 6.316956
1196.580, 11.86487
1197.062, 18.73120
1197.544, 19.22128
1198.026, 16.51538
1198.509, 15.23764
1198.991, 16.05200
1199.473, 18.30246
1199.955, 22.08072
1200.437, 26.55032
1200.919, 29.85309
1201.401, 34.64001
1201.883, 46.91760
1202.365, 63.38571
1202.848, 74.23523
1203.330, 77.07092
1203.812, 76.92630
1204.294, 73.44733
1204.776, 69.68732
1205.258, 67.48007
1205.740, 67.84924
1206.222, 72.79306
1206.705, 82.08279
1207.187, 92.73621
1207.669, 106.9742
1208.151, 115.5612
1208.633, 115.0527
1209.115, 111.2721
1209.597, 113.1723
1210.079, 117.5950
1210.562, 119.3413
1211.044, 117.1986
1211.526, 115.0589
1212.008, 112.4076
1212.490, 112.2824
1212.972, 117.2020
1213.454, 123.7129
1213.936, 122.9802
1214.418, 119.1298
1214.901, 121.2157
1215.383, 138.6063
1215.865, 143.5569
1216.347, 126.5961
1216.829, 112.8898
1217.311, 126.3294
1217.793, 151.8888
1218.275, 151.0578
1218.757, 132.0837
1219.240, 120.3340
1219.722, 132.6808
1220.204, 140.8150
1220.686, 140.9923
1221.168, 138.5247
1221.650, 141.2657
1222.132, 144.3207
1222.614, 132.6346
1223.097, 108.3356
1223.579, 91.30853
1224.061, 93.53922
1224.543, 98.11792
1225.025, 104.2095
1225.507, 107.3557
1225.989, 96.94308
1226.471, 79.62210
1226.953, 70.12921
1227.436, 70.67114
1227.918, 72.83740
1228.400, 74.86316
1228.882, 76.30106
1229.364, 76.73578
1229.846, 76.53088
1230.328, 77.04172
1230.810, 77.88226
1231.292, 78.27295
1231.775, 78.19662
1232.257, 75.14203
1232.739, 64.93121
1233.221, 57.27921
1233.703, 59.41525
1234.185, 66.06216
1234.667, 60.64508
1235.149, 48.30099
1235.632, 42.36060
1236.114, 53.54095
1236.596, 58.16187
1237.078, 51.39749
1237.560, 41.87964
1238.042, 33.46838
1238.524, 29.91519
1239.006, 36.05618
1239.489, 47.51273
1239.971, 53.15707
1240.453, 45.41382
1240.935, 35.93402
1241.417, 28.06287
1241.899, 20.61707
1242.381, 20.54172
1242.863, 24.55777
1243.345, 30.98752
1243.828, 41.26721
1244.310, 46.82867
1244.792, 40.62317
1245.274, 34.12354
1245.756, 25.70645
1246.238, 19.56934
1246.720, 20.68277
1247.202, 25.88748
1247.684, 32.20737
1248.167, 39.34985
1248.649, 42.26492
1249.131, 36.89432
1249.613, 32.66351
1250.095, 31.96024
1250.577, 33.96976
1251.059, 40.80884
1251.541, 48.06357
1252.023, 46.69910
1252.506, 33.07858
1252.988, 24.74368
1253.470, 24.12869
1253.952, 26.33536
1254.434, 30.05255
1254.916, 34.45670
1255.398, 40.00854
1255.880, 44.62326
1256.363, 44.01990
1256.845, 33.29330
1257.327, 29.58124
1257.809, 35.43567
1258.291, 40.51236
1258.773, 37.43765
1259.255, 31.44193
1259.737, 30.18732
1260.219, 31.92227
1260.702, 33.16495
1261.184, 31.72855
1261.666, 33.95621
1262.148, 40.73862
1262.630, 47.12982
1263.112, 48.67795
1263.594, 48.42038
1264.076, 50.56290
1264.558, 53.31027
1265.041, 52.52182
1265.523, 45.10532
1266.005, 40.55243
1266.487, 38.36301
1266.969, 36.81610
1267.451, 37.27673
1267.933, 39.23932
1268.415, 41.33218
1268.898, 42.98874
1269.380, 43.82666
1269.862, 44.17932
1270.344, 42.52917
1270.826, 37.77289
1271.308, 33.84415
1271.790, 36.08817
1272.272, 38.55624
1272.755, 34.65109
1273.237, 27.26337
1273.719, 26.95932
1274.201, 32.70599
1274.683, 34.23743
1275.165, 29.56601
1275.647, 23.01981
1276.129, 15.02597
1276.611, 7.878662
1277.094, 3.378754
1277.576, 1.026093
1278.058, 5.379730
1278.540, 15.18784
1279.022, 18.55887
1279.504, 8.929565
1279.986, 1.011719
1280.468, 6.751312
1280.950, 14.05923
1281.433, 14.44595
1281.915, 9.702087
1282.397, 9.748383
1282.879, 13.76053
1283.361, 19.00821
1283.843, 27.08337
1284.325, 30.39267
1284.807, 22.70486
1285.290, 13.19489
1285.772, 6.343628
1286.254, 1.622894
1286.736, 4.3304000E-02
1287.218, 2.601410
1287.700, 7.530762
1288.182, 21.87994
1288.664, 28.52350
1289.146, 23.21524
1289.629, 14.58258
1290.111, 7.896088
1290.593, 3.834534
1291.075, 6.785004
1291.557, 14.14465
1292.039, 17.57932
1292.521, 10.54819
1293.003, 5.743835
1293.485, 4.190216
1293.968, 3.490112
1294.450, 1.144775
1294.932, 0.0000000E+00
##END=



