##NAMES=Leadhillite
##RRUFFID=R050642
##IDEAL CHEMISTRY=Pb_4_(SO_4_)(CO_3_)_2_(OH)_2_
##LOCALITY=Mammoth mine, Tiger, Pinal County, Arizona, USA
##OWNER=RRUFF
##SOURCE=University of Arizona Mineral Museum
##DESCRIPTION=Blue hexagonal prisms associated with transparent platy molybdophyllite and susannite
##STATUS=The identification of this mineral has been confirmed by single-crystal X-ray diffraction.
##URL=rruff.info/R050642
145.0910, 0.0000000E+00
145.5730, 11.43762
146.0550, 23.11011
146.5380, 33.20947
147.0200, 40.20752
147.5020, 39.04272
147.9840, 22.87244
148.4660, 12.61389
148.9480, 18.64844
149.4300, 21.38928
149.9120, 23.59692
150.3950, 23.42676
150.8770, 20.80334
151.3590, 14.57410
151.8410, 2.366577
152.3230, 10.34497
152.8050, 4.797974
153.2870, 8.589966
153.7690, 24.61670
154.2510, 40.96704
154.7340, 58.21924
155.2160, 78.25574
155.6980, 103.6411
156.1800, 128.6283
156.6620, 149.5261
157.1440, 170.6685
157.6260, 196.4385
158.1080, 228.8632
158.5900, 267.7842
159.0730, 312.5760
159.5550, 377.7297
160.0370, 431.4609
160.5190, 462.0011
161.0010, 481.4537
161.4830, 504.2013
161.9650, 537.8690
162.4470, 581.2537
162.9300, 628.2986
163.4120, 690.6877
163.8940, 744.2952
164.3760, 779.0758
164.8580, 804.3774
165.3400, 834.6897
165.8220, 878.4143
166.3040, 932.8394
166.7860, 979.7037
167.2690, 1010.461
167.7510, 1043.032
168.2330, 1090.348
168.7150, 1140.519
169.1970, 1170.854
169.6790, 1166.134
170.1610, 1133.850
170.6430, 1124.536
171.1260, 1161.813
171.6080, 1194.085
172.0900, 1210.497
172.5720, 1213.618
173.0540, 1208.832
173.5360, 1198.860
174.0180, 1184.177
174.5000, 1167.283
174.9820, 1151.307
175.4650, 1130.541
175.9470, 1102.378
176.4290, 1068.626
176.9110, 1031.652
177.3930, 992.3981
177.8750, 951.6312
178.3570, 913.0704
178.8390, 876.6239
179.3220, 841.7798
179.8040, 809.8448
180.2860, 779.3701
180.7680, 745.9978
181.2500, 706.8190
181.7320, 663.7145
182.2140, 628.6796
182.6960, 606.1077
183.1780, 584.7332
183.6610, 561.4402
184.1430, 536.8053
184.6250, 511.1077
185.1070, 484.4442
185.5890, 457.7549
186.0710, 436.5833
186.5530, 421.4337
187.0350, 408.2843
187.5180, 395.3905
188.0000, 383.6744
188.4820, 375.1869
188.9640, 369.1749
189.4460, 366.5043
189.9280, 365.0639
190.4100, 360.2883
190.8920, 351.0093
191.3740, 336.4093
191.8570, 318.4915
192.3390, 301.3362
192.8210, 285.1793
193.3030, 271.1605
193.7850, 262.2501
194.2670, 260.5916
194.7490, 259.2279
195.2310, 256.9749
195.7140, 253.1207
196.1960, 246.3256
196.6780, 235.2842
197.1600, 221.2131
197.6420, 208.8853
198.1240, 198.4710
198.6060, 189.2192
199.0880, 182.4302
199.5700, 176.5092
200.0530, 167.6475
200.5350, 153.4970
201.0170, 136.1988
201.4990, 123.1638
201.9810, 115.0101
202.4630, 108.6989
202.9450, 105.4045
203.4270, 103.3354
203.9090, 100.9232
204.3920, 97.31982
204.8740, 93.38898
205.3560, 91.96875
205.8380, 96.22095
206.3200, 97.45135
206.8020, 90.22729
207.2840, 79.05096
207.7660, 71.92310
208.2490, 72.23535
208.7310, 77.00623
209.2130, 79.73523
209.6950, 80.36523
210.1770, 79.10852
210.6590, 74.18134
211.1410, 68.40125
211.6230, 66.76776
212.1050, 71.46539
212.5870, 78.57404
213.0700, 80.32709
213.5520, 74.63318
214.0340, 68.95795
214.5160, 61.87720
214.9980, 56.28210
215.4800, 58.11481
215.9620, 69.55994
216.4450, 82.95386
216.9270, 85.28448
217.4090, 71.04370
217.8910, 60.45154
218.3730, 58.20886
218.8550, 59.32520
219.3370, 58.06158
219.8190, 53.05322
220.3010, 47.51056
220.7830, 46.08136
221.2660, 51.32410
221.7480, 53.24963
222.2300, 48.18884
222.7120, 41.59534
223.1940, 38.98077
223.6760, 41.19122
224.1580, 44.19476
224.6410, 43.63879
225.1230, 38.85669
225.6050, 31.57410
226.0870, 18.62811
226.5690, 5.453003
227.0510, 4.500183
227.5330, 10.69952
228.0150, 13.86249
228.4970, 14.35419
228.9800, 11.58685
229.4620, 9.443176
229.9440, 7.881653
230.4260, 6.902283
230.9080, 7.555969
231.3900, 9.209229
231.8720, 8.861633
232.3540, 2.963196
232.8360, 9.202576
233.3190, 12.00073
233.8010, 4.614258
234.2830, 19.25259
234.7650, 20.62109
235.2470, 11.38028
235.7290, 0.5628660
236.2110, 5.649841
236.6930, 7.508972
237.1760, 9.201843
237.6580, 11.50046
238.1400, 12.93762
238.6220, 10.98248
239.1040, 7.975464
239.5860, 8.883606
240.0680, 17.40085
240.5500, 31.43762
241.0320, 38.08987
241.5140, 28.32721
241.9970, 20.85361
242.4790, 20.15442
242.9610, 23.44461
243.4430, 26.48645
243.9250, 27.21552
244.4070, 26.87299
244.8890, 29.40207
245.3720, 38.66098
245.8540, 46.19482
246.3360, 50.69070
246.8180, 53.77811
247.3000, 56.61163
247.7820, 59.67810
248.2640, 63.63947
248.7460, 69.85043
249.2280, 79.94901
249.7100, 89.66052
250.1930, 100.7343
250.6750, 110.2805
251.1570, 114.4993
251.6390, 113.2601
252.1210, 111.4655
252.6030, 116.4662
253.0850, 132.1775
253.5680, 144.3582
254.0500, 152.3928
254.5320, 157.8345
255.0140, 158.7764
255.4960, 156.7867
255.9780, 157.6895
256.4600, 168.9521
256.9420, 192.9486
257.4240, 211.2772
257.9060, 220.6781
258.3890, 226.7326
258.8710, 229.3979
259.3530, 230.1498
259.8350, 231.8862
260.3170, 237.0256
260.7990, 245.2896
261.2810, 254.3712
261.7630, 265.2574
262.2460, 275.8980
262.7280, 285.6575
263.2100, 294.8163
263.6920, 304.2973
264.1740, 315.4290
264.6560, 326.4470
265.1380, 331.1635
265.6200, 326.3062
266.1030, 320.3469
266.5850, 315.9256
267.0670, 312.7397
267.5490, 310.5660
268.0310, 309.8141
268.5130, 308.6590
268.9950, 302.8400
269.4770, 290.1823
269.9590, 281.0589
270.4420, 283.7248
270.9240, 289.2085
271.4060, 290.7850
271.8880, 286.9869
272.3700, 279.6564
272.8520, 269.9021
273.3340, 257.8974
273.8160, 246.6669
274.2980, 235.8335
274.7810, 225.2467
275.2630, 216.0557
275.7450, 208.5807
276.2270, 202.1431
276.7090, 196.9384
277.1910, 192.3210
277.6730, 186.0880
278.1550, 176.8845
278.6380, 167.4873
279.1200, 161.2506
279.6020, 157.6770
280.0840, 154.2129
280.5660, 150.9448
281.0480, 146.9521
281.5300, 140.3852
282.0120, 130.8651
282.4950, 120.5769
282.9770, 110.2016
283.4590, 100.2046
283.9410, 92.89142
284.4230, 90.14465
284.9050, 88.52838
285.3870, 86.00061
285.8690, 82.67322
286.3510, 78.66046
286.8330, 74.01514
287.3160, 68.84457
287.7980, 63.89252
288.2800, 58.85172
288.7620, 54.15494
289.2440, 50.13382
289.7260, 46.67227
290.2080, 43.68100
290.6900, 41.26620
291.1730, 38.69882
291.6550, 34.39288
292.1370, 26.05640
292.6190, 20.35751
293.1010, 22.02948
293.5830, 26.05991
294.0650, 24.83569
294.5470, 16.50610
295.0300, 7.476501
295.5120, 7.495605
295.9940, 23.34015
296.4760, 29.48306
296.9580, 17.73816
297.4400, 3.479553
297.9220, 4.329163
298.4040, 4.797852
298.8860, 0.5669860
299.3690, 6.818726
299.8510, 18.06299
300.3330, 23.13629
300.8150, 13.62653
301.2970, 6.956970
301.7790, 11.01645
302.2610, 21.63647
302.7430, 30.47015
303.2250, 32.40265
303.7080, 28.73904
304.1900, 25.25882
304.6720, 22.38449
305.1540, 19.01709
305.6360, 13.79593
306.1180, 8.592712
306.6000, 5.424530
307.0820, 5.086578
307.5650, 6.389435
308.0470, 7.676300
308.5290, 9.096100
309.0110, 9.872803
309.4930, 8.871704
309.9750, 7.833771
310.4570, 7.968567
310.9390, 9.395020
311.4220, 11.08618
311.9040, 12.88846
312.3860, 14.62704
312.8680, 13.65518
313.3500, 7.806854
313.8320, 1.914093
314.3140, 1.164703
314.7960, 1.760651
315.2780, 0.7828060
315.7600, 3.449371
316.2430, 8.376556
316.7250, 8.538147
317.2070, 3.009155
317.6890, 2.545471
318.1710, 4.277466
318.6530, 3.582520
319.1350, 3.505981
319.6170, 4.469696
320.1000, 6.081696
320.5820, 8.451385
321.0640, 11.36661
321.5460, 14.15338
322.0280, 17.16187
322.5100, 19.07001
322.9920, 16.29425
323.4740, 6.618988
323.9570, 1.222351
324.4390, 4.406677
324.9210, 4.371307
325.4030, 2.290405
325.8850, 1.578857
326.3670, 5.256104
326.8490, 6.091339
327.3310, 2.877625
327.8130, 1.170624
328.2960, 2.491852
328.7780, 4.011536
329.2600, 2.650879
329.7420, 0.6288150
330.2240, 1.073608
330.7060, 5.816254
331.1880, 19.36130
331.6700, 24.39474
332.1520, 9.698792
332.6350, 0.8837280
333.1170, 0.3449710
333.5990, 7.873627
334.0810, 14.46207
334.5630, 16.86429
335.0450, 15.64603
335.5270, 11.32648
336.0090, 0.8476870
336.4910, 6.030273
336.9740, 6.278717
337.4560, 4.488708
337.9380, 3.647522
338.4200, 4.255554
338.9020, 5.165009
339.3840, 4.995087
339.8660, 3.711731
340.3490, 3.162170
340.8310, 2.531281
341.3130, 3.879700
341.7950, 9.629364
342.2770, 18.15720
342.7590, 25.17661
343.2410, 27.62616
343.7230, 27.62930
344.2050, 29.40765
344.6880, 33.37732
345.1700, 36.84631
345.6520, 37.12088
346.1340, 36.58334
346.6160, 39.41373
347.0980, 47.63589
347.5800, 56.20816
348.0620, 61.66177
348.5440, 64.66748
349.0270, 67.36328
349.5090, 70.42734
349.9910, 73.42722
350.4730, 75.31049
350.9550, 75.57648
351.4370, 77.64026
351.9190, 81.39334
352.4010, 87.56055
352.8840, 98.50549
353.3660, 113.9110
353.8480, 128.6054
354.3300, 137.6423
354.8120, 140.7308
355.2940, 143.8719
355.7760, 145.8510
356.2580, 149.1530
356.7400, 155.5137
357.2230, 164.0040
357.7050, 172.7014
358.1870, 180.8116
358.6690, 188.1083
359.1510, 194.2413
359.6330, 199.7199
360.1150, 203.2431
360.5970, 204.1812
361.0790, 203.7624
361.5620, 202.8129
362.0440, 201.4993
362.5260, 199.5672
363.0080, 195.9783
363.4900, 190.5198
363.9720, 187.9727
364.4540, 191.3647
364.9360, 194.0033
365.4180, 193.0631
365.9010, 189.1212
366.3830, 183.2372
366.8650, 173.8711
367.3470, 164.6547
367.8290, 163.7910
368.3110, 172.7480
368.7930, 177.5148
369.2760, 169.0414
369.7580, 154.6966
370.2400, 145.5190
370.7220, 142.7547
371.2040, 142.4556
371.6860, 143.7207
372.1680, 145.6569
372.6500, 146.8376
373.1320, 147.1150
373.6150, 145.9796
374.0970, 141.6967
374.5790, 133.4430
375.0610, 129.2253
375.5430, 132.4947
376.0250, 137.0681
376.5070, 139.4144
376.9890, 139.4676
377.4710, 137.8810
377.9540, 134.6479
378.4360, 130.6368
378.9180, 130.1644
379.4000, 138.0496
379.8820, 143.8344
380.3640, 147.2391
380.8460, 148.2351
381.3280, 145.2531
381.8100, 138.2266
382.2930, 131.6959
382.7750, 133.4059
383.2570, 146.2321
383.7390, 153.9393
384.2210, 151.0624
384.7030, 147.9246
385.1850, 149.0099
385.6670, 153.3152
386.1500, 157.8185
386.6320, 160.9614
387.1140, 163.2585
387.5960, 165.6792
388.0780, 168.1909
388.5600, 170.3827
389.0420, 170.3040
389.5240, 170.5925
390.0070, 175.7562
390.4890, 187.0593
390.9710, 197.6565
391.4530, 203.1104
391.9350, 204.5715
392.4170, 204.2356
392.8990, 202.1378
393.3810, 201.3577
393.8630, 205.7444
394.3460, 215.5351
394.8280, 224.2006
395.3100, 230.4338
395.7920, 236.3212
396.2740, 244.7091
396.7560, 254.1005
397.2380, 259.1489
397.7200, 256.2073
398.2030, 248.4604
398.6850, 247.0963
399.1670, 259.1711
399.6490, 268.4362
400.1310, 270.6159
400.6130, 271.9342
401.0950, 278.6133
401.5770, 291.1428
402.0590, 304.1395
402.5420, 311.3928
403.0240, 312.4585
403.5060, 316.0840
403.9880, 322.8833
404.4700, 331.6866
404.9520, 343.0382
405.4340, 355.6614
405.9160, 367.3217
406.3980, 376.5065
406.8810, 385.3745
407.3630, 395.6709
407.8450, 407.4329
408.3270, 424.8261
408.8090, 452.2473
409.2910, 482.7375
409.7730, 506.7552
410.2550, 523.8884
410.7370, 541.0673
411.2200, 560.5316
411.7020, 581.4566
412.1840, 601.8047
412.6660, 621.6553
413.1480, 644.9875
413.6300, 675.7474
414.1120, 713.1169
414.5950, 744.4879
415.0770, 762.2128
415.5590, 783.8872
416.0410, 816.8184
416.5230, 855.0763
417.0050, 890.9080
417.4870, 921.6294
417.9690, 950.3467
418.4510, 981.9260
418.9340, 1017.017
419.4160, 1052.414
419.8980, 1087.811
420.3800, 1123.659
420.8620, 1160.409
421.3440, 1197.877
421.8260, 1235.829
422.3080, 1274.050
422.7900, 1312.494
423.2730, 1352.846
423.7550, 1397.190
424.2370, 1432.729
424.7190, 1449.557
425.2010, 1458.699
425.6830, 1475.169
426.1650, 1501.752
426.6470, 1522.669
427.1290, 1532.936
427.6120, 1531.755
428.0940, 1516.057
428.5760, 1485.478
429.0580, 1446.248
429.5400, 1400.514
430.0220, 1348.990
430.5040, 1310.670
430.9860, 1302.386
431.4690, 1287.040
431.9510, 1248.058
432.4330, 1195.202
432.9150, 1141.688
433.3970, 1092.460
433.8790, 1047.838
434.3610, 1009.432
434.8430, 980.6545
435.3260, 947.8775
435.8080, 906.5645
436.2900, 865.3449
436.7720, 827.0828
437.2540, 791.6855
437.7360, 758.1799
438.2180, 725.8696
438.7000, 695.1618
439.1820, 666.3229
439.6640, 638.7021
440.1470, 615.2208
440.6290, 598.4229
441.1110, 585.3724
441.5930, 572.6866
442.0750, 560.3665
442.5570, 547.2606
443.0390, 531.8797
443.5220, 515.7935
444.0040, 500.6716
444.4860, 486.8390
444.9680, 475.7582
445.4500, 468.6219
445.9320, 465.2018
446.4140, 464.1388
446.8960, 467.9020
447.3780, 470.8250
447.8610, 470.4812
448.3430, 469.1142
448.8250, 468.9174
449.3070, 470.6171
449.7890, 474.2474
450.2710, 480.2379
450.7530, 489.1437
451.2350, 496.2724
451.7170, 499.2116
452.2000, 503.0416
452.6820, 511.2820
453.1640, 521.5149
453.6460, 529.8727
454.1280, 535.1686
454.6100, 536.4376
455.0920, 531.3071
455.5740, 520.2006
456.0560, 509.3323
456.5390, 500.9179
457.0210, 492.6229
457.5030, 481.7924
457.9850, 468.6408
458.4670, 452.6561
458.9490, 432.3837
459.4310, 410.5464
459.9130, 387.4808
460.3960, 364.3739
460.8780, 344.4061
461.3600, 329.6863
461.8420, 318.6935
462.3240, 307.2428
462.8060, 296.4836
463.2880, 283.0236
463.7700, 262.3825
464.2530, 242.5206
464.7350, 230.5344
465.2170, 225.4943
465.6990, 220.0668
466.1810, 207.6866
466.6630, 190.3771
467.1450, 177.3533
467.6270, 170.3304
468.1090, 162.8033
468.5920, 150.8072
469.0740, 137.6679
469.5560, 127.3520
470.0380, 120.7593
470.5200, 114.5355
471.0020, 106.5101
471.4840, 97.61282
471.9660, 90.03166
472.4480, 84.04674
472.9310, 77.23965
473.4130, 66.99261
473.8950, 53.64619
474.3770, 44.15105
474.8590, 39.93071
475.3410, 37.08487
475.8230, 35.72783
476.3050, 34.81593
476.7880, 32.93565
477.2700, 29.78342
477.7520, 26.56512
478.2340, 25.55598
478.7160, 27.26265
479.1980, 24.47255
479.6800, 12.31039
480.1620, 2.293961
480.6450, 9.5169000E-02
481.1270, 2.503326
481.6090, 4.610962
482.0910, 4.826218
482.5730, 4.309967
483.0550, 4.308228
483.5370, 4.633408
484.0190, 4.430145
484.5010, 3.513931
484.9830, 2.034485
485.4660, 0.4036250
485.9480, 3.867905
486.4300, 4.752029
486.9120, 0.6790160
487.3940, 4.994049
487.8760, 3.799347
488.3580, 0.8844300
488.8410, 5.619232
489.3230, 9.007843
489.8050, 10.95496
490.2870, 10.95138
490.7690, 8.037247
491.2510, 6.544571
491.7330, 8.299988
492.2150, 9.785461
492.6970, 9.548737
493.1800, 7.972382
493.6620, 5.730743
494.1440, 2.457901
494.6260, 8.9569002E-02
495.1080, 1.162170
495.5900, 5.772125
496.0720, 9.166382
496.5540, 9.976913
497.0360, 9.633011
497.5190, 9.663132
498.0010, 10.06953
498.4830, 10.63521
498.9650, 12.78281
499.4470, 13.79541
499.9290, 10.89388
500.4110, 5.633286
500.8930, 1.376358
501.3750, 0.3746030
501.8580, 0.2953190
502.3400, 0.6516420
502.8220, 3.308174
503.3040, 4.577461
503.7860, 2.463104
504.2680, 0.7561040
504.7500, 2.137726
505.2320, 5.186844
505.7150, 6.265190
506.1970, 2.799446
506.6790, 1.916077
507.1610, 3.038704
507.6430, 0.8797380
508.1250, 0.8038710
508.6070, 0.8611530
509.0890, 0.3019870
509.5720, 0.1121830
510.0540, 0.2409290
510.5360, 1.433136
511.0180, 6.160896
511.5000, 9.680786
511.9820, 8.098770
512.4640, 3.290100
512.9460, 0.6566700
513.4280, 1.949486
513.9110, 1.574936
514.3930, 1.027725
514.8750, 0.1174620
515.3570, 1.0338000E-02
515.8390, 3.036072
516.3210, 5.744171
516.8030, 6.571785
517.2850, 6.021103
517.7680, 5.278885
518.2500, 4.786858
518.7320, 4.332787
519.2140, 3.494438
519.6960, 2.407463
520.1780, 1.788315
520.6600, 1.790672
521.1420, 2.428459
521.6240, 3.848923
522.1070, 6.160553
522.5890, 8.307114
523.0710, 10.74010
523.5530, 12.52497
524.0350, 12.78796
524.5170, 12.26006
524.9990, 11.83115
525.4810, 11.87915
525.9630, 12.81505
526.4460, 15.94592
526.9280, 21.94210
527.4100, 24.88482
527.8920, 23.04817
528.3740, 20.41505
528.8560, 18.95737
529.3380, 18.00506
529.8200, 16.23107
530.3020, 12.76627
530.7850, 9.759186
531.2670, 9.032249
531.7490, 9.985275
532.2310, 11.57545
532.7130, 13.65306
533.1950, 15.10441
533.6770, 14.59170
534.1590, 12.19386
534.6410, 11.81647
535.1240, 14.73148
535.6060, 17.90731
536.0880, 22.21732
536.5700, 25.66668
537.0520, 25.80751
537.5340, 22.39882
538.0160, 17.70547
538.4980, 13.09913
538.9810, 8.926445
539.4630, 7.838562
539.9450, 10.56432
540.4270, 14.12935
540.9090, 17.84428
541.3910, 21.23452
541.8730, 23.52828
542.3550, 24.44370
542.8380, 25.19574
543.3200, 27.19745
543.8020, 28.59643
544.2840, 26.26383
544.7660, 21.04483
545.2480, 17.55358
545.7300, 19.11352
546.2120, 24.00851
546.6950, 25.91312
547.1770, 22.85448
547.6590, 20.56212
548.1410, 18.95847
548.6230, 18.99520
549.1050, 22.01476
549.5870, 27.05119
550.0690, 31.37617
550.5510, 34.23087
551.0340, 35.20098
551.5160, 32.45569
551.9980, 26.54123
552.4800, 22.19548
552.9620, 20.69756
553.4440, 21.24100
553.9260, 23.97636
554.4080, 30.23274
554.8900, 32.14794
555.3730, 24.98478
555.8550, 18.32895
556.3370, 17.80861
556.8190, 20.43581
557.3010, 21.20031
557.7830, 18.49216
558.2650, 14.56973
558.7470, 11.44717
559.2290, 8.898933
559.7120, 9.741829
560.1940, 16.32336
560.6760, 21.94957
561.1580, 21.55183
561.6400, 18.46376
562.1220, 17.71996
562.6040, 20.58781
563.0860, 23.63287
563.5680, 26.62108
564.0510, 28.62896
564.5330, 27.17233
565.0150, 22.17612
565.4970, 16.81401
565.9790, 13.55956
566.4610, 12.25454
566.9430, 11.55989
567.4250, 10.90757
567.9080, 11.85582
568.3900, 16.78611
568.8720, 21.11381
569.3540, 21.41702
569.8360, 18.37638
570.3180, 15.25472
570.8000, 12.68153
571.2820, 11.55737
571.7650, 14.65755
572.2470, 21.28563
572.7290, 25.67341
573.2110, 25.78341
573.6930, 23.83466
574.1750, 22.22384
574.6570, 20.79514
575.1390, 20.18364
575.6220, 20.16354
576.1040, 21.13548
576.5860, 24.57637
577.0680, 28.61515
577.5500, 30.54869
578.0320, 29.55773
578.5140, 27.13846
578.9960, 23.62589
579.4780, 19.59608
579.9610, 21.38817
580.4430, 31.80199
580.9250, 39.32873
581.4070, 34.42186
581.8890, 23.50293
582.3710, 22.04283
582.8530, 34.69031
583.3350, 44.92345
583.8170, 45.70320
584.3000, 43.76049
584.7820, 45.08975
585.2640, 49.72520
585.7460, 55.28198
586.2280, 60.52977
586.7100, 64.89450
587.1920, 66.39039
587.6740, 63.89613
588.1560, 62.78114
588.6390, 63.93217
589.1210, 66.46160
589.6030, 70.04375
590.0850, 74.49207
590.5670, 79.17475
591.0490, 83.01959
591.5310, 88.15813
592.0130, 98.32289
592.4950, 110.3614
592.9780, 117.2658
593.4600, 117.7478
593.9420, 116.8616
594.4240, 119.5420
594.9060, 125.4471
595.3880, 129.2390
595.8700, 129.0740
596.3520, 129.5205
596.8350, 131.5232
597.3170, 134.3170
597.7990, 138.6202
598.2810, 143.7885
598.7630, 145.8696
599.2450, 138.9775
599.7270, 129.8226
600.2090, 129.4937
600.6920, 136.2553
601.1740, 139.6617
601.6560, 135.6653
602.1380, 128.1065
602.6200, 122.3332
603.1020, 118.8458
603.5840, 114.6725
604.0660, 108.4543
604.5490, 103.1999
605.0310, 101.4614
605.5130, 100.4989
605.9950, 95.63446
606.4770, 85.88873
606.9590, 77.66966
607.4410, 78.80566
607.9230, 85.73607
608.4050, 88.21136
608.8880, 85.63427
609.3700, 82.09726
609.8520, 79.31372
610.3340, 77.13095
610.8160, 75.18742
611.2980, 73.08383
611.7800, 72.30193
612.2620, 74.55337
612.7440, 76.48757
613.2270, 75.70661
613.7090, 73.28938
614.1910, 71.72562
614.6730, 72.08958
615.1550, 72.82174
615.6370, 71.27273
616.1190, 67.96060
616.6010, 67.40568
617.0830, 70.83463
617.5660, 73.47989
618.0480, 71.51204
618.5300, 66.76952
619.0120, 65.43949
619.4940, 69.81651
619.9760, 72.91015
620.4580, 73.20692
620.9400, 72.15919
621.4220, 69.79266
621.9050, 67.07475
622.3870, 66.33807
622.8690, 69.08246
623.3510, 73.30243
623.8330, 75.81555
624.3150, 76.61864
624.7970, 75.52251
625.2790, 71.53041
625.7620, 67.90412
626.2440, 67.54138
626.7260, 69.61649
627.2080, 70.36244
627.6900, 69.20383
628.1720, 67.47647
628.6540, 65.18938
629.1360, 62.73232
629.6190, 60.11252
630.1010, 57.61363
630.5830, 56.25272
631.0650, 57.10936
631.5470, 58.44157
632.0290, 55.43542
632.5110, 47.46867
632.9930, 42.02164
633.4760, 40.85638
633.9580, 41.73199
634.4400, 43.77959
634.9220, 46.52641
635.4040, 47.69475
635.8860, 46.41479
636.3680, 44.40351
636.8500, 41.92281
637.3320, 39.18842
637.8150, 36.32504
638.2970, 33.42749
638.7790, 30.69219
639.2610, 28.16874
639.7430, 26.04750
640.2250, 25.08590
640.7070, 25.52074
641.1890, 25.11304
641.6710, 22.99773
642.1540, 20.56677
642.6360, 19.50501
643.1180, 19.38035
643.6000, 17.68184
644.0820, 12.16651
644.5640, 7.524414
645.0460, 4.811577
645.5280, 4.171089
646.0100, 6.914192
646.4930, 12.30824
646.9750, 16.95827
647.4570, 18.44619
647.9390, 17.18482
648.4210, 13.33204
648.9030, 6.352737
649.3850, 2.212067
649.8670, 3.111923
650.3490, 5.728844
650.8320, 7.253059
651.3140, 7.801781
651.7960, 8.328804
652.2780, 10.23309
652.7600, 10.46561
653.2420, 6.479507
653.7240, 1.261971
654.2060, 2.104797
654.6890, 3.272537
655.1710, 3.478462
655.6530, 3.468857
656.1350, 3.311981
656.6170, 3.356850
657.0990, 3.641457
657.5810, 2.868561
658.0630, 0.3438720
658.5450, 2.587303
659.0280, 4.453201
659.5100, 5.286270
659.9920, 6.916222
660.4740, 12.61716
660.9560, 15.36708
661.4380, 10.28736
661.9200, 3.704865
662.4030, 2.186554
662.8850, 5.371483
663.3670, 7.956650
663.8490, 6.057106
664.3310, 2.506859
664.8130, 2.621834
665.2950, 6.152931
665.7770, 9.989044
666.2590, 13.80415
666.7420, 16.72529
667.2240, 17.66283
667.7060, 17.11668
668.1880, 17.81289
668.6700, 19.35601
669.1520, 22.49387
669.6340, 29.11093
670.1160, 35.95840
670.5980, 39.88651
671.0810, 41.66753
671.5630, 44.49904
672.0450, 50.00259
672.5270, 57.23412
673.0090, 66.63036
673.4910, 77.53734
673.9730, 86.75613
674.4550, 93.68470
674.9380, 101.1292
675.4200, 111.9172
675.9020, 124.4921
676.3840, 131.9612
676.8660, 132.2609
677.3480, 130.6409
677.8300, 126.9209
678.3120, 121.9381
678.7940, 117.4910
679.2770, 111.6438
679.7590, 99.91174
680.2410, 78.63177
680.7230, 57.59589
681.2050, 45.14149
681.6870, 38.59801
682.1690, 33.39191
682.6510, 28.87016
683.1330, 24.88182
683.6160, 21.19086
684.0980, 18.43327
684.5800, 18.49801
685.0620, 22.77206
685.5440, 25.72639
686.0260, 27.08699
686.5080, 27.22559
686.9900, 25.40471
687.4720, 22.94952
687.9550, 22.27780
688.4370, 24.67914
688.9190, 26.43377
689.4010, 23.99886
689.8830, 19.43703
690.3650, 14.91748
690.8470, 11.74371
691.3300, 11.24100
691.8120, 14.00513
692.2940, 18.81135
692.7760, 25.02965
693.2580, 32.86914
693.7400, 34.68573
694.2220, 27.73952
694.7040, 22.04961
695.1860, 22.63577
695.6690, 26.50526
696.1510, 29.36951
696.6330, 31.42389
697.1150, 31.70974
697.5970, 27.31589
698.0790, 23.42328
698.5610, 22.93325
699.0430, 24.67878
699.5260, 27.28044
700.0080, 30.10043
700.4900, 32.09158
700.9720, 32.09524
701.4540, 30.60641
701.9360, 28.22507
702.4180, 24.97923
702.9000, 24.96787
703.3820, 30.48101
703.8650, 36.73665
704.3470, 38.46966
704.8290, 35.59707
705.3110, 30.06188
705.7930, 17.31911
706.2750, 7.820717
706.7570, 3.992615
707.2390, 3.710770
707.7210, 5.808777
708.2040, 9.464661
708.6860, 13.58514
709.1680, 19.08913
709.6500, 23.12993
710.1320, 22.20898
710.6140, 17.73399
711.0960, 11.85624
711.5780, 5.307076
712.0600, 1.440872
712.5430, 3.376724
713.0250, 8.996185
713.5070, 10.43532
713.9890, 6.295113
714.4710, 2.637360
714.9530, 0.5245510
715.4350, 2.907967
715.9170, 4.698021
716.3990, 5.567749
716.8820, 4.471512
717.3640, 0.2047580
717.8460, 3.389565
718.3280, 4.759575
718.8100, 5.045883
719.2920, 4.816284
719.7740, 4.425713
720.2560, 4.355156
720.7390, 4.814621
721.2210, 5.812981
721.7030, 7.661301
722.1850, 10.12857
722.6670, 12.29455
723.1490, 14.34680
723.6310, 13.70399
724.1130, 8.226120
724.5960, 1.113167
725.0780, 2.615082
725.5600, 2.262978
726.0420, 1.537422
726.5240, 0.4890900
727.0060, 0.9092480
727.4880, 4.038170
727.9700, 6.669899
728.4530, 5.215469
728.9350, 1.6144000E-02
729.4170, 3.168633
729.8990, 1.205322
730.3810, 7.444870
730.8630, 9.950226
731.3450, 9.541389
731.8270, 7.548355
732.3090, 4.484093
732.7920, 1.990547
733.2740, 1.582596
733.7560, 2.701218
734.2380, 3.040459
734.7200, 2.464310
735.2020, 1.503746
735.6840, 0.7443080
736.1660, 1.947929
736.6480, 0.8122630
737.1310, 5.904671
737.6130, 8.452759
738.0950, 6.725586
738.5770, 5.361107
739.0590, 5.322281
739.5410, 6.125099
740.0230, 7.957588
740.5050, 10.24279
740.9870, 11.89972
741.4700, 12.51234
741.9520, 12.54668
742.4340, 12.90176
742.9160, 12.97358
743.3980, 10.75410
743.8800, 6.345360
744.3620, 2.292313
744.8440, 0.2192000
745.3260, 2.834198
745.8090, 8.807026
746.2910, 19.00887
746.7730, 20.99907
747.2550, 8.761696
747.7370, 2.002701
748.2190, 7.964569
748.7010, 10.55322
749.1830, 9.605667
749.6660, 5.774979
750.1480, 3.341019
750.6300, 4.703735
751.1120, 6.316185
751.5940, 6.715424
752.0760, 6.116463
752.5580, 4.387314
753.0400, 1.851883
753.5230, 0.8440320
754.0050, 3.722649
754.4870, 4.888466
754.9690, 1.328903
755.4510, 13.20964
755.9330, 16.90128
756.4150, 10.02583
756.8970, 3.808266
757.3800, 5.062431
757.8620, 10.63436
758.3440, 13.43119
758.8260, 12.52791
759.3080, 11.62855
759.7900, 10.94710
760.2720, 10.00853
760.7540, 7.577873
761.2360, 5.423058
761.7190, 6.399002
762.2010, 10.73975
762.6830, 13.56638
763.1650, 12.50291
763.6470, 9.543373
764.1290, 4.289711
764.6110, 1.086220
765.0930, 2.954872
765.5750, 0.8262180
766.0580, 3.307877
766.5400, 8.695633
767.0220, 13.55927
767.5040, 12.44180
767.9860, 5.740242
768.4680, 3.120461
768.9500, 6.833328
769.4320, 11.11201
769.9140, 12.24561
770.3970, 10.73141
770.8790, 7.900337
771.3610, 1.570320
771.8430, 1.605972
772.3250, 0.1506500
772.8070, 2.955330
773.2890, 6.346138
773.7710, 9.333618
774.2530, 10.49654
774.7360, 9.649437
775.2180, 8.702637
775.7000, 7.652107
776.1820, 7.099983
776.6640, 8.361809
777.1460, 10.21063
777.6280, 10.19045
778.1100, 7.966263
778.5930, 5.582077
779.0750, 4.610817
779.5570, 4.837479
780.0390, 6.073013
780.5210, 8.221497
781.0030, 10.28397
781.4850, 12.27047
781.9670, 12.38795
782.4500, 8.426025
782.9320, 2.182846
783.4140, 1.139587
783.8960, 8.792999
784.3780, 14.19305
784.8600, 16.59387
785.3420, 17.31625
785.8240, 15.95492
786.3070, 13.65662
786.7890, 11.98185
787.2710, 11.03800
787.7530, 10.50204
788.2350, 9.627182
788.7170, 9.110443
789.1990, 10.03181
789.6810, 11.34727
790.1630, 11.07880
790.6460, 9.160645
791.1280, 7.877541
791.6100, 9.227974
792.0920, 11.76984
792.5740, 13.24337
793.0560, 13.76707
793.5380, 13.47121
794.0200, 12.44937
794.5020, 11.95661
794.9850, 12.40137
795.4670, 14.07176
795.9490, 18.93842
796.4310, 29.84598
796.9130, 31.78181
797.3950, 17.17689
797.8770, 6.251183
798.3590, 11.77563
798.8410, 24.22142
799.3240, 29.06010
799.8060, 25.32196
800.2880, 22.48129
800.7700, 22.30699
801.2520, 22.58916
801.7340, 22.88203
802.2160, 22.87708
802.6980, 21.61954
803.1800, 19.46793
803.6630, 18.32273
804.1450, 19.49901
804.6270, 21.43637
805.1090, 23.64528
805.5910, 25.66621
806.0730, 25.68913
806.5550, 24.00630
807.0370, 22.91782
807.5200, 23.68054
808.0020, 24.94402
808.4840, 24.58073
808.9660, 22.61852
809.4480, 19.17619
809.9300, 13.47327
810.4120, 11.14141
810.8940, 15.13829
811.3770, 21.53755
811.8590, 25.61397
812.3410, 27.43263
812.8230, 30.45918
813.3050, 38.80978
813.7870, 41.42465
814.2690, 29.48820
814.7510, 18.27457
815.2340, 20.94156
815.7160, 32.67432
816.1980, 38.49048
816.6800, 32.52905
817.1620, 27.25899
817.6440, 29.69132
818.1260, 33.41705
818.6080, 31.30310
819.0900, 26.64048
819.5730, 28.35629
820.0550, 38.55651
820.5370, 46.75308
821.0190, 39.92601
821.5010, 26.80029
821.9830, 24.19801
822.4650, 29.68517
822.9470, 33.97917
823.4290, 35.17896
823.9120, 35.96680
824.3940, 38.65978
824.8760, 41.88858
825.3580, 40.70174
825.8400, 34.18450
826.3220, 29.61964
826.8040, 27.94373
827.2860, 27.57327
827.7680, 28.18819
828.2510, 29.15443
828.7330, 29.24548
829.2150, 28.15891
829.6970, 27.11147
830.1790, 25.46473
830.6610, 25.18842
831.1430, 27.70972
831.6250, 31.11266
832.1080, 33.76246
832.5900, 35.59684
833.0720, 37.32977
833.5540, 39.73533
834.0360, 41.21196
834.5180, 39.94178
835.0000, 38.08288
835.4820, 38.35825
835.9640, 40.05087
836.4470, 40.56647
836.9290, 38.84459
837.4110, 36.63411
837.8930, 35.37113
838.3750, 35.05707
838.8570, 36.43024
839.3390, 38.92166
839.8210, 39.25430
840.3040, 36.54728
840.7860, 34.44509
841.2680, 36.52499
841.7500, 41.58512
842.2320, 45.69591
842.7140, 49.15200
843.1960, 49.48730
843.6780, 45.40118
844.1610, 41.05431
844.6430, 38.16749
845.1250, 37.42702
845.6070, 40.94882
846.0890, 51.19010
846.5710, 57.07219
847.0530, 53.89644
847.5350, 52.18079
848.0180, 55.65330
848.5000, 60.89803
848.9820, 64.99894
849.4640, 67.89030
849.9460, 70.45718
850.4280, 72.75648
850.9100, 75.11125
851.3920, 78.04835
851.8740, 80.52186
852.3570, 82.42624
852.8390, 83.46855
853.3210, 81.77947
853.8030, 76.54930
854.2850, 73.13361
854.7670, 79.86320
855.2490, 88.73074
855.7310, 87.10723
856.2130, 79.03051
856.6960, 75.29845
857.1780, 78.25202
857.6600, 85.40741
858.1420, 97.44550
858.6240, 110.3605
859.1060, 113.0805
859.5880, 105.8744
860.0700, 99.02702
860.5520, 94.68877
861.0350, 88.05620
861.5170, 75.79367
861.9990, 62.23215
862.4810, 54.82739
862.9630, 53.90260
863.4450, 52.23235
863.9270, 49.43067
864.4090, 47.03383
864.8910, 45.58322
865.3740, 43.56989
865.8560, 39.16431
866.3380, 33.36160
866.8200, 30.87433
867.3020, 33.87260
867.7840, 36.12340
868.2660, 38.32629
868.7480, 38.99091
869.2310, 35.40156
869.7130, 30.74052
870.1950, 30.98133
870.6770, 37.16125
871.1590, 41.58876
871.6410, 39.87336
872.1230, 37.21371
872.6050, 35.94008
873.0880, 35.61244
873.5700, 36.33273
874.0520, 37.47594
874.5340, 37.21005
875.0160, 34.43707
875.4980, 31.32301
875.9800, 30.05184
876.4620, 29.51060
876.9450, 27.67932
877.4270, 25.10099
877.9090, 23.66654
878.3910, 23.94499
878.8730, 25.31033
879.3550, 27.68854
879.8370, 30.07773
880.3190, 29.07059
880.8010, 25.46164
881.2840, 25.45129
881.7660, 29.98792
882.2480, 33.67245
882.7300, 33.32983
883.2120, 30.37909
883.6940, 26.73528
884.1760, 22.12445
884.6580, 23.02453
885.1400, 31.82746
885.6230, 35.90926
886.1050, 28.96492
886.5870, 21.43546
887.0690, 24.81806
887.5510, 36.59842
888.0330, 39.95907
888.5150, 28.34567
888.9970, 20.85019
889.4790, 20.59354
889.9620, 21.68076
890.4440, 22.18780
890.9260, 22.10967
891.4080, 21.30538
891.8900, 19.70695
892.3720, 18.22635
892.8540, 16.82560
893.3360, 15.75568
893.8180, 14.27261
894.3010, 13.84337
894.7830, 16.94598
895.2650, 22.05750
895.7470, 24.98888
896.2290, 24.42413
896.7110, 22.08621
897.1930, 17.53916
897.6750, 12.80495
898.1580, 8.038506
898.6400, 4.934380
899.1220, 7.756004
899.6040, 15.85381
900.0860, 21.30647
900.5680, 17.73000
901.0500, 12.12539
901.5320, 12.61754
902.0150, 15.97449
902.4970, 16.43732
902.9790, 14.24503
903.4610, 12.60960
903.9430, 12.85702
904.4250, 13.93131
904.9070, 15.29150
905.3890, 16.27360
905.8720, 14.44759
906.3540, 10.42548
906.8360, 7.856117
907.3180, 7.383148
907.8000, 6.206512
908.2820, 2.073013
908.7640, 2.264488
909.2460, 0.4859090
909.7280, 10.12462
910.2110, 11.54814
910.6930, 3.096588
911.1750, 1.261162
911.6570, 4.060555
912.1390, 11.74004
912.6210, 14.83851
913.1030, 13.53999
913.5850, 7.986458
914.0670, 5.164345
914.5500, 10.01862
915.0320, 0.2411420
915.5140, 6.851311
915.9960, 3.541885
916.4780, 18.84758
916.9600, 18.92525
917.4420, 1.463951
917.9240, 8.555603
918.4060, 7.218513
918.8890, 4.360298
919.3710, 8.9371003E-02
919.8530, 3.995949
920.3350, 6.783768
920.8170, 8.640549
921.2990, 10.78993
921.7810, 14.20746
922.2630, 14.81582
922.7450, 9.343864
923.2280, 4.248970
923.7100, 3.350388
924.1920, 3.068596
924.6740, 1.950615
925.1560, 10.20286
925.6380, 13.23039
926.1200, 5.502235
926.6020, 0.7717590
927.0850, 1.120163
927.5670, 4.479057
928.0490, 3.002068
928.5310, 0.1688460
929.0130, 3.260307
929.4950, 12.74172
929.9770, 19.62660
930.4590, 16.73696
930.9420, 12.84681
931.4240, 15.11420
931.9060, 19.51910
932.3880, 21.02460
932.8700, 20.26666
933.3520, 19.97235
933.8340, 21.15967
934.3160, 24.27065
934.7990, 31.33830
935.2810, 39.18166
935.7630, 42.79774
936.2450, 44.37859
936.7270, 48.31219
937.2090, 55.00061
937.6910, 62.87485
938.1730, 71.20593
938.6550, 78.65990
939.1380, 82.84172
939.6200, 85.24641
940.1020, 88.29311
940.5840, 92.68674
941.0660, 100.8153
941.5480, 113.2309
942.0300, 129.2056
942.5120, 148.8513
942.9940, 169.2151
943.4770, 183.0580
943.9590, 192.1629
944.4410, 206.4882
944.9230, 226.1095
945.4050, 243.4841
945.8870, 255.7349
946.3690, 267.5410
946.8510, 283.1443
947.3330, 302.5640
947.8160, 326.2819
948.2980, 354.2132
948.7800, 385.5880
949.2620, 420.5111
949.7440, 456.0027
950.2260, 490.3758
950.7080, 525.7655
951.1900, 565.2054
951.6720, 608.5554
952.1550, 654.8688
952.6370, 704.0145
953.1190, 756.5770
953.6010, 812.0112
954.0830, 873.2620
954.5650, 942.7585
955.0470, 1018.071
955.5290, 1094.936
956.0120, 1172.863
956.4940, 1257.601
956.9760, 1349.511
957.4580, 1447.696
957.9400, 1555.422
958.4220, 1662.637
958.9040, 1756.876
959.3860, 1848.081
959.8690, 1966.553
960.3510, 2127.344
960.8330, 2257.340
961.3150, 2339.745
961.7970, 2421.881
962.2790, 2522.839
962.7610, 2621.235
963.2430, 2703.907
963.7260, 2767.807
964.2080, 2801.128
964.6900, 2807.586
965.1720, 2775.488
965.6540, 2700.743
966.1360, 2592.332
966.6180, 2439.944
967.1000, 2264.751
967.5820, 2080.145
968.0650, 1887.718
968.5470, 1704.685
969.0290, 1527.464
969.5110, 1366.369
969.9930, 1218.927
970.4750, 1089.763
970.9570, 987.5420
971.4390, 900.4319
971.9210, 812.5140
972.4040, 723.9174
972.8860, 650.7008
973.3680, 604.1755
973.8500, 557.3209
974.3320, 503.4104
974.8140, 450.7776
975.2960, 401.6125
975.7780, 357.9877
976.2600, 325.1754
976.7430, 303.5440
977.2250, 285.4905
977.7070, 274.1513
978.1890, 259.8353
978.6710, 238.0101
979.1530, 214.5953
979.6350, 190.3964
980.1170, 168.4182
980.5990, 155.2293
981.0820, 152.1611
981.5640, 146.1983
982.0460, 128.9536
982.5280, 114.9607
983.0100, 112.4758
983.4920, 112.0964
983.9740, 104.8799
984.4560, 94.06067
984.9390, 89.17322
985.4210, 92.70041
985.9030, 93.45532
986.3850, 86.57324
986.8670, 77.65575
987.3490, 67.39719
987.8310, 57.48434
988.3130, 48.69839
988.7950, 41.64418
989.2780, 38.10385
989.7600, 39.15442
990.2420, 38.51288
990.7240, 30.64026
991.2060, 24.18961
991.6880, 25.29597
992.1700, 28.80434
992.6530, 28.47275
993.1350, 25.89824
993.6170, 27.79784
994.0990, 37.13257
994.5810, 43.97145
995.0630, 43.45453
995.5450, 39.83580
996.0270, 32.96533
996.5090, 26.25813
996.9920, 23.75523
997.4740, 24.73862
997.9560, 25.70235
998.4380, 25.41745
998.9200, 25.96295
999.4020, 29.23285
999.8840, 32.54718
1000.366, 33.96001
1000.848, 34.64131
1001.331, 36.18915
1001.813, 38.36452
1002.295, 39.55145
1002.777, 38.82297
1003.259, 38.90211
1003.741, 42.00285
1004.223, 45.25230
1004.705, 46.68842
1005.188, 47.31024
1005.670, 48.03978
1006.152, 49.17805
1006.634, 51.39615
1007.116, 55.62900
1007.598, 58.25064
1008.080, 55.05016
1008.562, 52.58751
1009.044, 57.12471
1009.527, 63.41389
1010.009, 64.81898
1010.491, 61.75806
1010.973, 58.67603
1011.455, 56.72803
1011.937, 55.69402
1012.419, 57.18567
1012.901, 57.65697
1013.383, 52.41180
1013.866, 46.62601
1014.348, 48.14595
1014.830, 55.09334
1015.312, 58.23087
1015.794, 54.73740
1016.276, 47.53378
1016.758, 32.06068
1017.240, 19.74281
1017.723, 20.70918
1018.205, 25.95078
1018.687, 24.44162
1019.169, 17.31174
1019.651, 13.32317
1020.133, 15.91200
1020.615, 17.81305
1021.097, 16.04678
1021.579, 13.55212
1022.062, 12.09970
1022.544, 10.54315
1023.026, 6.283264
1023.508, 0.7261810
1023.990, 0.3063810
1024.472, 6.895294
1024.954, 10.50653
1025.436, 1.734146
1025.918, 4.563522
1026.401, 1.554276
1026.883, 10.81636
1027.365, 14.38852
1027.847, 12.93123
1028.329, 10.87770
1028.811, 8.669052
1029.293, 6.830200
1029.775, 6.097610
1030.258, 4.935608
1030.740, 3.140472
1031.222, 0.3351440
1031.704, 6.036362
1032.186, 13.49399
1032.668, 14.08879
1033.150, 4.186111
1033.632, 2.658615
1034.115, 3.414658
1034.597, 2.828003
1035.079, 2.085510
1035.561, 0.6445620
1036.043, 3.553085
1036.525, 8.541046
1037.007, 9.030930
1037.489, 3.882965
1037.971, 2.214111
1038.453, 8.314468
1038.936, 16.50076
1039.418, 27.34370
1039.900, 40.20224
1040.382, 52.28087
1040.864, 66.87122
1041.346, 90.50490
1041.828, 122.6185
1042.310, 166.9602
1042.793, 223.7393
1043.275, 292.5842
1043.757, 375.9471
1044.239, 467.2057
1044.721, 558.8025
1045.203, 658.2728
1045.685, 777.2546
1046.167, 914.2982
1046.650, 1093.371
1047.132, 1321.607
1047.614, 1572.205
1048.096, 1846.750
1048.578, 2138.152
1049.060, 2463.443
1049.542, 2767.344
1050.024, 2962.939
1050.506, 3053.886
1050.989, 3103.464
1051.471, 3090.331
1051.953, 3135.930
1052.435, 3244.436
1052.917, 3470.789
1053.399, 3865.221
1053.881, 4323.602
1054.363, 4767.983
1054.845, 5125.839
1055.328, 4977.558
1055.810, 4307.303
1056.292, 3488.013
1056.774, 2539.165
1057.256, 1725.149
1057.738, 1152.666
1058.220, 760.4448
1058.702, 502.3527
1059.185, 351.8175
1059.667, 245.8698
1060.149, 180.9184
1060.631, 134.1874
1061.113, 103.5989
1061.595, 82.95364
1062.077, 70.10178
1062.559, 61.47530
1063.042, 54.38812
1063.524, 48.77832
1064.006, 45.97182
1064.488, 44.08560
1064.970, 35.43266
1065.452, 22.31798
1065.934, 15.69156
1066.416, 17.25537
1066.898, 19.76443
1067.380, 18.80771
1067.863, 16.25316
1068.345, 13.22186
1068.827, 10.90370
1069.309, 12.38870
1069.791, 15.85603
1070.273, 17.15649
1070.755, 15.46303
1071.237, 12.29137
1071.720, 8.042770
1072.202, 7.286148
1072.684, 18.79355
1073.166, 31.02299
1073.648, 29.25839
1074.130, 21.87039
1074.612, 20.19441
1075.094, 24.11531
1075.577, 30.11601
1076.059, 37.08554
1076.541, 40.63786
1077.023, 34.96193
1077.505, 29.63257
1077.987, 30.59636
1078.469, 33.93001
1078.951, 36.47618
1079.433, 38.46468
1079.916, 41.57959
1080.398, 45.93546
1080.880, 47.70186
1081.362, 42.36679
1081.844, 39.57526
1082.326, 44.64333
1082.808, 49.46703
1083.290, 49.29639
1083.773, 46.39206
1084.255, 41.76727
1084.737, 36.28777
1085.219, 36.52153
1085.701, 49.33838
1086.183, 56.18965
1086.665, 51.14847
1087.147, 48.41841
1087.630, 53.92838
1088.112, 61.20663
1088.594, 65.49135
1089.076, 66.94695
1089.558, 65.42564
1090.040, 59.65570
1090.522, 58.63159
1091.004, 63.96576
1091.486, 69.32455
1091.969, 74.28830
1092.451, 75.45699
1092.933, 69.43013
1093.415, 61.57690
1093.897, 61.62247
1094.379, 68.74130
1094.861, 74.52327
1095.343, 79.09488
1095.825, 80.53191
1096.308, 78.50133
1096.790, 75.48743
1097.272, 72.53699
1097.754, 71.21857
1098.236, 73.78969
1098.718, 78.06331
1099.200, 79.40416
1099.682, 77.87433
1100.165, 72.19272
1100.647, 64.29922
1101.129, 61.90375
1101.611, 66.62555
1102.093, 71.95795
1102.575, 73.78903
1103.057, 73.14694
1103.539, 70.04074
1104.021, 66.10730
1104.504, 63.03082
1104.986, 61.12650
1105.468, 60.50597
1105.950, 61.42917
1106.432, 66.08882
1106.914, 76.58188
1107.396, 81.47922
1107.878, 68.28920
1108.360, 54.10492
1108.843, 50.33076
1109.325, 50.96219
1109.807, 50.89124
1110.289, 49.79138
1110.771, 48.04503
1111.253, 45.69203
1111.735, 44.62236
1112.217, 47.66203
1112.700, 48.48297
1113.182, 43.36316
1113.664, 38.31572
1114.146, 37.32227
1114.628, 37.72586
1115.110, 35.92032
1115.592, 32.48790
1116.074, 31.20653
1116.557, 34.84871
1117.039, 32.71545
1117.521, 20.53320
1118.003, 14.01001
1118.485, 20.05482
1118.967, 26.84352
1119.449, 24.59612
1119.931, 17.79860
1120.413, 16.89403
1120.896, 21.66040
1121.378, 23.93370
1121.860, 23.71782
1122.342, 20.22768
1122.824, 13.43726
1123.306, 9.305511
1123.788, 10.90439
1124.270, 13.33487
1124.752, 10.13206
1125.235, 4.908768
1125.717, 7.886002
1126.199, 14.39209
1126.681, 10.02864
1127.163, 1.949402
1127.645, 6.566269
1128.127, 0.6810460
1128.609, 6.923676
1129.092, 12.00470
1129.574, 12.81197
1130.056, 3.004456
1130.538, 7.111877
1131.020, 6.180832
1131.502, 0.1400150
1131.984, 4.088379
1132.466, 5.403473
1132.948, 7.618195
1133.431, 12.14365
1133.913, 13.55612
1134.395, 7.437592
1134.877, 1.561249
1135.359, 2.247711
1135.841, 4.155502
1136.323, 3.669144
1136.805, 1.673477
1137.287, 1.180359
1137.770, 4.719543
1138.252, 5.404480
1138.734, 1.792114
1139.216, 1.508850
1139.698, 5.602783
1140.180, 5.657745
1140.662, 1.538239
1141.144, 8.987732
1141.627, 10.93936
1142.109, 8.664703
1142.591, 3.886826
1143.073, 2.993500
1143.555, 3.062943
1144.037, 3.053116
1144.519, 6.388351
1145.001, 5.643982
1145.484, 5.568451
1145.966, 8.409332
1146.448, 10.15907
1146.930, 5.680771
1147.412, 0.8356480
1147.894, 2.584198
1148.376, 1.291672
1148.858, 0.7079320
1149.340, 2.505676
1149.823, 2.403168
1150.305, 0.6869660
1150.787, 0.6913300
1151.269, 4.256729
1151.751, 7.999283
1152.233, 10.08080
1152.715, 11.63313
1153.197, 14.74074
1153.679, 16.49834
1154.162, 13.07237
1154.644, 6.369507
1155.126, 0.4738310
1155.608, 4.488861
1156.090, 6.457741
1156.572, 4.781349
1157.054, 0.7587890
1157.536, 9.127579
1158.019, 15.23386
1158.501, 11.21510
1158.983, 5.196129
1159.465, 6.184143
1159.947, 11.80315
1160.429, 13.45531
1160.911, 10.89865
1161.393, 10.61483
1161.875, 12.72702
1162.358, 14.35133
1162.840, 14.69415
1163.322, 12.11636
1163.804, 5.534561
1164.286, 0.2305370
1164.768, 1.502510
1165.250, 6.646187
1165.732, 7.909119
1166.214, 7.013550
1166.697, 6.800270
1167.179, 7.484940
1167.661, 8.879387
1168.143, 10.76806
1168.625, 12.43146
1169.107, 12.96758
1169.589, 15.03338
1170.071, 25.40485
1170.554, 31.35649
1171.036, 18.77980
1171.518, 3.807449
1172.000, 3.889908
1172.482, 13.15218
1172.964, 15.14387
1173.446, 7.408081
1173.928, 6.394592
1174.411, 17.46529
1174.893, 24.01268
1175.375, 23.11641
1175.857, 21.21169
1176.339, 19.99792
1176.821, 20.97865
1177.303, 26.33965
1177.785, 33.32134
1178.267, 34.68738
1178.750, 30.86824
1179.232, 25.46323
1179.714, 19.07408
1180.196, 15.71103
1180.678, 15.95644
1181.160, 19.85506
1181.642, 27.16399
1182.124, 30.98660
1182.606, 22.50680
1183.089, 12.34555
1183.571, 14.26131
1184.053, 20.34279
1184.535, 20.98963
1185.017, 18.86258
1185.499, 19.85874
1185.981, 24.26897
1186.463, 27.22163
1186.946, 27.24300
1187.428, 26.45641
1187.910, 25.58148
1188.392, 23.28851
1188.874, 18.28862
1189.356, 14.28397
1189.838, 12.49810
1190.320, 12.89834
1190.802, 16.62647
1191.285, 22.41020
1191.767, 20.81609
1192.249, 10.08508
1192.731, 10.15220
1193.213, 22.22588
1193.695, 27.84399
1194.177, 22.67130
1194.659, 17.03368
1195.141, 17.02507
1195.624, 19.26185
1196.106, 20.20206
1196.588, 20.06105
1197.070, 18.98890
1197.552, 17.03084
1198.034, 13.90404
1198.516, 10.91637
1198.998, 10.18710
1199.481, 11.59964
1199.963, 11.56132
1200.445, 7.308411
1200.927, 5.797989
1201.409, 15.47590
1201.891, 22.08516
1202.373, 15.57159
1202.855, 6.854446
1203.338, 3.796867
1203.820, 4.503487
1204.302, 6.884895
1204.784, 10.60275
1205.266, 10.34205
1205.748, 4.697090
1206.230, 4.143501
1206.712, 10.09990
1207.194, 12.09774
1207.677, 7.030083
1208.159, 2.777634
1208.641, 4.719368
1209.123, 9.415070
1209.605, 13.13136
1210.087, 15.14491
1210.569, 13.40981
1211.051, 9.391182
1211.533, 4.813103
1212.016, 0.6145020
1212.498, 2.169258
1212.980, 3.295502
1213.462, 1.738632
1213.944, 5.000839
1214.426, 8.832199
1214.908, 3.367722
1215.390, 1.317307
1215.873, 1.220520
1216.355, 1.133072
1216.837, 4.094910
1217.319, 7.585213
1217.801, 12.43440
1218.283, 17.89852
1218.765, 16.23473
1219.247, 5.252724
1219.729, 1.817749
1220.212, 6.503487
1220.694, 10.48367
1221.176, 11.54992
1221.658, 10.72894
1222.140, 8.485641
1222.622, 7.867096
1223.104, 15.82496
1223.586, 24.47095
1224.068, 18.51411
1224.551, 7.685143
1225.033, 6.259399
1225.515, 10.92204
1225.997, 13.83056
1226.479, 13.76781
1226.961, 12.73617
1227.443, 11.14478
1227.925, 9.259422
1228.408, 5.838745
1228.890, 4.095108
1229.372, 5.396393
1229.854, 7.798492
1230.336, 11.17152
1230.818, 13.94702
1231.300, 14.19341
1231.782, 12.42587
1232.265, 9.820961
1232.747, 6.564400
1233.229, 8.062065
1233.711, 13.57365
1234.193, 14.44590
1234.675, 9.963974
1235.157, 5.871307
1235.639, 4.679268
1236.121, 5.226524
1236.604, 7.036987
1237.086, 9.279274
1237.568, 12.45576
1238.050, 14.73567
1238.532, 13.91338
1239.014, 11.12190
1239.496, 4.879433
1239.978, 2.182877
1240.460, 0.4247210
1240.943, 15.24223
1241.425, 22.56438
1241.907, 18.99534
1242.389, 16.36337
1242.871, 15.02298
1243.353, 14.47432
1243.835, 16.78887
1244.317, 19.72617
1244.800, 20.42916
1245.282, 20.19456
1245.764, 17.83699
1246.246, 14.25378
1246.728, 12.06812
1247.210, 11.08035
1247.692, 9.644501
1248.174, 7.740334
1248.656, 5.471382
1249.139, 3.231499
1249.621, 3.334816
1250.103, 7.541138
1250.585, 11.31586
1251.067, 13.43140
1251.549, 14.13876
1252.031, 12.97621
1252.513, 11.56941
1252.995, 10.54969
1253.478, 10.08973
1253.960, 11.07362
1254.442, 12.50269
1254.924, 10.15179
1255.406, 4.602638
1255.888, 5.888504
1256.370, 12.93295
1256.852, 14.58534
1257.335, 11.57201
1257.817, 11.89850
1258.299, 18.05511
1258.781, 20.97144
1259.263, 11.33568
1259.745, 2.282089
1260.227, 6.094437
1260.709, 11.85507
1261.192, 11.52115
1261.674, 8.546448
1262.156, 5.723351
1262.638, 4.123138
1263.120, 6.609734
1263.602, 12.96242
1264.084, 15.45387
1264.566, 12.86281
1265.048, 12.04617
1265.531, 13.59763
1266.013, 14.62566
1266.495, 14.39691
1266.977, 14.12151
1267.459, 14.58009
1267.941, 16.01999
1268.423, 19.98116
1268.905, 23.21233
1269.387, 20.26195
1269.870, 15.00007
1270.352, 12.17857
1270.834, 10.44867
1271.316, 5.789040
1271.798, 0.1012040
1272.280, 5.4451000E-02
1272.762, 5.893394
1273.244, 0.0000000E+00
##END=



