##NAMES=Margarosanite
##RRUFFID=R120111
##IDEAL CHEMISTRY=Ca_2_PbSi_3_O_9_
##LOCALITY=Parker shaft, Franklin, New Jersey, USA
##OWNER=RRUFF
##SOURCE=Caltech  
##DESCRIPTION=Pearly, colorless cleavages
##STATUS=The identification of this mineral has been confirmed by single-crystal X-ray diffraction.
##URL=rruff.info/R120111
70.80590, 0.0000000E+00
72.03920, 39.45142
73.27230, 100.3042
74.50520, 13.26904
75.73790, 48.15430
76.97040, 270.1355
78.20280, 458.2378
79.43490, 741.9060
80.66690, 962.3052
81.89870, 737.9453
83.13020, 570.6553
84.36160, 390.2419
85.59290, 622.1875
86.82390, 1316.685
88.05470, 2196.975
89.28540, 3211.834
90.51580, 3737.042
91.74610, 3717.279
92.97620, 3233.285
94.20610, 2335.315
95.43580, 1726.399
96.66540, 1382.022
97.89470, 1190.192
99.12390, 1101.991
100.3530, 1168.155
101.5820, 1465.937
102.8100, 1659.501
104.0390, 2037.733
105.2670, 2340.042
106.4950, 2914.454
107.7230, 3708.193
108.9500, 4774.268
110.1780, 6412.460
111.4050, 8729.761
112.6320, 12098.31
113.8590, 15442.08
115.0860, 18873.10
116.3120, 20968.55
117.5390, 21446.40
118.7650, 19797.99
119.9910, 17601.11
121.2170, 15365.22
122.4420, 14524.52
123.6680, 15467.48
124.8930, 17780.39
126.1180, 20480.21
127.3430, 22283.05
128.5680, 22392.27
129.7920, 20635.57
131.0160, 18010.73
132.2410, 15652.92
133.4650, 14091.55
134.6880, 12793.60
135.9120, 11726.45
137.1350, 9819.295
138.3580, 8032.318
139.5810, 6502.819
140.8040, 5150.939
142.0270, 4052.886
143.2490, 4086.894
144.4720, 4085.400
145.6940, 4174.299
146.9160, 3786.647
148.1370, 2958.591
149.3590, 2130.099
150.4360, 1516.267
151.6570, 949.3992
152.8780, 687.3853
154.0990, 467.9282
155.3190, 416.4219
156.5400, 557.5474
157.7600, 790.9956
158.9800, 981.5527
160.2000, 1192.746
161.4200, 1629.601
162.6390, 2542.352
163.8580, 3305.783
165.0780, 4744.293
166.2970, 6491.050
167.5150, 8546.182
168.7340, 10860.52
169.9520, 12549.76
171.1700, 13517.21
172.3890, 13491.51
173.6060, 12289.45
174.8240, 11218.63
176.0420, 9223.433
177.2590, 7770.035
178.4760, 7018.834
179.6930, 6228.529
180.9100, 6175.717
182.1260, 6538.199
183.3430, 6824.768
184.5590, 6838.120
185.7750, 6695.254
186.9910, 5945.772
188.2060, 5103.566
189.4220, 4254.996
190.6370, 3301.317
191.8520, 2427.669
193.0670, 1813.149
194.2820, 1569.007
195.4960, 1376.332
196.7110, 1655.171
197.9250, 1796.185
199.1390, 2629.351
200.3530, 3398.957
201.5660, 4774.572
202.7800, 6062.064
203.9930, 7863.123
205.2060, 9594.805
206.4190, 11359.94
207.6310, 11938.03
208.8440, 11274.96
210.0560, 9797.145
211.2680, 7748.278
212.4800, 5896.942
213.6920, 3705.344
214.9040, 2583.083
216.1150, 1787.736
217.3260, 1057.610
218.5380, 785.7466
219.7480, 440.1799
220.9590, 181.0413
222.1700, 77.14771
223.3800, 31.05762
224.5900, 64.22925
225.8000, 132.6614
227.0100, 194.4263
228.2190, 249.6001
229.4290, 176.2336
230.6380, 131.4387
231.8470, 206.2690
233.0560, 63.64331
234.2640, 30.34424
235.4730, 119.1006
236.6810, 204.6851
237.8890, 431.2622
239.0970, 711.9458
240.3050, 843.8621
241.5130, 897.3083
242.7200, 1064.862
243.9270, 1027.575
245.1340, 1071.227
246.3410, 1044.609
247.5480, 1101.007
248.7540, 1031.149
249.9610, 1137.600
251.1670, 1074.236
252.3730, 1062.806
253.5780, 1177.989
254.7840, 1540.122
255.9890, 1927.386
257.1950, 2563.804
258.4000, 3285.576
259.6040, 3748.244
260.8090, 4717.568
262.0140, 5083.183
263.2180, 5253.827
264.4220, 5304.170
265.6260, 5009.838
266.8300, 4682.241
268.0330, 3982.749
269.2370, 3424.880
270.4400, 2856.469
271.6430, 2342.167
272.8460, 1766.205
274.0480, 1444.657
275.2510, 1146.075
276.4530, 1081.533
277.6550, 1067.679
278.8570, 1047.444
280.0590, 1120.865
281.2610, 1256.763
282.4620, 1463.521
283.6630, 1547.562
284.8640, 2058.444
286.0650, 2130.175
287.2660, 2541.383
288.4660, 2917.330
289.6660, 3307.982
290.8670, 3673.765
292.0670, 3512.479
293.2660, 3572.043
294.4660, 3406.460
295.6650, 3586.793
296.8640, 3671.219
298.0640, 4174.814
299.2620, 4605.563
300.4610, 4953.026
301.6600, 4799.902
302.8580, 4283.671
304.0560, 3548.171
305.2540, 2593.304
306.4520, 1886.577
307.6490, 1300.730
308.8470, 906.8330
310.0440, 727.9258
311.2410, 835.1377
312.4380, 967.4587
313.6350, 1126.989
314.8310, 1554.060
316.0270, 1947.821
317.2240, 2138.953
318.4200, 2355.255
319.6150, 2565.352
320.8110, 2819.435
322.0060, 2943.918
323.2020, 3009.870
324.3970, 3333.183
325.5920, 3543.600
326.7860, 3609.667
327.9810, 3612.965
329.1750, 3333.632
330.3690, 2706.640
331.5630, 2056.415
332.7570, 1659.418
333.9510, 1201.547
335.1440, 904.8511
336.3370, 784.0708
337.5310, 656.9658
338.7230, 596.8752
339.9160, 578.6987
341.1090, 564.6943
342.3010, 533.9011
343.4930, 584.8689
344.6850, 421.8972
345.8770, 357.4656
347.0690, 93.66309
348.2600, 35.92017
349.4520, 20.76782
350.6430, 100.0979
351.8340, 164.8096
353.0240, 158.2297
354.2150, 221.0078
355.4050, 258.7456
356.5960, 334.4954
357.7860, 290.7485
358.9750, 257.7900
360.1650, 300.7595
361.3550, 232.4834
362.5440, 197.9480
363.7330, 113.0491
364.9220, 124.9272
366.1110, 22.96240
367.2990, 84.64062
368.4880, 214.8162
369.6760, 475.8452
370.8640, 604.3635
372.0520, 867.5601
373.2400, 1173.652
374.4270, 1247.597
375.6150, 1302.071
376.8020, 1451.513
377.9890, 1331.987
379.1760, 1387.662
380.3620, 1241.063
381.5490, 1345.201
382.7350, 1592.682
383.9210, 1880.287
385.1070, 2370.373
386.2930, 3006.091
387.4790, 3585.159
388.6640, 4187.735
389.8490, 4569.498
391.0340, 4555.887
392.2190, 4325.413
393.4040, 3707.249
394.5880, 3186.732
395.7730, 2658.410
396.9570, 1890.071
398.1410, 1573.702
399.3250, 1254.548
400.5080, 863.8442
401.6920, 754.1165
402.8750, 520.6721
404.0580, 426.3237
405.2410, 361.3887
406.4240, 331.7844
407.6060, 258.3469
408.7880, 200.6816
409.9710, 198.3938
411.1530, 128.5090
412.3350, 135.0105
413.5160, 127.5735
414.6980, 100.0225
415.8790, 74.83154
417.0600, 148.5525
418.2410, 102.2136
419.4220, 82.79932
420.6020, 186.6575
421.7830, 250.9248
422.9630, 261.6428
424.1430, 386.1699
425.3230, 447.4861
426.5030, 610.6011
427.6820, 841.5593
428.8620, 1074.635
430.0410, 1517.692
431.2200, 2049.797
432.3990, 2454.760
433.5770, 2857.699
434.7560, 3228.887
435.9340, 3457.991
437.1120, 3712.584
438.2900, 4009.684
439.4680, 4359.902
440.6460, 4858.827
441.8230, 5292.040
443.0000, 5100.910
444.1770, 4858.696
445.3540, 4474.039
446.5310, 3868.249
447.7080, 3202.726
448.8840, 2562.477
450.0600, 2119.705
451.2360, 1783.248
452.4120, 1567.991
453.5880, 1535.579
454.7630, 1596.847
455.9380, 1760.660
457.1130, 2084.253
458.2880, 2523.371
459.4630, 3117.611
460.6380, 3728.375
461.8120, 4471.586
462.9860, 4728.126
464.1600, 4918.646
465.3340, 4645.792
466.5080, 4547.875
467.6820, 4346.958
468.8550, 4248.832
470.0280, 4207.492
471.2010, 4041.243
472.3740, 3473.381
473.5470, 2918.146
474.7190, 2411.365
475.8920, 2032.782
477.0640, 1837.336
478.2360, 1543.847
479.4070, 1519.042
480.5790, 1513.268
481.7500, 1739.839
482.9220, 1998.452
484.0930, 2588.077
485.2640, 3461.808
486.4340, 4602.730
487.6050, 5859.292
488.7750, 6966.652
489.9460, 7834.503
491.1160, 8549.448
492.2850, 9225.819
493.4550, 10606.04
494.6250, 12273.41
495.7940, 14236.82
496.9630, 14848.78
498.1320, 14239.02
499.3010, 12694.54
500.4700, 10030.48
501.6380, 7379.874
502.8060, 5096.463
503.9740, 3589.288
505.1420, 2482.696
506.3100, 1736.836
507.4780, 1433.817
508.6450, 1278.603
509.8120, 1151.675
510.9790, 1187.520
512.1460, 1154.802
513.3130, 1029.930
514.4800, 1164.360
515.6460, 1007.275
516.8120, 903.7422
517.9780, 703.6611
519.1440, 630.0222
520.3100, 511.2939
521.4750, 341.0066
522.6400, 337.9985
523.8060, 210.4897
524.9710, 162.3311
526.1350, 150.6215
527.3000, 117.4014
528.4640, 0.3900150
529.6290, 55.10400
530.7930, 6.690674
531.9570, 35.34314
533.1200, 47.38037
534.2840, 9.264038
535.4470, 5.051147
536.6110, 23.56628
537.7740, 57.50354
538.9370, 35.48022
540.0990, 18.77222
541.2620, 14.93518
542.4240, 6.151367
543.5860, 1.480103
544.7480, 33.44336
545.9100, 24.59131
547.0720, 0.7196040
548.2330, 33.87952
549.3950, 14.62646
550.5560, 10.38660
551.7170, 31.00220
552.8780, 12.07153
554.0380, 4.480103
555.1990, 1.328369
556.3590, 27.49902
557.5190, 112.0365
558.6790, 29.82849
559.8390, 120.6837
560.9980, 15.47473
562.1580, 102.7919
563.3170, 31.27917
564.4760, 3.648438
565.6350, 138.2809
566.7940, 139.9724
567.9520, 150.2780
569.1110, 145.5959
570.2690, 242.3271
571.4270, 332.4810
572.5850, 476.6421
573.7420, 590.5835
574.9000, 784.5010
576.0570, 1289.790
577.2140, 1883.499
578.3710, 2578.956
579.5280, 3071.381
580.6850, 3176.974
581.8410, 2943.114
582.9980, 2410.742
584.1540, 1679.217
585.3100, 1174.687
586.4660, 749.8875
587.6210, 433.1063
588.7770, 269.8528
589.9320, 138.9772
591.0870, 109.7579
592.2420, 97.82434
593.3970, 77.19531
594.5510, 34.86145
595.7060, 22.79736
596.8600, 2.307007
598.0140, 66.46924
599.1680, 53.45837
600.3220, 28.17810
601.4750, 5.811890
602.6280, 5.180420
603.7820, 69.12341
604.9350, 32.81189
606.0880, 128.7610
607.2400, 35.97693
608.3930, 147.0638
609.5450, 19.47815
610.6970, 102.3124
611.8490, 93.97266
613.0010, 207.1687
614.1530, 83.70374
615.3040, 125.2047
616.4560, 75.47278
617.6070, 86.51660
618.7580, 117.0668
619.9080, 247.5435
621.0590, 186.8103
622.2100, 173.8270
623.3600, 217.3331
624.5100, 228.2192
625.6600, 365.5376
626.8100, 248.1941
627.9590, 291.9536
629.1090, 355.2673
630.2580, 473.2417
631.4070, 493.6035
632.5560, 543.0741
633.7050, 554.5211
634.8530, 801.1743
636.0020, 795.4191
637.1500, 898.2917
638.2980, 1079.813
639.4460, 1193.892
640.5940, 1419.019
641.7410, 1637.975
642.8890, 1965.954
644.0360, 2324.600
645.1830, 3023.296
646.3300, 3475.941
647.4760, 4360.433
648.6230, 5755.326
649.7690, 7421.450
650.9150, 10006.59
652.0620, 13752.91
653.2070, 18993.00
654.3530, 26640.58
655.4990, 35375.11
656.6440, 43678.70
657.7890, 49749.36
658.9340, 51799.21
660.0790, 49059.79
661.2230, 42938.02
662.3680, 34780.71
663.5120, 26871.95
664.6560, 20204.41
665.8000, 15008.19
666.9440, 11173.95
668.0880, 8770.430
669.2310, 6970.536
670.3750, 5464.728
671.5180, 4384.445
672.6610, 3676.815
673.8030, 2919.955
674.9460, 2526.872
676.0890, 2129.132
677.2310, 1841.808
678.3730, 1553.187
679.5150, 1354.138
680.6570, 1258.465
681.7980, 1179.656
682.9400, 924.8684
684.0810, 902.8984
685.2220, 745.3617
686.3630, 728.9609
687.5040, 679.1130
688.6440, 550.0884
689.7850, 540.8694
690.9250, 462.3208
692.0650, 394.9077
693.2050, 392.3967
694.3450, 341.2983
695.4840, 279.6250
696.6240, 225.4215
697.7630, 379.2029
698.9020, 277.1315
700.0410, 247.1487
701.1790, 253.5228
702.3180, 286.2080
703.4560, 249.1266
704.5950, 282.8197
705.7330, 159.9885
706.8700, 166.0300
708.0080, 196.1260
709.1460, 206.1058
710.2830, 205.7108
711.4200, 185.0940
712.5570, 129.6331
713.6940, 249.7812
714.8310, 189.3364
715.9670, 247.5868
717.1040, 272.7468
718.2400, 220.8711
719.3760, 259.1998
720.5120, 244.6732
721.6470, 166.2712
722.7830, 327.8430
723.9180, 322.1072
725.0530, 474.8888
726.1880, 515.3362
727.3230, 676.7676
728.4580, 829.3774
729.5920, 1111.906
730.7270, 1650.362
731.8610, 2137.496
732.9950, 2880.720
734.1290, 3504.120
735.2620, 3991.570
736.3960, 4272.209
737.5290, 4175.403
738.6620, 3943.051
739.7950, 3247.241
740.9280, 2839.425
742.0610, 2358.108
743.1930, 2018.592
744.3260, 1643.015
745.4580, 1422.591
746.5900, 1207.806
747.7220, 1006.912
748.8530, 850.0933
749.9850, 686.9475
751.1160, 594.0439
752.2470, 408.4233
753.3780, 430.3342
754.5090, 286.4507
755.6400, 392.5251
756.7700, 315.3025
757.9000, 224.7698
759.0300, 216.0117
760.1600, 189.5674
761.2900, 103.3323
762.4200, 158.7139
763.5490, 107.8337
764.6790, 112.2705
765.8080, 52.46436
766.9370, 5.903076
768.0660, 45.12646
769.1940, 56.62964
770.3230, 40.96997
771.4510, 36.35400
772.5790, 113.7114
773.7070, 73.59497
774.8350, 82.20166
775.9620, 119.6226
777.0900, 59.44824
778.2170, 67.98682
779.3440, 60.97778
780.4710, 89.43091
781.5980, 64.61694
782.7250, 64.17554
783.8510, 97.00635
784.9770, 9.940430
786.1040, 0.5249020
787.2300, 24.39673
788.3550, 26.02979
789.4810, 12.34619
790.6060, 10.78076
791.7320, 124.0564
792.8570, 27.79834
793.9820, 22.61230
795.1070, 104.0979
796.2310, 109.9883
797.3560, 13.56348
798.4800, 115.0208
799.6040, 56.33325
800.7280, 15.39941
801.8520, 94.57788
802.9760, 9.093750
804.0990, 32.61523
805.2220, 73.94019
806.3450, 17.31055
807.4680, 60.86841
808.5910, 73.24121
809.7140, 490.9622
810.8360, 307.3589
811.9590, 12.31299
813.0810, 55.56372
814.2030, 21.00195
815.3250, 10.97192
816.4460, 39.16699
817.5680, 17.71558
818.6890, 54.55566
819.8100, 35.67822
820.9310, 18.84521
822.0520, 39.92139
823.1730, 30.49756
824.2930, 92.04077
825.4130, 86.70972
826.5330, 39.01514
827.6530, 75.64380
828.7730, 50.82812
829.8930, 3.532471
831.0120, 2.419922
832.1320, 41.88916
833.2510, 101.5127
834.3700, 53.96021
835.4890, 62.31860
836.6070, 27.62354
837.7260, 9.834961
838.8440, 53.98901
839.9620, 80.32397
841.0800, 36.28369
842.1980, 66.27686
843.3160, 61.40332
844.4330, 8.295410
845.5510, 104.8745
846.6680, 17.88843
847.7850, 85.09863
848.9020, 141.4006
850.0180, 155.1262
851.1350, 249.5051
852.2510, 312.5381
853.3670, 236.6938
854.4840, 290.7534
855.5990, 304.4888
856.7150, 277.7454
857.8310, 156.9814
858.9460, 251.4277
860.0610, 177.7188
861.1760, 207.1345
862.2910, 149.0676
863.4060, 214.3542
864.5200, 95.67456
865.6350, 196.8298
866.7490, 78.10571
867.8630, 215.1992
868.9770, 139.0669
870.0910, 154.9978
871.2040, 134.9878
872.3170, 182.3516
873.4310, 162.3499
874.5440, 133.3416
875.6570, 182.9592
876.7690, 264.0273
877.8820, 230.5210
878.9940, 304.8833
880.1070, 352.2725
881.2190, 494.1013
882.3310, 366.1165
883.4420, 467.4890
884.5540, 440.6558
885.6650, 591.5278
886.7770, 582.6865
887.8880, 711.1003
888.9990, 758.5081
890.1090, 763.1394
891.2200, 997.4028
892.3300, 1227.219
893.4410, 1400.778
894.5510, 1745.560
895.6610, 1835.511
896.7710, 2342.517
897.8800, 2964.364
898.9900, 3685.561
900.0990, 4541.951
901.2080, 5774.797
902.3170, 7187.640
903.4260, 9032.547
904.5340, 11112.56
905.6430, 12602.14
906.7510, 14060.83
907.8590, 14147.94
908.9670, 13397.86
910.0750, 11681.73
911.1830, 9955.835
912.2900, 7899.755
913.3980, 6199.816
914.5050, 5043.752
915.6120, 3975.307
916.7190, 3288.318
917.8250, 2926.593
918.9320, 2623.124
920.0380, 2396.219
921.1440, 2318.672
922.2510, 2213.970
923.3560, 2275.523
924.4620, 2475.125
925.5680, 2544.913
926.6730, 2813.377
927.7780, 3043.419
928.8830, 3278.390
929.9880, 3441.035
931.0930, 3662.153
932.1970, 3639.278
933.3020, 3600.295
934.4060, 3472.808
935.5100, 3529.106
936.6140, 3406.071
937.7180, 3371.422
938.8210, 3429.848
939.9250, 3993.447
941.0280, 3993.309
942.1310, 4242.273
943.2340, 4287.669
944.3370, 4324.410
945.4400, 4219.611
946.5420, 3922.825
947.6440, 3750.792
948.7460, 3556.789
949.8480, 3672.339
950.9500, 3902.034
952.0520, 4083.332
953.1530, 4321.446
954.2550, 5007.096
955.3560, 5695.101
956.4570, 6701.437
957.5580, 8244.963
958.6580, 10007.45
959.7590, 12780.05
960.8590, 15548.90
961.9590, 18855.34
963.0590, 21109.98
964.1590, 23235.68
965.2590, 23890.81
966.3590, 23275.64
967.4580, 21792.12
968.5570, 20405.38
969.6560, 18853.98
970.7550, 17115.68
971.8540, 16060.67
972.9520, 15510.47
974.0510, 14441.41
975.1490, 14089.45
976.2470, 12868.90
977.3450, 12073.45
978.4430, 10778.78
979.5400, 9902.462
980.6380, 8458.983
981.7350, 7352.472
982.8320, 6400.731
983.9290, 5687.854
985.0260, 5090.569
986.1230, 4678.220
987.2190, 4282.085
988.3160, 4219.063
989.4120, 4038.638
990.5080, 4054.070
991.6040, 4106.798
992.6990, 4134.292
993.7950, 4116.597
994.8900, 4326.266
995.9850, 4572.276
997.0800, 4857.802
998.1750, 5161.936
999.2700, 5436.081
1000.360, 6137.927
1001.460, 6806.271
1002.550, 7771.337
1003.650, 9249.195
1004.740, 11375.95
1005.830, 14097.41
1006.930, 18257.69
1008.020, 23222.23
1009.110, 29667.30
1010.210, 36034.57
1011.300, 41902.77
1012.390, 45319.68
1013.490, 45359.79
1014.580, 42617.00
1015.670, 36949.75
1016.760, 30752.00
1017.860, 25086.31
1018.950, 20254.20
1020.040, 16059.55
1021.130, 12644.76
1022.220, 10571.55
1023.310, 8953.720
1024.400, 7699.759
1025.490, 6908.616
1026.590, 6075.711
1027.680, 5705.696
1028.770, 5273.647
1029.860, 5066.207
1030.950, 5136.246
1032.040, 5144.443
1033.130, 5402.624
1034.220, 5440.563
1035.310, 5088.431
1036.390, 4989.094
1037.480, 4547.519
1038.570, 3944.972
1039.660, 3541.955
1040.750, 2957.473
1041.840, 2405.309
1042.930, 1939.990
1044.010, 1569.033
1045.100, 1317.515
1046.190, 1235.167
1047.280, 1093.724
1048.370, 979.8679
1049.450, 787.7310
1050.540, 722.3757
1051.630, 709.7451
1052.710, 627.8088
1053.800, 579.9006
1054.890, 553.1531
1055.970, 460.0312
1057.060, 546.1123
1058.150, 278.3062
1059.230, 417.3542
1060.320, 362.9998
1061.400, 363.7073
1062.490, 360.6753
1063.570, 253.1880
1064.660, 339.1113
1065.740, 204.5928
1066.830, 273.9692
1067.910, 318.6235
1069.000, 241.4739
1070.080, 198.4448
1071.170, 143.4419
1072.250, 211.1663
1073.330, 223.3318
1074.420, 124.6646
1075.500, 182.7437
1076.590, 211.1257
1077.670, 165.4951
1078.750, 133.5818
1079.830, 101.5715
1080.920, 171.0198
1082.000, 18.03101
1083.080, 90.79150
1084.160, 58.29785
1085.250, 104.7141
1086.330, 97.48511
1087.410, 67.55566
1088.490, 23.58301
1089.570, 18.72241
1090.650, 117.5264
1091.740, 61.18433
1092.820, 33.59448
1093.900, 1.228271
1094.980, 1.228516
1096.060, 31.13696
1097.140, 35.66772
1098.220, 63.15161
1099.300, 41.74438
1100.380, 161.7375
1101.460, 13.97534
1102.540, 28.23755
1103.620, 24.09448
1104.700, 57.57324
1105.780, 11.29590
1106.860, 117.0098
1107.930, 72.02075
1109.010, 70.52319
1110.090, 26.27295
1111.170, 65.09302
1112.250, 54.73999
1113.330, 108.9939
1114.400, 24.02710
1115.480, 112.0581
1116.560, 20.98413
1117.640, 0.7846680
1118.710, 60.29785
1119.790, 129.2122
1120.870, 85.15747
1121.940, 116.1497
1123.020, 5.834961
1124.100, 200.5510
1125.170, 321.9741
1126.250, 50.75513
1127.330, 32.28198
1128.400, 61.86670
1129.480, 43.86792
1130.550, 44.20459
1131.630, 9.333984
1132.700, 44.38770
1133.780, 44.31226
1134.850, 104.3318
1135.930, 114.0083
1137.000, 34.66528
1138.080, 58.71558
1139.150, 116.2070
1140.220, 81.79907
1141.300, 123.5315
1142.370, 139.1724
1143.450, 92.48364
1144.520, 199.5273
1145.590, 213.3469
1146.670, 104.2542
1147.740, 248.0552
1148.810, 302.2070
1149.880, 380.7549
1150.960, 340.2402
1152.030, 283.3032
1153.100, 424.7515
1154.170, 253.9248
1155.250, 346.4556
1156.320, 409.0898
1157.390, 499.1758
1158.460, 430.7788
1159.530, 418.3574
1160.600, 294.5474
1161.670, 414.6528
1162.740, 436.8149
1163.810, 300.2036
1164.890, 198.2808
1165.960, 226.8145
1167.030, 250.7832
1168.100, 265.8457
1169.170, 239.0024
1170.240, 155.2896
1171.300, 221.5776
1172.370, 150.3105
1173.440, 137.6396
1174.510, 394.8359
1175.580, 166.8379
1176.650, 152.7598
1177.720, 165.0586
1178.790, 76.00928
1179.860, 114.2129
1180.920, 174.1514
1181.990, 279.3145
1183.060, 175.8701
1184.130, 79.25488
1185.190, 149.2227
1186.260, 22.10498
1187.330, 135.9487
1188.400, 133.1045
1189.460, 173.0044
1190.530, 12.69873
1191.600, 141.3936
1192.660, 166.0107
1193.730, 25.20850
1194.800, 255.0894
1195.860, 103.4951
1196.930, 22.45557
1197.990, 105.1631
1199.060, 201.7822
1200.120, 74.54199
1201.190, 119.8027
1202.250, 134.6851
1203.320, 159.8721
1204.380, 82.33105
1205.450, 117.5571
1206.510, 138.9839
1207.580, 154.8325
1208.640, 182.1958
1209.700, 134.4795
1210.770, 141.7734
1211.830, 236.9790
1212.900, 139.4795
1213.960, 254.3555
1215.020, 149.8696
1216.080, 187.2710
1217.150, 228.1548
1218.210, 314.3208
1219.270, 310.7129
1220.340, 150.0776
1221.400, 124.4912
1222.460, 118.2363
1223.520, 153.7974
1224.580, 134.7646
1225.640, 172.3301
1226.710, 236.6694
1227.770, 54.46484
1228.830, 117.5718
1229.890, 174.1279
1230.950, 156.8936
1232.010, 275.3076
1233.070, 160.3950
1234.130, 207.1455
1235.190, 211.1807
1236.250, 233.8184
1237.310, 70.84424
1238.370, 66.73047
1239.430, 183.8193
1240.490, 252.9048
1241.550, 93.68311
1242.610, 78.76123
1243.670, 44.10986
1244.730, 75.64746
1245.790, 203.0088
1246.840, 204.0591
1247.900, 156.1226
1248.960, 140.1904
1250.020, 53.75537
1251.080, 3.077148
1252.140, 155.2373
1253.190, 147.0654
1254.250, 132.7793
1255.310, 31.10596
1256.360, 119.1978
1257.420, 185.4038
1258.480, 211.2319
1259.540, 275.6660
1260.590, 130.7554
1261.650, 305.0146
1262.700, 96.41846
1263.760, 228.5967
1264.820, 222.0249
1265.870, 60.22363
1266.930, 37.92236
1267.980, 142.4751
1269.040, 250.8330
1270.090, 107.6118
1271.150, 89.60547
1272.200, 93.22754
1273.260, 28.56738
1274.310, 206.9941
1275.370, 14.90674
1276.420, 193.4482
1277.480, 225.1021
1278.530, 232.7686
1279.580, 176.2178
1280.640, 107.8584
1281.690, 141.5923
1282.740, 63.46533
1283.800, 150.8975
1284.850, 15.36035
1285.900, 91.13428
1286.960, 19.16113
1288.010, 178.1885
1289.060, 142.1641
1290.110, 122.0811
1291.160, 177.9907
1292.220, 240.7114
1293.270, 203.9502
1294.320, 93.30322
1295.370, 67.84863
1296.420, 194.4551
1297.470, 95.27295
1298.520, 42.97949
1299.580, 26.31055
1300.630, 3.116211
1301.680, 28.31543
1302.730, 209.6118
1303.780, 73.81104
1304.830, 192.7349
1305.880, 41.40723
1306.930, 350.8608
1307.980, 160.9131
1309.030, 41.96973
1310.080, 224.1309
1311.130, 130.2539
1312.170, 191.2305
1313.220, 249.1641
1314.270, 123.6743
1315.320, 48.05957
1316.370, 186.9419
1317.420, 58.10840
1318.470, 205.7095
1319.510, 213.0342
1320.560, 131.7876
1321.610, 212.9443
1322.660, 224.3394
1323.700, 145.1377
1324.750, 227.5625
1325.800, 370.3555
1326.840, 135.8062
1327.890, 105.4531
1328.940, 316.3145
1329.980, 211.8374
1331.030, 202.5728
1332.080, 93.49121
1333.120, 225.3481
1334.170, 225.4888
1335.210, 248.0078
1336.260, 195.2236
1337.310, 229.1489
1338.350, 162.1812
1339.400, 58.98193
1340.440, 128.1597
1341.490, 24.48096
1342.530, 117.0625
1343.570, 42.06738
1344.620, 118.4053
1345.660, 132.0386
1346.710, 168.9424
1347.750, 52.19775
1348.800, 105.3467
1349.840, 211.2017
1350.880, 173.1011
1351.930, 48.72070
1352.970, 37.23535
1354.010, 86.72412
1355.050, 69.56689
1356.100, 6.937012
1357.140, 102.3594
1358.180, 116.6069
1359.220, 65.50684
1360.270, 76.81885
1361.310, 152.8711
1362.350, 58.48438
1363.390, 244.1338
1364.430, 91.28320
1365.470, 212.2197
1366.520, 105.3076
1367.560, 12.04102
1368.600, 158.6592
1369.640, 69.55469
1370.680, 172.7725
1371.720, 148.4941
1372.760, 93.47656
1373.800, 81.47168
1374.840, 42.85840
1375.880, 13.45898
1376.920, 224.9795
1377.960, 45.75293
1379.000, 15.29297
1380.040, 91.78906
1381.080, 18.06250
1382.110, 48.35156
1383.150, 15.87988
1384.190, 33.38965
1385.230, 62.91797
1386.270, 106.4062
1387.310, 60.36230
1388.350, 63.97852
1389.380, 243.4404
1390.420, 154.3076
1391.460, 103.4980
1392.500, 271.0889
1393.530, 17.38672
1394.570, 88.94629
1395.610, 98.51660
1396.640, 103.9385
1397.680, 92.64160
1398.720, 7.871094
1399.750, 16.12012
1400.790, 227.3105
1401.830, 170.5684
1402.860, 215.2588
1403.900, 204.7559
1404.930, 192.0723
1405.970, 110.6162
1407.000, 194.3047
1408.040, 319.3652
1409.070, 212.9170
1410.110, 256.4990
1411.140, 323.1338
1412.180, 132.9814
1413.210, 201.4629
1414.250, 343.7178
1415.280, 309.6426
1416.310, 265.1299
1417.350, 187.4336
1418.380, 229.3066
1419.420, 314.5059
1420.450, 295.2539
1421.480, 153.2705
1422.520, 349.0264
1423.550, 264.3164
1424.580, 35.69824
1425.610, 270.3057
1426.650, 124.4209
1427.680, 173.0127
1428.710, 162.6299
1429.740, 325.1348
1430.770, 4.988281
1431.810, 50.41113
1432.840, 229.7012
1433.870, 156.2305
1434.900, 105.1299
1435.930, 130.7744
1436.960, 123.5420
1437.990, 192.0645
1439.020, 191.9756
1440.050, 231.7441
1441.080, 112.6777
1442.120, 308.3154
1443.150, 178.5371
1444.180, 63.26855
1445.200, 220.0742
1446.230, 173.7656
1447.260, 73.18945
1448.290, 245.2656
1449.320, 156.4268
1450.350, 26.27441
1451.380, 267.6309
1452.410, 415.1650
1453.440, 292.6992
1454.470, 214.9629
1455.490, 86.02246
1456.520, 185.7646
1457.550, 243.3867
1458.580, 51.30469
1459.610, 296.6436
1460.630, 65.78809
1461.660, 365.9980
1462.690, 171.6533
1463.720, 237.9766
1464.740, 271.5879
1465.770, 215.3984
1466.800, 295.9600
1467.820, 112.7295
1468.850, 223.4756
1469.880, 147.4805
1470.900, 309.2695
1471.930, 357.0273
1472.950, 396.5146
1473.980, 310.1973
1475.000, 245.7842
1476.030, 161.3662
1477.050, 399.8389
1478.080, 259.2236
1479.100, 162.8281
1480.130, 309.3350
1481.150, 390.0117
1482.180, 123.8193
1483.200, 200.2715
1484.230, 164.5088
1485.250, 331.9736
1486.270, 263.9160
1487.300, 194.4561
1488.320, 369.4570
1489.350, 222.3604
1490.370, 260.7910
1491.390, 287.8418
1492.410, 178.2852
1493.440, 177.1084
1494.460, 11.37109
1495.480, 226.4209
1496.510, 340.8350
1497.530, 229.3516
1498.550, 487.9082
1499.570, 10.06738
1500.590, 0.0000000E+00
##END=



