##NAMES=Mattheddleite
##RRUFFID=R070490
##IDEAL CHEMISTRY=Pb_10_(SiO_4_)_3_(SO_4_)_3_Cl_2_
##LOCALITY=Dry Smale Gill, Roughton Gill, Caldbeck Fells, Cumbria (Cumberland), England, United Kingdom
##OWNER=RRUFF
##SOURCE=Bob Jenkins
##DESCRIPTION=Radial aggregates of colorless hexagonal prisms associated with elongated bladed striated blue-green caledonite and creamy yellow barite
##STATUS=The identification of this mineral has been confirmed only by single crystal X-ray diffraction.
##URL=rruff.info/R070490
180.5287, 0.0000000E+00
181.0108, 7.919434
181.4930, 12.34570
181.9751, 12.18994
182.4572, 2.322266
182.9393, 2.058105
183.4214, 1.741211
183.9035, 3.658691
184.3857, 12.77197
184.8678, 22.60352
185.3499, 33.03125
185.8320, 43.05762
186.3141, 48.90967
186.7962, 50.97803
187.2784, 56.75244
187.7605, 76.31885
188.2426, 105.3286
188.7247, 124.3462
189.2068, 126.6992
189.6889, 121.0898
190.1711, 127.4043
190.6532, 146.1123
191.1353, 164.4985
191.6174, 173.1494
192.0995, 172.5376
192.5816, 164.9106
193.0638, 146.7280
193.5459, 123.8345
194.0280, 115.6045
194.5101, 123.3071
194.9922, 136.8945
195.4743, 147.7466
195.9565, 156.0088
196.4386, 164.0107
196.9207, 172.0146
197.4028, 180.3999
197.8849, 192.9644
198.3671, 212.0869
198.8492, 228.1670
199.3313, 225.8911
199.8134, 202.8501
200.2955, 187.4194
200.7776, 192.5659
201.2598, 216.0439
201.7419, 222.7070
202.2240, 207.2485
202.7061, 185.8540
203.1882, 180.3657
203.6703, 192.6250
204.1525, 210.2446
204.6346, 233.5649
205.1167, 263.5771
205.5988, 273.3179
206.0809, 257.0303
206.5630, 228.6475
207.0452, 210.9927
207.5273, 206.7412
208.0094, 204.2832
208.4915, 199.8481
208.9736, 193.4399
209.4557, 182.5127
209.9379, 163.4502
210.4200, 145.2886
210.9021, 143.3486
211.3842, 162.2124
211.8663, 182.2524
212.3484, 196.0781
212.8306, 202.8892
213.3127, 202.9136
213.7948, 194.3926
214.2769, 180.1597
214.7590, 169.6396
215.2411, 165.0806
215.7233, 161.2891
216.2054, 155.6323
216.6875, 143.6318
217.1696, 137.8350
217.6517, 144.4263
218.1338, 157.3804
218.6160, 156.0435
219.0981, 132.3335
219.5802, 110.2036
220.0623, 105.6558
220.5444, 129.5591
221.0265, 139.5879
221.5087, 126.7793
221.9908, 96.42432
222.4729, 82.42090
222.9550, 93.11182
223.4371, 108.5781
223.9192, 115.7998
224.4014, 112.3091
224.8835, 106.2866
225.3656, 97.33057
225.8477, 85.84033
226.3298, 79.16553
226.8120, 77.82959
227.2941, 80.88672
227.7762, 89.13232
228.2583, 106.6929
228.7404, 115.6128
229.2225, 110.4585
229.7047, 93.95166
230.1868, 87.24756
230.6689, 95.68115
231.1510, 106.6606
231.6331, 110.8882
232.1152, 104.9771
232.5974, 97.56592
233.0795, 89.60693
233.5616, 81.54004
234.0437, 74.79248
234.5258, 70.63135
235.0079, 66.36670
235.4901, 58.83887
235.9722, 44.84619
236.4543, 36.91260
236.9364, 39.76758
237.4185, 52.25586
237.9006, 63.82812
238.3828, 79.41211
238.8649, 88.65967
239.3470, 78.23877
239.8291, 28.53711
240.3112, 2.709961
240.7933, 0.5454100
241.2755, 35.39648
241.7576, 64.20898
242.2397, 86.98926
242.7218, 99.77539
243.2039, 96.57080
243.6860, 64.03711
244.1682, 42.58496
244.6503, 43.83887
245.1324, 68.79590
245.6145, 82.85742
246.0966, 77.72705
246.5787, 68.30811
247.0609, 72.14893
247.5430, 99.52344
248.0251, 121.4395
248.5072, 131.7817
248.9893, 130.1499
249.4714, 124.4995
249.9536, 115.8296
250.4357, 102.0879
250.9178, 77.95996
251.3999, 30.79932
251.8820, 0.1020510
252.3641, 0.7402340
252.8463, 31.60645
253.3284, 49.10889
253.8105, 45.06836
254.2926, 33.36768
254.7747, 28.44141
255.2568, 31.09668
255.7390, 39.02246
256.2211, 55.33594
256.7032, 81.17090
257.1853, 92.33887
257.6674, 82.26807
258.1495, 65.01172
258.6317, 56.47266
259.1138, 60.95068
259.5959, 64.04932
260.0780, 62.73975
260.5601, 56.89893
261.0422, 47.06445
261.5244, 28.47607
262.0065, 11.61133
262.4886, 10.43945
262.9707, 31.38818
263.4528, 51.01270
263.9349, 64.81738
264.4171, 72.83447
264.8992, 73.11963
265.3813, 61.58643
265.8634, 48.06934
266.3455, 43.28906
266.8276, 48.59082
267.3098, 58.56055
267.7919, 74.92529
268.2740, 97.42041
268.7561, 106.8428
269.2382, 97.55713
269.7203, 84.66260
270.2025, 87.26758
270.6846, 111.5859
271.1667, 126.7065
271.6488, 122.9067
272.1309, 101.2886
272.6130, 83.09033
273.0952, 68.63428
273.5773, 56.95020
274.0594, 44.64697
274.5415, 29.52637
275.0236, 27.46680
275.5057, 47.89404
275.9879, 87.23584
276.4700, 111.8389
276.9521, 120.7900
277.4342, 117.7954
277.9163, 101.2085
278.3984, 68.50977
278.8806, 46.34375
279.3627, 43.66455
279.8448, 57.00928
280.3269, 68.49512
280.8090, 78.90869
281.2911, 84.33350
281.7733, 76.86475
282.2554, 55.73340
282.7375, 42.99854
283.2196, 46.81689
283.7017, 62.14355
284.1838, 68.99414
284.6660, 66.56543
285.1481, 59.65137
285.6302, 50.45605
286.1123, 39.25293
286.5944, 31.62695
287.0765, 29.72607
287.5587, 31.88818
288.0408, 32.75879
288.5229, 32.13477
289.0050, 32.94727
289.4872, 40.97412
289.9693, 54.39160
290.4514, 60.17676
290.9335, 54.19775
291.4156, 40.25684
291.8977, 25.21875
292.3799, 8.998535
292.8620, 4.972168
293.3441, 14.05908
293.8262, 18.70850
294.3083, 19.57617
294.7904, 16.03369
295.2726, 9.880371
295.7547, 2.303223
296.2368, 6.321289
296.7189, 11.28174
297.2010, 6.565430
297.6831, 4.632813
298.1653, 14.72852
298.6474, 22.84473
299.1295, 27.47070
299.6116, 24.83105
300.0937, 16.19287
300.5758, 8.712891
301.0580, 8.495117
301.5401, 12.52832
302.0222, 16.26074
302.5043, 20.04492
302.9864, 20.04736
303.4685, 7.947754
303.9507, 12.71191
304.4328, 29.29932
304.9149, 30.95508
305.3970, 25.81494
305.8791, 23.60254
306.3612, 25.76611
306.8434, 30.42334
307.3255, 37.09424
307.8076, 45.06885
308.2897, 52.72998
308.7718, 60.00928
309.2539, 65.82275
309.7361, 68.95020
310.2182, 69.38477
310.7003, 68.92090
311.1824, 62.63330
311.6645, 55.99512
312.1466, 58.99219
312.6288, 90.42969
313.1109, 123.3726
313.5930, 137.7822
314.0751, 130.4897
314.5572, 119.6123
315.0393, 108.7534
315.5215, 101.4087
316.0036, 102.3276
316.4857, 126.8022
316.9678, 148.9819
317.4499, 152.6294
317.9320, 135.9634
318.4142, 123.5850
318.8963, 126.3428
319.3784, 137.0859
319.8605, 148.7969
320.3426, 161.7549
320.8247, 173.8164
321.3069, 183.9165
321.7890, 191.9414
322.2711, 198.5571
322.7532, 200.2129
323.2353, 202.2002
323.7174, 208.5581
324.1996, 225.2295
324.6817, 240.7871
325.1638, 253.9722
325.6459, 264.6440
326.1280, 271.2334
326.6101, 273.1411
327.0923, 271.1118
327.5744, 265.6494
328.0565, 250.6978
328.5386, 240.0205
329.0207, 236.2881
329.5028, 237.9160
329.9850, 237.8882
330.4671, 232.6167
330.9492, 229.4155
331.4313, 232.0356
331.9134, 247.6147
332.3955, 256.4092
332.8777, 250.5137
333.3598, 239.6548
333.8419, 249.6841
334.3240, 298.3442
334.8061, 340.2803
335.2882, 354.5879
335.7704, 328.9336
336.2525, 318.1782
336.7346, 329.0005
337.2167, 347.1489
337.6988, 350.7847
338.1809, 335.4287
338.6631, 319.6519
339.1452, 307.5557
339.6273, 298.6802
340.1094, 305.8594
340.5915, 335.2002
341.0736, 370.0283
341.5558, 388.5088
342.0379, 389.9946
342.5200, 382.2651
343.0021, 362.3501
343.4842, 334.2290
343.9663, 324.8779
344.4485, 338.3896
344.9306, 355.9980
345.4127, 355.1465
345.8948, 338.3931
346.3769, 332.8174
346.8590, 350.6470
347.3412, 380.6519
347.8233, 390.9956
348.3054, 381.8745
348.7875, 374.8408
349.2696, 396.0835
349.7517, 433.5991
350.2339, 450.0986
350.7160, 430.9736
351.1981, 398.3887
351.6802, 380.0879
352.1623, 375.8037
352.6444, 381.4780
353.1266, 405.3540
353.6087, 434.2603
354.0908, 445.3047
354.5729, 431.4507
355.0550, 410.7207
355.5371, 394.9458
356.0193, 384.5894
356.5014, 381.3452
356.9835, 395.8853
357.4656, 413.0400
357.9477, 418.9619
358.4298, 411.6157
358.9120, 399.8027
359.3941, 385.4800
359.8762, 370.9780
360.3583, 359.2773
360.8404, 352.1758
361.3225, 349.0571
361.8047, 350.8926
362.2868, 356.8799
362.7689, 361.1841
363.2510, 363.4854
363.7331, 362.0249
364.2152, 355.2559
364.6974, 334.1772
365.1795, 316.5986
365.6616, 306.6787
366.1437, 303.9170
366.6258, 304.7964
367.1079, 316.0415
367.5901, 325.7305
368.0722, 327.4141
368.5543, 309.2100
369.0364, 297.6011
369.5185, 301.7720
370.0006, 313.7695
370.4828, 311.3862
370.9649, 282.4092
371.4470, 252.3765
371.9291, 229.0884
372.4113, 211.1455
372.8934, 204.5869
373.3755, 215.5620
373.8576, 233.7192
374.3397, 242.3330
374.8218, 237.0337
375.3040, 231.5562
375.7861, 232.2275
376.2682, 239.4688
376.7503, 230.1631
377.2324, 197.8979
377.7145, 161.9248
378.1967, 143.4531
378.6788, 144.5400
379.1609, 145.9360
379.6430, 142.4766
380.1251, 136.5532
380.6072, 138.0845
381.0894, 148.0254
381.5715, 158.8931
382.0536, 165.2974
382.5357, 167.7773
383.0178, 169.2632
383.4999, 171.5508
383.9821, 170.7476
384.4642, 158.3433
384.9463, 135.4062
385.4284, 111.4424
385.9105, 85.70215
386.3926, 63.49463
386.8748, 57.27441
387.3569, 70.18115
387.8390, 86.78271
388.3211, 92.62549
388.8032, 90.75439
389.2853, 87.78369
389.7675, 89.65381
390.2496, 89.86230
390.7317, 81.16602
391.2138, 63.53809
391.6959, 45.78760
392.1780, 33.77686
392.6602, 24.19141
393.1423, 13.42480
393.6244, 13.06250
394.1065, 27.67334
394.5886, 6.483398
395.0707, 41.08838
395.5529, 70.23926
396.0350, 48.19873
396.5171, 15.88184
396.9992, 2.752441
397.4813, 2.854980
397.9634, 10.49219
398.4456, 19.00781
398.9277, 27.39307
399.4098, 33.67578
399.8919, 44.16748
400.3740, 46.18018
400.8561, 32.47217
401.3383, 3.974609
401.8204, 26.39307
402.3025, 28.31006
402.7846, 20.89697
403.2667, 16.22607
403.7488, 15.14795
404.2310, 14.75293
404.7131, 13.80273
405.1952, 12.69287
405.6773, 16.55908
406.1594, 27.87598
406.6415, 38.12256
407.1237, 40.45166
407.6058, 34.38037
408.0879, 26.42676
408.5700, 16.87012
409.0521, 6.536133
409.5342, 3.297852
410.0164, 12.55811
410.4985, 19.55615
410.9806, 21.18213
411.4627, 19.34570
411.9448, 21.27295
412.4269, 27.31104
412.9091, 36.97412
413.3912, 52.84521
413.8733, 72.25928
414.3554, 87.06738
414.8375, 83.40430
415.3196, 78.98828
415.8018, 103.0278
416.2839, 152.8311
416.7660, 196.5181
417.2481, 202.9097
417.7302, 193.3755
418.2123, 191.8467
418.6945, 206.6182
419.1766, 227.9697
419.6587, 254.1392
420.1408, 283.0913
420.6229, 308.4614
421.1050, 316.9824
421.5872, 329.4160
422.0693, 359.1328
422.5514, 413.2373
423.0335, 466.0693
423.5156, 512.7915
423.9977, 555.2114
424.4799, 596.7461
424.9620, 638.2993
425.4441, 676.9702
425.9262, 709.4790
426.4083, 735.3594
426.8904, 771.3945
427.3726, 830.2495
427.8547, 887.1650
428.3368, 923.1714
428.8189, 926.6396
429.3010, 938.1968
429.7831, 963.7896
430.2653, 998.2749
430.7474, 1029.463
431.2295, 1058.426
431.7116, 1080.352
432.1937, 1089.747
432.6758, 1086.570
433.1580, 1091.589
433.6401, 1107.062
434.1222, 1123.836
434.6043, 1127.168
435.0864, 1118.892
435.5685, 1116.220
436.0507, 1131.820
436.5328, 1152.476
437.0149, 1150.186
437.4970, 1125.870
437.9791, 1091.670
438.4612, 1047.723
438.9434, 1002.437
439.4255, 971.2065
439.9076, 961.5732
440.3897, 956.4512
440.8718, 938.7354
441.3539, 914.6714
441.8361, 898.2861
442.3182, 901.1440
442.8003, 910.3774
443.2824, 917.8960
443.7645, 922.6606
444.2466, 930.1455
444.7288, 951.3726
445.2109, 972.3682
445.6930, 979.0757
446.1751, 950.7188
446.6572, 927.6528
447.1393, 918.6426
447.6215, 922.2295
448.1036, 927.1572
448.5857, 943.5630
449.0678, 951.0894
449.5499, 938.9731
450.0320, 895.8267
450.5142, 861.1396
450.9963, 839.0244
451.4784, 821.5005
451.9605, 795.5288
452.4426, 758.9585
452.9248, 728.6704
453.4069, 712.1558
453.8890, 706.8931
454.3711, 688.9771
454.8532, 655.8413
455.3354, 621.0527
455.8175, 598.6665
456.2996, 586.3027
456.7817, 568.8423
457.2638, 542.2607
457.7459, 511.5581
458.2281, 484.6064
458.7102, 460.4985
459.1923, 433.7026
459.6744, 394.3032
460.1565, 353.3506
460.6386, 329.1660
461.1208, 323.7549
461.6029, 317.1626
462.0850, 289.3052
462.5671, 253.7129
463.0492, 228.1143
463.5313, 222.8662
464.0135, 224.0098
464.4956, 233.3877
464.9777, 247.3799
465.4598, 246.9424
465.9419, 206.5083
466.4240, 165.2852
466.9062, 145.3789
467.3883, 162.9976
467.8704, 171.4658
468.3525, 159.4580
468.8346, 139.6782
469.3167, 129.4585
469.7989, 134.1626
470.2810, 139.4360
470.7631, 143.6167
471.2452, 146.3652
471.7273, 140.3535
472.2094, 120.6108
472.6916, 103.3940
473.1737, 104.8296
473.6558, 126.7368
474.1379, 136.5918
474.6200, 129.6641
475.1021, 112.7539
475.5843, 93.74854
476.0664, 73.45947
476.5485, 60.80225
477.0306, 63.14111
477.5127, 75.53857
477.9948, 90.07373
478.4770, 106.6567
478.9591, 119.3599
479.4412, 119.7227
479.9233, 113.6484
480.4054, 110.1997
480.8875, 112.1934
481.3697, 116.4800
481.8518, 124.1445
482.3339, 132.6748
482.8160, 135.6294
483.2981, 121.6626
483.7802, 108.2446
484.2624, 107.5430
484.7445, 124.2256
485.2266, 132.6577
485.7087, 119.8164
486.1908, 100.8501
486.6729, 90.39893
487.1551, 97.09570
487.6372, 100.8501
488.1193, 99.13965
488.6014, 93.03857
489.0835, 85.63672
489.5656, 73.29541
490.0478, 67.18848
490.5299, 76.91846
491.0120, 106.1387
491.4941, 120.0684
491.9762, 115.4834
492.4583, 104.5552
492.9405, 104.0454
493.4226, 112.8252
493.9047, 116.3926
494.3868, 108.7705
494.8689, 95.28027
495.3510, 82.60400
495.8332, 71.68604
496.3153, 68.06787
496.7974, 81.42480
497.2795, 101.5996
497.7616, 113.3862
498.2437, 112.7412
498.7259, 115.0840
499.2080, 140.3247
499.6901, 172.6670
500.1722, 190.4214
500.6543, 167.9907
501.1364, 146.3955
501.6186, 144.1465
502.1007, 159.1475
502.5828, 168.4146
503.0649, 160.9629
503.5470, 154.0786
504.0291, 156.2129
504.5113, 167.7119
504.9934, 180.0044
505.4755, 197.6938
505.9576, 213.3594
506.4397, 213.9697
506.9218, 190.2441
507.4040, 177.8457
507.8861, 184.2788
508.3682, 205.9585
508.8503, 269.1909
509.3324, 380.9941
509.8145, 483.8887
510.2967, 533.3848
510.7788, 536.9058
511.2609, 508.6519
511.7430, 441.3350
512.2252, 372.9150
512.7073, 335.6064
513.1894, 325.3276
513.6715, 326.6675
514.1536, 344.6855
514.6357, 363.1411
515.1179, 364.7979
515.6000, 352.7144
516.0821, 344.2759
516.5642, 351.6011
517.0463, 363.7559
517.5284, 371.9438
518.0106, 374.8491
518.4927, 376.2017
518.9748, 377.1953
519.4569, 376.9468
519.9390, 374.9927
520.4211, 360.4507
520.9033, 355.2441
521.3854, 367.3149
521.8675, 392.9468
522.3496, 408.8179
522.8317, 414.7700
523.3138, 411.7148
523.7960, 396.0791
524.2781, 366.2314
524.7602, 351.9912
525.2423, 358.2417
525.7244, 367.0835
526.2065, 350.8184
526.6887, 313.3545
527.1708, 284.4058
527.6529, 277.5244
528.1350, 280.1177
528.6171, 272.2432
529.0992, 256.2871
529.5814, 244.8774
530.0635, 255.1567
530.5456, 267.8569
531.0277, 262.8584
531.5098, 234.7241
531.9919, 206.2012
532.4741, 185.6636
532.9562, 170.6094
533.4383, 158.0190
533.9204, 150.4785
534.4025, 141.7939
534.8846, 128.1982
535.3668, 111.9302
535.8489, 103.1318
536.3310, 106.9189
536.8131, 111.2451
537.2952, 113.1592
537.7773, 113.5679
538.2595, 102.6465
538.7416, 75.32373
539.2237, 48.01074
539.7058, 42.05029
540.1879, 56.59619
540.6700, 60.72168
541.1522, 44.47266
541.6343, 22.58496
542.1164, 24.40088
542.5985, 45.34668
543.0806, 63.18066
543.5627, 64.02490
544.0449, 56.17969
544.5270, 49.46777
545.0091, 43.97900
545.4912, 35.36914
545.9733, 14.00488
546.4554, 8.117676
546.9376, 19.82324
547.4197, 13.50781
547.9018, 5.162598
548.3839, 3.093750
548.8660, 10.54053
549.3481, 15.74170
549.8303, 16.10645
550.3124, 17.63037
550.7945, 23.83545
551.2766, 34.06201
551.7587, 34.25146
552.2408, 20.25830
552.7230, 5.239746
553.2051, 2.522461
553.6872, 2.861328
554.1693, 8.3010001E-03
554.6514, 6.431152
555.1335, 14.20605
555.6157, 23.23486
556.0978, 31.87744
556.5799, 31.94336
557.0620, 14.37793
557.5441, 6.725098
558.0262, 13.13672
558.5084, 6.900391
558.9905, 2.857422
559.4726, 22.97510
559.9547, 36.49609
560.4368, 24.24561
560.9189, 21.12109
561.4011, 53.06787
561.8832, 49.45703
562.3653, 29.38330
562.8474, 9.531738
563.3295, 16.91016
563.8116, 31.07471
564.2938, 27.96924
564.7759, 13.07520
565.2580, 41.55420
565.7401, 7.063965
566.2222, 34.87012
566.7043, 42.98535
567.1865, 27.56201
567.6686, 3.443848
568.1507, 6.262695
568.6328, 17.64697
569.1149, 27.62207
569.5970, 31.53516
570.0792, 12.87744
570.5613, 16.09863
571.0434, 38.18799
571.5255, 19.18994
572.0076, 12.80273
572.4897, 47.38330
572.9719, 59.27441
573.4540, 35.51318
573.9361, 58.62305
574.4182, 2.019531
574.9003, 10.82031
575.3824, 55.36426
575.8646, 33.64795
576.3467, 57.51123
576.8288, 64.04102
577.3109, 8.250000
577.7930, 56.72900
578.2751, 62.76758
578.7573, 8.072266
579.2394, 68.70166
579.7215, 21.73584
580.2036, 12.91846
580.6857, 32.86133
581.1678, 22.86719
581.6500, 60.35938
582.1321, 52.82910
582.6142, 41.41943
583.0963, 47.49707
583.5784, 2.673340
584.0605, 51.13037
584.5427, 35.77783
585.0248, 52.13086
585.5069, 75.64648
585.9890, 57.43457
586.4711, 58.83936
586.9532, 60.96924
587.4354, 66.25098
587.9175, 75.77148
588.3996, 90.67725
588.8817, 124.5601
589.3638, 147.5156
589.8459, 149.7461
590.3281, 138.8311
590.8102, 139.7041
591.2923, 156.9858
591.7744, 175.6777
592.2565, 188.9517
592.7386, 197.7646
593.2208, 213.7373
593.7029, 237.6704
594.1850, 263.3594
594.6671, 287.8340
595.1492, 309.8223
595.6313, 323.3662
596.1135, 325.8594
596.5956, 327.7212
597.0777, 336.3750
597.5598, 352.1387
598.0419, 375.3140
598.5240, 421.9277
599.0062, 460.6108
599.4883, 471.5225
599.9704, 461.6216
600.4525, 457.0347
600.9346, 470.7134
601.4167, 483.9526
601.8989, 487.9258
602.3810, 480.4258
602.8631, 481.5464
603.3452, 493.5181
603.8273, 510.4648
604.3094, 529.3862
604.7916, 550.6846
605.2737, 566.6597
605.7558, 576.7827
606.2379, 581.0498
606.7200, 578.9663
607.2021, 571.2559
607.6843, 560.4263
608.1664, 542.7896
608.6485, 527.3936
609.1306, 530.4385
609.6127, 546.0474
610.0948, 552.7500
610.5770, 533.0947
611.0591, 506.5928
611.5412, 483.6113
612.0233, 465.0996
612.5054, 452.8682
612.9875, 452.7280
613.4697, 454.9458
613.9518, 452.9653
614.4339, 443.0767
614.9160, 437.9395
615.3981, 440.8232
615.8802, 444.1152
616.3624, 434.3149
616.8445, 410.1230
617.3266, 391.8774
617.8087, 387.9302
618.2908, 390.0171
618.7729, 379.0669
619.2551, 355.8628
619.7372, 330.1904
620.2193, 308.8691
620.7014, 287.3228
621.1835, 256.4614
621.6656, 215.6714
622.1478, 180.9287
622.6299, 159.6445
623.1120, 145.0898
623.5941, 142.9614
624.0762, 163.8291
624.5583, 166.1836
625.0405, 129.2661
625.5226, 82.58350
626.0047, 51.86279
626.4868, 43.18311
626.9689, 35.41162
627.4510, 18.21240
627.9332, 2.495605
628.4153, 4.959473
628.8974, 25.88623
629.3795, 46.00781
629.8616, 57.21191
630.3438, 61.19531
630.8259, 59.61621
631.3080, 52.86377
631.7901, 45.64209
632.2722, 40.73535
632.7543, 37.36621
633.2365, 33.52490
633.7186, 29.18701
634.2007, 23.27881
634.6828, 12.74609
635.1649, 0.9208980
635.6470, 5.684082
636.1292, 8.424316
636.6113, 5.494141
637.0934, 8.983398
637.5755, 26.43311
638.0576, 29.10840
638.5397, 13.73584
639.0219, 0.6318360
639.5040, 9.287109
639.9861, 12.38428
640.4682, 8.029785
640.9503, 3.176758
641.4324, 13.02002
641.9146, 16.02295
642.3967, 16.09277
642.8788, 20.89844
643.3609, 30.79834
643.8430, 36.29932
644.3251, 22.94824
644.8073, 7.928711
645.2894, 6.632813
645.7715, 31.74121
646.2536, 50.34375
646.7357, 59.46338
647.2178, 59.42139
647.7000, 47.84277
648.1821, 15.03906
648.6642, 4.641602
649.1463, 3.973633
649.6284, 11.16650
650.1105, 31.38037
650.5927, 56.54102
651.0748, 69.79932
651.5569, 54.35840
652.0390, 26.29346
652.5211, 17.17139
653.0032, 25.08350
653.4854, 36.59570
653.9675, 50.63965
654.4496, 59.81396
654.9317, 53.17236
655.4138, 26.14404
655.8959, 10.45801
656.3781, 30.39941
656.8602, 56.77344
657.3423, 66.35889
657.8244, 46.80469
658.3066, 32.44727
658.7887, 23.83008
659.2708, 20.43457
659.7529, 22.99121
660.2350, 32.17334
660.7172, 40.06348
661.1993, 45.77100
661.6814, 47.91357
662.1635, 39.21973
662.6456, 22.89258
663.1277, 13.35840
663.6099, 25.90967
664.0920, 43.13037
664.5741, 50.54834
665.0562, 48.40332
665.5383, 40.83203
666.0204, 18.29102
666.5026, 9.0820000E-02
666.9847, 1.412109
667.4668, 22.34326
667.9489, 36.85010
668.4310, 40.10596
668.9131, 37.02148
669.3953, 28.09766
669.8774, 10.57227
670.3595, 9.038086
670.8416, 30.04150
671.3237, 54.42578
671.8058, 51.90332
672.2880, 29.58008
672.7701, 14.61328
673.2522, 16.83447
673.7343, 26.17529
674.2164, 36.25830
674.6985, 45.75342
675.1807, 51.69727
675.6628, 49.61914
676.1449, 47.29834
676.6270, 49.36426
677.1091, 54.86621
677.5912, 51.82617
678.0734, 25.89551
678.5555, 10.93359
679.0376, 26.16211
679.5197, 72.54346
680.0018, 92.65918
680.4839, 81.49219
680.9661, 66.59131
681.4482, 76.40381
681.9303, 101.4717
682.4124, 106.8750
682.8945, 87.81299
683.3766, 66.13818
683.8588, 58.33301
684.3409, 60.55078
684.8230, 69.45508
685.3051, 93.66064
685.7872, 108.6558
686.2693, 100.8960
686.7515, 80.91650
687.2336, 63.69580
687.7157, 48.26221
688.1978, 37.69775
688.6799, 31.37256
689.1620, 30.70654
689.6442, 44.83398
690.1263, 76.34619
690.6084, 96.65820
691.0905, 85.26709
691.5726, 58.03467
692.0547, 55.50439
692.5369, 74.66260
693.0190, 93.32422
693.5011, 96.71240
693.9832, 93.14355
694.4653, 90.86133
694.9474, 91.17285
695.4296, 92.29980
695.9117, 95.67627
696.3938, 96.75098
696.8759, 92.18701
697.3580, 78.20898
697.8401, 68.27148
698.3223, 63.46631
698.8044, 63.10010
699.2865, 66.88721
699.7686, 74.75537
700.2507, 79.86865
700.7328, 80.33398
701.2150, 79.97900
701.6971, 85.06445
702.1792, 93.24561
702.6613, 98.89258
703.1434, 99.78857
703.6255, 97.95996
704.1077, 93.54395
704.5898, 88.02783
705.0719, 85.07959
705.5540, 93.54102
706.0361, 95.76758
706.5182, 82.92676
707.0004, 59.61230
707.4825, 50.17480
707.9646, 58.24463
708.4467, 68.52393
708.9288, 72.76709
709.4109, 72.74805
709.8931, 82.49121
710.3752, 102.0776
710.8573, 115.9028
711.3394, 103.9351
711.8215, 83.18945
712.3036, 77.33350
712.7858, 89.60303
713.2679, 104.2554
713.7500, 120.3218
714.2321, 130.9971
714.7142, 129.4458
715.1964, 98.54492
715.6785, 88.78125
716.1606, 113.5830
716.6427, 146.1689
717.1248, 153.2441
717.6069, 130.6948
718.0891, 116.7192
718.5712, 118.1523
719.0533, 127.8848
719.5354, 142.2749
720.0175, 157.0498
720.4996, 156.9233
720.9818, 124.4038
721.4639, 91.16455
721.9460, 86.74512
722.4281, 100.6357
722.9102, 108.1108
723.3923, 95.76221
723.8745, 82.57959
724.3566, 74.57910
724.8387, 70.66309
725.3208, 63.92969
725.8029, 51.02881
726.2850, 42.49414
726.7672, 43.22998
727.2493, 51.73047
727.7314, 62.03613
728.2135, 73.96484
728.6956, 83.29102
729.1777, 82.70166
729.6599, 79.55469
730.1420, 87.45801
730.6241, 107.2646
731.1062, 117.8970
731.5883, 104.5903
732.0704, 81.31201
732.5526, 55.36182
733.0347, 19.69629
733.5168, 5.524902
733.9989, 26.07861
734.4810, 51.64795
734.9631, 54.55322
735.4453, 32.97070
735.9274, 14.77490
736.4095, 2.146973
736.8916, 5.077148
737.3737, 4.091797
737.8558, 1.603516
738.3380, 3.165527
738.8201, 6.203613
739.3022, 11.38135
739.7843, 5.562500
740.2664, 31.56885
740.7485, 46.49512
741.2307, 38.40039
741.7128, 26.10303
742.1949, 4.437500
742.6770, 16.94092
743.1591, 11.38770
743.6412, 29.09277
744.1234, 60.72607
744.6055, 69.26514
745.0876, 61.39453
745.5697, 48.91699
746.0518, 32.84814
746.5339, 19.01465
747.0161, 7.155762
747.4982, 1.590332
747.9803, 10.21289
748.4624, 30.20605
748.9445, 45.48633
749.4266, 50.72754
749.9088, 50.60449
750.3909, 48.80273
750.8730, 45.50635
751.3551, 25.65088
751.8372, 20.63721
752.3193, 56.73584
752.8015, 53.14258
753.2836, 17.09326
753.7657, 1.986816
754.2478, 4.000488
754.7299, 6.110840
755.2120, 28.38037
755.6942, 55.32520
756.1763, 67.05127
756.6584, 59.36328
757.1405, 49.19336
757.6226, 39.71045
758.1047, 32.01221
758.5869, 26.94336
759.0690, 24.83984
759.5511, 24.61084
760.0332, 29.70068
760.5153, 30.75635
760.9974, 11.93262
761.4796, 24.02930
761.9617, 40.36914
762.4438, 29.56006
762.9259, 10.62695
763.4080, 1.368652
763.8901, 1.079102
764.3723, 0.7783200
764.8544, 3.075684
765.3365, 5.604492
765.8186, 6.231934
766.3007, 3.820801
766.7828, 3.546387
767.2650, 18.52881
767.7471, 33.72461
768.2292, 51.00439
768.7113, 64.67627
769.1934, 61.95215
769.6755, 43.13379
770.1577, 21.04541
770.6398, 4.977051
771.1219, 25.34326
771.6040, 23.66748
772.0861, 5.847168
772.5682, 14.24268
773.0504, 40.22607
773.5325, 57.46924
774.0146, 54.95410
774.4967, 38.12158
774.9788, 26.32275
775.4609, 21.72559
775.9431, 19.49902
776.4252, 18.25146
776.9073, 18.53906
777.3894, 23.17480
777.8715, 32.13232
778.3536, 41.59814
778.8358, 54.06445
779.3179, 63.38916
779.8000, 55.43994
780.2821, 34.70068
780.7642, 20.93408
781.2463, 29.75488
781.7285, 42.58350
782.2106, 52.17676
782.6927, 57.79541
783.1748, 55.03418
783.6569, 36.91504
784.1390, 22.58887
784.6212, 21.29590
785.1033, 31.68457
785.5854, 43.10938
786.0675, 55.50391
786.5496, 65.76611
787.0317, 66.25244
787.5139, 65.73730
787.9960, 80.57812
788.4781, 110.6025
788.9602, 130.1953
789.4423, 126.2480
789.9244, 109.3486
790.4066, 80.13574
790.8887, 34.60938
791.3708, 11.21094
791.8529, 18.30273
792.3350, 33.09082
792.8171, 39.40918
793.2993, 38.61377
793.7814, 48.65527
794.2635, 71.16016
794.7456, 82.67822
795.2277, 42.77393
795.7098, 7.496582
796.1920, 11.63135
796.6741, 45.76318
797.1562, 90.12012
797.6383, 84.74463
798.1204, 64.80029
798.6025, 55.60400
799.0847, 59.74121
799.5668, 66.22803
800.0489, 75.17383
800.5310, 83.86523
801.0131, 91.74854
801.4952, 100.3228
801.9774, 111.7358
802.4595, 126.5615
802.9416, 139.3018
803.4237, 145.8145
803.9058, 147.3877
804.3879, 143.9697
804.8701, 130.2734
805.3522, 125.3149
805.8343, 146.3955
806.3164, 169.4814
806.7985, 174.2236
807.2806, 154.5249
807.7628, 141.3379
808.2449, 135.6567
808.7270, 138.8286
809.2091, 157.2607
809.6912, 183.8491
810.1733, 203.9756
810.6555, 217.1118
811.1376, 229.0923
811.6197, 237.9268
812.1018, 246.4194
812.5839, 259.0703
813.0660, 284.4893
813.5482, 301.2012
814.0303, 304.0181
814.5124, 301.8174
814.9945, 303.7725
815.4766, 310.0723
815.9587, 319.0737
816.4409, 331.0908
816.9230, 344.5537
817.4051, 356.8291
817.8872, 369.1914
818.3693, 384.5542
818.8514, 407.0278
819.3336, 423.0068
819.8157, 417.2422
820.2978, 409.2017
820.7799, 422.6885
821.2620, 471.2441
821.7441, 513.1621
822.2263, 548.7148
822.7084, 572.8662
823.1906, 571.7290
823.6727, 549.4492
824.1548, 542.1138
824.6369, 558.2764
825.1190, 584.8140
825.6011, 616.2681
826.0833, 647.6167
826.5654, 671.6147
827.0475, 687.8979
827.5296, 694.7383
828.0117, 683.9634
828.4938, 667.9258
828.9760, 660.3945
829.4581, 666.5562
829.9402, 667.0508
830.4223, 657.2290
830.9044, 645.1660
831.3865, 645.6392
831.8687, 652.9087
832.3508, 648.7622
832.8329, 622.2739
833.3150, 601.9937
833.7971, 615.3862
834.2792, 641.5293
834.7614, 655.6416
835.2435, 640.8384
835.7256, 631.4819
836.2077, 628.6226
836.6898, 630.5972
837.1719, 637.0024
837.6541, 647.6753
838.1362, 656.3350
838.6183, 662.9546
839.1004, 663.9790
839.5825, 646.0664
840.0646, 622.9531
840.5468, 618.4507
841.0289, 650.8320
841.5110, 673.5415
841.9931, 656.3467
842.4752, 630.6646
842.9573, 631.7446
843.4395, 674.2017
843.9216, 695.2222
844.4037, 687.2798
844.8858, 667.2881
845.3679, 650.8877
845.8500, 638.9946
846.3322, 634.7554
846.8143, 639.0469
847.2964, 649.2935
847.7785, 672.8149
848.2606, 696.4209
848.7427, 706.8608
849.2249, 697.6836
849.7070, 682.1748
850.1891, 656.6836
850.6712, 630.5205
851.1533, 609.7324
851.6354, 594.5103
852.1176, 597.3008
852.5997, 621.6245
853.0818, 644.5552
853.5639, 642.8286
854.0460, 625.8452
854.5281, 603.1240
855.0103, 572.7588
855.4924, 551.3413
855.9745, 552.1860
856.4566, 558.5024
856.9387, 558.2134
857.4208, 548.8730
857.9030, 537.4106
858.3851, 523.0293
858.8672, 512.1646
859.3493, 514.8135
859.8314, 523.4053
860.3135, 517.3623
860.7957, 495.1509
861.2778, 478.2573
861.7599, 482.7490
862.2420, 493.2598
862.7241, 500.5718
863.2062, 503.6108
863.6884, 506.2812
864.1705, 510.9121
864.6526, 509.0425
865.1347, 494.8560
865.6168, 470.1191
866.0989, 441.0967
866.5811, 406.5737
867.0632, 379.6675
867.5453, 375.3706
868.0274, 381.3833
868.5095, 390.6465
868.9916, 401.6328
869.4738, 398.3218
869.9559, 355.7451
870.4380, 322.1270
870.9201, 318.3906
871.4022, 341.4180
871.8843, 353.3047
872.3665, 353.8813
872.8486, 346.0254
873.3307, 322.6831
873.8128, 296.3994
874.2949, 290.3574
874.7770, 300.5112
875.2592, 307.7886
875.7413, 301.8135
876.2234, 292.7944
876.7055, 280.5723
877.1876, 267.9189
877.6697, 271.3950
878.1519, 298.2036
878.6340, 311.9312
879.1161, 294.3813
879.5982, 260.7881
880.0803, 240.8159
880.5624, 233.3506
881.0446, 234.3950
881.5267, 253.7539
882.0088, 269.1938
882.4909, 266.2549
882.9730, 251.0962
883.4551, 239.9878
883.9373, 237.9834
884.4194, 230.4663
884.9015, 212.1372
885.3836, 190.7178
885.8657, 181.8447
886.3478, 184.0225
886.8300, 190.3218
887.3121, 203.3604
887.7942, 209.9771
888.2763, 192.7397
888.7584, 164.4932
889.2405, 143.4092
889.7227, 134.1064
890.2048, 132.8535
890.6869, 143.8032
891.1690, 157.1592
891.6511, 160.5171
892.1332, 154.0063
892.6154, 143.0127
893.0975, 126.4478
893.5796, 114.2222
894.0617, 126.4712
894.5438, 143.6362
895.0259, 138.0991
895.5081, 94.25244
895.9902, 62.51514
896.4723, 62.05566
896.9544, 70.50195
897.4365, 73.08252
897.9186, 68.76221
898.4008, 74.50488
898.8829, 92.10645
899.3650, 106.4619
899.8471, 100.3955
900.3292, 85.55566
900.8113, 79.36035
901.2935, 82.94629
901.7756, 84.56299
902.2577, 76.67236
902.7398, 67.66455
903.2219, 57.81982
903.7040, 47.58154
904.1862, 63.35107
904.6683, 111.8862
905.1504, 144.6997
905.6325, 120.6289
906.1146, 70.96826
906.5967, 59.04590
907.0789, 76.53906
907.5610, 89.54541
908.0431, 75.02686
908.5252, 59.62305
909.0073, 57.34033
909.4894, 63.01855
909.9716, 59.20215
910.4537, 42.96729
910.9358, 29.27100
911.4179, 22.70898
911.9000, 19.85107
912.3821, 15.01855
912.8643, 8.539551
913.3464, 0.9428710
913.8285, 11.59375
914.3106, 19.18213
914.7927, 10.84326
915.2748, 2.734863
915.7570, 5.007813
916.2391, 10.82422
916.7212, 19.23340
917.2033, 16.18408
917.6854, 10.27734
918.1675, 15.82227
918.6497, 27.20996
919.1318, 25.81299
919.6139, 6.115723
920.0960, 9.874023
920.5781, 3.511719
921.0602, 8.940918
921.5424, 12.70410
922.0245, 3.228516
922.5066, 2.993652
922.9887, 16.78906
923.4708, 28.06738
923.9529, 20.03467
924.4351, 8.6914003E-02
924.9172, 4.740723
925.3993, 4.891113
925.8814, 13.89062
926.3635, 11.69189
926.8456, 6.830566
927.3278, 8.513672
927.8099, 15.22754
928.2920, 2.401367
928.7741, 44.47217
929.2562, 75.25342
929.7383, 66.27637
930.2205, 34.76270
930.7026, 27.34961
931.1847, 39.43750
931.6668, 52.17090
932.1489, 56.49951
932.6310, 59.55811
933.1132, 67.03809
933.5953, 75.74512
934.0774, 78.51611
934.5595, 70.18115
935.0416, 67.26855
935.5237, 72.14990
936.0059, 81.95752
936.4880, 95.49072
936.9701, 110.8428
937.4522, 120.2925
937.9343, 119.6328
938.4164, 122.2583
938.8986, 142.8696
939.3807, 170.1367
939.8628, 195.2212
940.3449, 218.2251
940.8270, 232.2412
941.3091, 232.9727
941.7913, 239.8916
942.2734, 279.3184
942.7555, 335.6782
943.2376, 351.6436
943.7197, 329.4282
944.2018, 313.7705
944.6840, 330.9956
945.1661, 364.1440
945.6482, 410.8984
946.1303, 467.5830
946.6124, 507.9297
947.0945, 523.6528
947.5767, 550.2109
948.0588, 602.3301
948.5409, 667.9111
949.0230, 717.5605
949.5051, 757.2314
949.9872, 808.8115
950.4694, 886.4937
950.9515, 970.8350
951.4336, 1050.747
951.9157, 1133.152
952.3978, 1229.971
952.8799, 1349.402
953.3621, 1453.902
953.8442, 1532.326
954.3263, 1616.407
954.8084, 1753.737
955.2905, 1922.463
955.7726, 2077.067
956.2548, 2208.629
956.7369, 2345.479
957.2190, 2505.131
957.7011, 2671.788
958.1832, 2836.201
958.6653, 2998.631
959.1475, 3148.831
959.6296, 3280.825
960.1117, 3430.320
960.5938, 3644.524
961.0759, 3877.970
961.5580, 4050.561
962.0402, 4171.583
962.5223, 4285.083
963.0044, 4416.645
963.4865, 4535.987
963.9686, 4637.707
964.4507, 4721.130
964.9329, 4775.684
965.4150, 4799.408
965.8971, 4830.923
966.3792, 4887.119
966.8613, 4931.114
967.3434, 4911.209
967.8256, 4848.065
968.3077, 4775.343
968.7898, 4703.541
969.2719, 4613.847
969.7540, 4494.145
970.2361, 4364.705
970.7183, 4243.588
971.2004, 4130.440
971.6825, 4005.039
972.1646, 3867.233
972.6467, 3717.881
973.1288, 3544.279
973.6110, 3367.808
974.0931, 3210.041
974.5752, 3072.386
975.0573, 2947.864
975.5394, 2851.875
976.0215, 2744.771
976.5037, 2613.321
976.9858, 2462.511
977.4679, 2297.151
977.9500, 2119.394
978.4321, 1956.349
978.9142, 1824.668
979.3964, 1698.438
979.8785, 1557.314
980.3606, 1410.007
980.8427, 1269.323
981.3248, 1137.805
981.8069, 1010.033
982.2891, 879.5093
982.7712, 765.4722
983.2533, 699.6860
983.7354, 666.1660
984.2175, 612.4907
984.6996, 534.1230
985.1818, 461.3569
985.6639, 413.0547
986.1460, 375.9424
986.6281, 343.3848
987.1102, 313.7563
987.5924, 280.4517
988.0745, 241.7510
988.5566, 205.9692
989.0388, 175.3540
989.5209, 150.9072
990.0030, 139.7842
990.4851, 136.1748
990.9672, 125.7437
991.4493, 91.63867
991.9315, 64.57959
992.4136, 58.26758
992.8957, 58.53125
993.3778, 47.73096
993.8599, 25.15869
994.3420, 5.694336
994.8242, 9.758301
995.3063, 15.76172
995.7884, 6.763184
996.2705, 33.04980
996.7526, 28.81836
997.2347, 13.64697
997.7169, 33.20410
998.1990, 4.540527
998.6811, 20.93506
999.1632, 19.53857
999.6453, 0.9003910
1000.127, 6.694336
1000.610, 8.8379003E-02
1001.092, 5.927246
1001.574, 4.724121
1002.056, 0.8520510
1002.538, 4.296387
1003.020, 9.784668
1003.502, 13.46826
1003.984, 13.21436
1004.466, 17.83203
1004.949, 30.53906
1005.431, 41.09814
1005.913, 36.15625
1006.395, 19.96191
1006.877, 1.727539
1007.359, 28.73682
1007.841, 46.85547
1008.323, 45.39697
1008.806, 35.97949
1009.288, 21.71973
1009.770, 4.179688
1010.252, 1.429688
1010.734, 14.35059
1011.216, 21.55908
1011.698, 4.800781
1012.180, 13.45801
1012.662, 1.074707
1013.145, 29.47070
1013.627, 52.92773
1014.109, 67.51611
1014.591, 64.44531
1015.073, 34.10791
1015.555, 0.6459960
1016.037, 9.717773
1016.519, 2.704590
1017.002, 12.76221
1017.484, 18.24561
1017.966, 22.37061
1018.448, 29.98047
1018.930, 35.16211
1019.412, 30.61865
1019.894, 16.71240
1020.376, 13.23291
1020.858, 23.25830
1021.341, 31.82861
1021.823, 32.20605
1022.305, 28.90039
1022.787, 27.01758
1023.269, 28.26318
1023.751, 36.84619
1024.233, 66.10742
1024.715, 85.84375
1025.198, 86.93457
1025.680, 77.29785
1026.162, 58.00977
1026.644, 28.70752
1027.126, 27.45312
1027.608, 57.45264
1028.090, 88.65137
1028.572, 96.71631
1029.054, 94.55273
1029.536, 90.36719
1030.019, 85.29932
1030.501, 87.80420
1030.983, 103.7236
1031.465, 114.8042
1031.947, 115.1943
1032.429, 108.9131
1032.911, 104.6670
1033.393, 100.8545
1033.876, 91.08740
1034.358, 67.30273
1034.840, 51.88379
1035.322, 66.44043
1035.804, 85.27246
1036.286, 83.29248
1036.768, 54.69189
1037.250, 51.51270
1037.733, 75.95215
1038.215, 94.28613
1038.697, 65.14453
1039.179, 28.44971
1039.661, 32.85156
1040.143, 70.60107
1040.625, 96.18115
1041.107, 94.08691
1041.589, 89.61084
1042.072, 85.59326
1042.554, 83.96973
1043.036, 94.54785
1043.518, 110.8916
1044.000, 106.8501
1044.482, 69.74463
1044.964, 44.67627
1045.446, 65.58057
1045.928, 102.2637
1046.411, 133.6748
1046.893, 159.5430
1047.375, 175.7422
1047.857, 181.5581
1048.339, 184.6138
1048.821, 188.7607
1049.303, 192.7510
1049.785, 189.4985
1050.268, 185.1650
1050.750, 194.5469
1051.232, 244.6987
1051.714, 275.6401
1052.196, 280.2744
1052.678, 266.8271
1053.160, 236.7090
1053.642, 199.3496
1054.125, 189.8638
1054.607, 212.5283
1055.089, 230.6582
1055.571, 221.9404
1056.053, 204.8223
1056.535, 186.1245
1057.017, 165.8560
1057.499, 141.0381
1057.981, 110.4653
1058.464, 92.45898
1058.946, 97.18604
1059.428, 109.4844
1059.910, 113.7114
1060.392, 111.6904
1060.874, 105.5034
1061.356, 86.49805
1061.838, 84.09717
1062.320, 107.5947
1062.803, 130.1641
1063.285, 128.4902
1063.767, 109.5679
1064.249, 91.63184
1064.731, 76.34473
1065.213, 70.15039
1065.695, 83.19287
1066.177, 99.44092
1066.660, 116.9009
1067.142, 130.8926
1067.624, 129.5083
1068.106, 111.8198
1068.588, 95.73486
1069.070, 83.93994
1069.552, 78.25098
1070.034, 83.47168
1070.516, 94.35400
1070.999, 102.9775
1071.481, 107.4829
1071.963, 119.4551
1072.445, 148.0015
1072.927, 160.0659
1073.409, 129.3037
1073.891, 82.32031
1074.373, 88.32568
1074.856, 129.7729
1075.338, 159.9019
1075.820, 146.9404
1076.302, 141.3989
1076.784, 164.9531
1077.266, 193.1240
1077.748, 203.8516
1078.230, 197.5068
1078.713, 188.4331
1079.195, 177.2026
1079.677, 168.2930
1080.159, 162.7695
1080.641, 162.7637
1081.123, 171.8228
1081.605, 188.4502
1082.087, 204.9839
1082.569, 223.1978
1083.052, 233.0469
1083.534, 230.0376
1084.016, 224.9072
1084.498, 239.6641
1084.980, 257.8721
1085.462, 252.7549
1085.944, 215.4844
1086.426, 178.2974
1086.908, 141.6338
1087.391, 113.6133
1087.873, 97.63184
1088.355, 93.52441
1088.837, 107.8911
1089.319, 135.1460
1089.801, 152.2886
1090.283, 141.4736
1090.765, 129.3618
1091.248, 129.5024
1091.730, 132.9595
1092.212, 128.3936
1092.694, 114.0620
1093.176, 114.9541
1093.658, 132.5425
1094.140, 147.3203
1094.622, 137.6816
1095.104, 123.6665
1095.587, 124.8188
1096.069, 137.8696
1096.551, 144.0098
1097.033, 139.9673
1097.515, 134.3633
1097.997, 125.9839
1098.479, 123.7837
1098.961, 152.1084
1099.443, 190.2988
1099.926, 199.6323
1100.408, 169.5239
1100.890, 148.3906
1101.372, 156.4004
1101.854, 163.5586
1102.336, 156.9551
1102.818, 141.0142
1103.300, 127.9688
1103.783, 118.5845
1104.265, 116.1743
1104.747, 129.6553
1105.229, 137.3096
1105.711, 122.6289
1106.193, 101.9731
1106.675, 91.61914
1107.157, 93.66553
1107.640, 84.96826
1108.122, 65.48193
1108.604, 49.39062
1109.086, 48.18701
1109.568, 53.34912
1110.050, 58.80322
1110.532, 64.65918
1111.014, 71.04492
1111.496, 75.14697
1111.979, 92.76562
1112.461, 130.2837
1112.943, 162.6982
1113.425, 150.4092
1113.907, 117.4951
1114.389, 100.3403
1114.871, 103.5996
1115.353, 104.1611
1115.835, 89.23047
1116.318, 84.48828
1116.800, 105.2944
1117.282, 134.3784
1117.764, 125.4780
1118.246, 92.32471
1118.728, 79.44971
1119.210, 107.1313
1119.692, 130.2212
1120.175, 131.5688
1120.657, 122.3662
1121.139, 102.1685
1121.621, 72.95020
1122.103, 66.88721
1122.585, 82.29053
1123.067, 98.28809
1123.549, 112.8052
1124.031, 114.1387
1124.514, 78.51709
1124.996, 33.41553
1125.478, 20.72266
1125.960, 48.59082
1126.442, 64.00830
1126.924, 64.21875
1127.406, 63.70264
1127.888, 73.66406
1128.370, 89.58496
1128.853, 114.7734
1129.335, 142.2881
1129.817, 137.7651
1130.299, 78.31641
1130.781, 48.67822
1131.263, 68.38574
1131.745, 104.5059
1132.227, 121.4902
1132.710, 124.9683
1133.192, 120.3770
1133.674, 108.1792
1134.156, 103.2563
1134.638, 115.8076
1135.120, 124.0649
1135.602, 120.3496
1136.084, 108.9639
1136.567, 98.07520
1137.049, 87.67480
1137.531, 76.94189
1138.013, 64.41064
1138.495, 54.99414
1138.977, 44.19922
1139.459, 44.38818
1139.941, 70.55176
1140.423, 115.4414
1140.906, 119.9546
1141.388, 90.16895
1141.870, 64.98779
1142.352, 65.38818
1142.834, 72.63672
1143.316, 82.68652
1143.798, 91.25146
1144.280, 92.49365
1144.762, 85.52490
1145.245, 85.84668
1145.727, 94.17627
1146.209, 96.29834
1146.691, 74.56104
1147.173, 49.88672
1147.655, 36.73047
1148.137, 33.73828
1148.619, 34.63818
1149.102, 39.90137
1149.584, 46.25195
1150.066, 53.60156
1150.548, 59.29736
1151.030, 60.75928
1151.512, 59.00928
1151.994, 51.45410
1152.476, 39.14648
1152.958, 41.98242
1153.441, 69.22607
1153.923, 86.34277
1154.405, 82.49658
1154.887, 70.13965
1155.369, 67.79492
1155.851, 69.17432
1156.333, 63.84033
1156.815, 48.46533
1157.297, 33.49854
1157.780, 15.77441
1158.262, 7.201660
1158.744, 15.66357
1159.226, 34.22363
1159.708, 53.05762
1160.190, 68.26758
1160.672, 69.19385
1161.154, 43.42041
1161.637, 23.06152
1162.119, 13.95850
1162.601, 11.88965
1163.083, 16.10254
1163.565, 25.00146
1164.047, 33.54102
1164.529, 40.66162
1165.011, 41.92969
1165.494, 30.01025
1165.976, 18.59814
1166.458, 10.37256
1166.940, 5.495117
1167.422, 6.822266
1167.904, 12.98535
1168.386, 8.991211
1168.868, 4.974121
1169.350, 18.83447
1169.833, 32.69385
1170.315, 38.22412
1170.797, 23.25586
1171.279, 1.540039
1171.761, 2.831055
1172.243, 9.376953
1172.725, 12.05859
1173.207, 1.560059
1173.689, 4.105957
1174.172, 13.35010
1174.654, 29.90527
1175.136, 25.08594
1175.618, 5.796875
1176.100, 8.597656
1176.582, 18.47852
1177.064, 13.70752
1177.546, 11.89062
1178.029, 33.32910
1178.511, 25.62744
1178.993, 5.487305
1179.475, 14.92529
1179.957, 34.42529
1180.439, 42.73730
1180.921, 38.81055
1181.403, 35.34131
1181.885, 37.82422
1182.368, 40.08398
1182.850, 27.45410
1183.332, 16.41309
1183.814, 31.95654
1184.296, 82.84570
1184.778, 87.35156
1185.260, 38.06934
1185.742, 1.783203
1186.224, 23.19824
1186.707, 63.64404
1187.189, 85.27344
1187.671, 92.04248
1188.153, 89.12695
1188.635, 72.46729
1189.117, 60.11084
1189.599, 52.67676
1190.081, 46.75537
1190.564, 38.47754
1191.046, 31.40234
1191.528, 30.82227
1192.010, 35.16650
1192.492, 40.36084
1192.974, 42.52100
1193.456, 54.02295
1193.938, 78.85693
1194.421, 99.85205
1194.903, 100.2822
1195.385, 87.96631
1195.867, 68.58691
1196.349, 46.08740
1196.831, 35.08691
1197.313, 40.58887
1197.795, 47.02197
1198.277, 54.88135
1198.760, 59.51611
1199.242, 50.43896
1199.724, 37.18457
1200.206, 35.50977
1200.688, 45.65625
1201.170, 55.41699
1201.652, 63.42871
1202.134, 68.53516
1202.616, 68.64062
1203.099, 69.76270
1203.581, 87.27930
1204.063, 109.0757
1204.545, 111.0298
1205.027, 89.70312
1205.509, 75.76416
1205.991, 78.85205
1206.473, 79.67139
1206.956, 71.63086
1207.438, 60.35840
1207.920, 55.70508
1208.402, 54.60596
1208.884, 49.93457
1209.366, 38.52197
1209.848, 36.77197
1210.330, 52.34424
1210.813, 64.72168
1211.295, 64.62939
1211.777, 57.47314
1212.259, 53.16650
1212.741, 50.59082
1213.223, 47.03174
1213.705, 40.28906
1214.187, 36.43701
1214.669, 33.92041
1215.151, 38.90576
1215.634, 58.80371
1216.116, 84.61719
1216.598, 99.64062
1217.080, 105.0298
1217.562, 102.9146
1218.044, 87.47461
1218.526, 77.05518
1219.008, 69.78125
1219.491, 74.12646
1219.973, 104.9634
1220.455, 145.8110
1220.937, 156.8472
1221.419, 146.6084
1221.901, 137.0645
1222.383, 133.5386
1222.865, 134.5933
1223.348, 141.5361
1223.830, 149.5815
1224.312, 162.1792
1224.794, 169.9854
1225.276, 145.3438
1225.758, 98.97900
1226.240, 63.92920
1226.722, 48.61230
1227.204, 53.18408
1227.687, 86.96191
1228.169, 117.3838
1228.651, 112.6079
1229.133, 85.76172
1229.615, 46.21045
1230.097, 1.561035
1230.579, 17.21143
1231.061, 19.49316
1231.543, 42.41211
1232.026, 40.30127
1232.508, 31.55518
1232.990, 39.63281
1233.472, 54.95752
1233.954, 57.19141
1234.436, 48.32373
1234.918, 48.84082
1235.401, 69.96338
1235.883, 75.60693
1236.365, 58.00244
1236.847, 41.88672
1237.329, 66.78955
1237.811, 102.0000
1238.293, 104.4531
1238.775, 74.26270
1239.257, 47.47168
1239.740, 27.87207
1240.222, 8.861816
1240.704, 13.01172
1241.186, 25.62158
1241.668, 4.021973
1242.150, 27.53369
1242.632, 40.11133
1243.114, 32.07520
1243.596, 33.55908
1244.079, 48.89502
1244.561, 61.42969
1245.043, 67.65576
1245.525, 69.54150
1246.007, 65.75000
1246.489, 60.98682
1246.971, 61.13818
1247.453, 66.34521
1247.936, 69.19434
1248.418, 70.17480
1248.900, 62.72705
1249.382, 41.28223
1249.864, 25.78809
1250.346, 49.63281
1250.828, 80.51465
1251.310, 81.93457
1251.792, 54.84229
1252.275, 40.51807
1252.757, 39.74756
1253.239, 31.63574
1253.721, 5.806152
1254.203, 15.52344
1254.685, 8.277344
1255.167, 9.662109
1255.649, 23.10596
1256.131, 32.12646
1256.614, 44.17041
1257.096, 59.41748
1257.578, 65.99609
1258.060, 57.80225
1258.542, 46.66357
1259.024, 34.08447
1259.506, 28.69238
1259.988, 38.15137
1260.471, 59.98389
1260.953, 79.28027
1261.435, 95.01855
1261.917, 98.99609
1262.399, 82.22803
1262.881, 68.63623
1263.363, 77.16748
1263.845, 86.29639
1264.328, 73.02539
1264.810, 54.19287
1265.292, 64.38867
1265.774, 96.58301
1266.256, 120.5068
1266.738, 122.7158
1267.220, 122.8506
1267.702, 134.0586
1268.184, 136.1138
1268.667, 112.8726
1269.149, 72.11865
1269.631, 33.14551
1270.113, 10.29297
1270.595, 5.367188
1271.077, 27.66797
1271.559, 44.71729
1272.041, 48.57422
1272.523, 53.53906
1273.006, 71.88330
1273.488, 95.20898
1273.970, 105.3223
1274.452, 104.3950
1274.934, 93.71240
1275.416, 63.44287
1275.898, 45.36426
1276.380, 38.12988
1276.863, 40.62988
1277.345, 38.65674
1277.827, 33.78809
1278.309, 24.19336
1278.791, 15.62744
1279.273, 22.34082
1279.755, 56.43018
1280.237, 71.58350
1280.719, 65.00635
1281.202, 56.52881
1281.684, 58.94189
1282.166, 64.27539
1282.648, 65.45850
1283.130, 63.88184
1283.612, 62.83594
1284.094, 64.41064
1284.576, 51.43262
1285.058, 25.01611
1285.541, 3.239746
1286.023, 0.5590820
1286.505, 2.449219
1286.987, 4.690918
1287.469, 9.166504
1287.951, 3.576660
1288.433, 33.52295
1288.915, 53.16846
1289.398, 62.86719
1289.880, 67.35400
1290.362, 65.36377
1290.844, 63.48682
1291.326, 65.50439
1291.808, 67.61377
1292.290, 66.87256
1292.772, 55.32178
1293.255, 48.57031
1293.737, 40.69092
1294.219, 40.00684
1294.701, 61.63477
1295.183, 73.70947
1295.665, 75.22900
1296.147, 65.72119
1296.629, 37.41309
1297.111, 3.492188
1297.594, 0.0000000E+00
##END=



