##NAMES=Merwinite
##RRUFFID=R070195
##IDEAL CHEMISTRY=Ca_3_Mg(SiO_4_)_2_
##LOCALITY=Commercial Quarry, Riverside County, California, USA
##OWNER=RRUFF
##SOURCE=California Institute of Technology
##DESCRIPTION=Light gray massive
##STATUS=The identification of this mineral has been confirmed by X-ray diffraction and chemical analysis
##URL=rruff.info/R070195
##MEASURED CHEMISTRY=Ca_3.00_(Mg_0.98_Fe^2+^_0.02_)_Σ=1_(Si_1.00_O_4_)_2_
155.0028, 0.0000000E+00
155.4849, 63.93848
155.9670, 111.7461
156.4492, 119.2949
156.9313, 126.4644
157.4134, 131.1807
157.8955, 123.6252
158.3776, 112.2563
158.8597, 95.17090
159.3419, 74.58423
159.8240, 54.44312
160.3061, 47.61475
160.7882, 51.39551
161.2703, 51.92236
161.7524, 44.37695
162.2346, 34.17358
162.7167, 25.55835
163.1988, 20.30054
163.6809, 16.98413
164.1630, 21.75244
164.6451, 26.20239
165.1273, 24.02417
165.6094, 10.59692
166.0915, 3.113281
166.5736, 5.289917
167.0557, 28.67053
167.5379, 52.95898
168.0200, 72.28552
168.5021, 95.97510
168.9842, 117.0083
169.4663, 123.9858
169.9484, 122.3932
170.4306, 113.5674
170.9127, 100.6542
171.3948, 88.95911
171.8769, 84.48352
172.3590, 83.41797
172.8411, 81.59741
173.3233, 78.53369
173.8054, 73.23242
174.2875, 64.76526
174.7696, 52.84741
175.2517, 39.99329
175.7338, 26.10498
176.2160, 12.42737
176.6981, 1.680664
177.1802, 0.9638670
177.6623, 3.9917000E-02
178.1444, 5.871948
178.6265, 19.99500
179.1087, 33.22717
179.5908, 31.31909
180.0729, 17.73035
180.5550, 5.789795
181.0371, 4.298950
181.5192, 9.236450
182.0014, 12.73389
182.4835, 15.14136
182.9656, 13.15283
183.4477, 0.8001710
183.9298, 21.19165
184.4119, 46.41968
184.8941, 72.93860
185.3762, 99.82617
185.8583, 121.9866
186.3404, 137.0183
186.8225, 150.5872
187.3046, 174.2371
187.7868, 207.6429
188.2689, 242.6329
188.7510, 278.4541
189.2331, 312.8700
189.7152, 329.8456
190.1973, 322.4421
190.6795, 300.0842
191.1616, 284.6943
191.6437, 277.0472
192.1258, 269.7285
192.6079, 255.7305
193.0900, 235.4580
193.5722, 217.2426
194.0543, 202.6127
194.5364, 190.9735
195.0185, 180.8931
195.5006, 172.1318
195.9827, 165.8071
196.4649, 161.7382
196.9470, 159.1760
197.4291, 163.8961
197.9112, 180.4840
198.3933, 206.1818
198.8754, 221.0942
199.3576, 221.9877
199.8397, 220.6487
200.3218, 230.9126
200.8039, 254.1351
201.2860, 281.5914
201.7681, 312.1960
202.2503, 345.7775
202.7324, 376.5848
203.2145, 404.5818
203.6966, 429.8406
204.1787, 451.1630
204.6608, 466.8745
205.1430, 485.3754
205.6251, 511.6483
206.1072, 546.8800
206.5893, 574.3295
207.0714, 593.5990
207.5535, 605.5900
208.0357, 610.8315
208.5178, 607.8827
208.9999, 602.5438
209.4820, 597.4115
209.9641, 593.3098
210.4462, 584.8044
210.9284, 571.6688
211.4105, 554.2264
211.8926, 531.9768
212.3747, 501.4375
212.8568, 489.8713
213.3389, 487.2272
213.8211, 498.4958
214.3032, 499.5355
214.7853, 484.5482
215.2674, 461.8921
215.7495, 454.6953
216.2316, 469.9697
216.7138, 486.4064
217.1959, 493.4941
217.6780, 488.3533
218.1601, 482.4427
218.6422, 474.0837
219.1243, 465.8436
219.6065, 466.1117
220.0886, 476.1448
220.5707, 492.9476
221.0528, 516.1970
221.5349, 551.0803
222.0170, 579.6591
222.4992, 599.1378
222.9813, 611.5504
223.4634, 626.6433
223.9455, 648.0399
224.4276, 667.1678
224.9097, 678.9476
225.3919, 683.0044
225.8740, 681.4523
226.3561, 674.9045
226.8382, 662.9836
227.3203, 643.4178
227.8024, 616.4468
228.2846, 581.7267
228.7667, 536.9728
229.2488, 476.8611
229.7309, 419.9446
230.2130, 367.7100
230.6951, 320.4971
231.1773, 279.6260
231.6594, 247.0784
232.1415, 218.8384
232.6236, 191.6697
233.1057, 163.1704
233.5878, 140.6349
234.0700, 126.3375
234.5521, 119.5590
235.0342, 112.5629
235.5163, 106.7217
235.9984, 99.34814
236.4805, 86.97412
236.9627, 63.87695
237.4448, 48.58447
237.9269, 46.81116
238.4090, 57.92786
238.8911, 65.20886
239.3732, 64.55579
239.8554, 63.92957
240.3375, 70.89417
240.8196, 91.62183
241.3017, 108.8234
241.7838, 118.0558
242.2659, 119.0919
242.7481, 124.3143
243.2302, 134.0568
243.7123, 146.9387
244.1944, 162.3204
244.6765, 182.1028
245.1586, 201.5925
245.6408, 219.2817
246.1229, 235.2184
246.6050, 254.8607
247.0871, 281.4708
247.5692, 308.2579
248.0513, 327.7062
248.5335, 333.1549
249.0156, 345.2817
249.4977, 370.4297
249.9798, 408.4700
250.4619, 435.3750
250.9440, 446.9412
251.4262, 452.2649
251.9083, 459.5859
252.3904, 468.0801
252.8725, 480.5674
253.3546, 498.5468
253.8367, 522.2247
254.3189, 544.2509
254.8010, 562.2916
255.2831, 581.0775
255.7652, 606.6985
256.2473, 644.2494
256.7295, 676.3853
257.2116, 696.4213
257.6937, 704.0557
258.1758, 722.2018
258.6579, 757.1606
259.1400, 795.1019
259.6222, 820.9253
260.1043, 828.0125
260.5864, 839.3282
261.0685, 861.8884
261.5506, 895.1396
262.0327, 921.4775
262.5149, 937.6863
262.9970, 951.1614
263.4791, 969.0405
263.9612, 992.1748
264.4433, 1017.927
264.9254, 1047.552
265.4076, 1080.462
265.8897, 1107.415
266.3718, 1125.416
266.8539, 1142.758
267.3360, 1169.801
267.8181, 1209.994
268.3003, 1247.069
268.7824, 1278.246
269.2645, 1303.387
269.7466, 1320.821
270.2287, 1331.326
270.7108, 1332.536
271.1930, 1319.704
271.6751, 1289.745
272.1572, 1260.295
272.6393, 1236.728
273.1214, 1217.518
273.6035, 1189.682
274.0857, 1150.116
274.5678, 1109.698
275.0499, 1081.173
275.5320, 1067.478
276.0141, 1045.967
276.4962, 1008.746
276.9784, 959.0525
277.4605, 918.3704
277.9426, 887.8813
278.4247, 861.5955
278.9068, 835.1917
279.3889, 808.7250
279.8711, 781.3231
280.3532, 752.8602
280.8353, 723.3096
281.3174, 692.7760
281.7995, 661.7791
282.2816, 628.6521
282.7638, 590.0200
283.2459, 546.0326
283.7280, 506.6836
284.2101, 476.1805
284.6922, 450.6780
285.1743, 416.3011
285.6565, 372.3448
286.1386, 328.8774
286.6207, 295.9880
287.1028, 272.5259
287.5849, 246.3883
288.0670, 213.4054
288.5492, 178.3203
289.0313, 152.7311
289.5134, 136.8778
289.9955, 125.4701
290.4776, 117.5706
290.9597, 111.7367
291.4419, 100.1842
291.9240, 79.61072
292.4061, 55.24121
292.8882, 35.21448
293.3703, 19.68091
293.8524, 9.305420
294.3346, 7.182251
294.8167, 10.73291
295.2988, 12.88721
295.7809, 13.02222
296.2630, 10.45081
296.7451, 2.066528
297.2273, 10.93176
297.7094, 22.23364
298.1915, 27.72107
298.6736, 29.05823
299.1557, 29.48230
299.6378, 29.80420
300.1200, 28.26843
300.6021, 21.44495
301.0842, 10.83923
301.5663, 1.747803
302.0484, 1.910034
302.5305, 2.419312
303.0127, 2.613281
303.4948, 2.455444
303.9769, 3.114258
304.4590, 8.383423
304.9411, 15.76038
305.4232, 18.57190
305.9054, 4.837158
306.3875, 11.43909
306.8696, 13.91333
307.3517, 1.676025
307.8338, 21.62695
308.3159, 39.27600
308.7981, 53.59448
309.2802, 62.59399
309.7623, 59.67920
310.2444, 54.74524
310.7265, 55.11328
311.2086, 61.69348
311.6908, 71.53528
312.1729, 85.22766
312.6550, 100.6805
313.1371, 114.7350
313.6192, 122.1587
314.1013, 130.7784
314.5835, 144.7747
315.0656, 164.4664
315.5477, 187.7841
316.0298, 217.8300
316.5119, 249.6268
316.9940, 277.8191
317.4762, 291.9454
317.9583, 309.8647
318.4404, 339.9258
318.9225, 382.2153
319.4046, 424.7491
319.8867, 462.3464
320.3689, 499.5010
320.8510, 539.9440
321.3331, 585.6804
321.8152, 633.5410
322.2973, 683.2974
322.7794, 734.9078
323.2616, 788.0679
323.7437, 844.7903
324.2258, 901.7625
324.7079, 956.9240
325.1900, 1006.362
325.6721, 1058.246
326.1543, 1120.347
326.6364, 1188.343
327.1185, 1240.581
327.6006, 1273.785
328.0827, 1293.792
328.5648, 1303.154
329.0470, 1301.145
329.5291, 1289.441
330.0112, 1269.266
330.4933, 1239.450
330.9754, 1196.224
331.4576, 1133.969
331.9397, 1065.194
332.4218, 993.4995
332.9039, 916.7001
333.3860, 841.8844
333.8681, 770.3976
334.3503, 701.4497
334.8324, 633.3804
335.3145, 563.3926
335.7966, 501.9124
336.2787, 453.5194
336.7608, 419.9495
337.2430, 390.0101
337.7251, 364.4961
338.2072, 342.4133
338.6893, 322.3892
339.1714, 304.2032
339.6535, 290.1078
340.1357, 281.9778
340.6178, 279.2791
341.0999, 275.3489
341.5820, 269.4879
342.0641, 264.4464
342.5462, 264.9420
343.0284, 270.9532
343.5105, 271.9956
343.9926, 263.0793
344.4747, 248.0264
344.9568, 241.6406
345.4389, 244.7390
345.9211, 245.6646
346.4032, 231.7523
346.8853, 206.0093
347.3674, 182.8320
347.8495, 165.0720
348.3316, 151.6084
348.8138, 143.3390
349.2959, 139.5160
349.7780, 133.3564
350.2601, 116.5547
350.7422, 94.42529
351.2243, 78.37695
351.7065, 71.62769
352.1886, 67.30408
352.6707, 57.95129
353.1528, 44.57178
353.6349, 30.74988
354.1170, 15.56995
354.5992, 2.022339
355.0813, 5.481567
355.5634, 5.458252
356.0455, 6.081177
356.5276, 15.72351
357.0097, 29.77539
357.4919, 40.13074
357.9740, 41.77502
358.4561, 39.65625
358.9382, 36.30420
359.4203, 31.96436
359.9024, 27.93848
360.3846, 25.02368
360.8667, 22.66382
361.3488, 20.26514
361.8309, 17.91992
362.3130, 15.24304
362.7951, 13.54309
363.2773, 12.37659
363.7594, 6.790649
364.2415, 8.945801
364.7236, 26.38403
365.2057, 40.52954
365.6878, 43.89758
366.1700, 50.14026
366.6521, 61.55554
367.1342, 77.15210
367.6163, 93.19666
368.0984, 110.2230
368.5805, 126.9207
369.0627, 142.8835
369.5448, 158.2905
370.0269, 172.2134
370.5090, 182.9102
370.9911, 192.6259
371.4732, 205.9869
371.9554, 225.5537
372.4375, 244.2181
372.9196, 259.0253
373.4017, 269.0438
373.8838, 281.7574
374.3659, 297.0909
374.8481, 315.4764
375.3302, 337.9918
375.8123, 365.9512
376.2944, 392.9707
376.7765, 416.0875
377.2586, 436.8123
377.7408, 465.8459
378.2229, 504.9635
378.7050, 546.4268
379.1871, 582.1439
379.6692, 612.3649
380.1513, 649.3193
380.6335, 695.7734
381.1156, 749.2681
381.5977, 803.3243
382.0798, 858.0621
382.5619, 916.1696
383.0440, 982.8586
383.5262, 1054.712
384.0083, 1122.361
384.4904, 1184.512
384.9725, 1245.262
385.4546, 1308.886
385.9367, 1375.252
386.4189, 1443.664
386.9010, 1520.038
387.3831, 1595.930
387.8652, 1662.391
388.3473, 1718.652
388.8294, 1766.718
389.3116, 1810.372
389.7937, 1845.057
390.2758, 1864.631
390.7579, 1868.232
391.2400, 1854.354
391.7221, 1816.928
392.2043, 1758.265
392.6864, 1695.305
393.1685, 1631.879
393.6506, 1569.656
394.1327, 1509.331
394.6148, 1453.135
395.0970, 1396.159
395.5791, 1333.160
396.0612, 1267.641
396.5433, 1211.692
397.0254, 1164.481
397.5075, 1129.674
397.9897, 1110.031
398.4718, 1113.774
398.9539, 1114.636
399.4360, 1112.964
399.9181, 1108.142
400.4002, 1097.907
400.8824, 1068.799
401.3645, 1054.633
401.8466, 1068.241
402.3287, 1111.100
402.8108, 1142.809
403.2929, 1158.337
403.7751, 1169.793
404.2572, 1186.249
404.7393, 1206.707
405.2214, 1237.684
405.7035, 1283.073
406.1856, 1338.217
406.6678, 1383.435
407.1499, 1416.624
407.6320, 1455.270
408.1141, 1510.675
408.5962, 1582.336
409.0783, 1662.209
409.5605, 1749.435
410.0426, 1844.208
410.5247, 1948.434
411.0068, 2060.403
411.4889, 2175.771
411.9710, 2289.150
412.4532, 2404.850
412.9353, 2535.875
413.4174, 2682.664
413.8995, 2834.406
414.3816, 2983.414
414.8637, 3130.167
415.3459, 3279.452
415.8280, 3433.872
416.3101, 3591.828
416.7922, 3759.989
417.2743, 3932.467
417.7564, 4097.184
418.2386, 4252.099
418.7207, 4392.071
419.2028, 4512.448
419.6849, 4617.642
420.1670, 4694.954
420.6491, 4739.438
421.1313, 4754.573
421.6134, 4746.871
422.0955, 4742.964
422.5776, 4692.439
423.0597, 4572.579
423.5418, 4373.326
424.0240, 4156.035
424.5061, 3911.351
424.9882, 3657.270
425.4703, 3407.951
425.9524, 3154.861
426.4345, 2921.132
426.9167, 2715.225
427.3988, 2530.884
427.8809, 2339.707
428.3630, 2133.886
428.8451, 1937.784
429.3272, 1769.308
429.8094, 1630.866
430.2915, 1505.745
430.7736, 1394.769
431.2557, 1294.667
431.7378, 1201.907
432.2199, 1116.468
432.7021, 1040.148
433.1842, 975.8637
433.6663, 921.3829
434.1484, 866.3373
434.6305, 810.8027
435.1126, 757.6217
435.5948, 708.2330
436.0769, 663.8313
436.5590, 627.8045
437.0411, 603.1631
437.5232, 585.0428
438.0053, 571.3152
438.4875, 560.5229
438.9696, 546.7903
439.4517, 519.1119
439.9338, 490.9561
440.4159, 477.5306
440.8980, 485.6556
441.3802, 490.7809
441.8623, 474.2876
442.3444, 448.5148
442.8265, 431.0660
443.3086, 439.9557
443.7907, 446.2736
444.2729, 435.1010
444.7550, 405.8596
445.2371, 386.9305
445.7192, 394.9127
446.2013, 406.3253
446.6834, 405.3512
447.1656, 373.4653
447.6477, 356.0188
448.1298, 363.2234
448.6119, 384.7104
449.0940, 391.4224
449.5761, 377.3088
450.0583, 360.2032
450.5404, 347.0958
451.0225, 338.4387
451.5046, 328.0297
451.9867, 315.2640
452.4688, 302.2680
452.9510, 292.9664
453.4331, 287.6969
453.9152, 277.8496
454.3973, 259.6765
454.8794, 236.7344
455.3615, 218.6686
455.8437, 205.2070
456.3258, 193.0564
456.8079, 179.3830
457.2900, 165.3538
457.7721, 152.9706
458.2542, 142.9045
458.7364, 133.4136
459.2185, 123.5337
459.7006, 113.0168
460.1827, 101.6160
460.6648, 86.20630
461.1469, 71.98883
461.6291, 63.97986
462.1112, 61.85254
462.5933, 58.14240
463.0754, 45.58820
463.5575, 32.23248
464.0396, 24.73779
464.5218, 31.04327
465.0039, 34.52142
465.4860, 29.69897
465.9681, 19.71155
466.4502, 12.72046
466.9323, 9.453064
467.4145, 9.006531
467.8966, 12.75079
468.3787, 22.79279
468.8608, 25.16272
469.3429, 16.73169
469.8250, 4.145325
470.3072, 6.882141
470.7893, 17.18561
471.2714, 22.17853
471.7535, 19.32416
472.2356, 11.49048
472.7177, 8.678467
473.1999, 11.32098
473.6820, 14.76660
474.1641, 16.88776
474.6462, 17.58057
475.1284, 15.91565
475.6105, 11.51453
476.0926, 6.432007
476.5747, 1.206238
477.0568, 2.939636
477.5389, 2.591675
478.0211, 8.717346
478.5032, 21.14624
478.9853, 22.83435
479.4674, 15.45111
479.9495, 9.688232
480.4316, 14.36340
480.9138, 21.61804
481.3959, 24.74585
481.8780, 20.49744
482.3601, 17.15332
482.8422, 20.00867
483.3243, 24.98492
483.8065, 25.74225
484.2886, 14.26868
484.7707, 5.395569
485.2528, 6.124512
485.7349, 16.54688
486.2170, 16.97205
486.6992, 1.239136
487.1813, 20.28284
487.6634, 28.25836
488.1455, 21.20599
488.6276, 14.25677
489.1097, 7.668396
489.5919, 2.212341
490.0740, 0.5620120
490.5561, 0.6817630
491.0382, 1.981018
491.5203, 9.007080
492.0024, 19.01697
492.4846, 25.23706
492.9667, 27.52515
493.4488, 28.39197
493.9309, 28.32587
494.4130, 28.59521
494.8951, 33.02448
495.3773, 44.67889
495.8594, 56.12659
496.3415, 56.04590
496.8236, 49.50287
497.3057, 49.34601
497.7878, 69.18109
498.2700, 91.89581
498.7521, 106.0074
499.2342, 110.1445
499.7163, 113.5998
500.1984, 117.0521
500.6805, 122.5469
501.1627, 131.8063
501.6448, 147.1094
502.1269, 163.6954
502.6090, 181.1813
503.0911, 199.6999
503.5732, 219.8030
504.0554, 241.0577
504.5375, 264.7244
505.0196, 293.1680
505.5017, 327.4929
505.9838, 350.2691
506.4659, 356.1046
506.9481, 362.6868
507.4302, 394.0415
507.9123, 450.4392
508.3944, 488.7494
508.8765, 496.3997
509.3586, 490.0330
509.8408, 500.0644
510.3229, 524.6844
510.8050, 550.9962
511.2871, 567.9312
511.7692, 583.6522
512.2513, 614.3368
512.7335, 661.2271
513.2156, 702.4205
513.6977, 719.2155
514.1798, 722.7905
514.6619, 726.1642
515.1440, 736.5460
515.6262, 742.8331
516.1083, 738.9516
516.5904, 727.5361
517.0725, 715.3022
517.5546, 697.3527
518.0367, 684.5875
518.5189, 682.3963
519.0010, 692.2070
519.4831, 701.9261
519.9652, 707.7494
520.4473, 717.1612
520.9294, 736.9382
521.4116, 768.6881
521.8937, 804.9045
522.3758, 845.6210
522.8579, 889.6155
523.3400, 934.8796
523.8221, 981.3255
524.3043, 1026.640
524.7864, 1069.686
525.2685, 1110.851
525.7506, 1156.546
526.2327, 1207.370
526.7148, 1247.879
527.1970, 1261.467
527.6791, 1256.643
528.1612, 1247.370
528.6433, 1236.281
529.1254, 1223.245
529.6075, 1204.847
530.0897, 1185.182
530.5718, 1172.212
531.0539, 1170.956
531.5360, 1174.601
532.0181, 1177.672
532.5002, 1179.527
532.9824, 1194.983
533.4645, 1234.014
533.9466, 1282.233
534.4287, 1330.880
534.9108, 1383.511
535.3929, 1429.805
535.8751, 1465.332
536.3572, 1496.307
536.8393, 1537.546
537.3214, 1594.700
537.8035, 1641.612
538.2856, 1671.175
538.7678, 1683.265
539.2499, 1676.897
539.7320, 1652.164
540.2141, 1618.130
540.6962, 1576.004
541.1783, 1529.965
541.6605, 1488.975
542.1426, 1454.921
542.6247, 1428.109
543.1068, 1414.632
543.5889, 1406.522
544.0710, 1391.865
544.5532, 1365.689
545.0353, 1333.058
545.5174, 1297.478
545.9995, 1257.934
546.4816, 1210.886
546.9637, 1153.803
547.4459, 1090.106
547.9280, 1018.717
548.4101, 933.1972
548.8922, 859.7203
549.3743, 802.9922
549.8564, 754.2638
550.3386, 703.1417
550.8207, 645.4607
551.3028, 599.1558
551.7849, 568.8315
552.2670, 550.8065
552.7491, 536.4499
553.2313, 525.7501
553.7134, 518.7119
554.1955, 515.2313
554.6776, 515.5887
555.1597, 521.2931
555.6418, 532.1344
556.1240, 543.4531
556.6061, 547.8606
557.0882, 551.2322
557.5703, 562.3298
558.0524, 585.6180
558.5345, 613.8693
559.0167, 641.6024
559.4988, 670.9830
559.9809, 705.0400
560.4630, 745.4674
560.9451, 791.0906
561.4272, 843.4638
561.9094, 902.5724
562.3915, 958.3601
562.8736, 1000.795
563.3557, 1050.533
563.8378, 1120.439
564.3199, 1216.685
564.8021, 1312.702
565.2842, 1407.628
565.7663, 1502.238
566.2484, 1590.176
566.7305, 1672.767
567.2126, 1774.268
567.6948, 1905.670
568.1769, 2054.728
568.6590, 2197.542
569.1411, 2335.874
569.6232, 2472.521
570.1053, 2611.307
570.5875, 2749.976
571.0696, 2886.930
571.5517, 3021.611
572.0338, 3155.126
572.5159, 3296.030
572.9980, 3430.792
573.4802, 3545.708
573.9623, 3641.442
574.4444, 3712.834
574.9265, 3756.986
575.4086, 3775.713
575.8907, 3771.889
576.3729, 3754.139
576.8550, 3699.360
577.3371, 3596.737
577.8192, 3450.170
578.3013, 3291.070
578.7834, 3122.262
579.2656, 2938.464
579.7477, 2730.302
580.2298, 2500.616
580.7119, 2276.274
581.1940, 2057.431
581.6761, 1853.526
582.1583, 1677.516
582.6404, 1524.039
583.1225, 1381.667
583.6046, 1245.354
584.0867, 1120.573
584.5688, 1013.471
585.0510, 921.3542
585.5331, 836.6633
586.0152, 755.7150
586.4973, 682.3679
586.9794, 617.2907
587.4615, 560.1412
587.9437, 516.4441
588.4258, 497.7327
588.9079, 481.4532
589.3900, 451.9631
589.8721, 402.2744
590.3542, 360.2744
590.8364, 327.8878
591.3185, 302.6434
591.8006, 283.5951
592.2827, 270.5035
592.7648, 254.8645
593.2469, 232.6171
593.7291, 207.6464
594.2112, 186.1859
594.6933, 168.3988
595.1754, 155.7002
595.6575, 154.3282
596.1396, 155.3730
596.6218, 148.3436
597.1039, 131.9098
597.5860, 118.9445
598.0681, 121.5079
598.5502, 127.0096
599.0323, 125.2738
599.5145, 110.6216
599.9966, 94.07898
600.4787, 72.39069
600.9608, 50.69702
601.4429, 38.03687
601.9250, 37.52496
602.4072, 38.45428
602.8893, 38.29877
603.3714, 37.65057
603.8535, 40.48187
604.3356, 47.30273
604.8177, 50.92242
605.2999, 42.80090
605.7820, 28.20917
606.2641, 23.57825
606.7462, 29.89087
607.2283, 37.09589
607.7104, 37.13037
608.1926, 32.97845
608.6747, 28.10522
609.1568, 22.23920
609.6389, 18.10901
610.1210, 20.34308
610.6031, 24.51208
611.0853, 23.32611
611.5674, 6.507324
612.0495, 5.624695
612.5316, 7.200317
613.0137, 5.3344999E-02
613.4958, 4.180725
613.9780, 5.673584
614.4601, 3.786682
614.9422, 3.193848
615.4243, 15.09222
615.9064, 25.23181
616.3885, 34.36578
616.8707, 37.53363
617.3528, 23.14673
617.8349, 0.6558230
618.3170, 12.26453
618.7991, 4.273193
619.2813, 7.485046
619.7634, 8.724915
620.2455, 4.040771
620.7276, 1.193726
621.2097, 7.436707
621.6918, 11.77020
622.1740, 7.126953
622.6561, 4.122925
623.1382, 9.291443
623.6203, 2.841797
624.1024, 5.111450
624.5845, 11.80762
625.0667, 17.34454
625.5488, 20.58539
626.0309, 21.41882
626.5130, 20.33746
626.9951, 17.12054
627.4772, 11.98169
627.9594, 7.213562
628.4415, 2.953125
628.9236, 0.5048830
629.4057, 2.359131
629.8878, 3.130310
630.3699, 4.109680
630.8521, 7.677307
631.3342, 9.296143
631.8163, 2.252197
632.2984, 9.547852
632.7805, 15.66150
633.2626, 8.022461
633.7448, 1.699890
634.2269, 9.946045
634.7090, 16.63989
635.1911, 20.55994
635.6732, 19.97003
636.1553, 18.99963
636.6375, 20.57062
637.1196, 25.35120
637.6017, 27.15448
638.0838, 25.51666
638.5659, 22.21124
639.0480, 17.55542
639.5302, 12.62164
640.0123, 12.26562
640.4944, 19.44330
640.9765, 27.36731
641.4586, 27.71899
641.9407, 23.66809
642.4229, 21.76965
642.9050, 26.22192
643.3871, 32.05127
643.8692, 37.45251
644.3513, 42.37323
644.8334, 46.96356
645.3156, 50.81580
645.7977, 54.70483
646.2798, 58.70386
646.7619, 62.64282
647.2440, 68.41766
647.7261, 76.83881
648.2083, 85.13879
648.6904, 91.56183
649.1725, 95.97211
649.6546, 95.40961
650.1367, 88.36304
650.6188, 81.92999
651.1010, 85.90851
651.5831, 96.61237
652.0652, 106.3137
652.5473, 111.7543
653.0294, 116.4504
653.5115, 123.0021
653.9937, 130.4989
654.4758, 136.7599
654.9579, 140.4034
655.4400, 143.5414
655.9221, 147.1954
656.4042, 151.1311
656.8864, 152.6041
657.3685, 149.5687
657.8506, 148.1735
658.3327, 153.4287
658.8148, 165.2465
659.2969, 169.0554
659.7791, 164.0979
660.2612, 155.7166
660.7433, 145.3188
661.2254, 135.7921
661.7075, 135.6141
662.1896, 148.6022
662.6718, 161.5241
663.1539, 162.0322
663.6360, 156.4951
664.1181, 153.7276
664.6002, 158.0295
665.0823, 163.5079
665.5645, 169.1641
666.0466, 174.9984
666.5287, 181.3063
667.0108, 190.1587
667.4929, 195.6516
667.9750, 195.9108
668.4572, 191.5441
668.9393, 183.9462
669.4214, 172.4135
669.9035, 164.9016
670.3856, 168.8856
670.8677, 180.5322
671.3499, 189.7171
671.8320, 196.0813
672.3141, 201.2266
672.7962, 207.6165
673.2783, 211.9866
673.7604, 210.4375
674.2426, 199.9341
674.7247, 191.4913
675.2068, 189.8049
675.6889, 193.2418
676.1710, 198.7128
676.6531, 210.0100
677.1353, 216.0112
677.6174, 215.4169
678.0995, 210.2872
678.5816, 202.0959
679.0637, 189.6964
679.5458, 183.5210
680.0280, 191.9938
680.5101, 205.0026
680.9922, 198.4312
681.4743, 176.0841
681.9564, 156.1215
682.4385, 149.5817
682.9207, 149.5477
683.4028, 153.2416
683.8849, 160.1689
684.3670, 162.4631
684.8491, 154.1086
685.3312, 143.1962
685.8134, 133.6811
686.2955, 124.9687
686.7776, 120.2015
687.2597, 121.0276
687.7418, 123.0463
688.2239, 122.6923
688.7061, 119.9498
689.1882, 114.5532
689.6703, 105.5319
690.1524, 96.76880
690.6345, 96.97351
691.1166, 103.2304
691.5988, 105.2007
692.0809, 96.47583
692.5630, 85.96112
693.0451, 77.79718
693.5272, 72.60236
694.0093, 71.55969
694.4915, 80.26740
694.9736, 87.52338
695.4557, 90.12976
695.9378, 88.74811
696.4199, 85.77338
696.9020, 80.00824
697.3842, 75.62872
697.8663, 75.55804
698.3484, 78.75745
698.8305, 76.50867
699.3126, 68.74622
699.7947, 61.15668
700.2769, 58.71704
700.7590, 59.10779
701.2411, 58.04303
701.7232, 54.94324
702.2053, 53.13788
702.6874, 55.18964
703.1696, 59.34253
703.6517, 64.56641
704.1338, 72.96362
704.6159, 77.12860
705.0980, 74.56305
705.5801, 69.33063
706.0623, 65.65271
706.5444, 63.80811
707.0265, 62.86987
707.5086, 62.78479
707.9907, 62.74127
708.4728, 60.43903
708.9550, 56.99670
709.4371, 57.15588
709.9192, 65.14490
710.4013, 74.49854
710.8834, 78.75146
711.3655, 78.95966
711.8477, 77.69464
712.3298, 72.67505
712.8119, 69.30237
713.2940, 71.53003
713.7761, 79.07147
714.2582, 82.87494
714.7404, 82.38629
715.2225, 78.56830
715.7046, 69.80951
716.1867, 56.69934
716.6688, 51.77740
717.1509, 55.69940
717.6331, 63.23291
718.1152, 72.29352
718.5973, 80.92755
719.0794, 85.29993
719.5615, 85.31610
720.0436, 84.13232
720.5258, 81.74231
721.0079, 79.67676
721.4900, 79.94427
721.9721, 85.41418
722.4542, 89.56683
722.9363, 89.15186
723.4185, 88.32367
723.9006, 92.01898
724.3827, 102.7549
724.8648, 108.7402
725.3469, 108.7914
725.8290, 104.1600
726.3112, 92.37494
726.7933, 75.91840
727.2754, 68.75812
727.7575, 79.90662
728.2396, 95.03754
728.7217, 99.80225
729.2039, 98.08600
729.6860, 97.40271
730.1681, 99.39874
730.6502, 102.7165
731.1323, 106.9543
731.6144, 111.9749
732.0966, 117.8223
732.5787, 126.0478
733.0608, 132.6292
733.5429, 136.1601
734.0250, 137.5311
734.5071, 139.4229
734.9893, 141.5546
735.4714, 144.0345
735.9535, 147.7252
736.4356, 150.9348
736.9177, 151.9194
737.3998, 151.1064
737.8820, 148.3040
738.3641, 137.7307
738.8462, 127.8868
739.3283, 127.1737
739.8104, 141.4127
740.2925, 148.0560
740.7747, 140.2058
741.2568, 130.9879
741.7389, 130.2165
742.2210, 138.8199
742.7031, 143.7556
743.1852, 144.8210
743.6674, 144.1985
744.1495, 144.2169
744.6316, 144.0773
745.1137, 141.8066
745.5958, 135.4722
746.0779, 132.1171
746.5601, 144.7514
747.0422, 161.2116
747.5243, 164.6848
748.0064, 133.1068
748.4885, 110.2744
748.9706, 107.3770
749.4528, 115.0573
749.9349, 118.2186
750.4170, 115.4135
750.8991, 113.0518
751.3812, 112.5247
751.8633, 113.2498
752.3455, 113.9598
752.8276, 114.5334
753.3097, 116.1802
753.7918, 122.4238
754.2739, 127.2990
754.7560, 121.9949
755.2382, 110.0848
755.7203, 103.3907
756.2024, 115.8244
756.6845, 124.2396
757.1666, 116.2506
757.6487, 94.89429
758.1309, 83.28943
758.6130, 83.82373
759.0951, 87.93872
759.5772, 94.32312
760.0593, 101.2321
760.5414, 96.15698
761.0236, 79.75653
761.5057, 67.16699
761.9878, 75.59369
762.4699, 89.67981
762.9520, 91.47693
763.4341, 79.58423
763.9163, 67.99750
764.3984, 58.01294
764.8805, 53.33881
765.3626, 59.07318
765.8447, 79.65326
766.3268, 86.91931
766.8090, 75.90784
767.2911, 61.65314
767.7732, 57.44781
768.2553, 61.95569
768.7374, 61.87726
769.2195, 55.93005
769.7017, 50.62878
770.1838, 55.00562
770.6659, 62.01233
771.1480, 61.58545
771.6301, 48.90808
772.1122, 38.58020
772.5944, 38.15161
773.0765, 41.57275
773.5586, 42.90332
774.0407, 41.72632
774.5228, 37.94531
775.0049, 29.85840
775.4871, 22.24170
775.9692, 24.01404
776.4513, 33.70239
776.9334, 35.86865
777.4155, 25.21313
777.8976, 12.86560
778.3798, 13.68628
778.8619, 21.03711
779.3440, 23.51208
779.8261, 12.70642
780.3082, 2.677002
780.7903, 2.471680
781.2725, 3.894165
781.7546, 3.625488
782.2367, 0.3237300
782.7188, 1.390747
783.2009, 2.341187
783.6830, 8.700806
784.1652, 14.39075
784.6473, 19.23157
785.1294, 20.45679
785.6115, 12.90723
786.0936, 6.222534
786.5757, 14.68750
787.0579, 32.47510
787.5400, 45.48853
788.0221, 46.70081
788.5042, 44.23950
788.9863, 38.86328
789.4684, 31.79333
789.9506, 25.79346
790.4327, 19.65869
790.9148, 18.49609
791.3969, 25.70337
791.8790, 37.69556
792.3611, 44.89111
792.8433, 47.42041
793.3254, 46.13330
793.8075, 36.92749
794.2896, 27.41162
794.7717, 27.16968
795.2538, 33.64392
795.7360, 36.57312
796.2181, 28.02905
796.7002, 20.12366
797.1823, 16.87207
797.6644, 17.69690
798.1465, 21.25110
798.6287, 29.79382
799.1108, 32.60132
799.5929, 19.72009
800.0750, 1.585327
800.5571, 6.111328
801.0392, 4.045044
801.5214, 13.28674
802.0035, 10.27783
802.4856, 3.457886
802.9677, 1.259399
803.4498, 3.585938
803.9319, 5.148926
804.4141, 6.707886
804.8962, 7.375488
805.3783, 6.491699
805.8604, 3.987427
806.3425, 1.070679
806.8246, 2.494507
807.3068, 2.965942
807.7889, 6.503906
808.2710, 19.31604
808.7531, 17.43958
809.2352, 2.097168
809.7173, 7.390503
810.1995, 4.795898
810.6816, 23.39111
811.1637, 39.49463
811.6458, 52.27539
812.1279, 62.82568
812.6100, 71.58948
813.0922, 77.40857
813.5743, 77.75049
814.0564, 73.28735
814.5385, 77.47021
815.0206, 90.54163
815.5027, 104.1045
815.9849, 110.0906
816.4670, 113.8488
816.9491, 124.8048
817.4312, 143.3203
817.9133, 157.6248
818.3954, 161.2295
818.8776, 159.1688
819.3597, 153.1576
819.8418, 143.1727
820.3239, 136.8184
820.8060, 136.3196
821.2881, 133.1312
821.7703, 118.9215
822.2524, 96.35706
822.7345, 79.84448
823.2166, 69.93298
823.6987, 64.62268
824.1808, 68.52075
824.6630, 71.31543
825.1451, 61.22217
825.6272, 36.08289
826.1093, 13.15491
826.5914, 8.984131
827.0735, 23.19128
827.5557, 23.32520
828.0378, 7.333374
828.5199, 1.238770
829.0020, 1.481445
829.4841, 3.170898
829.9662, 13.20618
830.4484, 24.86072
830.9305, 30.62756
831.4126, 30.17188
831.8947, 27.69543
832.3768, 30.42334
832.8589, 28.93848
833.3411, 13.45496
833.8232, 22.05896
834.3053, 45.15454
834.7874, 50.64075
835.2695, 51.19666
835.7516, 52.69482
836.2338, 56.09192
836.7159, 67.34131
837.1980, 86.46326
837.6801, 105.2930
838.1622, 113.1764
838.6443, 120.7028
839.1265, 141.2235
839.6086, 176.6317
840.0907, 211.5745
840.5728, 235.8695
841.0549, 263.2529
841.5370, 303.6564
842.0192, 358.7167
842.5013, 394.7341
842.9834, 408.0663
843.4655, 421.1907
843.9476, 447.0410
844.4298, 483.4492
844.9119, 531.4072
845.3940, 590.1846
845.8762, 647.2629
846.3583, 693.1581
846.8404, 736.2373
847.3225, 779.2500
847.8046, 821.5261
848.2867, 877.2419
848.7689, 952.0043
849.2510, 1029.654
849.7331, 1101.466
850.2152, 1168.989
850.6973, 1238.541
851.1794, 1310.748
851.6616, 1387.665
852.1437, 1467.363
852.6258, 1554.767
853.1079, 1656.585
853.5900, 1772.718
854.0721, 1899.273
854.5543, 2027.001
855.0364, 2172.288
855.5185, 2339.024
856.0006, 2525.816
856.4827, 2726.922
856.9648, 2941.990
857.4470, 3182.223
857.9291, 3455.747
858.4112, 3761.047
858.8933, 4087.734
859.3754, 4437.699
859.8575, 4811.266
860.3397, 5206.756
860.8218, 5623.860
861.3039, 6063.332
861.7860, 6525.791
862.2681, 6987.045
862.7502, 7453.113
863.2324, 7911.780
863.7145, 8354.931
864.1966, 8799.519
864.6787, 9332.812
865.1608, 9936.351
865.6429, 10508.93
866.1251, 11004.81
866.6072, 11451.01
867.0893, 11893.78
867.5714, 12312.56
868.0535, 12655.82
868.5356, 12929.28
869.0178, 13102.48
869.4999, 13164.35
869.9820, 13125.85
870.4641, 13001.48
870.9462, 12791.65
871.4283, 12541.65
871.9105, 12238.49
872.3926, 11943.65
872.8747, 11695.87
873.3568, 11519.20
873.8389, 11460.46
874.3210, 11560.27
874.8032, 11751.54
875.2853, 12018.36
875.7674, 12369.36
876.2495, 12825.28
876.7316, 13389.60
877.2137, 14041.13
877.6959, 14776.03
878.1780, 15598.45
878.6601, 16523.80
879.1422, 17540.05
879.6243, 18618.26
880.1064, 19742.96
880.5886, 20947.61
881.0707, 22332.20
881.5528, 23769.36
882.0349, 25110.75
882.5170, 26386.87
882.9991, 27511.66
883.4813, 28554.56
883.9634, 29284.25
884.4455, 29479.96
884.9276, 29146.88
885.4097, 28268.82
885.8918, 26821.51
886.3740, 25037.27
886.8561, 22903.07
887.3382, 20652.25
887.8203, 18468.08
888.3024, 16337.79
888.7845, 14420.21
889.2667, 12755.03
889.7488, 11299.90
890.2309, 10049.72
890.7130, 9007.716
891.1951, 8098.216
891.6772, 7320.047
892.1594, 6660.698
892.6415, 6148.953
893.1236, 5732.833
893.6057, 5364.358
894.0878, 5038.309
894.5699, 4783.972
895.0521, 4637.407
895.5342, 4533.118
896.0163, 4449.772
896.4984, 4388.714
896.9805, 4364.521
897.4626, 4377.044
897.9448, 4440.606
898.4269, 4581.167
898.9090, 4764.604
899.3911, 4949.764
899.8732, 5141.037
900.3553, 5364.175
900.8375, 5624.951
901.3196, 5920.061
901.8017, 6254.979
902.2838, 6618.723
902.7659, 6983.049
903.2480, 7342.353
903.7302, 7718.360
904.2123, 8123.045
904.6944, 8533.234
905.1765, 8948.878
905.6586, 9349.914
906.1407, 9697.347
906.6229, 9973.451
907.1050, 10198.29
907.5871, 10400.04
908.0692, 10536.04
908.5513, 10544.53
909.0334, 10406.85
909.5156, 10228.78
909.9977, 10017.29
910.4798, 9788.009
910.9619, 9548.930
911.4440, 9308.011
911.9261, 9079.298
912.4083, 8858.420
912.8904, 8680.789
913.3725, 8575.680
913.8546, 8515.305
914.3367, 8477.326
914.8188, 8464.936
915.3010, 8463.042
915.7831, 8475.515
916.2652, 8484.765
916.7473, 8497.869
917.2294, 8492.066
917.7115, 8414.429
918.1937, 8262.910
918.6758, 8054.863
919.1579, 7794.247
919.6400, 7488.078
920.1221, 7124.971
920.6042, 6708.827
921.0864, 6298.290
921.5685, 5896.876
922.0506, 5486.250
922.5327, 5049.300
923.0148, 4606.566
923.4969, 4217.854
923.9791, 3877.184
924.4612, 3567.215
924.9433, 3277.607
925.4254, 3022.808
925.9075, 2816.743
926.3896, 2652.986
926.8718, 2504.302
927.3539, 2363.183
927.8360, 2255.063
928.3181, 2186.628
928.8002, 2147.010
929.2823, 2124.190
929.7645, 2115.437
930.2466, 2112.389
930.7287, 2109.516
931.2108, 2120.998
931.6929, 2168.555
932.1750, 2227.494
932.6572, 2269.973
933.1393, 2288.527
933.6214, 2309.111
934.1035, 2334.937
934.5856, 2354.551
935.0677, 2367.034
935.5499, 2364.044
936.0320, 2319.769
936.5141, 2232.194
936.9962, 2122.408
937.4783, 1987.117
937.9604, 1845.687
938.4426, 1711.985
938.9247, 1586.619
939.4068, 1451.852
939.8889, 1301.330
940.3710, 1157.453
940.8531, 1030.672
941.3353, 917.9438
941.8174, 810.0962
942.2995, 708.9934
942.7816, 622.1249
943.2637, 562.8486
943.7458, 508.5701
944.2280, 446.6169
944.7101, 382.8104
945.1922, 331.6642
945.6743, 295.1682
946.1564, 267.4160
946.6385, 249.5520
947.1207, 234.4365
947.6028, 207.5321
948.0849, 174.9298
948.5670, 152.0481
949.0491, 146.9794
949.5313, 140.0709
950.0134, 121.7112
950.4955, 97.31665
950.9776, 70.16528
951.4597, 35.46765
951.9418, 19.56458
952.4240, 26.13940
952.9061, 35.21216
953.3882, 29.22729
953.8703, 13.84363
954.3524, 1.760376
954.8345, 16.91589
955.3167, 31.20361
955.7988, 48.62744
956.2809, 60.46802
956.7630, 61.24304
957.2451, 52.75757
957.7272, 42.21460
958.2094, 27.82568
958.6915, 27.43909
959.1736, 56.62085
959.6557, 93.09277
960.1378, 102.1814
960.6199, 91.68555
961.1021, 79.83752
961.5842, 70.36426
962.0663, 63.85559
962.5484, 60.22485
963.0305, 59.71326
963.5126, 64.66528
963.9948, 75.86951
964.4769, 79.51746
964.9590, 73.11755
965.4411, 64.11475
965.9232, 59.93286
966.4053, 57.79529
966.8875, 55.14893
967.3696, 52.29688
967.8517, 43.91650
968.3338, 21.53992
968.8159, 2.688110
969.2980, 1.994751
969.7802, 5.926270
970.2623, 10.73877
970.7444, 12.26575
971.2265, 5.164795
971.7086, 21.72754
972.1907, 51.94604
972.6729, 68.86804
973.1550, 76.62244
973.6371, 89.65356
974.1192, 112.8992
974.6013, 137.1370
975.0834, 160.1860
975.5656, 184.0580
976.0477, 214.3806
976.5298, 249.3708
977.0119, 278.6345
977.4940, 295.8716
977.9761, 320.2825
978.4583, 372.4661
978.9404, 435.0461
979.4225, 488.1777
979.9046, 523.8264
980.3867, 574.8513
980.8688, 645.3750
981.3510, 719.8125
981.8331, 785.8947
982.3152, 845.8708
982.7973, 908.1185
983.2794, 972.4680
983.7615, 1031.667
984.2437, 1074.364
984.7258, 1118.120
985.2079, 1174.557
985.6900, 1239.306
986.1721, 1301.424
986.6542, 1364.694
987.1364, 1402.601
987.6185, 1403.734
988.1006, 1383.913
988.5827, 1363.126
989.0648, 1339.804
989.5469, 1310.519
990.0291, 1269.932
990.5112, 1231.438
990.9933, 1195.209
991.4754, 1164.322
991.9575, 1142.574
992.4396, 1130.053
992.9218, 1117.423
993.4039, 1103.886
993.8860, 1101.024
994.3681, 1121.368
994.8502, 1154.354
995.3323, 1182.997
995.8145, 1209.340
996.2966, 1270.861
996.7787, 1381.538
997.2608, 1511.682
997.7429, 1657.862
998.2250, 1811.997
998.7072, 1940.791
999.1893, 2056.125
999.6714, 2219.851
1000.154, 2470.341
1000.636, 2739.951
1001.118, 2978.180
1001.600, 3213.603
1002.082, 3493.811
1002.564, 3834.620
1003.046, 4169.067
1003.528, 4491.037
1004.010, 4815.522
1004.493, 5149.823
1004.975, 5496.855
1005.457, 5863.016
1005.939, 6248.928
1006.421, 6597.441
1006.903, 6931.492
1007.385, 7166.848
1007.867, 7280.773
1008.349, 7274.727
1008.832, 7145.957
1009.314, 6896.659
1009.796, 6528.567
1010.278, 6012.045
1010.760, 5440.529
1011.242, 4887.362
1011.724, 4357.239
1012.206, 3863.758
1012.689, 3416.897
1013.171, 3007.221
1013.653, 2624.608
1014.135, 2286.315
1014.617, 2014.615
1015.099, 1801.931
1015.581, 1611.071
1016.063, 1440.299
1016.545, 1286.787
1017.028, 1145.653
1017.510, 1020.824
1017.992, 923.7692
1018.474, 850.9640
1018.956, 772.5245
1019.438, 683.8756
1019.920, 608.7083
1020.402, 556.9840
1020.885, 516.9364
1021.367, 472.4586
1021.849, 425.5361
1022.331, 380.7908
1022.813, 338.3184
1023.295, 302.8627
1023.777, 279.6815
1024.259, 259.1365
1024.741, 233.0864
1025.224, 201.4301
1025.706, 176.3240
1026.188, 158.6232
1026.670, 146.8824
1027.152, 144.4668
1027.634, 141.8716
1028.116, 130.6748
1028.598, 112.6281
1029.080, 98.20264
1029.563, 89.96289
1030.045, 83.29846
1030.527, 76.53833
1031.009, 70.37146
1031.491, 68.35205
1031.973, 67.95984
1032.455, 62.30591
1032.937, 47.74255
1033.420, 34.67664
1033.902, 29.71313
1034.384, 25.99512
1034.866, 17.85059
1035.348, 4.884277
1035.830, 1.946777
1036.312, 2.528076
1036.794, 2.424683
1037.276, 5.117554
1037.759, 9.022583
1038.241, 14.42456
1038.723, 19.74451
1039.205, 19.91321
1039.687, 9.657715
1040.169, 2.140747
1040.651, 0.1203610
1041.133, 0.4116210
1041.615, 3.486450
1042.098, 8.664307
1042.580, 14.86133
1043.062, 22.53577
1043.544, 25.17371
1044.026, 11.44739
1044.508, 1.716431
1044.990, 2.720947
1045.472, 7.795654
1045.955, 15.82996
1046.437, 21.18079
1046.919, 26.21680
1047.401, 32.81494
1047.883, 38.68945
1048.365, 41.26990
1048.847, 41.08398
1049.329, 39.16809
1049.812, 29.75293
1050.294, 28.66321
1050.776, 39.77087
1051.258, 53.56042
1051.740, 59.08789
1052.222, 58.89111
1052.704, 63.32312
1053.186, 72.88721
1053.668, 78.85193
1054.151, 68.79138
1054.633, 61.65027
1055.115, 70.17651
1055.597, 90.18262
1056.079, 106.2009
1056.561, 118.4369
1057.043, 124.5199
1057.525, 120.3158
1058.007, 118.1527
1058.490, 133.6241
1058.972, 159.4459
1059.454, 187.4967
1059.936, 220.1068
1060.418, 243.8569
1060.900, 254.3295
1061.382, 264.0763
1061.864, 278.5867
1062.347, 299.7106
1062.829, 337.3177
1063.311, 389.0657
1063.793, 442.7828
1064.275, 498.0665
1064.757, 547.4346
1065.239, 584.7213
1065.721, 617.0009
1066.203, 654.0762
1066.686, 696.2084
1067.168, 744.9146
1067.650, 801.1528
1068.132, 856.1335
1068.614, 903.9346
1069.096, 945.3036
1069.578, 982.4198
1070.060, 1015.076
1070.542, 1038.155
1071.025, 1051.992
1071.507, 1055.501
1071.989, 1047.330
1072.471, 1029.719
1072.953, 1008.779
1073.435, 981.7972
1073.917, 940.9773
1074.399, 876.4573
1074.882, 810.4866
1075.364, 743.8822
1075.846, 682.1307
1076.328, 629.9348
1076.810, 587.1157
1077.292, 540.2328
1077.774, 488.9307
1078.256, 441.0764
1078.739, 403.9944
1079.221, 370.1396
1079.703, 333.3184
1080.185, 295.8694
1080.667, 269.0453
1081.149, 257.0310
1081.631, 238.2908
1082.113, 207.0402
1082.595, 175.1537
1083.078, 158.6055
1083.560, 151.4575
1084.042, 146.6377
1084.524, 143.5314
1085.006, 138.6123
1085.488, 131.5018
1085.970, 122.0155
1086.452, 108.3235
1086.934, 93.20618
1087.417, 86.29236
1087.899, 85.57617
1088.381, 83.65845
1088.863, 77.21338
1089.345, 69.59363
1089.827, 60.40369
1090.309, 51.99829
1090.791, 46.01343
1091.274, 42.08582
1091.756, 47.33167
1092.238, 62.22144
1092.720, 72.70593
1093.202, 61.40540
1093.684, 46.55054
1094.166, 46.24231
1094.648, 57.09607
1095.130, 62.64209
1095.613, 61.42346
1096.095, 56.35791
1096.577, 47.12451
1097.059, 36.63232
1097.541, 27.28223
1098.023, 20.40588
1098.505, 18.85339
1098.987, 23.50903
1099.470, 28.07617
1099.952, 32.17395
1100.434, 33.60559
1100.916, 30.75098
1101.398, 25.10925
1101.880, 20.98694
1102.362, 18.19336
1102.844, 17.46729
1103.327, 21.75000
1103.809, 23.52905
1104.291, 16.79321
1104.773, 7.608765
1105.255, 0.8677980
1105.737, 3.682129
1106.219, 2.255737
1106.701, 5.036255
1107.183, 13.62573
1107.666, 23.38977
1108.148, 30.56812
1108.630, 33.10840
1109.112, 31.05457
1109.594, 21.34351
1110.076, 5.657715
1110.558, 10.23865
1111.040, 17.93250
1111.522, 46.98938
1112.005, 32.22559
1112.487, 0.2292480
1112.969, 8.532104
1113.451, 9.786133
1113.933, 24.16479
1114.415, 28.65295
1114.897, 24.67371
1115.379, 8.346680
1115.862, 10.54358
1116.344, 5.186646
1116.826, 15.44763
1117.308, 25.90564
1117.790, 15.20776
1118.272, 7.524170
1118.754, 19.28943
1119.236, 31.16248
1119.719, 29.31262
1120.201, 15.78516
1120.683, 16.16052
1121.165, 28.33899
1121.647, 33.73962
1122.129, 13.87915
1122.611, 5.861084
1123.093, 7.862305
1123.575, 0.6007080
1124.057, 1.711548
1124.540, 3.218750
1125.022, 0.5849610
1125.504, 15.25134
1125.986, 29.45789
1126.468, 33.22461
1126.950, 31.44849
1127.432, 27.74280
1127.914, 23.17468
1128.397, 21.05017
1128.879, 22.41809
1129.361, 23.65735
1129.843, 23.94226
1130.325, 24.76611
1130.807, 30.07898
1131.289, 36.22705
1131.771, 36.78284
1132.254, 30.50769
1132.736, 25.01697
1133.218, 21.35229
1133.700, 19.57471
1134.182, 20.27515
1134.664, 22.42761
1135.146, 25.40759
1135.628, 27.64270
1136.110, 22.70801
1136.593, 2.760498
1137.075, 7.972290
1137.557, 7.355957
1138.039, 27.80591
1138.521, 43.09082
1139.003, 53.02209
1139.485, 49.83020
1139.967, 35.06335
1140.449, 21.42810
1140.932, 14.17102
1141.414, 11.40686
1141.896, 13.48254
1142.378, 18.93213
1142.860, 27.06995
1143.342, 38.65796
1143.824, 43.09229
1144.306, 39.75171
1144.789, 35.92932
1145.271, 36.06055
1145.753, 39.12207
1146.235, 47.44409
1146.717, 58.02832
1147.199, 60.49890
1147.681, 53.10034
1148.163, 44.18115
1148.646, 33.82214
1149.128, 27.76807
1149.610, 35.89905
1150.092, 49.03723
1150.574, 58.01843
1151.056, 61.69971
1151.538, 58.70703
1152.020, 46.96838
1152.502, 34.62476
1152.984, 22.75916
1153.467, 14.16968
1153.949, 13.74011
1154.431, 19.29639
1154.913, 29.70654
1155.395, 49.33728
1155.877, 52.24902
1156.359, 25.95703
1156.841, 3.343140
1157.324, 3.132202
1157.806, 16.16577
1158.288, 20.49585
1158.770, 18.15149
1159.252, 14.17493
1159.734, 8.280884
1160.216, 4.868896
1160.698, 5.167725
1161.181, 7.397949
1161.663, 11.86694
1162.145, 17.29956
1162.627, 14.98962
1163.109, 6.642212
1163.591, 1.656250
1164.073, 7.421143
1164.555, 14.70154
1165.037, 25.09204
1165.520, 31.23425
1166.002, 19.93713
1166.484, 6.469849
1166.966, 20.93689
1167.448, 21.83118
1167.930, 17.30286
1168.412, 9.394165
1168.894, 0.4459230
1169.376, 11.69458
1169.859, 22.46643
1170.341, 19.09998
1170.823, 1.733032
1171.305, 9.377441
1171.787, 10.67041
1172.269, 9.482422
1172.751, 13.79187
1173.233, 16.08826
1173.716, 7.817261
1174.198, 8.526367
1174.680, 17.37708
1175.162, 18.29529
1175.644, 18.30884
1176.126, 19.78809
1176.608, 19.91638
1177.090, 13.75256
1177.573, 6.363647
1178.055, 3.282104
1178.537, 4.979980
1179.019, 6.983765
1179.501, 9.381958
1179.983, 11.51758
1180.465, 13.63232
1180.947, 14.29370
1181.429, 12.21948
1181.911, 7.616333
1182.394, 0.2495120
1182.876, 14.58276
1183.358, 18.47546
1183.840, 10.30896
1184.322, 0.5780030
1184.804, 3.998901
1185.286, 6.473145
1185.768, 11.94336
1186.251, 18.05200
1186.733, 19.29639
1187.215, 11.14697
1187.697, 6.384033
1188.179, 5.316895
1188.661, 7.806885
1189.143, 16.25000
1189.625, 26.48688
1190.108, 34.20715
1190.590, 38.72296
1191.072, 37.91156
1191.554, 28.21484
1192.036, 19.08044
1192.518, 10.03290
1193.000, 6.000671
1193.482, 18.59076
1193.964, 36.31744
1194.447, 40.78491
1194.929, 31.72986
1195.411, 21.57544
1195.893, 9.354187
1196.375, 1.949646
1196.857, 1.353821
1197.339, 4.636719
1197.821, 9.702209
1198.303, 14.86340
1198.786, 15.85608
1199.268, 12.01569
1199.750, 13.01556
1200.232, 23.31006
1200.714, 33.71869
1201.196, 42.84235
1201.678, 48.78754
1202.160, 47.24487
1202.643, 40.26697
1203.125, 29.94012
1203.607, 15.02594
1204.089, 8.485596
1204.571, 15.92969
1205.053, 24.76581
1205.535, 31.35321
1206.017, 34.62103
1206.500, 28.91168
1206.982, 18.84363
1207.464, 14.86584
1207.946, 21.53882
1208.428, 28.67590
1208.910, 36.47900
1209.392, 41.11230
1209.874, 38.62769
1210.356, 32.87640
1210.839, 35.45258
1211.321, 42.83954
1211.803, 46.22168
1212.285, 40.14203
1212.767, 34.42554
1213.249, 27.44751
1213.731, 26.20789
1214.213, 42.89520
1214.695, 66.50513
1215.178, 61.01520
1215.660, 36.10767
1216.142, 20.58325
1216.624, 36.32751
1217.106, 44.85504
1217.588, 39.82800
1218.070, 31.63660
1218.552, 27.69275
1219.035, 28.09955
1219.517, 37.26764
1219.999, 51.64795
1220.481, 57.03888
1220.963, 36.39056
1221.445, 23.40210
1221.927, 23.31769
1222.409, 30.39581
1222.891, 44.01605
1223.374, 58.19672
1223.856, 56.15118
1224.338, 39.32935
1224.820, 24.95850
1225.302, 20.35059
1225.784, 20.28436
1226.266, 25.89417
1226.748, 32.55615
1227.230, 32.68646
1227.713, 29.48126
1228.195, 29.81677
1228.677, 33.78711
1229.159, 37.34381
1229.641, 41.64178
1230.123, 43.59235
1230.605, 42.37384
1231.087, 38.10803
1231.570, 26.59888
1232.052, 14.96753
1232.534, 18.87830
1233.016, 39.62463
1233.498, 48.52405
1233.980, 31.94690
1234.462, 22.83331
1234.944, 31.92920
1235.427, 46.44513
1235.909, 46.63782
1236.391, 39.14050
1236.873, 33.62964
1237.355, 31.44458
1237.837, 32.35535
1238.319, 37.62573
1238.801, 42.12549
1239.283, 44.81348
1239.766, 44.58057
1240.248, 35.56287
1240.730, 23.51550
1241.212, 18.93872
1241.694, 25.28259
1242.176, 33.59485
1242.658, 45.71753
1243.140, 49.14148
1243.622, 35.08533
1244.105, 18.69507
1244.587, 23.76746
1245.069, 37.94287
1245.551, 44.57007
1246.033, 39.59265
1246.515, 33.99768
1246.997, 27.24109
1247.479, 23.88684
1247.962, 27.47192
1248.444, 32.49219
1248.926, 28.88110
1249.408, 24.28076
1249.890, 32.15649
1250.372, 58.08984
1250.854, 61.97461
1251.336, 41.94226
1251.818, 23.75317
1252.301, 21.45007
1252.783, 24.19348
1253.265, 21.19250
1253.747, 17.10510
1254.229, 20.18420
1254.711, 32.75000
1255.193, 32.99817
1255.675, 20.51685
1256.157, 12.37134
1256.640, 22.92517
1257.122, 35.48438
1257.604, 37.22729
1258.086, 33.30188
1258.568, 30.44995
1259.050, 28.69043
1259.532, 25.65942
1260.014, 21.81970
1260.497, 22.29456
1260.979, 38.31812
1261.461, 49.74756
1261.943, 36.91528
1262.425, 19.11414
1262.907, 19.29077
1263.389, 36.59485
1263.871, 34.04553
1264.354, 14.81445
1264.836, 3.799927
1265.318, 25.91504
1265.800, 45.38306
1266.282, 46.23767
1266.764, 40.28467
1267.246, 38.12012
1267.728, 38.86047
1268.210, 35.30310
1268.693, 28.48633
1269.175, 24.21399
1269.657, 24.90674
1270.139, 29.50989
1270.621, 41.06580
1271.103, 51.15088
1271.585, 48.17969
1272.067, 37.52942
1272.549, 35.82947
1273.032, 41.45703
1273.514, 45.52917
1273.996, 48.41919
1274.478, 41.54675
1274.960, 18.94421
1275.442, 0.8010250
1275.924, 6.372192
1276.406, 26.11340
1276.889, 33.04639
1277.371, 29.18152
1277.853, 25.81494
1278.335, 26.29272
1278.817, 24.66089
1279.299, 19.80469
1279.781, 15.55261
1280.263, 15.29175
1280.745, 17.98450
1281.228, 25.88354
1281.710, 35.64343
1282.192, 35.21790
1282.674, 20.03418
1283.156, 13.17493
1283.638, 17.38049
1284.120, 22.85205
1284.602, 18.11023
1285.084, 14.28418
1285.567, 24.56104
1286.049, 42.05225
1286.531, 49.63489
1287.013, 47.11414
1287.495, 37.38025
1287.977, 20.62488
1288.459, 8.120239
1288.941, 10.13159
1289.424, 16.45447
1289.906, 24.33459
1290.388, 31.00989
1290.870, 31.30701
1291.352, 26.15283
1291.834, 22.49231
1292.316, 21.02539
1292.798, 20.57910
1293.281, 22.22510
1293.763, 22.56799
1294.245, 20.53723
1294.727, 17.04980
1295.209, 12.42590
1295.691, 7.527832
1296.173, 3.707275
1296.655, 1.546631
1297.137, 4.577026
1297.620, 21.69055
1298.102, 32.72375
1298.584, 34.02502
1299.066, 31.19214
1299.548, 29.96533
1300.030, 29.53638
1300.512, 28.46655
1300.994, 26.88269
1301.476, 26.69751
1301.959, 30.57129
1302.441, 26.43091
1302.923, 10.74719
1303.405, 2.634033
1303.887, 4.797241
1304.369, 17.01855
1304.851, 15.95032
1305.333, 5.812134
1305.816, 1.771973
1306.298, 13.73743
1306.780, 15.21106
1307.262, 4.798218
1307.744, 0.0000000E+00
##END=



