##NAMES=Mesolite
##RRUFFID=R050013
##IDEAL CHEMISTRY=Na_2_Ca_2_(Si_9_Al_6_)O_30_&#183;8H_2_O
##LOCALITY=Poona, Maharashtra, India
##OWNER=RRUFF
##SOURCE=University of Arizona Mineral Museum
##DESCRIPTION=Clear to white elongated prismatic single crystal
##STATUS=The identification of this mineral has been confirmed by X-ray diffraction and chemical analysis
##URL=rruff.info/R050013
##MEASURED CHEMISTRY=Na_2.00_Ca_2.00_(Si_9.00_Al_6.00_)O_30_·8H_2_O
148.6976, 0.0000000E+00
149.1797, 8.790527
149.6618, 4.440430
150.1439, 5.085938
150.6261, 38.07129
151.1082, 83.25146
151.5903, 138.6929
152.0724, 210.0874
152.5545, 274.6621
153.0366, 324.5479
153.5188, 365.5610
154.0009, 409.2446
154.4830, 469.3608
154.9651, 523.4780
155.4472, 561.4941
155.9293, 570.5967
156.4115, 580.0527
156.8936, 602.0103
157.3757, 630.4961
157.8578, 645.4600
158.3399, 629.7241
158.8221, 604.9180
159.3042, 585.0425
159.7863, 575.9116
160.2684, 569.6040
160.7505, 564.7100
161.2326, 560.9438
161.7148, 556.3457
162.1969, 543.9717
162.6790, 532.6777
163.1611, 531.0596
163.6432, 549.5854
164.1253, 573.0542
164.6075, 590.5996
165.0896, 601.8237
165.5717, 620.1450
166.0538, 662.6040
166.5359, 714.8271
167.0180, 756.7036
167.5002, 772.5469
167.9823, 779.2305
168.4644, 790.0703
168.9465, 806.9487
169.4286, 821.7441
169.9107, 826.3008
170.3929, 824.2642
170.8750, 823.4663
171.3571, 835.2681
171.8392, 847.1460
172.3213, 842.6436
172.8034, 815.4395
173.2856, 786.0352
173.7677, 774.8672
174.2498, 777.9917
174.7319, 781.9824
175.2140, 780.9883
175.6961, 775.1128
176.1783, 763.0640
176.6604, 741.4482
177.1425, 719.5098
177.6246, 711.1484
178.1067, 714.4966
178.5888, 725.9175
179.0710, 726.4277
179.5531, 712.0840
180.0352, 701.4961
180.5173, 716.1470
180.9994, 731.6426
181.4815, 725.8042
181.9637, 712.6533
182.4458, 701.7432
182.9279, 712.6836
183.4100, 737.5127
183.8921, 748.1919
184.3742, 735.2241
184.8564, 705.2910
185.3385, 685.5728
185.8206, 680.4429
186.3027, 683.1978
186.7848, 690.8672
187.2669, 701.5083
187.7491, 700.4492
188.2312, 679.1631
188.7133, 642.1689
189.1954, 603.7085
189.6775, 563.1948
190.1596, 524.8384
190.6418, 497.0400
191.1239, 479.4902
191.6060, 455.8584
192.0881, 413.2163
192.5702, 355.0693
193.0524, 311.0513
193.5345, 280.8657
194.0166, 265.6133
194.4987, 276.3193
194.9808, 315.3384
195.4629, 344.7549
195.9451, 339.0278
196.4272, 299.0957
196.9093, 277.5420
197.3914, 280.8716
197.8735, 294.9438
198.3556, 290.9990
198.8378, 266.7314
199.3199, 243.2461
199.8020, 234.1523
200.2841, 243.2402
200.7662, 248.6421
201.2483, 238.3271
201.7305, 220.2686
202.2126, 203.1216
202.6947, 187.1904
203.1768, 171.0317
203.6589, 152.6748
204.1410, 131.3481
204.6232, 114.9805
205.1053, 106.6465
205.5874, 102.7739
206.0695, 90.62549
206.5516, 68.59961
207.0337, 42.53271
207.5159, 13.01465
207.9980, 22.77051
208.4801, 45.77930
208.9622, 51.94629
209.4443, 43.60986
209.9264, 29.30322
210.4086, 3.536133
210.8907, 17.18945
211.3728, 15.29297
211.8549, 20.10205
212.3370, 39.44141
212.8191, 28.03809
213.3013, 8.285156
213.7834, 18.67285
214.2655, 7.798828
214.7476, 42.73340
215.2297, 61.45508
215.7118, 59.54590
216.1940, 53.77051
216.6761, 45.87305
217.1582, 35.98779
217.6403, 27.75781
218.1224, 20.08203
218.6045, 15.68945
219.0867, 19.22266
219.5688, 37.18994
220.0509, 47.42480
220.5330, 43.42432
221.0151, 24.74561
221.4972, 8.589844
221.9794, 5.558105
222.4615, 16.81445
222.9436, 23.68213
223.4257, 23.04785
223.9078, 24.61230
224.3899, 31.18994
224.8721, 43.44434
225.3542, 52.98975
225.8363, 56.26562
226.3184, 60.29834
226.8005, 63.59814
227.2827, 81.63037
227.7648, 93.10352
228.2469, 98.36865
228.7290, 78.87842
229.2111, 91.32812
229.6932, 90.95996
230.1754, 90.05664
230.6575, 106.9673
231.1396, 91.01904
231.6217, 107.6265
232.1038, 111.2231
232.5859, 120.7583
233.0681, 117.4019
233.5502, 118.0117
234.0323, 131.5000
234.5144, 137.8428
234.9965, 132.9614
235.4786, 142.8149
235.9608, 126.3169
236.4429, 132.8862
236.9250, 149.3687
237.4071, 144.9785
237.8892, 140.5830
238.3713, 139.6260
238.8535, 137.2661
239.3356, 132.8813
239.8177, 110.8208
240.2998, 123.1709
240.7819, 128.9253
241.2640, 128.4512
241.7462, 103.2051
242.2283, 109.8599
242.7104, 103.6665
243.1925, 96.93262
243.6746, 108.0200
244.1567, 86.25879
244.6389, 97.06006
245.1210, 94.85938
245.6031, 98.60547
246.0852, 89.46582
246.5673, 84.30469
247.0494, 86.27002
247.5316, 75.42139
248.0137, 46.67627
248.4958, 27.10205
248.9779, 18.21289
249.4600, 17.76660
249.9421, 23.99658
250.4243, 46.06299
250.9064, 58.39893
251.3885, 46.79395
251.8706, 3.204102
252.3527, 27.43896
252.8348, 16.44189
253.3170, 14.33105
253.7991, 36.27197
254.2812, 46.93457
254.7633, 52.93457
255.2454, 56.23145
255.7275, 56.25488
256.2097, 55.13477
256.6918, 51.66455
257.1739, 47.83691
257.6560, 48.32812
258.1381, 56.27686
258.6202, 61.67236
259.1024, 59.86475
259.5845, 48.37158
260.0666, 39.91895
260.5487, 35.15723
261.0308, 32.96094
261.5129, 30.66113
261.9951, 26.47510
262.4772, 26.49219
262.9593, 35.60059
263.4414, 58.17871
263.9235, 67.48633
264.4056, 56.30225
264.8878, 38.75146
265.3699, 42.31982
265.8520, 73.81055
266.3341, 101.2520
266.8162, 112.9092
267.2983, 107.2437
267.7805, 101.0894
268.2626, 94.00977
268.7447, 87.29785
269.2268, 85.19189
269.7089, 87.40186
270.1910, 88.37012
270.6732, 86.36914
271.1553, 81.68359
271.6374, 84.47510
272.1195, 94.79736
272.6016, 108.9902
273.0837, 127.4648
273.5659, 154.8613
274.0480, 171.6982
274.5301, 166.0991
275.0122, 137.0396
275.4943, 117.8018
275.9764, 109.1421
276.4586, 108.5825
276.9407, 114.5459
277.4228, 126.9219
277.9049, 137.1772
278.3870, 142.5459
278.8691, 144.0957
279.3513, 143.5425
279.8334, 138.9814
280.3155, 136.2246
280.7976, 146.8320
281.2798, 171.3682
281.7619, 190.9155
282.2440, 196.9849
282.7261, 191.1846
283.2082, 183.4990
283.6903, 172.1992
284.1725, 165.3794
284.6546, 175.3794
285.1367, 201.5356
285.6188, 229.8877
286.1009, 257.0337
286.5830, 282.5171
287.0652, 303.1699
287.5473, 318.0010
288.0294, 332.5303
288.5115, 356.9307
288.9936, 389.1797
289.4757, 411.1445
289.9579, 410.6450
290.4400, 397.1670
290.9221, 397.3643
291.4042, 411.8193
291.8863, 432.6689
292.3684, 459.2695
292.8506, 487.8120
293.3327, 501.5220
293.8148, 486.3076
294.2969, 458.2217
294.7790, 451.9585
295.2611, 467.5742
295.7433, 483.0522
296.2254, 482.5396
296.7075, 467.0723
297.1896, 438.5278
297.6717, 387.8862
298.1538, 332.2993
298.6360, 300.4282
299.1181, 290.5249
299.6002, 284.8008
300.0823, 272.0151
300.5644, 253.3726
301.0465, 230.6768
301.5287, 202.4287
302.0108, 172.8237
302.4929, 144.5620
302.9750, 118.1870
303.4571, 98.16064
303.9392, 90.91895
304.4214, 90.63037
304.9035, 89.68848
305.3856, 86.76367
305.8677, 81.83203
306.3498, 73.94238
306.8319, 63.58252
307.3141, 52.71191
307.7962, 39.27686
308.2783, 27.66553
308.7604, 22.76221
309.2425, 28.45654
309.7246, 33.35254
310.2068, 30.09131
310.6889, 23.03223
311.1710, 18.85303
311.6531, 15.71680
312.1352, 16.78418
312.6173, 28.38818
313.0995, 58.81104
313.5816, 77.82910
314.0637, 59.20068
314.5458, 20.07275
315.0279, 7.337891
315.5100, 0.1342770
315.9922, 14.41406
316.4743, 19.88965
316.9564, 12.18213
317.4385, 6.371582
317.9206, 8.829102
318.4027, 15.81641
318.8849, 22.12451
319.3670, 27.47021
319.8491, 30.87842
320.3312, 28.90137
320.8133, 18.75732
321.2954, 19.77295
321.7776, 47.81006
322.2597, 84.16748
322.7418, 108.9014
323.2239, 116.6479
323.7060, 115.0547
324.1881, 101.9258
324.6703, 75.91748
325.1524, 55.80273
325.6345, 37.06104
326.1166, 28.41162
326.5987, 35.82812
327.0808, 88.98535
327.5630, 124.1362
328.0451, 126.6484
328.5272, 98.37549
329.0093, 79.93457
329.4914, 79.47949
329.9735, 83.84473
330.4557, 83.09033
330.9378, 66.96387
331.4199, 59.41553
331.9020, 64.85938
332.3841, 81.24463
332.8662, 96.13574
333.3484, 109.7549
333.8305, 122.5654
334.3126, 136.4360
334.7947, 154.7017
335.2768, 157.4033
335.7589, 138.5947
336.2411, 108.1211
336.7232, 89.08594
337.2053, 84.38477
337.6874, 78.89307
338.1695, 62.86523
338.6516, 34.52881
339.1338, 18.84277
339.6159, 17.56201
340.0980, 27.06836
340.5801, 44.12207
341.0622, 70.12402
341.5443, 93.11719
342.0265, 109.5815
342.5086, 119.3589
342.9907, 120.0503
343.4728, 109.4297
343.9549, 98.29932
344.4370, 105.0498
344.9192, 127.0576
345.4013, 139.1187
345.8834, 126.8682
346.3655, 99.66943
346.8476, 81.90723
347.3297, 73.77539
347.8119, 70.09521
348.2940, 62.04443
348.7761, 54.10449
349.2582, 61.50537
349.7403, 100.2026
350.2225, 144.5063
350.7046, 151.0068
351.1867, 124.5015
351.6688, 101.2500
352.1509, 116.7261
352.6331, 149.7456
353.1152, 168.0034
353.5973, 160.9688
354.0794, 143.8530
354.5615, 129.1191
355.0436, 115.2368
355.5258, 97.53223
356.0079, 61.36182
356.4900, 26.95605
356.9721, 15.35840
357.4542, 36.54443
357.9363, 57.65137
358.4185, 58.38232
358.9006, 46.75977
359.3827, 36.67139
359.8648, 28.47168
360.3469, 27.19971
360.8290, 40.90186
361.3112, 73.94092
361.7933, 94.44580
362.2754, 82.94580
362.7575, 57.43457
363.2396, 37.40869
363.7217, 19.29932
364.2039, 15.24854
364.6860, 35.11133
365.1681, 79.25244
365.6502, 115.3237
366.1323, 146.5254
366.6144, 164.7534
367.0966, 164.1621
367.5787, 123.4307
368.0608, 89.76660
368.5429, 64.51855
369.0250, 48.10693
369.5071, 43.80566
369.9893, 61.30664
370.4714, 79.59229
370.9535, 87.27881
371.4356, 74.78906
371.9177, 74.10303
372.3998, 91.34961
372.8820, 117.6992
373.3641, 133.2075
373.8462, 134.7021
374.3283, 133.4360
374.8104, 135.7217
375.2925, 142.9644
375.7747, 134.9741
376.2568, 106.4399
376.7389, 73.13428
377.2210, 58.42383
377.7031, 63.67188
378.1852, 67.64404
378.6674, 61.97217
379.1495, 49.92041
379.6316, 45.53662
380.1137, 49.16064
380.5958, 57.38232
381.0779, 74.95801
381.5601, 97.31836
382.0422, 97.55225
382.5243, 59.24365
383.0064, 9.638672
383.4885, 2.411621
383.9706, 18.87402
384.4528, 42.90576
384.9349, 52.78809
385.4170, 50.95459
385.8991, 40.47314
386.3812, 19.97217
386.8633, 3.358398
387.3455, 30.10986
387.8276, 54.94971
388.3097, 65.84668
388.7918, 43.06885
389.2739, 12.46387
389.7560, 6.601074
390.2382, 12.41016
390.7203, 9.485840
391.2024, 10.71533
391.6845, 34.58936
392.1666, 46.59717
392.6487, 25.16650
393.1309, 6.171875
393.6130, 9.586914
394.0951, 32.88525
394.5772, 44.94043
395.0593, 29.63330
395.5414, 5.786133
396.0236, 14.69873
396.5057, 28.05908
396.9878, 40.62354
397.4699, 51.89111
397.9520, 62.55176
398.4341, 74.97607
398.9163, 99.95264
399.3984, 115.3389
399.8805, 109.3315
400.3626, 67.59766
400.8447, 48.29346
401.3268, 62.70752
401.8090, 91.23486
402.2911, 105.1631
402.7732, 96.81396
403.2553, 93.72949
403.7374, 105.3618
404.2195, 130.5933
404.7017, 149.0317
405.1838, 159.8428
405.6659, 166.2461
406.1480, 164.4561
406.6301, 153.9854
407.1122, 167.7905
407.5944, 219.0469
408.0765, 290.6860
408.5586, 344.3018
409.0407, 380.2998
409.5228, 403.2593
410.0049, 403.9248
410.4871, 394.3540
410.9692, 409.4736
411.4513, 455.2661
411.9334, 506.5615
412.4155, 541.0420
412.8976, 559.6152
413.3798, 564.0396
413.8619, 541.8896
414.3440, 517.0107
414.8261, 512.8726
415.3082, 528.0903
415.7903, 549.0151
416.2725, 577.6030
416.7546, 604.6699
417.2367, 618.0942
417.7188, 598.5986
418.2009, 581.9302
418.6830, 583.5933
419.1652, 601.1538
419.6473, 625.4951
420.1294, 673.1440
420.6115, 712.6987
421.0937, 723.2817
421.5758, 680.8633
422.0579, 655.4360
422.5400, 666.3413
423.0221, 697.4058
423.5042, 722.6392
423.9864, 742.3110
424.4685, 754.4775
424.9506, 757.5171
425.4327, 750.7080
425.9148, 743.3101
426.3969, 738.6431
426.8791, 729.6299
427.3612, 707.6069
427.8433, 665.4575
428.3254, 632.4668
428.8075, 612.1367
429.2896, 604.1069
429.7718, 613.4126
430.2539, 645.2935
430.7360, 667.2319
431.2181, 648.2295
431.7002, 592.7612
432.1823, 569.8267
432.6645, 587.5479
433.1466, 622.1772
433.6287, 642.9858
434.1108, 652.1948
434.5929, 660.7944
435.0750, 672.2065
435.5572, 686.1548
436.0393, 699.9746
436.5214, 714.0161
437.0035, 735.8330
437.4856, 778.3301
437.9677, 829.9565
438.4499, 874.8364
438.9320, 909.5210
439.4141, 935.5347
439.8962, 950.9077
440.3783, 958.0420
440.8604, 963.6929
441.3426, 965.3101
441.8247, 970.4624
442.3068, 983.3008
442.7889, 1005.687
443.2710, 1029.180
443.7531, 1061.082
444.2353, 1089.146
444.7174, 1099.874
445.1995, 1075.382
445.6816, 1048.634
446.1637, 1027.163
446.6458, 1012.267
447.1280, 993.4404
447.6101, 964.3203
448.0922, 935.6289
448.5743, 915.7612
449.0564, 912.3809
449.5385, 891.7139
450.0207, 848.2998
450.5028, 794.8647
450.9849, 752.6235
451.4670, 723.2524
451.9491, 688.7852
452.4312, 638.8667
452.9134, 578.8765
453.3955, 541.0361
453.8776, 527.6719
454.3597, 515.0552
454.8418, 476.8188
455.3239, 419.0449
455.8061, 367.8696
456.2882, 327.8896
456.7703, 298.2573
457.2524, 283.7461
457.7345, 280.4863
458.2166, 272.3784
458.6988, 243.1504
459.1809, 207.4619
459.6630, 182.0283
460.1451, 169.3350
460.6272, 159.5347
461.1093, 148.5630
461.5915, 136.2183
462.0736, 122.3643
462.5557, 99.72705
463.0378, 82.63818
463.5199, 82.33740
464.0020, 95.66064
464.4842, 98.91357
464.9663, 74.58154
465.4484, 48.17822
465.9305, 34.06641
466.4126, 47.77734
466.8947, 46.48242
467.3769, 17.02979
467.8590, 21.64551
468.3411, 37.29639
468.8232, 17.66553
469.3053, 1.265625
469.7874, 12.33301
470.2696, 15.33301
470.7517, 1.746582
471.2338, 35.17676
471.7159, 67.90234
472.1980, 65.90967
472.6801, 30.21094
473.1623, 9.347656
473.6444, 14.49170
474.1265, 28.48975
474.6086, 19.16748
475.0907, 9.984375
475.5728, 36.35547
476.0550, 49.94678
476.5371, 52.48535
477.0192, 40.64160
477.5013, 13.99902
477.9834, 5.361816
478.4655, 2.441406
478.9477, 26.95459
479.4298, 54.79297
479.9119, 87.30713
480.3940, 115.9531
480.8761, 137.2695
481.3582, 151.2383
481.8404, 157.3496
482.3225, 141.1582
482.8046, 128.8306
483.2867, 135.2886
483.7688, 169.9531
484.2509, 194.9917
484.7331, 205.1484
485.2152, 205.1792
485.6973, 198.6406
486.1794, 178.4658
486.6615, 163.5010
487.1436, 154.8354
487.6258, 153.2378
488.1079, 165.0244
488.5900, 195.3906
489.0721, 224.5391
489.5542, 242.8164
490.0363, 250.3481
490.5185, 246.0586
491.0006, 227.0713
491.4827, 205.7471
491.9648, 198.2671
492.4470, 202.9556
492.9291, 211.9692
493.4112, 228.7847
493.8933, 242.9111
494.3754, 229.1211
494.8575, 192.5356
495.3397, 165.9556
495.8218, 179.0630
496.3039, 209.4004
496.7860, 234.6377
497.2681, 253.4531
497.7502, 260.8018
498.2324, 244.5483
498.7145, 218.0337
499.1966, 199.1533
499.6787, 196.1357
500.1608, 198.7134
500.6429, 204.0918
501.1251, 212.2788
501.6072, 224.8135
502.0893, 249.7310
502.5714, 272.2017
503.0535, 284.5879
503.5356, 280.8726
504.0178, 281.3779
504.4999, 286.8472
504.9820, 295.8467
505.4641, 307.4941
505.9462, 322.7910
506.4283, 334.6777
506.9105, 337.9316
507.3926, 336.8506
507.8747, 348.7041
508.3568, 373.8906
508.8389, 406.5332
509.3210, 446.1553
509.8032, 490.3369
510.2853, 534.6240
510.7674, 579.9893
511.2495, 618.8369
511.7316, 634.6279
512.2137, 638.6729
512.6959, 653.5957
513.1780, 682.6641
513.6601, 731.0361
514.1422, 810.6270
514.6243, 917.0518
515.1064, 1020.833
515.5886, 1103.632
516.0707, 1185.396
516.5528, 1276.753
517.0349, 1379.459
517.5170, 1492.575
517.9991, 1618.942
518.4813, 1753.801
518.9634, 1890.022
519.4455, 2020.039
519.9276, 2165.204
520.4097, 2336.806
520.8918, 2527.213
521.3740, 2702.094
521.8561, 2853.125
522.3382, 3012.104
522.8203, 3202.480
523.3024, 3421.123
523.7845, 3646.361
524.2667, 3882.007
524.7488, 4110.208
525.2309, 4308.977
525.7130, 4486.134
526.1951, 4668.482
526.6772, 4874.305
527.1594, 5088.173
527.6415, 5296.305
528.1236, 5496.005
528.6057, 5679.778
529.0878, 5849.568
529.5699, 5992.446
530.0521, 6097.265
530.5342, 6162.920
531.0163, 6203.288
531.4984, 6218.222
531.9805, 6212.077
532.4626, 6189.072
532.9448, 6209.553
533.4269, 6137.111
533.9090, 5926.727
534.3911, 5609.119
534.8732, 5311.974
535.3553, 5045.786
535.8375, 4779.622
536.3196, 4497.898
536.8017, 4194.769
537.2838, 3902.885
537.7659, 3619.197
538.2480, 3347.974
538.7302, 3089.859
539.2123, 2844.633
539.6944, 2631.438
540.1765, 2461.114
540.6586, 2308.263
541.1407, 2120.688
541.6229, 1914.022
542.1050, 1738.608
542.5871, 1643.363
543.0692, 1576.555
543.5513, 1492.170
544.0334, 1388.549
544.5156, 1288.399
544.9977, 1202.275
545.4798, 1124.072
545.9619, 1049.615
546.4440, 973.3486
546.9261, 910.8857
547.4083, 870.1123
547.8904, 839.2246
548.3725, 800.4365
548.8546, 750.5850
549.3367, 698.1250
549.8188, 637.7998
550.3010, 572.9443
550.7831, 550.3789
551.2652, 582.8066
551.7473, 615.1885
552.2294, 607.0742
552.7115, 561.7178
553.1937, 503.8682
553.6758, 429.6582
554.1579, 367.2080
554.6400, 370.0967
555.1221, 415.0107
555.6042, 434.1865
556.0864, 384.9023
556.5685, 318.4980
557.0506, 279.1855
557.5327, 263.5371
558.0148, 259.7676
558.4969, 284.7891
558.9791, 302.8311
559.4612, 282.4033
559.9433, 207.6191
560.4254, 161.4912
560.9075, 190.6846
561.3896, 237.3291
561.8718, 249.8525
562.3539, 201.7373
562.8360, 163.8330
563.3181, 140.1494
563.8002, 130.5967
564.2823, 140.3242
564.7645, 175.6689
565.2466, 201.1777
565.7287, 200.3779
566.2108, 177.9932
566.6929, 154.5654
567.1750, 130.1084
567.6572, 108.0820
568.1393, 89.82422
568.6214, 76.65527
569.1035, 72.95410
569.5856, 80.83496
570.0677, 92.16895
570.5499, 105.2588
571.0320, 116.4111
571.5141, 119.9395
571.9962, 111.0146
572.4783, 96.82617
572.9604, 74.33008
573.4426, 46.91406
573.9247, 31.00879
574.4068, 40.69727
574.8889, 52.20215
575.3710, 56.44531
575.8531, 51.88184
576.3353, 48.36523
576.8174, 48.08594
577.2995, 45.61816
577.7816, 30.78809
578.2637, 0.8583980
578.7458, 8.047852
579.2280, 15.41211
579.7101, 50.87402
580.1922, 57.39062
580.6743, 40.60938
581.1564, 32.41016
581.6385, 65.80469
582.1207, 106.3916
582.6028, 101.3613
583.0849, 56.24121
583.5670, 14.22266
584.0491, 0.6396480
584.5313, 1.294922
585.0134, 4.208008
585.4955, 17.52051
585.9776, 27.35742
586.4597, 29.51953
586.9418, 27.20215
587.4240, 24.04297
587.9061, 22.38477
588.3882, 15.73340
588.8703, 3.097656
589.3524, 25.62012
589.8345, 22.32324
590.3167, 15.15918
590.7988, 46.56152
591.2809, 54.56738
591.7630, 42.01953
592.2451, 13.50781
592.7272, 33.23926
593.2094, 66.39062
593.6915, 37.54492
594.1736, 22.14844
594.6557, 51.10938
595.1378, 34.30762
595.6199, 5.868164
596.1021, 18.47949
596.5842, 35.89648
597.0663, 42.33008
597.5485, 23.73926
598.0306, 7.292969
598.5127, 5.565430
598.9948, 14.11426
599.4769, 13.03613
599.9590, 12.25879
600.4412, 32.00879
600.9233, 32.52148
601.4054, 11.50977
601.8875, 12.23633
602.3696, 45.41406
602.8517, 73.89453
603.3339, 54.82031
603.8160, 6.692383
604.2981, 38.81152
604.7802, 29.40527
605.2623, 3.112305
605.7444, 11.66504
606.2266, 18.14355
606.7087, 23.99316
607.1908, 30.30078
607.6729, 39.17578
608.1550, 59.81250
608.6371, 85.77832
609.1193, 96.98340
609.6014, 64.47559
610.0835, 33.07324
610.5656, 28.13477
611.0477, 55.86426
611.5298, 72.76660
612.0120, 71.97168
612.4941, 65.28906
612.9762, 60.19824
613.4583, 57.47754
613.9404, 52.89551
614.4225, 45.39355
614.9047, 38.09375
615.3868, 35.45117
615.8689, 37.93457
616.3510, 54.22559
616.8331, 96.86621
617.3152, 141.4258
617.7974, 147.4072
618.2795, 121.5225
618.7616, 90.66504
619.2437, 56.96973
619.7258, 33.41992
620.2079, 36.60254
620.6901, 66.86816
621.1722, 88.46289
621.6543, 76.98535
622.1364, 61.23047
622.6185, 62.45898
623.1006, 101.5820
623.5828, 111.8594
624.0649, 74.95508
624.5470, 26.02930
625.0291, 9.227539
625.5112, 30.79102
625.9933, 52.46191
626.4755, 70.02246
626.9576, 80.12695
627.4397, 69.23047
627.9218, 40.50879
628.4039, 18.20703
628.8860, 18.43066
629.3682, 29.78711
629.8503, 40.40723
630.3324, 49.57129
630.8145, 52.16309
631.2966, 35.58008
631.7787, 17.99707
632.2609, 13.32031
632.7430, 26.53027
633.2251, 39.98926
633.7072, 53.18652
634.1893, 63.33105
634.6714, 67.03027
635.1536, 56.60156
635.6357, 58.57617
636.1178, 81.82324
636.5999, 110.3174
637.0820, 111.8193
637.5641, 84.29785
638.0463, 63.76172
638.5284, 65.45312
639.0105, 78.03223
639.4926, 79.10938
639.9747, 70.15918
640.4568, 59.72852
640.9390, 52.88672
641.4211, 46.96289
641.9032, 37.60352
642.3853, 24.77539
642.8674, 17.11523
643.3495, 14.17383
643.8317, 19.76367
644.3138, 39.27539
644.7959, 96.95215
645.2780, 119.9131
645.7601, 84.47168
646.2422, 35.09473
646.7244, 30.74316
647.2065, 84.41602
647.6886, 109.6279
648.1707, 85.39746
648.6528, 34.55566
649.1349, 2.365234
649.6171, 24.53613
650.0992, 27.69336
650.5813, 0.8837890
651.0634, 37.08887
651.5455, 74.92676
652.0276, 110.9336
652.5098, 126.4541
652.9919, 89.43164
653.4740, 47.43945
653.9561, 34.12402
654.4382, 60.96387
654.9203, 69.01562
655.4025, 27.98926
655.8846, 12.76270
656.3667, 17.66406
656.8488, 30.98145
657.3309, 59.39746
657.8130, 62.15234
658.2952, 51.77441
658.7773, 43.37305
659.2594, 37.41895
659.7415, 42.22363
660.2236, 66.00684
660.7057, 91.43164
661.1879, 84.09766
661.6700, 56.02832
662.1521, 42.07324
662.6342, 91.19922
663.1163, 138.2549
663.5984, 130.4238
664.0806, 74.37598
664.5627, 36.18066
665.0448, 53.42480
665.5269, 72.75586
666.0090, 68.57910
666.4911, 35.65527
666.9733, 19.30469
667.4554, 24.25586
667.9375, 36.41113
668.4196, 43.11621
668.9017, 44.84668
669.3839, 60.34570
669.8660, 96.20020
670.3481, 122.5479
670.8302, 83.26270
671.3123, 9.847656
671.7944, 26.39258
672.2766, 20.23535
672.7587, 71.67773
673.2408, 69.65137
673.7229, 36.77344
674.2050, 17.39844
674.6871, 39.36133
675.1693, 59.90918
675.6514, 63.84766
676.1335, 54.89258
676.6156, 55.47363
677.0977, 71.37012
677.5798, 83.45508
678.0620, 80.45215
678.5441, 64.68457
679.0262, 61.53516
679.5083, 71.91211
679.9904, 79.84473
680.4725, 64.22656
680.9547, 39.93359
681.4368, 37.91211
681.9189, 64.52539
682.4010, 86.21289
682.8831, 67.38379
683.3652, 38.39844
683.8474, 31.02344
684.3295, 72.90820
684.8116, 103.9746
685.2937, 113.5439
685.7758, 108.5576
686.2579, 94.54297
686.7401, 63.95801
687.2222, 45.56250
687.7043, 46.62500
688.1864, 60.95020
688.6685, 72.41895
689.1506, 81.69727
689.6328, 100.0918
690.1149, 149.3242
690.5970, 199.9971
691.0791, 199.6553
691.5612, 157.1992
692.0433, 118.2666
692.5255, 109.9541
693.0076, 110.3262
693.4897, 107.5742
693.9718, 100.8389
694.4539, 88.63379
694.9360, 58.63184
695.4182, 34.44922
695.9003, 30.12988
696.3824, 51.05273
696.8645, 67.63770
697.3466, 76.38770
697.8287, 89.97949
698.3109, 135.9141
698.7930, 203.4111
699.2751, 228.9482
699.7572, 192.4814
700.2393, 144.6836
700.7214, 134.6602
701.2036, 150.3115
701.6857, 171.5811
702.1678, 194.1387
702.6499, 217.8271
703.1320, 244.8809
703.6141, 272.9707
704.0963, 296.5898
704.5784, 318.8330
705.0605, 331.1367
705.5426, 324.1572
706.0247, 306.4102
706.5068, 323.8213
706.9890, 382.2080
707.4711, 425.6641
707.9532, 412.3945
708.4353, 368.9131
708.9174, 362.7900
709.3995, 390.3623
709.8817, 416.7383
710.3638, 409.5322
710.8459, 395.8232
711.3280, 403.6318
711.8101, 439.5117
712.2922, 463.8799
712.7744, 460.5010
713.2565, 445.4727
713.7386, 428.5693
714.2207, 405.3877
714.7028, 395.0557
715.1849, 404.2354
715.6671, 413.2539
716.1492, 395.2197
716.6313, 353.7109
717.1134, 321.6123
717.5955, 307.4385
718.0776, 299.1494
718.5598, 280.5693
719.0419, 257.5811
719.5240, 241.9268
720.0061, 246.7354
720.4882, 248.7354
720.9703, 232.9570
721.4525, 206.8389
721.9346, 187.3184
722.4167, 184.7227
722.8988, 177.9658
723.3809, 161.8555
723.8630, 138.7969
724.3452, 116.5752
724.8273, 94.07520
725.3094, 79.75293
725.7915, 80.72656
726.2736, 91.72461
726.7557, 102.8184
727.2379, 113.0732
727.7200, 116.6328
728.2021, 100.2520
728.6842, 77.75684
729.1663, 62.30176
729.6484, 55.22070
730.1306, 55.71191
730.6127, 83.17188
731.0948, 99.63770
731.5769, 81.15527
732.0590, 11.71875
732.5411, 24.52832
733.0233, 20.67676
733.5054, 1.017578
733.9875, 25.56934
734.4696, 50.86133
734.9517, 66.11133
735.4338, 69.37891
735.9160, 67.49902
736.3981, 61.89551
736.8802, 57.36230
737.3623, 62.94727
737.8444, 92.19629
738.3266, 110.1172
738.8087, 89.59570
739.2908, 54.50781
739.7729, 39.84082
740.2551, 52.37988
740.7372, 76.52832
741.2193, 119.2314
741.7014, 165.5518
742.1835, 177.4268
742.6656, 154.8945
743.1478, 143.1484
743.6299, 160.7070
744.1120, 187.3350
744.5941, 194.9980
745.0762, 187.9795
745.5583, 179.8535
746.0405, 176.4072
746.5226, 174.5684
747.0047, 174.6104
747.4868, 175.5322
747.9689, 171.9854
748.4510, 149.3408
748.9332, 139.1338
749.4153, 158.9219
749.8974, 205.0127
750.3795, 228.8721
750.8616, 227.8096
751.3438, 224.9326
751.8259, 238.3428
752.3080, 259.8115
752.7901, 271.3818
753.2722, 272.5498
753.7543, 264.7656
754.2365, 239.8262
754.7186, 212.2910
755.2007, 195.8262
755.6828, 194.1543
756.1649, 189.2471
756.6470, 171.0713
757.1292, 155.2217
757.6113, 152.9736
758.0934, 164.1729
758.5755, 175.7393
759.0576, 190.2119
759.5397, 198.2217
760.0219, 180.3477
760.5040, 147.5684
760.9861, 140.3633
761.4682, 170.3203
761.9503, 196.8262
762.4324, 176.0342
762.9146, 138.6885
763.3967, 121.9961
763.8788, 154.3564
764.3609, 176.4473
764.8430, 174.0830
765.3251, 158.2764
765.8073, 139.2725
766.2894, 115.5820
766.7715, 94.69238
767.2536, 77.76660
767.7357, 64.09863
768.2178, 47.69238
768.7000, 32.29785
769.1821, 34.91406
769.6642, 68.78125
770.1463, 109.8555
770.6284, 148.8135
771.1105, 178.5928
771.5927, 185.4971
772.0748, 150.8301
772.5569, 108.6230
773.0390, 54.62598
773.5211, 1.071289
774.0032, 16.97168
774.4854, 8.900391
774.9675, 39.98926
775.4496, 69.21777
775.9317, 92.63770
776.4138, 95.20312
776.8959, 80.14844
777.3781, 65.91504
777.8602, 67.48535
778.3423, 69.55469
778.8244, 55.77637
779.3065, 30.26270
779.7886, 10.86816
780.2708, 7.059570
780.7529, 6.102539
781.2350, 2.749023
781.7171, 2.180664
782.1992, 0.8134770
782.6813, 14.45703
783.1635, 25.69238
783.6456, 28.24414
784.1277, 22.91016
784.6098, 4.324219
785.0919, 24.96582
785.5740, 41.49902
786.0562, 13.56641
786.5383, 21.62891
787.0204, 27.09668
787.5025, 1.142578
787.9846, 12.36816
788.4667, 13.95996
788.9489, 38.58984
789.4310, 43.06934
789.9131, 26.06836
790.3952, 10.95410
790.8773, 2.637695
791.3594, 7.623047
791.8416, 3.800781
792.3237, 26.70117
792.8058, 50.41406
793.2879, 74.53906
793.7700, 91.23438
794.2521, 92.09863
794.7343, 84.52832
795.2164, 72.87109
795.6985, 55.75293
796.1806, 44.27832
796.6627, 44.61133
797.1448, 45.16016
797.6270, 37.41504
798.1091, 19.74414
798.5912, 7.130859
799.0733, 0.2812500
799.5554, 4.943359
800.0375, 19.09570
800.5197, 32.82422
801.0018, 23.03906
801.4839, 16.70215
801.9660, 52.44434
802.4481, 58.50684
802.9302, 54.08105
803.4124, 57.08496
803.8945, 83.14844
804.3766, 83.53320
804.8587, 42.11816
805.3408, 3.738281
805.8229, 17.23926
806.3051, 1.399414
806.7872, 16.55859
807.2693, 25.45020
807.7514, 29.60156
808.2335, 24.81152
808.7156, 18.48535
809.1978, 25.10840
809.6799, 54.93262
810.1620, 73.16504
810.6441, 47.04297
811.1262, 12.87402
811.6083, 7.860352
812.0905, 51.20605
812.5726, 82.43066
813.0547, 102.6738
813.5368, 106.3047
814.0189, 71.06836
814.5010, 7.393555
814.9832, 19.74316
815.4653, 5.869141
815.9474, 41.30273
816.4295, 46.51953
816.9116, 38.44531
817.3937, 39.00000
817.8759, 61.75098
818.3580, 77.00000
818.8401, 72.32227
819.3222, 61.57227
819.8043, 59.20410
820.2864, 69.58789
820.7686, 64.29102
821.2507, 35.08203
821.7328, 7.357422
822.2149, 25.06445
822.6970, 69.74609
823.1791, 91.78125
823.6613, 72.25000
824.1434, 53.95801
824.6255, 73.94531
825.1076, 106.9023
825.5897, 124.3203
826.0718, 111.1426
826.5540, 95.68848
827.0361, 76.19043
827.5182, 56.73633
828.0003, 42.20508
828.4824, 32.88672
828.9645, 26.50098
829.4467, 22.56641
829.9288, 22.62793
830.4109, 32.59961
830.8930, 46.43066
831.3751, 55.05762
831.8572, 55.04980
832.3394, 50.78906
832.8215, 31.38379
833.3036, 14.03613
833.7857, 19.86035
834.2678, 63.90430
834.7499, 84.11719
835.2321, 69.75586
835.7142, 47.26562
836.1963, 52.41699
836.6784, 78.62402
837.1605, 104.9629
837.6426, 131.1016
838.1248, 140.3350
838.6069, 105.8662
839.0890, 55.87891
839.5711, 21.12988
840.0532, 5.699219
840.5353, 4.420898
841.0175, 25.68750
841.4996, 53.94336
841.9817, 74.94238
842.4638, 88.86523
842.9459, 83.66113
843.4280, 54.79395
843.9102, 31.27051
844.3923, 50.22266
844.8744, 89.03613
845.3565, 111.2969
845.8386, 105.1562
846.3207, 98.27344
846.8029, 108.0781
847.2850, 115.9170
847.7671, 102.6787
848.2492, 48.84473
848.7313, 30.31348
849.2134, 58.96484
849.6956, 93.41699
850.1777, 83.84082
850.6598, 44.01562
851.1419, 22.56836
851.6240, 26.10352
852.1061, 39.10156
852.5883, 61.23828
853.0704, 80.28418
853.5525, 82.86914
854.0346, 58.30957
854.5167, 44.45312
854.9988, 46.06250
855.4810, 55.09277
855.9631, 68.32324
856.4452, 86.31055
856.9273, 99.91016
857.4094, 108.1953
857.8915, 105.0498
858.3737, 75.17383
858.8558, 38.08789
859.3379, 18.87891
859.8200, 19.62402
860.3021, 23.04102
860.7842, 23.11035
861.2664, 23.78809
861.7485, 28.22168
862.2306, 35.03516
862.7127, 41.94043
863.1948, 48.85059
863.6769, 52.95312
864.1591, 51.84375
864.6412, 48.11426
865.1233, 51.23340
865.6054, 61.55469
866.0875, 78.10742
866.5696, 114.7012
867.0518, 145.5352
867.5339, 149.7832
868.0160, 124.6445
868.4981, 111.6445
868.9802, 120.6846
869.4623, 120.2793
869.9445, 87.20312
870.4266, 33.18652
870.9087, 19.31250
871.3908, 41.92383
871.8729, 63.49023
872.3550, 55.79395
872.8372, 40.03027
873.3193, 37.53711
873.8014, 45.99219
874.2835, 55.60254
874.7656, 68.26465
875.2477, 76.83301
875.7299, 78.34766
876.2120, 74.60742
876.6941, 73.58008
877.1762, 75.25586
877.6583, 73.30176
878.1404, 61.62988
878.6226, 48.35840
879.1047, 46.38281
879.5869, 51.17676
880.0690, 52.59473
880.5511, 36.95605
881.0332, 27.99707
881.5153, 35.43066
881.9974, 53.06152
882.4796, 73.11328
882.9617, 99.50879
883.4438, 102.0459
883.9259, 64.21289
884.4080, 18.48145
884.8901, 24.97070
885.3723, 63.46973
885.8544, 85.89551
886.3365, 63.83594
886.8186, 41.58984
887.3007, 41.54199
887.7828, 51.70117
888.2650, 54.35840
888.7471, 42.78516
889.2292, 42.72168
889.7113, 61.07617
890.1934, 80.55566
890.6755, 73.77930
891.1577, 49.35449
891.6398, 37.72070
892.1219, 48.10352
892.6040, 53.34570
893.0861, 24.25293
893.5682, 12.73145
894.0504, 32.06152
894.5325, 22.86621
895.0146, 12.94238
895.4967, 1.082031
895.9788, 9.622070
896.4609, 3.326172
896.9431, 31.66504
897.4252, 31.99121
897.9073, 1.871094
898.3894, 26.85254
898.8715, 26.20898
899.3536, 17.46191
899.8358, 20.42480
900.3179, 38.65723
900.8000, 50.55664
901.2821, 47.20117
901.7642, 46.12988
902.2463, 57.43262
902.7285, 78.28711
903.2106, 81.04297
903.6927, 66.21582
904.1748, 49.11133
904.6569, 32.67871
905.1390, 25.14844
905.6212, 38.08301
906.1033, 65.75195
906.5854, 82.38574
907.0675, 65.62695
907.5496, 55.97949
908.0317, 67.00684
908.5139, 89.94336
908.9960, 98.49219
909.4781, 92.88086
909.9602, 81.31152
910.4423, 60.92383
910.9244, 45.06738
911.4066, 61.40527
911.8887, 91.94336
912.3708, 103.7881
912.8529, 66.03906
913.3350, 33.40234
913.8171, 11.21289
914.2993, 1.905273
914.7814, 13.08301
915.2635, 46.65332
915.7456, 76.97559
916.2277, 101.4600
916.7098, 117.4443
917.1920, 123.6396
917.6741, 118.7061
918.1562, 93.41602
918.6383, 33.07031
919.1204, 0.1103520
919.6025, 49.77930
920.0847, 103.7080
920.5668, 103.5195
921.0489, 36.73633
921.5310, 7.376953
922.0131, 18.33398
922.4952, 42.09082
922.9774, 66.28320
923.4595, 84.41406
923.9416, 80.92383
924.4237, 56.88672
924.9058, 40.41699
925.3879, 44.14941
925.8701, 56.83789
926.3522, 74.78125
926.8343, 97.45996
927.3164, 123.6543
927.7985, 155.5049
928.2806, 172.0410
928.7628, 155.6475
929.2449, 126.2812
929.7270, 108.9404
930.2091, 103.2451
930.6912, 108.2051
931.1733, 138.5820
931.6555, 161.9404
932.1376, 163.0547
932.6197, 153.3711
933.1018, 152.3828
933.5839, 161.9316
934.0660, 164.6855
934.5482, 154.7764
935.0303, 145.8535
935.5124, 167.9248
935.9945, 199.9648
936.4766, 199.5195
936.9587, 136.8105
937.4409, 97.53418
937.9230, 129.4902
938.4051, 180.2637
938.8872, 213.3291
939.3693, 229.6074
939.8514, 218.8848
940.3336, 177.2764
940.8157, 137.8633
941.2978, 132.9980
941.7799, 145.1709
942.2620, 151.8867
942.7441, 151.7139
943.2263, 142.8389
943.7084, 113.3799
944.1905, 86.30859
944.6726, 71.37012
945.1547, 66.77148
945.6368, 60.68457
946.1190, 52.85645
946.6011, 47.22070
947.0832, 47.55176
947.5653, 48.97754
948.0474, 44.93164
948.5295, 36.77539
949.0117, 27.66602
949.4938, 12.34766
949.9759, 4.863281
950.4580, 11.84961
950.9401, 24.26562
951.4222, 26.69238
951.9044, 19.38965
952.3865, 13.89941
952.8686, 11.50879
953.3507, 12.94141
953.8328, 22.75293
954.3149, 32.95410
954.7971, 32.15332
955.2792, 16.18262
955.7613, 8.336914
956.2434, 19.16895
956.7255, 26.94336
957.2076, 16.64844
957.6898, 10.90918
958.1719, 34.27539
958.6540, 53.53516
959.1361, 57.47363
959.6182, 23.78125
960.1003, 17.29590
960.5825, 43.47949
961.0646, 53.34082
961.5467, 43.91113
962.0288, 15.47949
962.5109, 46.21680
962.9930, 20.29199
963.4752, 37.88672
963.9573, 68.74316
964.4394, 75.20410
964.9215, 77.66602
965.4036, 84.24902
965.8857, 86.02539
966.3679, 64.01270
966.8500, 37.84473
967.3321, 34.11914
967.8142, 74.68750
968.2963, 106.2686
968.7784, 131.6699
969.2606, 141.4258
969.7427, 111.3340
970.2248, 56.87402
970.7069, 37.39844
971.1890, 57.06934
971.6711, 83.65137
972.1533, 105.0156
972.6354, 119.7559
973.1175, 120.9932
973.5996, 109.1562
974.0817, 112.2109
974.5638, 135.8789
975.0460, 153.7021
975.5281, 151.7012
976.0102, 139.8848
976.4923, 141.4053
976.9744, 150.5518
977.4565, 154.8193
977.9387, 148.6006
978.4208, 133.8066
978.9029, 96.00684
979.3850, 56.98633
979.8671, 51.77441
980.3492, 88.14648
980.8314, 110.7344
981.3135, 112.8545
981.7956, 103.6992
982.2777, 83.37793
982.7598, 62.85059
983.2419, 64.27734
983.7241, 95.67969
984.2062, 107.2930
984.6883, 57.21387
985.1704, 11.47852
985.6525, 0.3320310
986.1346, 19.11133
986.6168, 47.09180
987.0989, 83.04590
987.5810, 108.9775
988.0631, 108.4521
988.5452, 98.30371
989.0273, 91.29980
989.5095, 87.34961
989.9916, 86.29590
990.4737, 92.10742
990.9558, 93.60352
991.4379, 85.90430
991.9200, 78.42188
992.4022, 88.35352
992.8843, 111.8008
993.3664, 133.3018
993.8485, 150.0693
994.3306, 162.7236
994.8127, 185.1523
995.2949, 194.3770
995.7770, 159.6172
996.2591, 69.57324
996.7412, 20.12695
997.2233, 18.68652
997.7054, 32.15137
998.1876, 44.56250
998.6697, 56.19922
999.1518, 70.85254
999.6339, 86.24121
1000.116, 93.71680
1000.598, 85.23047
1001.080, 72.83887
1001.562, 53.35449
1002.044, 35.94531
1002.527, 44.04395
1003.009, 80.90820
1003.491, 90.60938
1003.973, 57.21973
1004.455, 18.40625
1004.937, 19.02734
1005.419, 37.63379
1005.901, 47.10352
1006.384, 39.01074
1006.866, 34.60352
1007.348, 34.29395
1007.830, 41.18848
1008.312, 61.75586
1008.794, 91.61035
1009.276, 104.4502
1009.758, 101.3584
1010.240, 92.24414
1010.723, 69.67578
1011.205, 55.93945
1011.687, 81.13086
1012.169, 124.3848
1012.651, 126.2188
1013.133, 62.16211
1013.615, 29.99707
1014.097, 53.09180
1014.580, 88.87109
1015.062, 68.54492
1015.544, 20.28418
1016.026, 3.235352
1016.508, 35.71777
1016.990, 56.83496
1017.472, 24.91406
1017.954, 6.261719
1018.436, 2.819336
1018.919, 32.93164
1019.401, 47.54004
1019.883, 40.39648
1020.365, 36.18164
1020.847, 66.90918
1021.329, 98.04102
1021.811, 86.03027
1022.293, 47.63770
1022.776, 24.25000
1023.258, 34.77930
1023.740, 42.14746
1024.222, 40.84277
1024.704, 38.56445
1025.186, 45.97852
1025.668, 61.33301
1026.150, 80.08887
1026.632, 102.2021
1027.115, 120.2549
1027.597, 124.1348
1028.079, 127.1221
1028.561, 137.2578
1029.043, 154.4717
1029.525, 183.3457
1030.007, 225.8809
1030.489, 259.4365
1030.972, 274.0488
1031.454, 273.1699
1031.936, 247.0098
1032.418, 211.1455
1032.900, 199.1904
1033.382, 240.5742
1033.864, 281.4854
1034.346, 319.8242
1034.828, 350.8252
1035.311, 361.6436
1035.793, 357.4502
1036.275, 377.9834
1036.757, 426.7764
1037.239, 466.2090
1037.721, 454.5381
1038.203, 436.9961
1038.685, 450.4727
1039.167, 491.4258
1039.650, 510.8486
1040.132, 502.5371
1040.614, 497.1631
1041.096, 499.2080
1041.578, 519.3203
1042.060, 602.4004
1042.542, 709.3076
1043.024, 764.3037
1043.507, 710.6982
1043.989, 671.4199
1044.471, 682.7803
1044.953, 698.8271
1045.435, 680.7842
1045.917, 631.8799
1046.399, 593.9531
1046.881, 567.4639
1047.364, 542.5205
1047.846, 516.0352
1048.328, 485.4980
1048.810, 446.6582
1049.292, 401.8340
1049.774, 360.5400
1050.256, 321.9629
1050.738, 290.4111
1051.220, 267.5283
1051.703, 250.0029
1052.185, 243.0625
1052.667, 235.3516
1053.149, 199.6484
1053.631, 118.0400
1054.113, 69.70020
1054.595, 102.1875
1055.077, 143.0117
1055.559, 158.5625
1056.042, 151.0312
1056.524, 130.1572
1057.006, 98.26172
1057.488, 74.38379
1057.970, 80.23242
1058.452, 85.61816
1058.934, 63.99121
1059.416, 31.24121
1059.899, 18.26758
1060.381, 30.99316
1060.863, 47.00293
1061.345, 68.65723
1061.827, 80.09570
1062.309, 46.79980
1062.791, 1.650391
1063.273, 17.16309
1063.755, 4.808594
1064.238, 36.49512
1064.720, 91.81348
1065.202, 127.3711
1065.684, 123.0635
1066.166, 93.83594
1066.648, 81.70312
1067.130, 83.74707
1067.612, 83.69727
1068.094, 69.11719
1068.577, 69.49121
1069.059, 123.7090
1069.541, 187.5000
1070.023, 217.5586
1070.505, 207.9023
1070.987, 194.0225
1071.469, 175.3799
1071.951, 166.8643
1072.434, 189.4316
1072.916, 209.7930
1073.398, 187.9609
1073.880, 137.2295
1074.362, 104.7666
1074.844, 102.2979
1075.326, 120.7949
1075.808, 164.9746
1076.291, 209.9375
1076.773, 222.0605
1077.255, 213.0332
1077.737, 217.1484
1078.219, 239.8281
1078.701, 260.9648
1079.183, 275.6133
1079.665, 279.6445
1080.147, 267.4453
1080.630, 241.8701
1081.112, 239.0752
1081.594, 258.1641
1082.076, 271.2744
1082.558, 267.5566
1083.040, 255.9326
1083.522, 235.9980
1084.004, 215.6162
1084.486, 207.5537
1084.969, 219.9336
1085.451, 224.7676
1085.933, 221.7637
1086.415, 212.2520
1086.897, 189.1729
1087.379, 164.3262
1087.861, 161.7207
1088.343, 177.0801
1088.826, 190.5156
1089.308, 203.4150
1089.790, 199.6562
1090.272, 167.1094
1090.754, 128.6885
1091.236, 125.5625
1091.718, 149.3350
1092.200, 161.7119
1092.682, 156.7080
1093.165, 144.1855
1093.647, 111.3555
1094.129, 91.04590
1094.611, 116.5576
1095.093, 176.5713
1095.575, 182.5352
1096.057, 131.7803
1096.539, 93.46875
1097.022, 96.40723
1097.504, 116.8252
1097.986, 147.0645
1098.468, 172.5850
1098.950, 170.0068
1099.432, 117.7695
1099.914, 86.04102
1100.396, 76.56445
1100.879, 83.30957
1101.361, 118.9746
1101.843, 160.2549
1102.325, 152.4258
1102.807, 107.8213
1103.289, 76.41602
1103.771, 93.04297
1104.253, 102.1387
1104.735, 89.79590
1105.218, 71.37109
1105.700, 71.42773
1106.182, 84.93359
1106.664, 85.68848
1107.146, 70.62500
1107.628, 57.09961
1108.110, 44.58398
1108.592, 48.57227
1109.074, 96.73438
1109.557, 167.6475
1110.039, 157.9492
1110.521, 66.11035
1111.003, 14.68066
1111.485, 50.58203
1111.967, 104.7725
1112.449, 122.8662
1112.931, 116.7891
1113.414, 93.78906
1113.896, 47.74609
1114.378, 29.14844
1114.860, 43.57324
1115.342, 58.22363
1115.824, 50.57520
1116.306, 35.33008
1116.788, 41.44824
1117.271, 57.51465
1117.753, 58.26270
1118.235, 17.80273
1118.717, 12.55273
1119.199, 31.52637
1119.681, 36.46973
1120.163, 14.63184
1120.645, 21.24414
1121.127, 31.46582
1121.609, 17.37207
1122.092, 2.927734
1122.574, 5.787109
1123.056, 4.331055
1123.538, 15.45898
1124.020, 40.13672
1124.502, 38.49121
1124.984, 14.39453
1125.466, 0.2246090
1125.949, 2.036133
1126.431, 13.24512
1126.913, 46.42773
1127.395, 72.35352
1127.877, 65.58594
1128.359, 30.54980
1128.841, 8.145508
1129.323, 52.54590
1129.806, 60.27637
1130.288, 2.003906
1130.770, 68.21094
1131.252, 68.22656
1131.734, 33.50293
1132.216, 1.032227
1132.698, 38.89355
1133.180, 38.76465
1133.662, 7.966797
1134.145, 56.46289
1134.627, 81.14941
1135.109, 90.10156
1135.591, 90.69336
1136.073, 83.43262
1136.555, 65.76953
1137.037, 8.502930
1137.519, 11.36426
1138.001, 24.96680
1138.484, 68.63672
1138.966, 62.22754
1139.448, 25.40918
1139.930, 2.781250
1140.412, 3.455078
1140.894, 1.380859
1141.376, 22.07812
1141.858, 45.28711
1142.341, 68.65430
1142.823, 91.17285
1143.305, 118.5000
1143.787, 144.8750
1144.269, 137.7227
1144.751, 87.82715
1145.233, 47.68652
1145.715, 54.68750
1146.198, 74.26660
1146.680, 87.32715
1147.162, 94.71875
1147.644, 90.33301
1148.126, 76.07617
1148.608, 74.87109
1149.090, 95.87207
1149.572, 121.5576
1150.054, 153.9824
1150.536, 176.6221
1151.019, 167.9248
1151.501, 124.0723
1151.983, 113.0742
1152.465, 136.6602
1152.947, 148.0996
1153.429, 104.4336
1153.911, 57.31152
1154.393, 63.81348
1154.876, 98.88477
1155.358, 119.2334
1155.840, 119.5479
1156.322, 109.4121
1156.804, 86.19824
1157.286, 67.75195
1157.768, 80.06055
1158.250, 97.31250
1158.733, 78.95801
1159.215, 35.85645
1159.697, 12.45605
1160.179, 21.40527
1160.661, 36.24805
1161.143, 54.88281
1161.625, 76.63281
1162.107, 110.7656
1162.589, 143.2002
1163.072, 144.7998
1163.554, 115.5830
1164.036, 91.06641
1164.518, 82.71680
1165.000, 74.93848
1165.482, 62.57324
1165.964, 51.51270
1166.446, 55.70312
1166.928, 68.79785
1167.411, 76.11523
1167.893, 74.05566
1168.375, 72.86230
1168.857, 76.99414
1169.339, 82.51270
1169.821, 90.69922
1170.303, 96.05664
1170.785, 73.21582
1171.268, 34.00684
1171.750, 19.83398
1172.232, 57.70508
1172.714, 85.83887
1173.196, 68.58105
1173.678, 45.59961
1174.160, 38.21094
1174.642, 45.46387
1175.125, 74.49121
1175.607, 118.9824
1176.089, 136.3955
1176.571, 82.31152
1177.053, 31.58203
1177.535, 18.86621
1178.017, 27.23926
1178.499, 40.37500
1178.981, 57.54297
1179.464, 93.17480
1179.946, 145.0342
1180.428, 174.6523
1180.910, 135.7090
1181.392, 94.13574
1181.874, 90.88965
1182.356, 103.3779
1182.838, 93.91895
1183.320, 61.05762
1183.803, 44.48145
1184.285, 47.66016
1184.767, 53.59961
1185.249, 49.05273
1185.731, 43.37793
1186.213, 41.53516
1186.695, 43.23047
1187.177, 51.37695
1187.660, 70.06738
1188.142, 67.53027
1188.624, 29.44629
1189.106, 3.858398
1189.588, 57.61719
1190.070, 121.1035
1190.552, 135.2344
1191.034, 104.7949
1191.516, 63.28125
1191.999, 2.964844
1192.481, 18.26758
1192.963, 23.47461
1193.445, 71.73438
1193.927, 67.74609
1194.409, 43.25879
1194.891, 28.35938
1195.373, 24.55664
1195.855, 26.61719
1196.338, 33.78516
1196.820, 41.65723
1197.302, 50.22461
1197.784, 54.61133
1198.266, 45.83984
1198.748, 32.89355
1199.230, 26.04883
1199.712, 25.54297
1200.195, 31.83203
1200.677, 45.63477
1201.159, 62.05176
1201.641, 87.82031
1202.123, 103.0264
1202.605, 65.75879
1203.087, 9.033203
1203.569, 9.748047
1204.052, 36.75879
1204.534, 51.36035
1205.016, 29.38477
1205.498, 4.255859
1205.980, 11.14941
1206.462, 9.097656
1206.944, 39.64258
1207.426, 109.4971
1207.908, 136.7070
1208.391, 96.76074
1208.873, 73.30469
1209.355, 70.89355
1209.837, 78.05371
1210.319, 94.73730
1210.801, 108.1406
1211.283, 97.07715
1211.765, 69.34668
1212.247, 54.34277
1212.730, 58.69043
1213.212, 59.78906
1213.694, 53.74707
1214.176, 51.51953
1214.658, 73.02637
1215.140, 97.59766
1215.622, 99.49219
1216.104, 81.11230
1216.587, 63.12695
1217.069, 40.99707
1217.551, 43.18359
1218.033, 80.72168
1218.515, 119.1816
1218.997, 110.2051
1219.479, 87.67188
1219.961, 94.38477
1220.443, 130.6709
1220.926, 149.7314
1221.408, 146.3965
1221.890, 138.7861
1222.372, 130.7197
1222.854, 120.9756
1223.336, 101.8271
1223.818, 84.04004
1224.300, 86.96387
1224.782, 113.1299
1225.265, 105.5508
1225.747, 54.78613
1226.229, 14.33691
1226.711, 2.9297000E-02
1227.193, 4.176758
1227.675, 37.84570
1228.157, 73.18848
1228.639, 69.18555
1229.122, 16.15137
1229.604, 4.816406
1230.086, 10.59863
1230.568, 39.60352
1231.050, 82.94629
1231.532, 110.4375
1232.014, 61.45410
1232.496, 10.65332
1232.979, 38.28027
1233.461, 12.70215
1233.943, 21.94434
1234.425, 67.49023
1234.907, 100.5625
1235.389, 107.4258
1235.871, 102.0791
1236.353, 94.25391
1236.835, 84.66016
1237.318, 73.43945
1237.800, 59.61523
1238.282, 50.07227
1238.764, 44.51953
1239.246, 50.80371
1239.728, 88.46387
1240.210, 120.2461
1240.692, 98.49414
1241.175, 60.21777
1241.657, 60.45215
1242.139, 111.4219
1242.621, 121.3730
1243.103, 89.98730
1243.585, 58.62207
1244.067, 55.44824
1244.549, 57.71484
1245.031, 43.29102
1245.514, 29.38770
1245.996, 41.76367
1246.478, 84.10449
1246.960, 106.9893
1247.442, 111.8330
1247.924, 112.3223
1248.406, 120.4180
1248.888, 123.9844
1249.370, 115.1387
1249.853, 96.70215
1250.335, 72.51074
1250.817, 41.35254
1251.299, 37.46680
1251.781, 60.96777
1252.263, 87.04199
1252.745, 111.0029
1253.227, 120.4893
1253.710, 94.13867
1254.192, 63.79297
1254.674, 81.56250
1255.156, 134.1709
1255.638, 130.1650
1256.120, 68.03125
1256.602, 24.45996
1257.084, 83.09668
1257.567, 123.9639
1258.049, 101.3252
1258.531, 54.37012
1259.013, 34.18945
1259.495, 35.95703
1259.977, 45.54590
1260.459, 60.83789
1260.941, 74.17773
1261.423, 87.92188
1261.906, 88.65430
1262.388, 67.59082
1262.870, 43.06152
1263.352, 39.73730
1263.834, 53.68945
1264.316, 87.96680
1264.798, 138.2314
1265.280, 154.5547
1265.762, 81.42285
1266.245, 41.41699
1266.727, 62.30273
1267.209, 107.2930
1267.691, 135.1768
1268.173, 143.6875
1268.655, 130.2314
1269.137, 95.63477
1269.619, 64.04980
1270.102, 30.83691
1270.584, 21.95801
1271.066, 36.71387
1271.548, 61.53125
1272.030, 88.54297
1272.512, 109.5459
1272.994, 111.0020
1273.476, 93.19336
1273.958, 80.12891
1274.441, 72.70215
1274.923, 70.21094
1275.405, 73.70703
1275.887, 76.59277
1276.369, 66.76855
1276.851, 57.32227
1277.333, 63.97461
1277.815, 83.29980
1278.297, 91.90137
1278.780, 89.51660
1279.262, 75.16797
1279.744, 45.32910
1280.226, 25.08203
1280.708, 48.04688
1281.190, 76.11328
1281.672, 80.85645
1282.154, 68.21582
1282.637, 54.19238
1283.119, 39.66016
1283.601, 36.78516
1284.083, 49.63672
1284.565, 60.89453
1285.047, 56.37109
1285.529, 52.35449
1286.011, 61.61914
1286.494, 73.52930
1286.976, 45.69336
1287.458, 5.351563
1287.940, 18.94531
1288.422, 21.92871
1288.904, 61.33203
1289.386, 75.34961
1289.868, 89.95215
1290.350, 116.8135
1290.833, 143.8408
1291.315, 143.9268
1291.797, 126.7100
1292.279, 108.9668
1292.761, 92.78613
1293.243, 85.91211
1293.725, 93.51172
1294.207, 96.69531
1294.689, 87.72949
1295.172, 74.85156
1295.654, 64.63184
1296.136, 60.91992
1296.618, 76.06152
1297.100, 111.6660
1297.582, 101.3604
1298.064, 50.37207
1298.546, 16.37695
1299.029, 23.33691
1299.511, 42.87500
1299.993, 48.11621
1300.475, 49.00977
1300.957, 60.49707
1301.439, 78.46484
1301.921, 64.00488
1302.403, 19.82520
1302.885, 3.7108999E-02
1303.368, 26.77832
1303.850, 51.44238
1304.332, 27.06836
1304.814, 0.6259770
1305.296, 10.57812
1305.778, 25.47656
1306.260, 0.0000000E+00
##END=



