##NAMES=Metatorbernite
##RRUFFID=R140872
##IDEAL CHEMISTRY=Cu(UO_2_)_2_(PO_4_)_2_&#183;8H_2_O
##LOCALITY=Roland mine, Wölsendorf East District, Wölsendorf Fluorite mining District, Schwandorf, Upper Palatinate, Bavaria, Germany
##OWNER=RRUFF
##SOURCE=Stefan Schorn
##DESCRIPTION=Green platy crystals, associated with fluorite, quartz, chrysocolla, and chalcopyrite.
##STATUS=The identification of this mineral has been confirmed by single-crystal X-ray diffraction.
##URL=rruff.info/R140872
124.9777, 0.0000000E+00
125.4598, 0.1723940
125.9420, 0.3050840
126.4241, 0.5112460
126.9062, 0.8104400
127.3883, 0.9929500
127.8704, 1.172440
128.3525, 1.554489
128.8347, 1.779724
129.3168, 1.780151
129.7989, 1.621109
130.2810, 1.163147
130.7631, 0.5230100
131.2452, 6.2835999E-02
131.7274, 8.4610000E-02
132.2095, 2.7527001E-02
132.6916, 0.2547910
133.1737, 0.7357940
133.6558, 1.269348
134.1379, 1.623352
134.6201, 1.843079
135.1022, 2.008575
135.5843, 2.121902
136.0664, 2.168823
136.5485, 2.297775
137.0306, 2.513687
137.5128, 2.704529
137.9949, 2.722626
138.4770, 2.502609
138.9591, 2.467087
139.4412, 2.888184
139.9233, 3.866150
140.4055, 4.291550
140.8876, 4.034607
141.3697, 3.572327
141.8518, 3.505920
142.3339, 3.890610
142.8160, 4.534500
143.2982, 5.592972
143.7803, 6.725800
144.2624, 7.096573
144.7445, 6.823120
145.2266, 6.404175
145.7087, 6.650299
146.1909, 7.682678
146.6730, 8.382751
147.1551, 8.364365
147.6372, 6.959091
148.1193, 6.065857
148.6014, 5.940262
149.0836, 6.325439
149.5657, 6.404480
150.0478, 6.073959
150.5299, 5.614746
151.0120, 5.134796
151.4941, 4.380035
151.9763, 3.904953
152.4584, 3.911407
152.9405, 4.279221
153.4226, 4.403107
153.9047, 3.849213
154.3868, 3.293198
154.8690, 3.100586
155.3511, 4.087158
155.8332, 4.611572
156.3153, 4.146286
156.7974, 2.824860
157.2795, 1.743042
157.7617, 1.221100
158.2438, 0.9817050
158.7259, 0.8250270
159.2080, 0.9583280
159.6901, 0.9331050
160.1722, 0.4944310
160.6544, 0.3304900
161.1365, 1.005859
161.6186, 1.441269
162.1007, 1.597031
162.5828, 1.449463
163.0649, 0.5998080
163.5471, 0.2309570
164.0292, 0.7279050
164.5113, 0.8769230
164.9934, 0.8179630
165.4755, 0.3546750
165.9576, 0.2154390
166.4398, 0.5172120
166.9219, 0.2140810
167.4040, 0.2596890
167.8861, 0.6515200
168.3682, 0.9505770
168.8503, 1.163193
169.3325, 1.270172
169.8146, 1.297577
170.2967, 1.288422
170.7788, 1.155853
171.2609, 1.055939
171.7430, 1.078537
172.2252, 1.211517
172.7073, 1.612320
173.1894, 2.614075
173.6715, 4.004440
174.1536, 5.270691
174.6357, 6.029007
175.1179, 6.604477
175.6000, 7.403473
176.0821, 8.472931
176.5642, 9.647232
177.0463, 10.82556
177.5284, 11.99261
178.0106, 13.08403
178.4927, 14.01602
178.9748, 14.86758
179.4569, 15.73973
179.9390, 16.64314
180.4211, 17.59804
180.9033, 18.60350
181.3854, 19.68216
181.8675, 20.90459
182.3496, 22.51584
182.8317, 24.40086
183.3138, 25.91101
183.7960, 26.87154
184.2781, 27.74504
184.7602, 29.11752
185.2423, 30.97903
185.7244, 33.14822
186.2065, 35.80125
186.6887, 38.74057
187.1708, 41.14825
187.6529, 42.74359
188.1350, 44.16576
188.6171, 46.60695
189.0992, 50.05887
189.5814, 53.54999
190.0635, 56.57552
190.5456, 59.17636
191.0277, 61.40233
191.5098, 63.31287
191.9919, 64.79927
192.4741, 65.53882
192.9562, 65.51715
193.4383, 65.07709
193.9204, 64.55103
194.4025, 63.90511
194.8846, 62.57990
195.3668, 60.53900
195.8489, 57.74892
196.3310, 53.90176
196.8131, 48.88217
197.2952, 43.70847
197.7773, 38.84612
198.2595, 34.31003
198.7416, 30.38533
199.2237, 27.18135
199.7058, 24.59586
200.1879, 22.45769
200.6700, 20.78349
201.1522, 19.39441
201.6343, 18.14241
202.1164, 17.00807
202.5985, 16.20689
203.0806, 15.80408
203.5627, 15.74124
204.0449, 15.88969
204.5270, 16.30122
205.0091, 16.73654
205.4912, 17.00891
205.9733, 17.07416
206.4554, 17.23885
206.9376, 17.53439
207.4197, 17.95471
207.9018, 18.49129
208.3839, 19.14742
208.8660, 19.91997
209.3481, 20.81232
209.8303, 21.84979
210.3124, 22.92072
210.7945, 23.98383
211.2766, 25.07748
211.7587, 26.45332
212.2408, 28.26775
212.7230, 30.04639
213.2051, 31.48436
213.6872, 32.50027
214.1693, 33.39333
214.6514, 34.02097
215.1335, 34.53825
215.6157, 35.71500
216.0978, 37.77933
216.5799, 40.09453
217.0620, 42.32642
217.5441, 44.54329
218.0262, 46.44824
218.5084, 47.94633
218.9905, 49.09454
219.4726, 50.15009
219.9547, 51.25580
220.4368, 52.13077
220.9189, 52.56746
221.4011, 52.35818
221.8832, 52.26277
222.3653, 52.50543
222.8474, 52.90724
223.3295, 52.65620
223.8116, 51.66808
224.2938, 50.14532
224.7759, 48.18077
225.2580, 45.63176
225.7401, 43.00937
226.2222, 40.24237
226.7043, 37.41867
227.1865, 34.78311
227.6686, 32.40120
228.1507, 30.18219
228.6328, 28.13391
229.1149, 26.38078
229.5970, 24.49927
230.0792, 22.35490
230.5613, 20.06996
231.0434, 18.23386
231.5255, 17.14781
232.0076, 16.10910
232.4897, 14.70470
232.9719, 12.61179
233.4540, 10.90221
233.9361, 9.699341
234.4182, 8.897873
234.9003, 8.102554
235.3824, 7.265686
235.8646, 6.502869
236.3467, 5.876083
236.8288, 5.428360
237.3109, 5.009155
237.7930, 4.577011
238.2751, 4.169662
238.7573, 3.952332
239.2394, 4.100800
239.7215, 4.174866
240.2036, 3.926865
240.6857, 3.065216
241.1678, 2.544861
241.6500, 2.495667
242.1321, 2.750275
242.6142, 2.863434
243.0963, 2.668884
243.5784, 2.580399
244.0605, 2.831848
244.5427, 3.702347
245.0248, 4.189392
245.5069, 4.174759
245.9890, 3.826080
246.4711, 3.484070
246.9532, 3.055908
247.4354, 2.784927
247.9175, 2.749527
248.3996, 2.924713
248.8817, 3.472046
249.3638, 4.702545
249.8459, 6.134903
250.3281, 6.824738
250.8102, 6.381424
251.2923, 5.884796
251.7744, 5.756454
252.2565, 6.179108
252.7386, 6.196960
253.2208, 5.657318
253.7029, 4.825836
254.1850, 4.103821
254.6671, 3.544403
255.1492, 2.978104
255.6313, 2.320831
256.1135, 1.529953
256.5956, 0.9353640
257.0777, 0.5861970
257.5598, 0.3862150
258.0419, 0.1954190
258.5240, 5.0781000E-02
259.0062, 0.1308290
259.4883, 0.1211240
259.9704, 0.7507780
260.4525, 0.9190670
260.9346, 0.4114840
261.4167, 0.2882390
261.8989, 0.6099850
262.3810, 0.4233250
262.8631, 0.1917880
263.3452, 3.1417999E-02
263.8273, 6.2835999E-02
264.3094, 0.3110200
264.7916, 0.7816770
265.2737, 1.303574
265.7558, 1.723221
266.2379, 2.030518
266.7200, 2.272461
267.2021, 2.463669
267.6843, 2.599518
268.1664, 2.571487
268.6485, 2.231781
269.1306, 2.030457
269.6127, 2.479538
270.0948, 3.799286
270.5770, 4.775848
271.0591, 5.025833
271.5412, 4.764908
272.0233, 5.028564
272.5054, 6.003326
272.9875, 7.026001
273.4697, 7.485809
273.9518, 7.242584
274.4339, 7.418442
274.9160, 8.330307
275.3981, 9.654877
275.8802, 10.31853
276.3624, 10.12112
276.8445, 9.980591
277.3266, 10.62375
277.8087, 12.13757
278.2908, 13.16736
278.7729, 13.50034
279.2551, 13.45528
279.7372, 13.78833
280.2193, 14.55310
280.7014, 15.31247
281.1835, 15.87978
281.6656, 16.25537
282.1478, 16.30180
282.6299, 15.85768
283.1120, 15.42221
283.5941, 16.01859
284.0762, 17.69946
284.5583, 19.28880
285.0405, 20.26588
285.5226, 20.67441
286.0047, 20.84465
286.4868, 20.73260
286.9689, 20.51492
287.4510, 20.56818
287.9332, 20.87688
288.4153, 21.00859
288.8974, 20.77626
289.3795, 20.23163
289.8616, 19.46411
290.3438, 18.42673
290.8259, 17.48946
291.3080, 17.20312
291.7901, 17.45822
292.2722, 17.55370
292.7543, 17.22493
293.2365, 16.62613
293.7186, 16.10371
294.2007, 15.65778
294.6828, 15.12437
295.1649, 14.15410
295.6470, 12.93707
296.1292, 12.11378
296.6113, 12.01357
297.0934, 12.22110
297.5755, 12.09990
298.0576, 11.68228
298.5397, 11.19577
299.0219, 10.75003
299.5040, 10.35591
299.9861, 10.02763
300.4682, 9.735046
300.9503, 9.573608
301.4324, 9.915329
301.9146, 10.59161
302.3967, 10.89888
302.8788, 9.921402
303.3609, 8.450516
303.8430, 7.733887
304.3251, 8.085831
304.8073, 8.642944
305.2894, 8.540329
305.7715, 8.011978
306.2536, 7.624313
306.7357, 7.963699
307.2178, 8.434494
307.7000, 8.313324
308.1821, 7.478821
308.6642, 6.677017
309.1463, 6.521561
309.6284, 6.746872
310.1105, 6.938965
310.5927, 6.906525
311.0748, 6.788467
311.5569, 6.721344
312.0390, 6.704834
312.5211, 6.541260
313.0032, 5.961975
313.4854, 5.236740
313.9675, 4.659821
314.4496, 4.473328
314.9317, 4.333374
315.4138, 4.066757
315.8959, 3.697372
316.3781, 3.352142
316.8602, 3.141830
317.3423, 2.956436
317.8244, 2.705154
318.3065, 2.254089
318.7886, 1.892166
319.2708, 1.839569
319.7529, 1.962936
320.2350, 1.905411
320.7171, 1.270798
321.1992, 0.6394960
321.6813, 0.3264770
322.1635, 0.5354000
322.6456, 0.6821140
323.1277, 0.5703280
323.6098, 0.3372040
324.0919, 0.2109380
324.5740, 0.3163910
325.0562, 0.4533080
325.5383, 0.5949400
326.0204, 0.7796780
326.5025, 0.8044280
326.9846, 0.4489900
327.4667, 1.5472000E-02
327.9489, 0.1782530
328.4310, 0.2205200
328.9131, 0.4712520
329.3952, 0.3981930
329.8773, 7.9500005E-03
330.3594, 0.2754820
330.8416, 0.2802120
331.3237, 0.2468870
331.8058, 0.3441160
332.2879, 0.7179110
332.7700, 0.9802400
333.2521, 1.109680
333.7343, 1.108917
334.2164, 0.9594270
334.6985, 0.5395510
335.1806, 0.1655880
335.6627, 4.2130001E-02
336.1448, 0.3038180
336.6270, 0.3934780
337.1091, 0.2269590
337.5912, 6.6742003E-02
338.0733, 0.2325440
338.5554, 0.2584530
339.0375, 0.1944580
339.5197, 2.1454001E-02
340.0018, 0.2697450
340.4839, 0.4481960
340.9660, 0.4954680
341.4481, 0.4615330
341.9302, 0.3886110
342.4124, 0.2731020
342.8945, 0.1956180
343.3766, 0.2859500
343.8587, 0.4317020
344.3408, 2.0569000E-02
344.8229, 1.011261
345.3051, 2.154648
345.7872, 3.028702
346.2693, 3.632339
346.7514, 3.971985
347.2335, 4.043335
347.7156, 3.855072
348.1978, 3.333115
348.6799, 2.501236
349.1620, 1.639221
349.6441, 0.9249270
350.1262, 0.3224180
350.6083, 0.2881770
351.0905, 0.9639590
351.5726, 1.511948
352.0547, 1.674576
352.5368, 1.520416
353.0189, 1.255661
353.5010, 0.9354860
353.9832, 0.5858000
354.4653, 0.2109380
354.9474, 0.1947330
355.4295, 0.5314480
355.9116, 0.6417390
356.3937, 0.6488800
356.8759, 0.7335970
357.3580, 0.6991120
357.8401, 0.9817960
358.3222, 2.157990
358.8043, 4.070984
359.2864, 5.718948
359.7686, 6.509644
360.2507, 6.842987
360.7328, 7.050964
361.2149, 7.245575
361.6970, 7.265961
362.1791, 6.788773
362.6613, 6.078918
363.1434, 5.748032
363.6255, 6.430588
364.1076, 7.180222
364.5897, 7.600510
365.0718, 7.644745
365.5540, 7.334244
366.0361, 6.430618
366.5182, 5.254944
367.0003, 4.193130
367.4824, 3.145615
367.9645, 2.365936
368.4467, 1.972549
368.9288, 1.990311
369.4109, 2.035873
369.8930, 2.094208
370.3751, 2.197815
370.8572, 2.379822
371.3394, 2.745392
371.8215, 3.005539
372.3036, 3.057526
372.7857, 2.991348
373.2678, 3.142197
373.7499, 3.605698
374.2321, 4.114105
374.7142, 4.552292
375.1963, 4.924011
375.6784, 5.188263
376.1605, 5.276108
376.6426, 5.337997
377.1248, 5.666824
377.6069, 6.335098
378.0890, 6.842972
378.5711, 6.950638
379.0532, 6.730972
379.5353, 6.729095
380.0175, 6.977737
380.4996, 7.296173
380.9817, 7.431396
381.4638, 7.429565
381.9459, 7.713486
382.4280, 8.424515
382.9102, 9.389908
383.3923, 10.27654
383.8744, 11.09993
384.3565, 11.95451
384.8386, 12.90309
385.3207, 13.91199
385.8029, 14.86995
386.2850, 15.78685
386.7671, 16.78322
387.2492, 17.96545
387.7313, 19.33092
388.2134, 20.87390
388.6956, 22.62823
389.1777, 24.54478
389.6598, 26.54716
390.1419, 28.62120
390.6240, 30.92093
391.1061, 33.74722
391.5883, 36.80534
392.0704, 39.75671
392.5525, 42.09399
393.0346, 44.91440
393.5167, 49.00462
393.9988, 54.00047
394.4810, 58.99382
394.9631, 63.41051
395.4452, 67.98245
395.9273, 73.10333
396.4094, 78.96512
396.8915, 84.89014
397.3737, 90.70412
397.8558, 96.50993
398.3379, 102.4544
398.8200, 109.5604
399.3021, 115.7424
399.7842, 120.7165
400.2664, 124.4812
400.7485, 126.9051
401.2306, 126.9350
401.7127, 126.5902
402.1948, 127.1137
402.6769, 128.4998
403.1591, 130.7501
403.6412, 134.0899
404.1233, 138.1789
404.6054, 142.5338
405.0875, 147.5497
405.5696, 151.5664
406.0518, 154.1189
406.5339, 155.2313
407.0160, 154.1765
407.4981, 151.0018
407.9802, 145.6004
408.4623, 137.2699
408.9445, 125.9982
409.4266, 114.1647
409.9087, 102.0677
410.3908, 90.15143
410.8729, 79.43362
411.3550, 69.88029
411.8372, 61.55682
412.3193, 54.61969
412.8014, 48.84325
413.2835, 43.64371
413.7656, 38.89259
414.2477, 34.75607
414.7299, 31.62532
415.2120, 29.27617
415.6941, 27.26332
416.1762, 25.40445
416.6583, 23.73311
417.1404, 22.29971
417.6226, 21.08606
418.1047, 20.01924
418.5868, 18.89978
419.0689, 17.96486
419.5510, 17.45148
420.0331, 17.78603
420.5153, 18.06973
420.9974, 17.91119
421.4795, 17.44308
421.9616, 17.00583
422.4437, 16.55862
422.9258, 16.26976
423.4080, 16.25876
423.8901, 16.63519
424.3722, 16.92688
424.8543, 16.99400
425.3364, 17.01677
425.8185, 17.15948
426.3007, 17.32808
426.7828, 17.77161
427.2649, 18.64389
427.7470, 19.85667
428.2291, 20.82965
428.7112, 21.42529
429.1934, 22.00786
429.6755, 22.80707
430.1576, 23.86592
430.6397, 24.87509
431.1218, 25.78810
431.6039, 26.70021
432.0861, 27.74927
432.5682, 28.93396
433.0503, 30.31468
433.5324, 32.06810
434.0145, 34.02623
434.4966, 35.52339
434.9788, 36.54469
435.4609, 37.60385
435.9430, 39.31503
436.4251, 41.42822
436.9072, 43.23219
437.3893, 44.58879
437.8715, 45.65456
438.3536, 46.56055
438.8357, 47.31558
439.3178, 47.94501
439.7999, 48.67285
440.2820, 49.14725
440.7642, 49.02171
441.2463, 48.26086
441.7284, 47.07890
442.2105, 45.42844
442.6926, 43.53568
443.1747, 41.58510
443.6569, 39.50214
444.1390, 37.54584
444.6211, 35.84695
445.1032, 34.32248
445.5853, 32.80908
446.0674, 31.31963
446.5496, 29.77435
447.0317, 28.13530
447.5138, 26.38258
447.9959, 24.70718
448.4780, 23.02040
448.9601, 21.47839
449.4423, 20.22314
449.9244, 19.40105
450.4065, 18.55965
450.8886, 17.51389
451.3707, 16.41310
451.8528, 15.93758
452.3350, 16.27652
452.8171, 16.65613
453.2992, 16.68694
453.7813, 16.34254
454.2634, 15.72418
454.7455, 14.71059
455.2277, 13.80370
455.7098, 13.81418
456.1919, 14.60326
456.6740, 15.23108
457.1561, 15.33014
457.6382, 15.12881
458.1204, 14.93625
458.6025, 14.76450
459.0846, 14.70824
459.5667, 14.86302
460.0488, 15.16240
460.5309, 15.60178
461.0131, 16.25533
461.4952, 16.69995
461.9773, 16.41321
462.4594, 15.78033
462.9415, 15.36212
463.4236, 15.68839
463.9058, 15.97896
464.3879, 15.86525
464.8700, 15.37703
465.3521, 14.86278
465.8342, 14.21631
466.3163, 13.69882
466.7985, 13.48749
467.2806, 13.91223
467.7627, 14.05284
468.2448, 13.69224
468.7269, 13.12599
469.2090, 12.76753
469.6912, 12.68774
470.1733, 12.68440
470.6554, 12.80925
471.1375, 13.01437
471.6196, 12.72255
472.1017, 11.74651
472.5839, 10.79507
473.0660, 10.39066
473.5481, 10.54196
474.0302, 10.65532
474.5123, 10.71933
474.9944, 10.64847
475.4766, 10.26216
475.9587, 9.600037
476.4408, 8.891983
476.9229, 8.130402
477.4050, 7.450378
477.8871, 7.217621
478.3693, 7.376846
478.8514, 7.410431
479.3335, 6.813110
479.8156, 5.942307
480.2977, 5.239075
480.7798, 4.824097
481.2620, 4.433609
481.7441, 3.869675
482.2262, 3.240677
482.7083, 2.707535
483.1904, 2.393967
483.6725, 2.109436
484.1547, 1.702835
484.6368, 1.200531
485.1189, 0.9680480
485.6010, 1.516586
486.0831, 1.981384
486.5652, 1.873016
487.0474, 0.6629180
487.5295, 3.8527999E-02
488.0116, 0.3179780
488.4937, 0.9543760
488.9758, 1.171677
489.4579, 0.8482210
489.9401, 0.4627840
490.4222, 7.6430999E-02
490.9043, 0.2768550
491.3864, 0.4133300
491.8685, 0.3028260
492.3506, 0.1850740
492.8328, 0.2363740
493.3149, 0.4221950
493.7970, 0.5994420
494.2791, 0.7625270
494.7612, 0.8871770
495.2433, 0.9236300
495.7255, 0.8993680
496.2076, 0.8879090
496.6897, 0.9243320
497.1718, 0.9734800
497.6539, 1.074173
498.1360, 1.179367
498.6182, 1.108826
499.1003, 0.4678800
499.5824, 0.1789400
500.0645, 0.3941190
500.5466, 4.9377002E-02
501.0287, 0.3489990
501.5109, 0.8098300
501.9930, 1.187347
502.4751, 1.329117
502.9572, 1.074570
503.4393, 0.7474520
503.9214, 0.2776180
504.4036, 0.2434230
504.8857, 0.4859010
505.3678, 0.2984620
505.8499, 9.4527997E-02
506.3320, 1.0696000E-02
506.8141, 4.3685999E-02
507.2963, 0.3291020
507.7784, 0.9888460
508.2605, 1.586273
508.7426, 1.599487
509.2247, 1.068588
509.7068, 0.5838010
510.1890, 0.2144010
510.6711, 9.4299996E-03
511.1532, 0.1733400
511.6353, 0.6274410
512.1174, 0.9948120
512.5995, 1.031052
513.0817, 0.9160160
513.5638, 0.8052220
514.0459, 0.7109830
514.5280, 0.6656040
515.0101, 0.7392580
515.4922, 0.8444370
515.9744, 0.9069670
516.4565, 0.9113920
516.9386, 0.8281250
517.4207, 0.5287020
517.9028, 0.1577910
518.3849, 4.8537999E-02
518.8671, 8.6519998E-03
519.3492, 0.1728970
519.8313, 0.4575960
520.3134, 0.8467250
520.7955, 1.143570
521.2776, 1.329117
521.7598, 1.447311
522.2419, 1.494766
522.7240, 1.438675
523.2061, 1.497360
523.6882, 1.709503
524.1703, 1.960434
524.6525, 2.168823
525.1346, 2.324997
525.6167, 2.181229
526.0988, 1.492035
526.5809, 0.6805880
527.0630, 0.5490880
527.5452, 1.027298
528.0273, 1.692459
528.5094, 2.609894
528.9915, 3.414291
529.4736, 3.580124
529.9557, 3.048065
530.4379, 2.523666
530.9200, 2.266235
531.4021, 2.297058
531.8842, 2.674881
532.3663, 3.975250
532.8484, 4.807480
533.3306, 4.401886
533.8127, 3.317871
534.2948, 2.749527
534.7769, 3.258881
535.2590, 3.746094
535.7411, 3.945282
536.2233, 3.868149
536.7054, 3.923080
537.1875, 4.233292
537.6696, 4.443207
538.1517, 4.195496
538.6339, 3.426651
539.1160, 3.169998
539.5981, 3.587341
540.0802, 4.228561
540.5623, 4.554764
541.0444, 4.592163
541.5266, 4.475540
542.0087, 4.118805
542.4908, 3.775864
542.9729, 4.012268
543.4550, 4.649139
543.9371, 4.974182
544.4193, 4.183640
544.9014, 3.174393
545.3835, 2.734848
545.8656, 2.959763
546.3477, 3.231277
546.8298, 3.207733
547.3120, 3.168503
547.7941, 3.350189
548.2762, 4.124191
548.7583, 4.641586
549.2404, 4.730713
549.7225, 4.589401
550.2047, 4.545639
550.6868, 4.754654
551.1689, 4.697662
551.6510, 4.112335
552.1331, 3.131729
552.6152, 2.715210
553.0974, 2.973312
553.5795, 3.294876
554.0616, 3.240631
554.5437, 2.882309
555.0258, 2.663406
555.5079, 2.625809
555.9901, 2.586960
556.4722, 2.333740
556.9543, 1.989075
557.4364, 1.722061
557.9185, 1.522995
558.4006, 1.408585
558.8828, 1.471222
559.3649, 1.607681
559.8470, 1.597153
560.3291, 1.127899
560.8112, 0.7376860
561.2933, 0.6943660
561.7755, 1.017136
562.2576, 1.345520
562.7397, 1.801025
563.2218, 2.046082
563.7039, 1.851944
564.1860, 0.9045410
564.6682, 0.3772280
565.1503, 0.4479680
565.6324, 0.7250980
566.1145, 0.6707920
566.5966, 0.2342380
567.0787, 3.6681999E-02
567.5609, 3.6880001E-02
568.0430, 0.2736210
568.5251, 0.2752230
569.0072, 8.2488999E-02
569.4893, 0.1510930
569.9714, 0.5354920
570.4536, 0.8259740
570.9357, 0.4609830
571.4178, 0.5066380
571.8999, 1.197815
572.3820, 0.6249390
572.8641, 0.2496340
573.3463, 0.5133360
573.8284, 0.2537230
574.3105, 0.9151760
574.7926, 1.070129
575.2747, 0.9506230
575.7568, 0.8416440
576.2390, 0.8004460
576.7211, 0.7235570
577.2032, 0.5503690
577.6853, 0.3394470
578.1674, 0.3198240
578.6495, 0.5596160
579.1317, 0.7875670
579.6138, 0.8388060
580.0959, 0.7586360
580.5780, 1.018219
581.0601, 1.661850
581.5422, 2.199631
582.0244, 2.089386
582.5065, 1.567032
582.9886, 1.209473
583.4707, 1.093658
583.9528, 1.120392
584.4349, 1.269135
584.9171, 1.484619
585.3992, 1.682892
585.8813, 1.818802
586.3634, 1.945145
586.8455, 2.102768
587.3276, 2.267715
587.8098, 2.369141
588.2919, 2.217743
588.7740, 2.181442
589.2561, 2.439072
589.7382, 2.998795
590.2203, 3.305069
590.7025, 3.264389
591.1846, 3.131836
591.6667, 3.098495
592.1488, 3.183350
592.6309, 3.026581
593.1130, 2.542740
593.5952, 2.093613
594.0773, 2.214554
594.5594, 2.769836
595.0415, 3.233231
595.5236, 3.486069
596.0057, 3.579208
596.4879, 3.407837
596.9700, 3.116486
597.4521, 3.045578
597.9342, 3.551559
598.4163, 4.146500
598.8984, 4.556656
599.3806, 4.796387
599.8627, 5.060837
600.3448, 5.575211
600.8269, 5.962601
601.3090, 5.977066
601.7911, 5.422775
602.2733, 5.299332
602.7554, 5.810043
603.2375, 6.463486
603.7196, 6.745636
604.2017, 6.605972
604.6838, 6.683701
605.1660, 7.119843
605.6481, 7.652893
606.1302, 7.756439
606.6123, 7.543976
607.0944, 7.557709
607.5765, 8.204041
608.0587, 8.968201
608.5408, 9.292175
609.0229, 9.230438
609.5050, 8.992035
609.9871, 8.432877
610.4692, 7.930435
610.9514, 7.685776
611.4335, 7.711823
611.9156, 7.977570
612.3977, 8.773590
612.8798, 9.580063
613.3619, 10.09505
613.8441, 10.27422
614.3262, 10.22563
614.8083, 9.762619
615.2904, 9.325439
615.7725, 9.637604
616.2546, 10.76825
616.7368, 11.42596
617.2189, 11.23921
617.7010, 10.69141
618.1831, 10.68544
618.6652, 11.09988
619.1473, 11.44984
619.6295, 11.56293
620.1116, 11.44936
620.5937, 10.92487
621.0758, 10.10670
621.5579, 9.566727
622.0400, 9.932953
622.5222, 10.40036
623.0043, 10.44649
623.4864, 9.917908
623.9685, 9.581299
624.4506, 9.723831
624.9327, 9.904541
625.4149, 9.819839
625.8970, 9.310577
626.3791, 8.939102
626.8612, 8.740372
627.3433, 8.656372
627.8254, 8.644775
628.3076, 8.702011
628.7897, 8.729111
629.2718, 8.629959
629.7539, 8.446960
630.2360, 8.319855
630.7181, 8.223053
631.2003, 8.057266
631.6824, 7.843384
632.1645, 7.507645
632.6466, 6.830292
633.1287, 5.903931
633.6108, 5.344070
634.0930, 5.638397
634.5751, 6.111603
635.0572, 6.465744
635.5393, 6.697357
636.0214, 6.738708
636.5035, 6.465103
636.9857, 6.154144
637.4678, 6.061691
637.9499, 6.246490
638.4320, 6.186676
638.9141, 5.801514
639.3962, 5.307907
639.8784, 4.925079
640.3605, 4.671844
640.8426, 4.653534
641.3247, 5.039032
641.8068, 5.418732
642.2889, 5.276718
642.7711, 4.786194
643.2532, 4.335205
643.7353, 4.104065
644.2174, 3.952408
644.6995, 3.813202
645.1816, 3.716507
645.6638, 3.723755
646.1459, 3.948090
646.6280, 4.113724
647.1101, 4.102585
647.5922, 3.941010
648.0743, 3.858780
648.5565, 3.776596
649.0386, 3.782303
649.5207, 4.092072
650.0028, 4.636459
650.4849, 4.702957
650.9670, 4.201767
651.4492, 3.648651
651.9313, 3.530487
652.4134, 3.717773
652.8955, 4.067902
653.3776, 4.718918
653.8597, 5.195419
654.3419, 5.101242
654.8240, 4.655838
655.3061, 4.181625
655.7882, 3.430969
656.2703, 3.034668
656.7524, 3.434387
657.2346, 4.307724
657.7167, 4.645386
658.1988, 4.148148
658.6809, 3.803528
659.1630, 4.051666
659.6451, 4.728546
660.1273, 4.838409
660.6094, 4.363983
661.0915, 3.818146
661.5736, 3.492706
662.0557, 3.339188
662.5378, 3.266098
663.0200, 3.291840
663.5021, 3.441315
663.9842, 3.928238
664.4663, 4.379288
664.9484, 4.384811
665.4305, 3.684158
665.9127, 3.142654
666.3948, 3.095245
666.8769, 3.243851
667.3590, 3.278519
667.8411, 3.144897
668.3232, 3.023514
668.8054, 2.938400
669.2875, 2.877289
669.7696, 2.744659
670.2517, 2.547562
670.7338, 2.542374
671.2159, 2.901733
671.6981, 3.363205
672.1802, 3.418976
672.6623, 3.164795
673.1444, 2.952484
673.6265, 3.125168
674.1086, 3.304276
674.5908, 3.151642
675.0729, 2.728439
675.5550, 2.289063
676.0371, 1.676147
676.5192, 1.286560
677.0013, 1.434692
677.4835, 2.214798
677.9656, 2.452225
678.4477, 1.945450
678.9298, 1.273605
679.4119, 0.7132570
679.8940, 0.2464450
680.3762, 0.5151670
680.8583, 1.687546
681.3404, 2.732483
681.8225, 2.230118
682.3046, 0.8643650
682.7867, 8.7967001E-02
683.2689, 0.3269810
683.7510, 0.8197630
684.2331, 1.272598
684.7152, 1.548965
685.1973, 1.462021
685.6794, 0.4093320
686.1616, 0.3478850
686.6437, 0.4794460
687.1258, 0.2049560
687.6079, 0.1378940
688.0900, 0.6037140
688.5721, 0.9898220
689.0543, 1.260437
689.5364, 1.403625
690.0185, 1.322495
690.5006, 1.025162
690.9827, 0.7810820
691.4648, 0.7439880
691.9470, 0.8316190
692.4291, 0.9804380
692.9112, 1.163391
693.3933, 1.231735
693.8754, 0.9856570
694.3575, 0.6932370
694.8397, 0.5373690
695.3218, 0.5444640
695.8039, 0.5429080
696.2860, 0.5265050
696.7681, 0.4839320
697.2502, 0.4044340
697.7324, 0.2793730
698.2145, 0.1673430
698.6966, 6.4514004E-02
699.1787, 1.1292000E-02
699.6608, 5.0597999E-02
700.1429, 5.0292999E-02
700.6251, 4.1809000E-02
701.1072, 0.2592320
701.5893, 0.4054110
702.0714, 0.1116490
702.5535, 0.3281250
703.0356, 0.4434360
703.5178, 0.2096710
703.9999, 0.6577150
704.4820, 0.2253420
704.9641, 0.5574950
705.4462, 0.8472290
705.9283, 0.2064060
706.4105, 0.3025970
706.8926, 0.5757900
707.3747, 0.6267700
707.8568, 0.3937530
708.3389, 0.1596680
708.8210, 0.4868010
709.3032, 0.2792970
709.7853, 0.1531070
710.2674, 0.1620790
710.7495, 0.1749730
711.2316, 0.5372620
711.7137, 0.9352260
712.1959, 1.141663
712.6780, 0.8201290
713.1601, 6.3538000E-02
713.6422, 0.4378510
714.1243, 0.3203430
714.6064, 7.1533002E-02
715.0886, 0.1401060
715.5707, 0.3164980
716.0528, 0.4125370
716.5349, 0.4414670
717.0170, 0.3548890
717.4991, 4.5883000E-02
717.9813, 0.4401400
718.4634, 0.8079070
718.9455, 1.054443
719.4276, 1.058319
719.9097, 0.4539640
720.3918, 0.3442540
720.8740, 0.7506870
721.3561, 0.6397250
721.8382, 0.4152220
722.3203, 0.1475520
722.8024, 7.7225000E-02
723.2845, 0.1778410
723.7667, 2.0140000E-03
724.2488, 2.7252000E-02
724.7309, 0.2248080
725.2130, 0.4985350
725.6951, 0.4134220
726.1772, 7.2159000E-02
726.6594, 0.2329100
727.1415, 0.1228790
727.6236, 0.6042020
728.1057, 0.6452940
728.5878, 0.3825070
729.0699, 0.1800540
729.5521, 0.2379300
730.0342, 0.2641450
730.5163, 9.9441998E-02
730.9984, 0.6008000
731.4805, 0.7914890
731.9626, 0.2091670
732.4448, 0.2747340
732.9269, 0.4924160
733.4090, 0.5136110
733.8911, 0.5214230
734.3732, 0.5289920
734.8553, 0.4629820
735.3375, 0.2810210
735.8196, 2.4078000E-02
736.3017, 0.2785800
736.7838, 0.5939180
737.2659, 0.7188420
737.7480, 0.3963170
738.2302, 6.4102001E-02
738.7123, 0.4768220
739.1944, 0.7956850
739.6765, 0.8502500
740.1586, 0.2056270
740.6407, 0.3821260
741.1229, 0.5269170
741.6050, 0.2538150
742.0871, 7.9712003E-02
742.5692, 0.5136410
743.0513, 0.9177550
743.5334, 1.201904
744.0156, 1.352478
744.4977, 1.550827
744.9798, 1.823868
745.4619, 2.115677
745.9440, 2.533157
746.4261, 2.834229
746.9083, 2.602615
747.3904, 1.792374
747.8725, 1.112671
748.3546, 0.8382260
748.8367, 0.8527370
749.3188, 1.136536
749.8010, 1.774612
750.2831, 2.306427
750.7652, 2.677917
751.2473, 3.022705
751.7294, 3.576111
752.2115, 4.324020
752.6937, 4.447845
753.1758, 3.839478
753.6579, 3.026474
754.1400, 2.443237
754.6221, 2.058945
755.1042, 1.841431
755.5864, 1.818085
756.0685, 1.830414
756.5506, 1.726288
757.0327, 1.654800
757.5148, 1.769501
757.9969, 2.304138
758.4791, 2.718552
758.9612, 3.023239
759.4433, 3.195923
759.9254, 3.160034
760.4075, 2.884750
760.8896, 2.684387
761.3718, 2.699600
761.8539, 2.644760
762.3360, 1.880585
762.8181, 0.7821500
763.3002, 0.2929380
763.7823, 1.022507
764.2645, 1.943939
764.7466, 2.607040
765.2287, 3.043350
765.7108, 3.319458
766.1929, 3.395233
766.6750, 3.304733
767.1572, 2.951538
767.6393, 2.581146
768.1214, 2.729889
768.6035, 3.436691
769.0856, 3.719101
769.5677, 3.189133
770.0499, 2.394043
770.5320, 2.175049
771.0141, 2.420792
771.4962, 2.745804
771.9783, 2.992966
772.4604, 3.249344
772.9426, 3.586487
773.4247, 3.956970
773.9068, 4.254974
774.3889, 4.710129
774.8710, 4.713501
775.3531, 3.867142
775.8353, 2.644928
776.3174, 2.566895
776.7995, 3.688217
777.2816, 4.785080
777.7637, 5.459167
778.2458, 5.772491
778.7280, 5.719452
779.2101, 5.442001
779.6922, 5.292892
780.1743, 5.503281
780.6564, 5.822495
781.1385, 6.064606
781.6207, 6.284286
782.1028, 6.765015
782.5849, 7.864639
783.0670, 8.673752
783.5491, 8.840118
784.0313, 8.555313
784.5134, 8.610764
784.9955, 9.032928
785.4776, 9.540573
785.9597, 10.03870
786.4418, 10.52496
786.9240, 11.02109
787.4061, 11.50761
787.8882, 11.90346
788.3703, 11.86067
788.8524, 11.96812
789.3345, 12.62965
789.8167, 13.83968
790.2988, 14.98930
790.7809, 16.14815
791.2630, 17.08754
791.7451, 17.67703
792.2272, 18.00145
792.7094, 18.45738
793.1915, 19.04015
793.6736, 19.74220
794.1557, 20.54295
794.6378, 21.44383
795.1199, 22.48787
795.6021, 23.67088
796.0842, 24.91855
796.5663, 26.24736
797.0484, 27.54799
797.5305, 28.76253
798.0126, 29.89029
798.4948, 30.88985
798.9769, 31.55908
799.4590, 32.64845
799.9411, 34.60652
800.4232, 37.17313
800.9053, 39.18013
801.3875, 40.69150
801.8696, 42.32417
802.3517, 44.33891
802.8338, 46.77002
803.3159, 49.93631
803.7980, 53.66373
804.2802, 56.90764
804.7623, 58.58810
805.2444, 60.49905
805.7265, 63.25475
806.2086, 66.79070
806.6907, 70.59891
807.1729, 74.70988
807.6550, 78.99486
808.1371, 83.39986
808.6192, 87.98001
809.1013, 92.51355
809.5834, 97.22865
810.0656, 103.2090
810.5477, 111.2806
811.0298, 120.7664
811.5119, 131.3857
811.9940, 143.0934
812.4761, 155.8644
812.9583, 169.3282
813.4404, 184.4290
813.9225, 201.8063
814.4046, 221.0268
814.8867, 240.6556
815.3688, 260.5346
815.8510, 280.7835
816.3331, 301.5244
816.8152, 322.7305
817.2973, 343.4496
817.7794, 364.1606
818.2615, 386.5987
818.7437, 410.1578
819.2258, 436.8723
819.7079, 467.7853
820.1900, 503.1722
820.6721, 541.6506
821.1542, 582.4828
821.6364, 628.4922
822.1185, 681.2634
822.6006, 739.3527
823.0827, 802.1376
823.5648, 868.9111
824.0469, 938.2838
824.5291, 1015.147
825.0112, 1089.660
825.4933, 1161.871
825.9754, 1225.627
826.4575, 1262.702
826.9396, 1274.608
827.4218, 1248.707
827.9039, 1176.391
828.3860, 1066.563
828.8681, 946.3317
829.3502, 811.0542
829.8323, 686.0084
830.3145, 578.2583
830.7966, 487.0396
831.2787, 413.8449
831.7608, 355.9611
832.2429, 307.3344
832.7250, 266.4686
833.2072, 231.8643
833.6893, 203.6667
834.1714, 181.0282
834.6535, 162.1203
835.1356, 147.9082
835.6177, 134.8528
836.0999, 122.1129
836.5820, 110.2359
837.0641, 100.5814
837.5462, 93.01712
838.0283, 86.03348
838.5104, 79.10837
838.9926, 72.63773
839.4747, 67.04485
839.9568, 62.23795
840.4389, 57.98430
840.9210, 54.61044
841.4031, 51.34024
841.8853, 47.98390
842.3674, 44.67181
842.8495, 41.57883
843.3316, 38.67497
843.8137, 36.17453
844.2958, 34.18243
844.7780, 32.42084
845.2601, 30.46228
845.7422, 28.42076
846.2243, 26.49637
846.7064, 24.66626
847.1885, 23.16586
847.6707, 22.38116
848.1528, 21.88713
848.6349, 21.17114
849.1170, 19.88737
849.5991, 19.00229
850.0812, 18.78050
850.5634, 18.57204
851.0455, 17.44148
851.5276, 15.55223
852.0097, 14.19522
852.4918, 13.57718
852.9739, 13.18349
853.4561, 12.64827
853.9382, 12.01562
854.4203, 11.31561
854.9024, 10.50948
855.3845, 9.777954
855.8666, 9.128143
856.3488, 8.572754
856.8309, 8.168045
857.3130, 7.945251
857.7951, 7.527863
858.2772, 6.879089
858.7593, 6.280792
859.2415, 6.252472
859.7236, 6.335526
860.2057, 5.593399
860.6878, 3.957825
861.1699, 2.481445
861.6520, 1.672531
862.1342, 1.180389
862.6163, 0.8523100
863.0984, 0.6936340
863.5805, 0.4843440
864.0626, 0.1458440
864.5447, 5.9360000E-03
865.0269, 0.4339140
865.5090, 1.201660
865.9911, 1.118820
866.4732, 0.2747800
866.9553, 0.4434810
867.4374, 8.6425997E-02
867.9196, 0.3516080
868.4017, 2.6260000E-02
868.8838, 1.087265
869.3659, 1.622284
869.8480, 1.227280
870.3301, 0.9319460
870.8123, 1.099045
871.2944, 1.538345
871.7765, 1.565155
872.2586, 1.201126
872.7407, 0.7740330
873.2228, 0.3080900
873.7050, 1.0437000E-02
874.1871, 0.3470000
874.6692, 0.9999240
875.1513, 1.268402
875.6334, 0.3817440
876.1155, 0.2168430
876.5977, 0.1099850
877.0798, 0.3152310
877.5619, 0.3260800
878.0440, 0.1137240
878.5261, 0.4763340
879.0082, 0.6533200
879.4904, 0.7576140
879.9725, 0.9137880
880.4546, 1.113312
880.9367, 1.335999
881.4188, 1.551437
881.9009, 1.842529
882.3831, 1.851166
882.8652, 2.215210
883.3473, 3.797501
883.8294, 7.435486
884.3115, 8.845139
884.7936, 7.456100
885.2758, 5.441605
885.7579, 4.912125
886.2400, 5.465317
886.7221, 6.323288
887.2042, 7.411240
887.6863, 8.398087
888.1685, 9.138016
888.6506, 9.684830
889.1327, 9.992142
889.6148, 10.00235
890.0969, 10.28906
890.5790, 10.90686
891.0612, 11.65956
891.5433, 12.51328
892.0254, 13.39877
892.5075, 13.95979
892.9896, 14.24602
893.4717, 14.65143
893.9539, 15.70369
894.4360, 16.71075
894.9181, 17.01683
895.4002, 16.77740
895.8823, 17.10797
896.3644, 18.64760
896.8466, 19.64439
897.3287, 19.48621
897.8108, 18.61687
898.2929, 18.01393
898.7750, 17.71895
899.2571, 18.03212
899.7393, 19.60992
900.2214, 21.01428
900.7035, 20.69370
901.1856, 19.44476
901.6677, 18.61079
902.1498, 19.01579
902.6320, 19.09358
903.1141, 18.65523
903.5962, 17.95958
904.0783, 17.34030
904.5604, 16.78548
905.0425, 16.21581
905.5247, 15.62041
906.0068, 15.00259
906.4889, 14.33920
906.9710, 13.67148
907.4531, 13.10298
907.9352, 12.76099
908.4174, 12.05782
908.8995, 10.66873
909.3816, 9.198090
909.8637, 7.986053
910.3458, 7.018570
910.8279, 6.321716
911.3101, 5.899872
911.7922, 5.491165
912.2743, 4.693619
912.7564, 3.948715
913.2385, 3.917831
913.7206, 4.495712
914.2028, 4.787766
914.6849, 4.357071
915.1670, 3.772629
915.6491, 3.094940
916.1312, 2.417618
916.6133, 2.239075
917.0955, 2.573029
917.5776, 2.581131
918.0597, 1.773254
918.5418, 0.7716520
919.0239, 0.3502350
919.5060, 0.3065340
919.9882, 0.2511440
920.4703, 2.2841999E-02
920.9524, 0.1867370
921.4345, 0.3202210
921.9166, 0.4485930
922.3987, 0.7434390
922.8809, 1.234039
923.3630, 1.203186
923.8451, 0.4819490
924.3272, 0.2208860
924.8093, 3.0853000E-02
925.2914, 0.5676880
925.7736, 1.086014
926.2557, 1.508118
926.7378, 1.700775
927.2199, 1.358414
927.7020, 0.8662110
928.1841, 0.3667300
928.6663, 0.1098020
929.1484, 0.1127470
929.6305, 0.3462980
930.1126, 0.8533480
930.5947, 1.222427
931.0768, 1.453278
931.5590, 1.529877
932.0411, 1.513306
932.5232, 1.510529
933.0053, 1.551956
933.4874, 1.480453
933.9695, 1.302597
934.4517, 1.057968
934.9338, 0.7487030
935.4159, 0.3507840
935.8980, 0.2086640
936.3801, 1.021286
936.8622, 1.715561
937.3444, 1.640091
937.8265, 1.223999
938.3086, 1.106628
938.7907, 1.583923
939.2728, 2.108765
939.7549, 2.498108
940.2371, 2.980972
940.7192, 3.872971
941.2013, 5.192871
941.6834, 5.940475
942.1655, 6.044464
942.6476, 6.268143
943.1298, 7.287094
943.6119, 8.733383
944.0940, 10.49023
944.5761, 12.50522
945.0582, 13.76060
945.5403, 13.08481
946.0225, 12.77043
946.5046, 13.64810
946.9867, 15.40959
947.4688, 16.83287
947.9509, 17.92397
948.4330, 19.05060
948.9152, 20.35814
949.3973, 21.77533
949.8794, 23.23570
950.3615, 24.75645
950.8436, 26.37509
951.3257, 28.11124
951.8079, 29.92856
952.2900, 31.91245
952.7721, 33.85744
953.2542, 35.41937
953.7363, 36.67183
954.2184, 38.20044
954.7006, 40.09552
955.1827, 42.05339
955.6648, 44.00229
956.1469, 45.81775
956.6290, 47.35017
957.1111, 48.56885
957.5933, 49.68091
958.0754, 50.59308
958.5575, 51.62880
959.0396, 53.05930
959.5217, 54.67532
960.0038, 55.68304
960.4860, 56.18417
960.9681, 56.70938
961.4502, 57.36404
961.9323, 58.29790
962.4144, 59.76866
962.8965, 61.55179
963.3787, 63.09981
963.8608, 64.26123
964.3429, 65.51819
964.8250, 66.87784
965.3071, 68.49008
965.7892, 70.34810
966.2714, 72.62257
966.7535, 75.89560
967.2356, 80.32327
967.7177, 85.08835
968.1998, 89.70381
968.6819, 94.48282
969.1641, 99.55115
969.6462, 104.9532
970.1283, 110.6207
970.6104, 116.5027
971.0925, 123.3113
971.5746, 131.7405
972.0568, 141.3042
972.5389, 150.9703
973.0210, 161.0585
973.5031, 172.3407
973.9852, 185.0939
974.4673, 199.1920
974.9495, 214.3622
975.4316, 230.9609
975.9137, 249.4052
976.3958, 269.6186
976.8779, 291.6500
977.3600, 315.5061
977.8422, 341.0176
978.3243, 368.0279
978.8064, 396.9712
979.2885, 428.1158
979.7706, 461.6614
980.2527, 496.7902
980.7349, 533.2789
981.2170, 571.4371
981.6991, 610.1125
982.1812, 649.9517
982.6633, 695.1789
983.1454, 745.5648
983.6276, 798.8547
984.1097, 853.0229
984.5918, 910.4568
985.0739, 973.0348
985.5560, 1039.921
986.0381, 1108.739
986.5203, 1182.151
987.0024, 1251.649
987.4845, 1317.049
987.9666, 1376.426
988.4487, 1429.583
988.9308, 1474.153
989.4130, 1504.122
989.8951, 1518.031
990.3772, 1520.849
990.8593, 1512.272
991.3414, 1496.086
991.8235, 1472.639
992.3057, 1441.475
992.7878, 1417.233
993.2699, 1400.288
993.7520, 1386.300
994.2341, 1372.605
994.7162, 1360.601
995.1984, 1355.979
995.6805, 1355.215
996.1626, 1348.847
996.6447, 1339.309
997.1268, 1315.460
997.6089, 1274.857
998.0911, 1219.727
998.5732, 1151.063
999.0553, 1068.741
999.5374, 983.3862
1000.020, 897.1298
1000.502, 813.3604
1000.984, 733.7143
1001.466, 660.8616
1001.948, 597.7449
1002.430, 545.6304
1002.912, 501.0533
1003.394, 465.1156
1003.876, 433.8368
1004.359, 406.6012
1004.841, 382.1109
1005.323, 357.3219
1005.805, 332.2860
1006.287, 308.1434
1006.769, 285.2207
1007.251, 262.9568
1007.733, 240.6708
1008.216, 219.2829
1008.698, 200.3682
1009.180, 184.0545
1009.662, 169.1352
1010.144, 155.6040
1010.626, 143.3230
1011.108, 132.6855
1011.590, 123.2980
1012.072, 114.7105
1012.555, 106.8182
1013.037, 99.69691
1013.519, 93.77658
1014.001, 88.19852
1014.483, 82.58432
1014.965, 77.10281
1015.447, 72.39789
1015.929, 68.39618
1016.411, 64.67700
1016.894, 61.05661
1017.376, 57.79312
1017.858, 55.42505
1018.340, 53.43411
1018.822, 51.17801
1019.304, 48.32385
1019.786, 45.85281
1020.268, 43.82159
1020.751, 42.04288
1021.233, 40.46992
1021.715, 39.01257
1022.197, 37.47270
1022.679, 35.84483
1023.161, 34.16957
1023.643, 32.22200
1024.125, 30.51442
1024.607, 29.34154
1025.090, 28.49223
1025.572, 27.55562
1026.054, 26.51125
1026.536, 25.52400
1027.018, 24.64783
1027.500, 23.67317
1027.982, 22.29913
1028.464, 20.73865
1028.947, 19.17732
1029.429, 17.61865
1029.911, 16.42506
1030.393, 15.66167
1030.875, 15.12923
1031.357, 14.85422
1031.839, 14.69537
1032.321, 14.10336
1032.803, 13.17583
1033.286, 12.26224
1033.768, 11.38831
1034.250, 10.76826
1034.732, 10.72809
1035.214, 10.88504
1035.696, 10.70294
1036.178, 10.11755
1036.660, 9.564941
1037.143, 9.074844
1037.625, 8.542465
1038.107, 7.644989
1038.589, 6.761093
1039.071, 6.483215
1039.553, 6.801086
1040.035, 6.942612
1040.517, 6.660324
1041.000, 6.290710
1041.482, 5.839645
1041.964, 5.452805
1042.446, 5.705673
1042.928, 6.387711
1043.410, 6.575897
1043.892, 5.847290
1044.374, 5.048141
1044.856, 4.688263
1045.339, 4.510727
1045.821, 4.284531
1046.303, 4.000244
1046.785, 3.675339
1047.267, 3.312637
1047.749, 3.108215
1048.231, 3.452972
1048.713, 3.916855
1049.195, 3.824097
1049.677, 3.371796
1050.160, 3.140289
1050.642, 3.597275
1051.124, 3.852051
1051.606, 3.768463
1052.088, 3.506012
1052.570, 3.259232
1053.052, 3.016769
1053.534, 2.755600
1054.017, 2.472610
1054.499, 2.162201
1054.981, 1.769958
1055.463, 1.394547
1055.945, 1.099350
1056.427, 0.8800660
1056.909, 0.7248840
1057.391, 0.6330410
1057.874, 0.6602020
1058.356, 0.8963930
1058.838, 1.115295
1059.320, 1.094513
1059.802, 0.8580320
1060.284, 0.3784940
1060.766, 0.7144780
1061.248, 1.076416
1061.730, 0.3089750
1062.213, 0.4790340
1062.695, 0.3637540
1063.177, 0.3618770
1063.659, 0.5900730
1064.141, 0.4106600
1064.623, 0.2688450
1065.105, 0.4780120
1065.587, 0.6729430
1066.070, 0.6889040
1066.552, 0.6239320
1067.034, 0.6569060
1067.516, 0.7986600
1067.998, 0.6602480
1068.480, 0.1631160
1068.962, 0.2665100
1069.444, 0.1691890
1069.927, 0.1202550
1070.409, 0.2428440
1070.891, 0.1808010
1071.373, 0.4356540
1071.855, 1.189590
1072.337, 1.791840
1072.819, 2.018051
1073.301, 1.990524
1073.783, 1.911057
1074.266, 1.775452
1074.748, 1.578247
1075.230, 1.347046
1075.712, 1.025085
1076.194, 0.4548190
1076.676, 8.1940003E-02
1077.158, 0.4238740
1077.640, 0.5897220
1078.122, 0.7264400
1078.604, 0.8188780
1079.087, 0.8132020
1079.569, 0.6583710
1080.051, 0.4283450
1080.533, 6.9610998E-02
1081.015, 0.2913670
1081.497, 0.4370120
1081.979, 0.3041080
1082.461, 0.2100070
1082.944, 0.1992490
1083.426, 0.1494750
1083.908, 6.1386000E-02
1084.390, 0.3546450
1084.872, 0.7578580
1085.354, 1.228500
1085.836, 1.255508
1086.318, 0.3895570
1086.801, 0.1629790
1087.283, 5.5236999E-02
1087.765, 0.4017030
1088.247, 0.7616580
1088.729, 1.002808
1089.211, 1.006592
1089.693, 0.6783290
1090.175, 0.4640350
1090.657, 0.7410580
1091.140, 0.9888150
1091.622, 0.8267360
1092.104, 0.3591770
1092.586, 0.5421750
1093.068, 1.315506
1093.550, 1.980484
1094.032, 2.275772
1094.514, 2.309097
1094.997, 1.826096
1095.479, 1.261887
1095.961, 1.265182
1096.443, 2.153076
1096.925, 2.489182
1097.407, 2.190674
1097.889, 1.849380
1098.371, 1.994247
1098.854, 2.318100
1099.336, 2.511810
1099.818, 2.549805
1100.300, 2.368240
1100.782, 1.670395
1101.264, 1.238632
1101.746, 1.180786
1102.228, 1.396149
1102.710, 2.072739
1103.193, 2.855286
1103.675, 2.640701
1104.157, 1.306519
1104.639, 0.3724820
1105.121, 0.8937840
1105.603, 1.508301
1106.085, 1.693130
1106.567, 1.583649
1107.049, 1.530914
1107.531, 1.547028
1108.014, 1.742172
1108.496, 2.178467
1108.978, 2.678528
1109.460, 3.327484
1109.942, 3.822632
1110.424, 3.859863
1110.906, 3.430374
1111.388, 2.840164
1111.871, 2.050629
1112.353, 1.619873
1112.835, 2.015259
1113.317, 2.668945
1113.799, 3.153229
1114.281, 3.406921
1114.763, 3.288437
1115.245, 2.332962
1115.728, 2.033310
1116.210, 2.562332
1116.692, 3.175812
1117.174, 3.142914
1117.656, 2.829773
1118.138, 3.073364
1118.620, 3.662094
1119.102, 3.758270
1119.584, 2.422256
1120.067, 1.573059
1120.549, 1.608414
1121.031, 2.041153
1121.513, 2.307693
1121.995, 2.438095
1122.477, 2.444901
1122.959, 2.322220
1123.441, 2.227234
1123.924, 2.266068
1124.406, 2.347458
1124.888, 2.424789
1125.370, 2.505127
1125.852, 2.731995
1126.334, 3.081100
1126.816, 3.003571
1127.298, 2.282806
1127.781, 1.573532
1128.263, 1.330078
1128.745, 1.348480
1129.227, 1.580795
1129.709, 1.964859
1130.191, 1.717743
1130.673, 0.8111270
1131.155, 3.6346000E-02
1131.637, 0.3099210
1132.120, 0.3660580
1132.602, 0.1502690
1133.084, 0.2111050
1133.566, 0.5592650
1134.048, 0.9578860
1134.530, 1.060257
1135.012, 0.7553860
1135.494, 0.4719700
1135.976, 0.5553590
1136.458, 0.7957310
1136.941, 0.9048160
1137.423, 0.8952180
1137.905, 0.7848360
1138.387, 0.4873660
1138.869, 0.1811370
1139.351, 0.1453400
1139.833, 0.3770450
1140.315, 0.4901890
1140.798, 0.4184420
1141.280, 0.1990360
1141.762, 1.267807
1142.244, 2.039703
1142.726, 2.097244
1143.208, 1.922379
1143.690, 1.521622
1144.172, 1.088760
1144.655, 0.9474180
1145.137, 1.038254
1145.619, 1.032608
1146.101, 0.8803410
1146.583, 0.7810970
1147.065, 0.8946840
1147.547, 1.038498
1148.029, 1.149536
1148.511, 1.228409
1148.994, 1.201248
1149.476, 1.086151
1149.958, 1.057465
1150.440, 1.210236
1150.922, 1.289169
1151.404, 0.7310030
1151.886, 0.3390810
1152.368, 0.8654170
1152.851, 2.180786
1153.333, 3.181137
1153.815, 3.865097
1154.297, 4.028595
1154.779, 3.398636
1155.261, 2.653107
1155.743, 2.420822
1156.225, 2.426117
1156.708, 2.370300
1157.190, 2.231735
1157.672, 2.024155
1158.154, 1.730316
1158.636, 1.545898
1159.118, 1.636932
1159.600, 1.824707
1160.082, 2.020462
1160.564, 2.161987
1161.047, 2.123123
1161.529, 1.777191
1162.011, 1.520340
1162.493, 1.313675
1162.975, 1.275558
1163.457, 1.592361
1163.939, 1.995331
1164.421, 2.084290
1164.903, 1.946243
1165.385, 1.864304
1165.868, 2.015228
1166.350, 1.998703
1166.832, 1.758255
1167.314, 1.419693
1167.796, 1.068344
1168.278, 0.7929690
1168.760, 0.7736360
1169.242, 0.9981990
1169.725, 1.316284
1170.207, 1.878983
1170.689, 2.245590
1171.171, 2.347198
1171.653, 2.234589
1172.135, 1.826126
1172.617, 1.292496
1173.099, 0.9909820
1173.582, 0.9673770
1174.064, 1.181870
1174.546, 1.950912
1175.028, 2.526230
1175.510, 2.716263
1175.992, 2.604706
1176.474, 2.269073
1176.956, 1.770050
1177.438, 1.237900
1177.921, 0.6557460
1178.403, 0.3703770
1178.885, 0.7720030
1179.367, 1.233734
1179.849, 1.517639
1180.331, 1.679123
1180.813, 1.933212
1181.295, 2.216309
1181.778, 2.250992
1182.260, 1.883316
1182.742, 1.552887
1183.224, 1.479233
1183.706, 1.478561
1184.188, 1.430939
1184.670, 1.366516
1185.152, 1.487152
1185.635, 1.749268
1186.117, 2.012207
1186.599, 2.336136
1187.081, 2.430466
1187.563, 1.853088
1188.045, 1.239380
1188.527, 1.119614
1189.009, 1.426361
1189.491, 1.362839
1189.974, 0.9945070
1190.456, 0.7001340
1190.938, 0.6611180
1191.420, 0.7443390
1191.902, 0.8106380
1192.384, 1.028656
1192.866, 1.744614
1193.348, 2.979477
1193.830, 2.990814
1194.313, 1.888748
1194.795, 1.006210
1195.277, 1.391464
1195.759, 1.924683
1196.241, 2.082108
1196.723, 1.973297
1197.205, 1.620514
1197.687, 1.003754
1198.169, 1.111542
1198.652, 1.961838
1199.134, 2.555817
1199.616, 1.886749
1200.098, 1.027222
1200.580, 0.5728000
1201.062, 0.3724980
1201.544, 0.1065220
1202.026, 0.2376400
1202.509, 0.1296230
1202.991, 0.4862820
1203.473, 1.039917
1203.955, 0.9103390
1204.437, 0.7812650
1204.919, 1.354828
1205.401, 2.177048
1205.883, 2.104752
1206.365, 1.112671
1206.848, 0.5829620
1207.330, 0.6992650
1207.812, 0.9434660
1208.294, 0.8338320
1208.776, 0.7901000
1209.258, 1.329590
1209.740, 2.130386
1210.222, 2.221664
1210.705, 1.593460
1211.187, 1.041580
1211.669, 0.7009120
1212.151, 0.5395660
1212.633, 0.6640470
1213.115, 0.8482060
1213.597, 0.9013980
1214.079, 0.8763430
1214.562, 1.030289
1215.044, 1.354156
1215.526, 1.342972
1216.008, 0.7562710
1216.490, 0.5326390
1216.972, 2.165268
1217.454, 3.757355
1217.936, 3.585190
1218.418, 2.079666
1218.901, 1.405838
1219.383, 1.544083
1219.865, 1.811737
1220.347, 2.068466
1220.829, 2.183319
1221.311, 1.949432
1221.793, 1.632080
1222.275, 1.481918
1222.757, 1.446259
1223.240, 0.9636080
1223.722, 9.6481003E-02
1224.204, 0.3681340
1224.686, 6.6147000E-02
1225.168, 0.4176640
1225.650, 0.9039460
1226.132, 1.216949
1226.614, 1.184296
1227.096, 0.8643650
1227.579, 0.7539670
1228.061, 0.8272250
1228.543, 0.8265840
1229.025, 0.5561830
1229.507, 0.4160460
1229.989, 0.8316960
1230.471, 1.293900
1230.953, 1.348373
1231.436, 1.067734
1231.918, 1.248337
1232.400, 1.797974
1232.882, 2.037354
1233.364, 1.434540
1233.846, 0.9417720
1234.328, 1.188675
1234.810, 1.572403
1235.292, 1.670868
1235.775, 1.510376
1236.257, 1.271103
1236.739, 0.9891360
1237.221, 0.7935790
1237.703, 0.7951810
1238.185, 0.7986300
1238.667, 0.7350620
1239.149, 0.6424560
1239.632, 0.5334780
1240.114, 0.4127500
1240.596, 0.2927400
1241.078, 0.1894380
1241.560, 0.1653900
1242.042, 0.1888120
1242.524, 0.3973080
1243.006, 0.9545140
1243.489, 1.522552
1243.971, 1.867950
1244.453, 2.000122
1244.935, 1.912094
1245.417, 1.615051
1245.899, 1.268280
1246.381, 0.6863710
1246.863, 0.4196010
1247.345, 0.6068420
1247.828, 0.9834750
1248.310, 1.482101
1248.792, 1.915527
1249.274, 1.568695
1249.756, 0.7143100
1250.238, 0.3184200
1250.720, 1.335281
1251.202, 1.884399
1251.684, 1.635696
1252.167, 1.319458
1252.649, 1.913635
1253.131, 2.779602
1253.613, 2.391739
1254.095, 1.144745
1254.577, 0.3410030
1255.059, 0.5403590
1255.541, 0.8193820
1256.023, 1.165344
1256.506, 1.498535
1256.988, 1.743607
1257.470, 1.934418
1257.952, 2.193329
1258.434, 2.436111
1258.916, 2.388977
1259.398, 1.918396
1259.880, 1.395721
1260.363, 0.7545320
1260.845, 0.4887240
1261.327, 1.553101
1261.809, 2.768417
1262.291, 2.882111
1262.773, 2.156769
1263.255, 1.291656
1263.737, 0.2774350
1264.219, 0.1176760
1264.702, 0.1677400
1265.184, 0.5808870
1265.666, 0.8524480
1266.148, 0.9348910
1266.630, 0.6064450
1267.112, 0.1320500
1267.594, 0.1327060
1268.076, 0.6401210
1268.559, 0.8911740
1269.041, 0.8378140
1269.523, 0.7448730
1270.005, 0.8254240
1270.487, 0.9017940
1270.969, 0.7897190
1271.451, 0.6465450
1271.933, 0.7944640
1272.416, 1.189789
1272.898, 1.081436
1273.380, 0.4552920
1273.862, 7.7698000E-02
1274.344, 7.1213000E-02
1274.826, 4.6783000E-02
1275.308, 0.2788090
1275.790, 0.4485470
1276.272, 7.0039998E-03
1276.755, 0.8874510
1277.237, 1.252686
1277.719, 1.108780
1278.201, 0.9233400
1278.683, 0.7784270
1279.165, 0.8172300
1279.647, 1.164505
1280.129, 1.464584
1280.611, 1.243088
1281.094, 0.7236330
1281.576, 0.2577510
1282.058, 6.7886002E-02
1282.540, 7.5409003E-02
1283.022, 0.5935970
1283.504, 0.8900760
1283.986, 0.7069550
1284.468, 0.4664610
1284.950, 0.7061920
1285.433, 1.111832
1285.915, 1.081284
1286.397, 0.7541200
1286.879, 0.7718200
1287.361, 1.355774
1287.843, 1.569000
1288.325, 1.213852
1288.807, 0.8035280
1289.290, 0.8968350
1289.772, 1.232773
1290.254, 1.107651
1290.736, 0.7461700
1291.218, 0.7038730
1291.700, 0.9700620
1292.182, 1.580154
1292.664, 2.622849
1293.146, 3.294891
1293.629, 2.443085
1294.111, 1.459946
1294.593, 0.9786530
1295.075, 0.8862760
1295.557, 1.190826
1296.039, 1.821823
1296.521, 2.101273
1297.003, 2.008682
1297.486, 1.750519
1297.968, 1.293350
1298.450, 0.8954770
1298.932, 0.6437380
1299.414, 0.4586030
1299.896, 0.2469940
1300.378, 4.6386998E-02
1300.860, 6.2409998E-03
1301.343, 6.8939000E-02
1301.825, 0.0000000E+00
##END=



