##NAMES=Metauranocircite-I
##RRUFFID=R050575
##IDEAL CHEMISTRY=Ba(UO_2_)_2_(PO_4_)_2_&#183;8H_2_O
##LOCALITY=Voightland, Saxony, Germany
##OWNER=RRUFF
##SOURCE=University of Arizona Mineral Museum
##DESCRIPTION=Yellow platy crystals with minor intergrown quartz
##STATUS=The identification of this mineral is confirmed by single-crystal X-ray diffraction and chemical analysis.
##URL=rruff.info/R050575
##MEASURED CHEMISTRY=(Ba_0.98_Ca_0.02_)_Σ=1_(U_1.00_O_2_)_2_(P_1.00_O_4_)_2_·6.13H_2_O
145.0344, 0.0000000E+00
145.5165, 6.6536002E-02
145.9986, 9.2873000E-02
146.4807, 7.3059000E-02
146.9629, 0.2404940
147.4450, 0.1686710
147.9271, 1.9760000E-02
148.4092, 0.1038360
148.8913, 6.6666000E-02
149.3734, 0.2011950
149.8556, 0.6118320
150.3377, 0.8178100
150.8198, 0.4555050
151.3019, 0.2579190
151.7840, 0.3451310
152.2661, 0.6476440
152.7483, 1.086426
153.2304, 1.638390
153.7125, 2.278374
154.1946, 2.580284
154.6767, 2.252884
155.1588, 1.964493
155.6410, 2.011147
156.1231, 2.337837
156.6052, 2.700188
157.0873, 2.922913
157.5694, 3.005455
158.0515, 3.102921
158.5337, 3.222824
159.0158, 3.350967
159.4979, 3.425163
159.9800, 3.435989
160.4621, 3.565758
160.9442, 4.054016
161.4264, 4.797348
161.9085, 5.491684
162.3906, 6.134132
162.8727, 6.668213
163.3548, 6.954781
163.8369, 6.883385
164.3191, 6.812576
164.8012, 7.045563
165.2833, 7.469566
165.7654, 7.841484
166.2475, 7.990837
166.7296, 7.963722
167.2118, 8.015480
167.6939, 8.204834
168.1760, 8.413193
168.6581, 8.546898
169.1402, 8.644524
169.6223, 8.813232
170.1045, 9.164032
170.5866, 9.715652
171.0687, 10.21400
171.5508, 10.69906
172.0329, 11.09208
172.5150, 11.29451
172.9972, 11.34912
173.4793, 11.40263
173.9614, 11.60663
174.4435, 11.97659
174.9256, 12.46204
175.4077, 13.25938
175.8899, 14.00151
176.3720, 14.41158
176.8541, 14.48973
177.3362, 14.48570
177.8183, 14.72824
178.3004, 15.35376
178.7826, 15.93821
179.2647, 16.54194
179.7468, 17.07573
180.2289, 17.42696
180.7110, 17.57256
181.1931, 17.65311
181.6752, 17.89733
182.1574, 18.39063
182.6395, 18.79472
183.1216, 18.95368
183.6037, 19.04134
184.0858, 19.30610
184.5679, 19.85954
185.0501, 20.52658
185.5322, 21.07385
186.0143, 21.50539
186.4964, 21.93127
186.9785, 22.49265
187.4606, 23.09511
187.9428, 23.49023
188.4249, 23.41206
188.9070, 23.20125
189.3891, 23.30770
189.8712, 23.72157
190.3533, 24.10595
190.8355, 24.35580
191.3176, 24.53749
191.7997, 24.57149
192.2818, 23.74618
192.7639, 24.40602
193.2460, 24.82838
193.7282, 25.02536
194.2103, 24.36125
194.6924, 24.77882
195.1745, 24.74443
195.6566, 24.67887
196.1387, 25.21100
196.6209, 24.60430
197.1030, 25.10037
197.5851, 25.13779
198.0672, 25.36591
198.5493, 25.13936
199.0314, 25.03599
199.5136, 25.36105
199.9957, 25.42841
200.4778, 25.09831
200.9599, 25.26029
201.4420, 24.50635
201.9241, 24.74181
202.4063, 24.51841
202.8884, 23.85664
203.3705, 23.29530
203.8526, 23.06622
204.3347, 22.80363
204.8168, 22.21636
205.2990, 21.22603
205.7811, 19.96739
206.2632, 18.66620
206.7453, 17.07336
207.2274, 15.85728
207.7095, 15.25842
208.1917, 14.87983
208.6738, 14.38364
209.1559, 13.65054
209.6380, 12.75138
210.1201, 11.82307
210.6022, 10.78555
211.0844, 9.840034
211.5665, 8.956375
212.0486, 8.183685
212.5307, 7.652733
213.0128, 7.421242
213.4949, 7.288063
213.9771, 6.789406
214.4592, 5.676231
214.9413, 4.786339
215.4234, 4.354103
215.9055, 4.220222
216.3876, 4.181374
216.8698, 4.203552
217.3519, 4.193848
217.8340, 3.914658
218.3161, 3.302269
218.7982, 2.772194
219.2803, 2.532806
219.7625, 2.474312
220.2446, 2.326118
220.7267, 1.960854
221.2088, 1.555901
221.6909, 1.426208
222.1730, 1.617043
222.6552, 1.689751
223.1373, 1.242325
223.6194, 0.4600520
224.1015, 2.9533001E-02
224.5836, 0.2547450
225.0657, 0.7473750
225.5479, 1.060631
226.0300, 1.192497
226.5121, 1.273270
226.9942, 1.421524
227.4763, 1.611496
227.9584, 1.660164
228.4406, 1.490730
228.9227, 1.191887
229.4048, 0.7841340
229.8869, 0.2829440
230.3690, 0.1312710
230.8511, 0.2621380
231.3333, 0.1169360
231.8154, 4.3922000E-02
232.2975, 0.1079710
232.7796, 0.2442860
233.2617, 0.4796450
233.7438, 0.7831040
234.2260, 1.002251
234.7081, 0.9774550
235.1902, 0.6937790
235.6723, 0.3937610
236.1544, 2.4574000E-02
236.6365, 0.3012080
237.1187, 0.5456850
237.6008, 0.7015300
238.0829, 0.7637790
238.5650, 0.6802140
239.0471, 0.4122620
239.5292, 0.2839740
240.0114, 0.5603410
240.4935, 0.7547840
240.9756, 0.5969010
241.4577, 0.1549070
241.9398, 0.2859650
242.4219, 0.4508060
242.9041, 0.2988360
243.3862, 0.1657410
243.8683, 0.1425930
244.3504, 5.3879000E-02
244.8325, 0.2043000
245.3146, 0.5980680
245.7968, 1.029472
246.2789, 1.430016
246.7610, 1.821236
247.2431, 1.990631
247.7252, 1.726776
248.2073, 1.461678
248.6895, 1.367226
249.1716, 1.414780
249.6537, 1.483582
250.1358, 1.467606
250.6179, 1.356537
251.1000, 1.320702
251.5822, 1.269592
252.0643, 1.363777
252.5464, 1.802238
253.0285, 2.456032
253.5106, 3.005211
253.9927, 3.207436
254.4748, 3.063148
254.9570, 2.873566
255.4391, 2.531090
255.9212, 2.256950
256.4033, 2.134315
256.8854, 2.144264
257.3676, 2.253143
257.8497, 2.464630
258.3318, 2.755745
258.8139, 2.823547
259.2960, 2.359161
259.7781, 2.055183
260.2603, 2.287514
260.7424, 2.869019
261.2245, 3.354904
261.7066, 3.487488
262.1887, 3.324532
262.6708, 3.150146
263.1530, 2.828751
263.6351, 2.650398
264.1172, 2.837265
264.5993, 3.237389
265.0814, 3.512772
265.5635, 3.518272
266.0457, 3.333206
266.5278, 3.151535
267.0099, 2.823654
267.4920, 2.711258
267.9741, 3.130516
268.4562, 3.834190
268.9384, 4.303604
269.4204, 4.301529
269.9026, 4.021378
270.3847, 3.862381
270.8668, 3.827705
271.3489, 3.849785
271.8310, 3.991936
272.3131, 4.167908
272.7953, 4.150581
273.2774, 3.800438
273.7595, 3.421440
274.2416, 3.630394
274.7237, 4.500015
275.2058, 5.160416
275.6880, 5.250000
276.1701, 4.981750
276.6522, 4.667168
277.1343, 4.327148
277.6164, 4.105377
278.0985, 4.324913
278.5807, 4.944550
279.0628, 5.431389
279.5449, 5.542564
280.0270, 5.438713
280.5091, 5.381058
280.9912, 5.444534
281.4734, 5.499184
281.9555, 5.332703
282.4376, 5.046478
282.9197, 4.963051
283.4018, 5.281029
283.8839, 5.785141
284.3661, 6.251122
284.8482, 6.691582
285.3303, 6.935524
285.8124, 6.673393
286.2945, 6.100647
286.7766, 5.694618
287.2588, 5.659340
287.7409, 5.783966
288.2230, 5.855278
288.7051, 5.878975
289.1872, 5.851524
289.6693, 5.676476
290.1515, 5.433495
290.6336, 5.306831
291.1157, 5.400314
291.5978, 5.530586
292.0799, 5.546341
292.5620, 5.463303
293.0442, 5.328087
293.5263, 5.149109
294.0084, 4.943367
294.4905, 4.713020
294.9726, 4.457222
295.4547, 4.235649
295.9369, 4.141571
296.4190, 4.154930
296.9011, 4.059563
297.3832, 3.728348
297.8653, 3.333122
298.3474, 3.039459
298.8296, 2.848717
299.3117, 2.752731
299.7938, 2.811180
300.2759, 2.991196
300.7580, 3.042946
301.2401, 2.835266
301.7223, 2.574127
302.2044, 2.491753
302.6865, 2.562607
303.1686, 2.615356
303.6507, 2.645271
304.1328, 2.622467
304.6150, 2.417580
305.0971, 1.910126
305.5792, 1.429245
306.0613, 1.258362
306.5434, 1.310898
307.0255, 1.370651
307.5077, 1.337608
307.9898, 1.250610
308.4719, 1.190865
308.9540, 1.167381
309.4361, 1.146706
309.9182, 1.128647
310.4004, 1.099159
310.8825, 1.021408
311.3646, 0.8429950
311.8467, 0.6510090
312.3288, 0.5769350
312.8109, 0.6353910
313.2931, 0.7175600
313.7752, 0.8069690
314.2573, 0.8776860
314.7394, 0.8950580
315.2215, 0.8449630
315.7036, 0.7612080
316.1858, 0.6475680
316.6679, 0.5046770
317.1500, 0.4369050
317.6321, 0.5149460
318.1142, 0.6579280
318.5963, 0.8185420
319.0785, 1.003204
319.5606, 1.084114
320.0427, 0.9073790
320.5248, 0.5189900
321.0069, 0.1705400
321.4890, 0.1902310
321.9712, 0.3445740
322.4533, 1.6822999E-02
322.9354, 0.8043440
323.4175, 1.423309
323.8996, 1.465752
324.3817, 1.116646
324.8639, 0.8729020
325.3460, 0.8051150
325.8281, 0.7593990
326.3102, 0.5874560
326.7923, 0.3509600
327.2744, 0.1886060
327.7566, 0.1854020
328.2387, 0.2650300
328.7208, 0.3132020
329.2029, 0.3224330
329.6850, 0.3438260
330.1671, 0.4214860
330.6493, 0.5251080
331.1314, 0.6122970
331.6135, 0.6753690
332.0956, 0.7202300
332.5777, 0.7670670
333.0598, 0.8136830
333.5420, 0.8000790
334.0241, 0.6975710
334.5062, 0.5202330
334.9883, 0.2689970
335.4704, 8.2961999E-02
335.9525, 0.3684540
336.4347, 0.4870070
336.9168, 0.4518130
337.3989, 0.2625200
337.8810, 0.2007750
338.3631, 0.6100540
338.8452, 0.5202330
339.3274, 1.3062000E-02
339.8094, 0.4220500
340.2916, 0.3804780
340.7737, 9.7542003E-02
341.2558, 6.0927998E-02
341.7379, 4.1602999E-02
342.2200, 2.6923999E-02
342.7021, 5.0484002E-02
343.1843, 3.9886001E-02
343.6664, 2.5528001E-02
344.1485, 2.5215000E-02
344.6306, 5.2078001E-02
345.1127, 4.1824002E-02
345.5948, 0.2529220
346.0770, 0.4212190
346.5591, 0.4831770
347.0412, 0.4181590
347.5233, 0.2055590
348.0054, 0.2951890
348.4875, 0.7195130
348.9697, 0.8481750
349.4518, 0.7231670
349.9339, 0.4323580
350.4160, 8.4160000E-02
350.8981, 0.6029210
351.3802, 0.6772380
351.8624, 0.2326430
352.3445, 0.1211470
352.8266, 7.5516000E-02
353.3087, 0.1413420
353.7908, 0.1658710
354.2729, 8.4418997E-02
354.7551, 0.4349140
355.2372, 0.7517170
355.7193, 1.035004
356.2014, 1.122787
356.6835, 0.8282620
357.1656, 0.4556660
357.6478, 0.2776110
358.1299, 0.2888410
358.6120, 0.2607190
359.0941, 2.5390999E-02
359.5762, 0.4823910
360.0583, 0.5564880
360.5405, 8.0436997E-02
361.0226, 0.7051770
361.5047, 1.028023
361.9868, 1.118347
362.4689, 1.141464
362.9510, 1.169960
363.4332, 1.164261
363.9153, 1.009155
364.3974, 0.5491260
364.8795, 0.2495190
365.3616, 0.2605130
365.8438, 0.4169690
366.3259, 0.5086210
366.8080, 0.4969330
367.2901, 0.5633160
367.7722, 0.9733810
368.2543, 1.894264
368.7365, 2.401077
369.2186, 2.206894
369.7007, 1.880569
370.1828, 1.740463
370.6649, 1.774979
371.1470, 1.824509
371.6292, 1.777077
372.1113, 1.638397
372.5934, 1.470757
373.0755, 1.058678
373.5576, 0.8680190
374.0397, 1.197647
374.5219, 1.756432
375.0040, 2.105873
375.4861, 2.061256
375.9682, 1.825340
376.4503, 1.855972
376.9324, 2.504158
377.4146, 2.856529
377.8967, 2.515083
378.3788, 2.175301
378.8609, 2.452118
379.3430, 3.342590
379.8251, 4.317558
380.3073, 4.786392
380.7894, 4.623482
381.2715, 4.752861
381.7536, 5.501785
382.2357, 6.216873
382.7178, 6.683098
383.2000, 6.949219
383.6821, 7.136971
384.1642, 7.305016
384.6463, 7.476891
385.1284, 7.758270
385.6105, 8.258255
386.0927, 8.693954
386.5748, 9.087341
387.0569, 9.365097
387.5390, 9.385666
388.0211, 9.120682
388.5032, 8.820259
388.9854, 8.865753
389.4675, 9.335930
389.9496, 9.710869
390.4317, 9.822693
390.9138, 9.917496
391.3959, 10.08036
391.8781, 10.32831
392.3602, 10.68346
392.8423, 11.24751
393.3244, 11.93541
393.8065, 12.37303
394.2886, 12.52712
394.7708, 12.52148
395.2529, 12.37118
395.7350, 12.14259
396.2171, 11.87040
396.6992, 11.53474
397.1813, 11.23064
397.6635, 11.03816
398.1456, 10.98388
398.6277, 11.15482
399.1098, 11.82440
399.5919, 12.48016
400.0740, 12.53225
400.5562, 11.94275
401.0383, 11.31840
401.5204, 11.03298
402.0025, 10.96545
402.4846, 10.81236
402.9667, 10.53138
403.4489, 10.14771
403.9310, 9.662766
404.4131, 9.102280
404.8952, 8.535332
405.3773, 7.963783
405.8594, 7.409676
406.3416, 6.879189
406.8237, 6.374329
407.3058, 5.900986
407.7879, 5.441864
408.2700, 5.040131
408.7521, 4.789078
409.2343, 4.754456
409.7164, 4.809975
410.1985, 5.031380
410.6806, 5.239235
411.1627, 5.081551
411.6448, 4.476089
412.1269, 3.863121
412.6090, 3.772598
413.0912, 4.338791
413.5733, 4.784630
414.0554, 5.154587
414.5375, 5.371994
415.0196, 5.326828
415.5017, 5.079910
415.9839, 4.795708
416.4660, 4.566254
416.9481, 4.399185
417.4302, 4.318771
417.9123, 4.442665
418.3944, 4.572960
418.8766, 4.773079
419.3587, 4.894142
419.8408, 4.657845
420.3229, 4.045486
420.8050, 3.468468
421.2871, 3.549194
421.7693, 4.580452
422.2514, 5.183456
422.7335, 5.007500
423.2156, 4.772690
423.6977, 4.767426
424.1798, 4.945404
424.6620, 5.142815
425.1441, 5.265793
425.6262, 5.312508
426.1083, 5.256767
426.5904, 5.003578
427.0725, 4.833229
427.5547, 4.892738
428.0368, 5.005913
428.5189, 4.993034
429.0010, 4.817513
429.4831, 4.632141
429.9652, 4.598526
430.4474, 4.716965
430.9295, 4.904350
431.4116, 5.248489
431.8937, 5.532089
432.3758, 5.528046
432.8579, 5.353271
433.3401, 5.341743
433.8222, 5.766487
434.3043, 6.359261
434.7864, 6.726204
435.2685, 6.867683
435.7506, 6.783920
436.2328, 6.319206
436.7149, 5.718079
437.1970, 5.384323
437.6791, 5.384384
438.1612, 5.447357
438.6433, 5.454872
439.1255, 5.420250
439.6076, 5.367966
440.0897, 5.301445
440.5718, 5.226074
441.0539, 5.125847
441.5360, 5.004868
442.0182, 4.984543
442.5003, 5.110992
442.9824, 5.305000
443.4645, 5.545464
443.9466, 5.815109
444.4287, 6.083191
444.9109, 6.347046
445.3930, 6.568062
445.8751, 6.640610
446.3572, 6.469330
446.8393, 6.287987
447.3214, 6.107605
447.8036, 5.920372
448.2857, 5.720482
448.7678, 5.506554
449.2499, 5.271065
449.7320, 4.996529
450.2141, 4.677803
450.6963, 4.475449
451.1784, 4.394981
451.6605, 4.366402
452.1426, 4.400681
452.6247, 4.517441
453.1068, 4.722527
453.5890, 4.994133
454.0711, 5.279091
454.5532, 5.553146
455.0353, 5.884399
455.5174, 6.023216
455.9995, 5.787025
456.4817, 5.467293
456.9638, 5.109314
457.4459, 4.805733
457.9280, 4.719620
458.4101, 5.024246
458.8922, 5.522972
459.3744, 5.785416
459.8565, 5.804489
460.3386, 5.603569
460.8207, 4.909500
461.3028, 4.118324
461.7849, 3.756126
462.2671, 4.002930
462.7492, 4.365578
463.2313, 4.483223
463.7134, 4.379219
464.1955, 4.194115
464.6776, 3.911224
465.1598, 3.677643
465.6419, 3.696716
466.1240, 3.938782
466.6061, 4.082291
467.0882, 3.990791
467.5703, 3.875031
468.0525, 3.860168
468.5346, 3.944214
469.0167, 4.127289
469.4988, 4.432991
469.9809, 4.771690
470.4630, 4.944519
470.9452, 5.024620
471.4273, 4.782227
471.9094, 3.757126
472.3915, 2.721230
472.8736, 2.356422
473.3557, 2.653816
473.8379, 3.152092
474.3200, 3.497574
474.8021, 3.686165
475.2842, 3.626915
475.7663, 2.883278
476.2484, 2.436523
476.7306, 2.692467
477.2127, 3.193993
477.6948, 3.441109
478.1769, 3.291222
478.6590, 2.995224
479.1411, 2.900116
479.6233, 3.037888
480.1054, 2.991142
480.5875, 2.486694
481.0696, 2.103920
481.5517, 2.241837
482.0338, 2.694046
482.5159, 3.020920
482.9980, 3.020683
483.4802, 2.831329
483.9623, 2.607964
484.4444, 2.350571
484.9265, 2.122063
485.4086, 1.925621
485.8907, 1.788269
486.3729, 1.751297
486.8550, 1.816689
487.3371, 1.891777
487.8192, 2.029724
488.3013, 2.114845
488.7834, 1.963341
489.2656, 1.580215
489.7477, 1.163055
490.2298, 0.7876740
490.7119, 0.4976500
491.1940, 0.5449140
491.6761, 1.374130
492.1583, 1.887413
492.6404, 1.646965
493.1225, 1.108894
493.6046, 0.7512970
494.0867, 0.6792450
494.5688, 0.7537690
495.0510, 0.8451460
495.5331, 0.9598850
496.0152, 0.9969860
496.4973, 0.7869420
496.9794, 0.6865620
497.4615, 0.9152530
497.9437, 1.256485
498.4258, 1.401573
498.9079, 1.234222
499.3900, 0.9393230
499.8721, 0.7676770
500.3542, 0.7226790
500.8364, 0.7940370
501.3185, 1.167343
501.8006, 1.446793
502.2827, 1.364006
502.7648, 1.017357
503.2469, 0.6628650
503.7291, 0.3792040
504.2112, 0.1801990
504.6933, 0.1026380
505.1754, 0.1441270
505.6575, 0.2542570
506.1396, 0.4979250
506.6218, 0.7027360
507.1039, 0.5415950
507.5860, 2.2011001E-02
508.0681, 0.4124980
508.5502, 0.2750320
509.0323, 2.5566000E-02
509.5145, 0.1674800
509.9966, 0.6573490
510.4787, 1.024406
510.9608, 0.9568330
511.4429, 0.5634000
511.9250, 0.2824170
512.4072, 0.2186510
512.8893, 0.1305690
513.3714, 0.1578600
513.8535, 0.3699420
514.3356, 0.1018300
514.8177, 0.5781400
515.2999, 1.095787
515.7820, 0.8592760
516.2641, 5.1711999E-02
516.7462, 0.5651170
517.2283, 0.4316640
517.7104, 0.2491230
518.1926, 0.1990130
518.6747, 0.1590350
519.1568, 7.5126998E-02
519.6389, 0.5404360
520.1210, 0.8818130
520.6031, 0.6018600
521.0853, 0.1728900
521.5674, 0.5729520
522.0495, 0.4069670
522.5316, 0.1829990
523.0137, 0.2116700
523.4958, 0.3778380
523.9780, 0.5586010
524.4601, 0.8371730
524.9422, 1.005180
525.4243, 0.7662890
525.9064, 0.3264080
526.3885, 0.2391510
526.8707, 0.6729970
527.3528, 1.185951
527.8349, 1.264877
528.3170, 0.8428040
528.7991, 0.5720370
529.2813, 0.5339430
529.7634, 0.5699620
530.2455, 0.6217880
530.7276, 0.7009200
531.2097, 0.8493730
531.6918, 1.081123
532.1740, 1.337280
532.6561, 1.525658
533.1382, 1.637329
533.6203, 1.708000
534.1024, 1.687492
534.5845, 1.673889
535.0667, 1.675880
535.5488, 1.715485
536.0309, 1.854294
536.5130, 2.159698
536.9951, 2.459709
537.4772, 2.401527
537.9594, 1.971642
538.4415, 1.833855
538.9236, 2.318665
539.4057, 2.885986
539.8878, 2.983910
540.3699, 2.695419
540.8521, 2.472023
541.3342, 2.387634
541.8163, 2.460533
542.2984, 2.850433
542.7805, 3.443733
543.2626, 3.795326
543.7448, 3.700005
544.2269, 3.368988
544.7090, 3.143265
545.1911, 3.004623
545.6732, 3.055176
546.1553, 3.508812
546.6375, 3.949654
547.1196, 4.111473
547.6017, 4.070091
548.0838, 4.031288
548.5659, 4.104767
549.0480, 4.257050
549.5302, 4.424904
550.0123, 4.632553
550.4944, 4.780884
550.9765, 4.801300
551.4586, 4.807114
551.9407, 4.857491
552.4229, 4.941261
552.9050, 5.024605
553.3871, 5.140938
553.8692, 5.191055
554.3513, 4.922646
554.8334, 4.346115
555.3156, 3.991570
555.7977, 4.105988
556.2798, 4.405106
556.7619, 4.548782
557.2440, 4.551445
557.7261, 4.395393
558.2083, 3.855995
558.6904, 3.341385
559.1725, 3.266685
559.6546, 3.495941
560.1367, 3.558014
560.6188, 3.219856
561.1010, 2.693161
561.5831, 2.428238
562.0652, 2.606682
562.5473, 2.637604
563.0294, 2.409004
563.5115, 2.164047
563.9937, 2.030479
564.4758, 1.976074
564.9579, 1.888809
565.4400, 1.693466
565.9221, 1.484520
566.4042, 1.563629
566.8864, 1.993172
567.3685, 2.197235
567.8506, 1.856995
568.3327, 1.486977
568.8148, 1.636955
569.2969, 2.158386
569.7791, 2.405678
570.2612, 1.908844
570.7433, 1.265030
571.2254, 0.9932560
571.7075, 1.020668
572.1896, 1.141479
572.6718, 1.267464
573.1539, 1.361038
573.6360, 1.425911
574.1181, 1.506760
574.6002, 1.487091
575.0823, 1.242210
575.5645, 1.035858
576.0466, 1.044510
576.5287, 1.151863
577.0108, 1.145950
577.4929, 0.9300770
577.9750, 0.6105350
578.4572, 0.3821560
578.9393, 0.2854230
579.4214, 0.1203230
579.9035, 0.3135910
580.3856, 0.5479280
580.8677, 0.2274550
581.3499, 0.3657380
581.8320, 0.7712020
582.3141, 0.8214650
582.7962, 0.7731700
583.2783, 0.9252010
583.7604, 1.166748
584.2426, 1.067635
584.7247, 0.5014040
585.2068, 5.2917000E-02
585.6889, 0.1943890
586.1710, 4.6425000E-02
586.6531, 0.3056560
587.1352, 0.6115340
587.6173, 0.8972930
588.0994, 1.148941
588.5815, 1.367439
589.0637, 1.567177
589.5458, 1.742859
590.0279, 1.852417
590.5100, 1.843033
590.9921, 1.727814
591.4742, 1.657333
591.9564, 1.611237
592.4385, 1.648651
592.9206, 1.876579
593.4027, 2.123665
593.8848, 2.199211
594.3669, 2.099304
594.8491, 2.050949
595.3312, 2.340340
595.8133, 2.750648
596.2954, 2.753548
596.7775, 2.326790
597.2596, 2.006287
597.7418, 2.103134
598.2239, 2.390556
598.7060, 2.373596
599.1881, 1.949776
599.6702, 1.689995
600.1523, 1.792969
600.6345, 1.992172
601.1166, 2.096916
601.5987, 2.125610
602.0808, 2.175934
602.5629, 2.299004
603.0450, 2.473114
603.5272, 2.686951
604.0093, 3.034042
604.4914, 3.132545
604.9735, 2.648117
605.4556, 2.213852
605.9377, 2.250191
606.4199, 2.518257
606.9020, 2.476059
607.3841, 1.811394
607.8662, 1.057556
608.3483, 0.8550420
608.8304, 1.079063
609.3126, 1.101715
609.7947, 0.7408220
610.2768, 0.4746780
610.7589, 0.8171310
611.2410, 1.690331
611.7231, 2.172081
612.2053, 1.983940
612.6874, 1.768463
613.1695, 1.703903
613.6516, 1.715553
614.1337, 1.711128
614.6158, 1.679596
615.0980, 1.682907
615.5801, 1.799446
616.0622, 1.995506
616.5443, 2.010109
617.0264, 1.691902
617.5085, 1.488770
617.9907, 1.614044
618.4728, 1.840775
618.9549, 2.005699
619.4370, 2.098648
619.9191, 2.187401
620.4012, 2.364159
620.8834, 2.524025
621.3655, 2.471512
621.8476, 2.240822
622.3297, 2.083954
622.8118, 2.096336
623.2939, 2.228569
623.7761, 2.436142
624.2582, 2.760895
624.7403, 2.974701
625.2224, 3.102180
625.7045, 3.078041
626.1866, 2.691032
626.6688, 2.212128
627.1509, 2.083214
627.6330, 2.420464
628.1151, 2.877510
628.5972, 3.034988
629.0793, 2.899185
629.5615, 2.820938
630.0436, 2.830055
630.5257, 2.821220
631.0078, 2.758980
631.4899, 2.671097
631.9720, 2.574959
632.4542, 2.452698
632.9363, 2.340546
633.4184, 2.185150
633.9005, 2.105667
634.3826, 2.365379
634.8647, 2.901718
635.3469, 3.249542
635.8290, 3.119171
636.3111, 2.719673
636.7932, 2.596840
637.2753, 2.904518
637.7574, 3.087982
638.2396, 3.110939
638.7217, 3.070724
639.2038, 3.037598
639.6859, 2.978493
640.1680, 2.812256
640.6501, 2.487015
641.1323, 2.242828
641.6144, 2.465408
642.0965, 3.052162
642.5786, 3.355225
643.0607, 3.258842
643.5428, 3.078163
644.0250, 2.992973
644.5071, 2.957916
644.9892, 2.943558
645.4713, 3.070221
645.9534, 3.070625
646.4355, 2.692169
646.9177, 2.226425
647.3998, 1.990013
647.8819, 1.990433
648.3640, 2.086678
648.8461, 2.206650
649.3282, 2.345665
649.8104, 2.498032
650.2925, 2.700905
650.7746, 2.725761
651.2567, 2.449837
651.7388, 2.104218
652.2209, 1.715630
652.7031, 1.361862
653.1852, 1.250694
653.6673, 1.583260
654.1494, 1.919441
654.6315, 1.792831
655.1136, 1.402245
655.5958, 1.240280
656.0779, 1.397514
656.5600, 1.614365
657.0421, 1.663727
657.5242, 1.585220
658.0063, 1.662918
658.4885, 1.471443
658.9706, 2.446678
659.4527, 2.976028
659.9348, 3.083405
660.4169, 1.505486
660.8990, 2.103294
661.3812, 1.829010
661.8633, 1.518654
662.3454, 2.425087
662.8275, 1.091385
663.3096, 1.975342
663.7917, 1.973740
664.2739, 2.377144
664.7560, 1.902985
665.2381, 1.699631
665.7202, 2.373779
666.2023, 2.561760
666.6844, 1.985855
667.1666, 2.420189
667.6487, 1.067688
668.1308, 1.282135
668.6129, 2.172379
669.0950, 1.645630
669.5771, 1.149239
670.0593, 1.348999
670.5414, 1.722916
671.0235, 1.752571
671.5056, 1.302925
671.9877, 1.015862
672.4698, 1.187859
672.9520, 1.354187
673.4341, 1.054840
673.9162, 0.4652400
674.3983, 0.1855390
674.8804, 0.5622560
675.3625, 1.025917
675.8447, 1.206604
676.3268, 1.208275
676.8089, 1.216637
677.2910, 1.263252
677.7731, 1.266632
678.2552, 1.159904
678.7374, 0.9560320
679.2195, 0.6932600
679.7016, 0.2776180
680.1837, 2.6108000E-02
680.6658, 0.1436230
681.1479, 0.1963960
681.6301, 0.2676160
682.1122, 0.3384170
682.5943, 0.3259660
683.0764, 0.1512830
683.5585, 3.4340002E-02
684.0406, 6.2790001E-03
684.5228, 0.1763840
685.0049, 8.5205004E-02
685.4870, 0.3568270
685.9691, 0.7390290
686.4512, 0.6944050
686.9333, 0.3133090
687.4155, 0.1296230
687.8976, 0.4037860
688.3797, 0.5169450
688.8618, 0.2624820
689.3439, 9.8270001E-03
689.8260, 3.3454999E-02
690.3082, 0.1491550
690.7903, 0.3198930
691.2724, 0.3730090
691.7545, 0.3943790
692.2366, 0.5839230
692.7188, 0.8928380
693.2009, 0.8481060
693.6830, 0.2936710
694.1651, 0.2650220
694.6472, 0.4992680
695.1293, 0.4418180
695.6115, 0.2221220
696.0936, 0.3751530
696.5757, 0.7419050
697.0578, 0.6822740
697.5399, 0.4417340
698.0220, 8.8248998E-02
698.5042, 0.2740480
698.9863, 0.4195020
699.4684, 0.2191470
699.9505, 8.6212002E-02
700.4326, 4.2571999E-02
700.9147, 0.3460310
701.3969, 0.4664460
701.8790, 0.1561280
702.3611, 0.1383510
702.8432, 8.4601998E-02
703.3253, 0.1452480
703.8074, 0.1352840
704.2896, 0.2463150
704.7717, 0.4844590
705.2538, 0.3575900
705.7359, 0.1033480
706.2180, 0.1845550
706.7001, 0.4270480
707.1823, 0.4447780
707.6644, 0.1596910
708.1465, 0.2316740
708.6286, 0.4371800
709.1107, 0.4491500
709.5928, 0.3982700
710.0750, 0.2119060
710.5571, 0.1182790
711.0392, 0.3223880
711.5213, 0.6224140
712.0034, 0.7275620
712.4855, 0.5908130
712.9677, 0.5541530
713.4498, 0.9355240
713.9319, 1.276794
714.4140, 1.088486
714.8961, 0.5801770
715.3782, 0.2705150
715.8604, 0.3358380
716.3425, 0.5346450
716.8246, 0.5736620
717.3067, 0.4577640
717.7888, 0.3730090
718.2709, 0.3439180
718.7531, 0.2918780
719.2352, 7.3853001E-02
719.7173, 8.8303000E-02
720.1994, 7.3928997E-02
720.6815, 0.5368880
721.1636, 0.9029310
721.6458, 0.9727550
722.1279, 0.9659350
722.6100, 1.136162
723.0921, 1.317261
723.5742, 1.097115
724.0563, 0.4265980
724.5385, 0.2272720
725.0206, 0.4241260
725.5027, 0.2387010
725.9848, 0.1403500
726.4669, 0.2288060
726.9490, 0.1383900
727.4312, 0.4312440
727.9132, 0.9782940
728.3953, 1.150032
728.8774, 1.021461
729.3596, 0.8565900
729.8417, 0.7001340
730.3238, 0.5623630
730.8059, 0.4578860
731.2880, 0.3711170
731.7701, 0.2350160
732.2523, 6.7916997E-02
732.7344, 3.4653001E-02
733.2165, 0.2375560
733.6986, 0.5654530
734.1807, 0.7624740
734.6628, 0.8375320
735.1450, 0.7298130
735.6271, 0.2117160
736.1092, 0.1969990
736.5913, 0.1568150
737.0734, 0.1224980
737.5555, 0.3213810
738.0377, 0.3863600
738.5198, 0.3705750
739.0019, 0.2011950
739.4840, 3.4469999E-02
739.9661, 0.1111530
740.4482, 0.3495790
740.9304, 0.4463650
741.4125, 0.2679370
741.8946, 3.0571001E-02
742.3767, 0.2285610
742.8588, 0.3077850
743.3409, 0.2857740
743.8231, 0.1283110
744.3052, 1.0735000E-02
744.7873, 5.1086001E-02
745.2694, 5.8075000E-02
745.7515, 0.1537480
746.2336, 0.3234250
746.7158, 0.3336640
747.1979, 0.1617580
747.6800, 0.5579530
748.1621, 0.2745060
748.6442, 0.3357700
749.1263, 0.6650310
749.6085, 0.5969920
750.0906, 0.4153820
750.5727, 0.3513340
751.0548, 0.3771440
751.5369, 0.3769680
752.0190, 0.3153000
752.5012, 0.2565380
752.9833, 0.1889880
753.4654, 0.2066650
753.9475, 0.4983370
754.4296, 0.9062960
754.9117, 1.075722
755.3939, 0.8322300
755.8760, 0.5937420
756.3581, 0.4450610
756.8402, 0.4144210
757.3223, 0.6113430
757.8044, 0.9687880
758.2866, 1.275650
758.7687, 1.416763
759.2508, 1.441933
759.7329, 1.378365
760.2150, 1.229195
760.6971, 1.259674
761.1793, 1.524261
761.6614, 1.773674
762.1435, 1.882095
762.6256, 1.923256
763.1077, 2.058411
763.5898, 2.304512
764.0720, 2.459114
764.5541, 2.406921
765.0362, 2.377541
765.5183, 2.551003
766.0004, 2.793541
766.4825, 2.848503
766.9647, 2.722809
767.4468, 2.750679
767.9289, 3.290100
768.4110, 4.064255
768.8931, 4.394058
769.3752, 4.293205
769.8574, 4.199707
770.3395, 4.164146
770.8216, 4.320641
771.3037, 4.850792
771.7858, 5.675194
772.2679, 6.317741
772.7501, 6.751549
773.2322, 7.061119
773.7143, 7.114090
774.1964, 7.172836
774.6785, 7.490349
775.1606, 7.924126
775.6428, 8.089279
776.1249, 7.815704
776.6070, 7.660194
777.0891, 8.296951
777.5712, 9.393631
778.0533, 10.23475
778.5355, 10.78786
779.0176, 11.27686
779.4997, 11.79333
779.9818, 12.29530
780.4639, 12.69865
780.9460, 12.97392
781.4282, 13.45676
781.9103, 14.39130
782.3924, 15.19250
782.8745, 15.58963
783.3566, 15.94779
783.8387, 16.58827
784.3209, 17.47715
784.8030, 18.33278
785.2851, 18.86922
785.7672, 19.56372
786.2493, 21.00547
786.7314, 22.79452
787.2136, 24.13661
787.6957, 25.00662
788.1778, 26.00804
788.6599, 27.52945
789.1420, 29.46436
789.6241, 31.61002
790.1063, 34.00722
790.5884, 36.38663
791.0705, 38.73737
791.5526, 41.07034
792.0347, 43.32078
792.5168, 45.60490
792.9990, 48.12085
793.4811, 50.90019
793.9632, 53.63310
794.4453, 56.28465
794.9274, 58.82182
795.4095, 61.13956
795.8917, 63.36206
796.3738, 65.69151
796.8559, 68.15363
797.3380, 70.62585
797.8201, 72.99481
798.3022, 75.29770
798.7844, 77.59866
799.2665, 79.89939
799.7486, 82.36309
800.2307, 85.14336
800.7128, 87.62378
801.1949, 89.24068
801.6771, 90.24560
802.1592, 91.57942
802.6413, 93.30686
803.1234, 95.28821
803.6055, 97.70573
804.0876, 100.1899
804.5698, 103.0051
805.0519, 105.5998
805.5340, 106.7989
806.0161, 106.3847
806.4982, 106.4009
806.9803, 109.4415
807.4625, 113.0227
807.9446, 113.0984
808.4267, 110.5590
808.9088, 108.7878
809.3909, 108.7653
809.8730, 109.4378
810.3552, 109.7874
810.8373, 109.9245
811.3194, 110.5051
811.8015, 111.5130
812.2836, 113.0074
812.7657, 114.9911
813.2479, 117.4879
813.7300, 120.6715
814.2121, 124.3231
814.6942, 127.8843
815.1763, 131.0937
815.6584, 134.9017
816.1406, 140.1906
816.6227, 145.6888
817.1048, 150.8179
817.5869, 155.2575
818.0690, 158.2826
818.5511, 159.7852
819.0333, 160.9469
819.5154, 163.0139
819.9975, 165.6145
820.4796, 167.5525
820.9617, 168.8415
821.4438, 170.1808
821.9260, 171.7936
822.4081, 173.3090
822.8902, 174.3725
823.3723, 175.0495
823.8544, 175.7552
824.3365, 176.9284
824.8187, 177.4164
825.3008, 177.3083
825.7829, 176.4182
826.2650, 174.4868
826.7471, 171.7717
827.2292, 168.7152
827.7114, 165.4410
828.1935, 161.6096
828.6756, 157.1742
829.1577, 151.9745
829.6398, 145.7252
830.1219, 138.5860
830.6041, 130.9403
831.0862, 122.9198
831.5683, 114.2202
832.0504, 104.4653
832.5325, 93.98907
833.0146, 84.08609
833.4968, 74.76031
833.9789, 66.28133
834.4610, 58.80100
834.9431, 51.93279
835.4252, 45.29813
835.9073, 39.09361
836.3895, 34.01996
836.8716, 30.31304
837.3537, 26.95181
837.8358, 23.77791
838.3179, 21.06663
838.8000, 19.14520
839.2822, 17.61419
839.7643, 15.91815
840.2464, 14.01806
840.7285, 12.39108
841.2106, 11.45968
841.6927, 10.87550
842.1749, 10.28616
842.6570, 9.664291
843.1391, 8.889244
843.6212, 7.972458
844.1033, 7.210243
844.5854, 6.811508
845.0676, 6.632607
845.5497, 6.394997
846.0318, 6.082916
846.5139, 5.850090
846.9960, 5.807404
847.4781, 5.669495
847.9603, 5.210175
848.4424, 4.573753
848.9245, 4.027443
849.4066, 3.617332
849.8887, 3.266823
850.3708, 2.909348
850.8530, 2.565483
851.3351, 2.141579
851.8172, 1.854034
852.2993, 2.076195
852.7814, 2.681786
853.2635, 3.117104
853.7457, 3.074654
854.2278, 2.773430
854.7099, 2.267319
855.1920, 1.737839
855.6741, 1.686531
856.1563, 2.073479
856.6384, 2.358063
857.1205, 2.311699
857.6026, 2.113594
858.0847, 1.960510
858.5668, 1.834969
859.0490, 1.797440
859.5311, 1.907997
860.0132, 2.015205
860.4953, 2.147224
860.9774, 2.140594
861.4595, 1.714432
861.9417, 1.031052
862.4238, 0.6789020
862.9059, 0.8645020
863.3880, 1.069054
863.8701, 1.200722
864.3522, 1.263290
864.8344, 1.236526
865.3165, 1.145248
865.7986, 0.9822310
866.2807, 0.7610020
866.7628, 0.6458360
867.2449, 0.8846890
867.7271, 1.208420
868.2092, 1.249649
868.6913, 1.073997
869.1733, 0.8027800
869.6555, 0.4861070
870.1376, 0.3273930
870.6197, 0.4972380
871.1018, 0.8351970
871.5839, 0.9527360
872.0660, 0.8294140
872.5482, 0.6654210
873.0303, 0.4567410
873.5124, 0.2427290
873.9945, 6.7830002E-03
874.4766, 0.1926880
874.9587, 0.2674640
875.4409, 0.2080380
875.9230, 0.1044540
876.4051, 0.1272660
876.8872, 0.2906270
877.3693, 0.2955470
877.8514, 0.2539670
878.3336, 0.2311250
878.8157, 0.2404860
879.2978, 0.3066100
879.7799, 0.4590150
880.2620, 0.5633240
880.7441, 0.4955290
881.2263, 0.3493040
881.7084, 0.1827320
882.1905, 4.1297998E-02
882.6726, 3.4111001E-02
883.1547, 0.1861420
883.6368, 0.4096830
884.1190, 0.6523060
884.6011, 0.8636700
885.0832, 0.8271560
885.5653, 0.5460590
886.0474, 0.4901730
886.5295, 0.7966610
887.0117, 0.9769060
887.4938, 0.6548390
887.9759, 9.3941003E-02
888.4580, 0.1035610
888.9401, 0.1925050
889.4222, 0.3533630
889.9044, 0.2427370
890.3865, 0.1759800
890.8686, 0.3348690
891.3507, 0.4897840
891.8328, 0.3667980
892.3149, 2.9274000E-02
892.7971, 0.1443100
893.2792, 3.1830002E-02
893.7613, 0.2294310
894.2434, 0.4150850
894.7255, 0.4743580
895.2076, 0.1397250
895.6898, 0.3717960
896.1719, 0.5446170
896.6540, 0.2287060
897.1361, 0.1620480
897.6182, 0.2696840
898.1003, 0.1850740
898.5825, 1.8456001E-02
899.0646, 0.1993870
899.5467, 0.3280870
900.0288, 0.3417210
900.5109, 0.3439940
900.9930, 0.4219820
901.4752, 0.4955830
901.9573, 0.3193130
902.4394, 0.1655730
902.9215, 0.4386440
903.4036, 0.4619220
903.8857, 0.3266980
904.3679, 6.3675001E-02
904.8500, 0.4347760
905.3321, 0.3603820
905.8142, 0.1578830
906.2963, 0.3080520
906.7784, 0.4179460
907.2606, 0.7683940
907.7427, 0.1892170
908.2248, 0.4181820
908.7069, 0.5149230
909.1890, 0.2192150
909.6711, 0.2640760
910.1533, 0.9189830
910.6354, 1.354996
911.1175, 1.281723
911.5996, 1.013695
912.0817, 0.7071610
912.5638, 0.4263530
913.0460, 0.2448880
913.5281, 0.1777650
914.0102, 0.2521060
914.4923, 0.5241850
914.9744, 0.7595900
915.4565, 0.4904250
915.9387, 7.9429999E-02
916.4208, 0.2310710
916.9029, 4.3738998E-02
917.3850, 0.2773440
917.8671, 0.2924270
918.3492, 0.1280060
918.8314, 0.2282410
919.3135, 0.7054600
919.7956, 0.7199100
920.2777, 8.1184000E-02
920.7598, 0.1614000
921.2419, 0.3424220
921.7241, 0.8487630
922.2062, 0.8837510
922.6883, 0.6353070
923.1704, 0.4992900
923.6525, 0.5169910
924.1346, 0.4899140
924.6168, 0.3325960
925.0989, 0.2410430
925.5810, 0.3099440
926.0631, 0.4304960
926.5452, 0.4971010
927.0273, 0.5304110
927.5095, 0.6395800
927.9916, 0.9058230
928.4737, 1.100151
928.9558, 0.8946460
929.4379, 0.7677610
929.9200, 1.383484
930.4022, 2.296272
930.8843, 2.596329
931.3664, 2.154076
931.8485, 1.707016
932.3306, 1.796959
932.8127, 2.130432
933.2949, 2.331291
933.7770, 2.445076
934.2591, 2.608498
934.7412, 2.813660
935.2233, 2.879974
935.7054, 2.715569
936.1876, 2.578163
936.6697, 2.865234
937.1518, 3.495445
937.6339, 3.864326
938.1160, 3.947464
938.5981, 4.010178
939.0803, 4.071838
939.5624, 4.273392
940.0445, 4.783669
940.5266, 5.438522
941.0087, 5.785683
941.4908, 5.711258
941.9730, 5.726868
942.4551, 5.764481
942.9372, 5.995415
943.4193, 6.690720
943.9014, 7.424240
944.3835, 7.825615
944.8657, 7.943825
945.3478, 8.018326
945.8299, 7.936913
946.3120, 8.059029
946.7941, 8.612885
947.2762, 9.253548
947.7584, 9.858177
948.2405, 10.38295
948.7226, 10.72202
949.2047, 10.89926
949.6868, 11.20183
950.1689, 11.81567
950.6511, 12.53262
951.1332, 13.35069
951.6153, 14.10903
952.0974, 14.46561
952.5795, 14.58868
953.0616, 15.02220
953.5438, 15.93835
954.0259, 17.00535
954.5080, 17.89207
954.9901, 18.73400
955.4722, 19.72517
955.9543, 20.88499
956.4365, 22.39108
956.9186, 24.22665
957.4007, 25.91087
957.8828, 27.13718
958.3649, 28.19782
958.8470, 29.53596
959.3292, 31.15968
959.8113, 33.27019
960.2934, 35.96559
960.7755, 38.57728
961.2576, 40.92935
961.7397, 43.16583
962.2219, 45.34569
962.7040, 47.54834
963.1861, 50.14612
963.6682, 53.47205
964.1503, 56.23219
964.6324, 57.98538
965.1146, 59.80949
965.5967, 62.18343
966.0788, 64.78770
966.5609, 67.36772
967.0430, 69.88424
967.5251, 72.11037
968.0073, 73.61090
968.4894, 75.43417
968.9715, 78.24749
969.4536, 80.86842
969.9357, 82.69974
970.4178, 83.96361
970.9000, 84.87472
971.3821, 85.49934
971.8642, 86.11859
972.3463, 86.97995
972.8284, 87.65588
973.3105, 87.91403
973.7927, 87.99561
974.2748, 88.26591
974.7569, 88.42525
975.2390, 87.76161
975.7211, 86.12865
976.2032, 84.35753
976.6854, 83.03810
977.1675, 81.84624
977.6496, 80.29395
978.1317, 78.67117
978.6138, 77.48650
979.0959, 76.81075
979.5781, 76.44324
980.0602, 76.29632
980.5423, 76.49191
981.0244, 77.33630
981.5065, 78.55934
981.9886, 79.43880
982.4708, 80.08558
982.9529, 81.03050
983.4350, 82.38282
983.9171, 84.01004
984.3992, 85.85212
984.8813, 87.83541
985.3635, 89.82101
985.8456, 91.82578
986.3277, 94.11889
986.8098, 96.70879
987.2919, 99.44042
987.7740, 102.3320
988.2562, 105.0775
988.7383, 107.4103
989.2204, 109.4805
989.7025, 111.6627
990.1846, 114.0611
990.6667, 116.0586
991.1489, 117.5425
991.6310, 118.7918
992.1131, 119.7321
992.5952, 120.7530
993.0773, 122.3142
993.5594, 124.2427
994.0416, 125.7673
994.5237, 126.6660
995.0058, 127.5940
995.4879, 128.8176
995.9700, 129.7246
996.4521, 130.1538
996.9343, 130.1978
997.4164, 129.9120
997.8985, 129.2955
998.3806, 128.3848
998.8627, 127.1178
999.3448, 125.6638
999.8270, 124.3060
1000.309, 122.5057
1000.791, 119.6695
1001.273, 116.4091
1001.755, 113.5682
1002.238, 111.1422
1002.720, 108.4828
1003.202, 105.2046
1003.684, 101.9731
1004.166, 98.92616
1004.648, 96.19660
1005.130, 93.99376
1005.612, 92.15450
1006.094, 90.57668
1006.577, 89.13767
1007.059, 87.28672
1007.541, 84.41792
1008.023, 81.64604
1008.505, 80.11552
1008.987, 78.91446
1009.469, 77.06069
1009.951, 74.62415
1010.433, 71.99953
1010.916, 69.28053
1011.398, 66.21163
1011.880, 62.46203
1012.362, 58.57593
1012.844, 55.28349
1013.326, 52.29672
1013.808, 48.99302
1014.290, 45.49149
1014.773, 42.38010
1015.255, 39.85712
1015.737, 37.56406
1016.219, 35.16658
1016.701, 32.83680
1017.183, 30.88878
1017.665, 29.29162
1018.147, 27.98412
1018.629, 26.93053
1019.112, 25.97215
1019.594, 25.04660
1020.076, 24.07227
1020.558, 22.90996
1021.040, 21.70212
1021.522, 20.95075
1022.004, 20.58182
1022.486, 19.83511
1022.969, 18.63369
1023.451, 17.50623
1023.933, 16.69622
1024.415, 15.97016
1024.897, 15.04077
1025.379, 13.96226
1025.861, 13.05609
1026.343, 12.34457
1026.825, 11.26641
1027.308, 9.668167
1027.790, 8.383247
1028.272, 7.818878
1028.754, 7.713287
1029.236, 7.839066
1029.718, 8.100121
1030.200, 7.630447
1030.682, 6.190605
1031.165, 5.207825
1031.647, 4.971039
1032.129, 4.694748
1032.611, 3.908531
1033.093, 3.099815
1033.575, 2.963272
1034.057, 3.433968
1034.539, 3.559692
1035.021, 3.188347
1035.504, 2.890442
1035.986, 2.748650
1036.468, 2.613121
1036.950, 2.432526
1037.432, 2.199570
1037.914, 1.859291
1038.396, 1.426247
1038.878, 1.232719
1039.360, 1.491737
1039.843, 1.575111
1040.325, 1.417282
1040.807, 1.115288
1041.289, 0.4748690
1041.771, 0.1080170
1042.253, 1.6020000E-03
1042.735, 0.7507630
1043.217, 1.047310
1043.700, 0.4047470
1044.182, 8.0429003E-02
1044.664, 0.5057680
1045.146, 0.7882840
1045.628, 0.3928830
1046.110, 0.2172160
1046.592, 0.5155110
1047.074, 0.5215680
1047.557, 0.5381770
1048.039, 0.7011640
1048.521, 0.6894000
1049.003, 0.2352600
1049.485, 0.1219640
1049.967, 7.5499997E-02
1050.449, 0.1471560
1050.931, 0.3295750
1051.413, 0.4535520
1051.896, 0.5141600
1052.378, 0.4867320
1052.860, 0.4438550
1053.342, 0.3177110
1053.824, 0.2753220
1054.306, 0.5137020
1054.788, 0.7927700
1055.270, 0.8523790
1055.752, 0.7088620
1056.235, 0.5176470
1056.717, 0.2484440
1057.199, 9.4504997E-02
1057.681, 0.2476730
1058.163, 0.3608170
1058.645, 0.1930080
1059.127, 5.2147001E-02
1059.609, 0.1264190
1060.092, 7.3471002E-02
1060.574, 0.1117630
1061.056, 0.3074950
1061.538, 0.5395660
1062.020, 0.8451080
1062.502, 1.087212
1062.984, 1.218590
1063.466, 1.235931
1063.948, 1.112434
1064.431, 0.8778920
1064.913, 0.5628050
1065.395, 0.1255570
1065.877, 7.4959002E-02
1066.359, 0.2588120
1066.841, 0.6728130
1067.323, 1.035927
1067.805, 1.275345
1068.287, 1.233902
1068.770, 1.040024
1069.252, 1.022758
1069.734, 1.273933
1070.216, 1.460953
1070.698, 1.289391
1071.180, 1.216324
1071.662, 1.736595
1072.144, 2.238640
1072.627, 1.965637
1073.109, 1.290619
1073.591, 1.056793
1074.073, 1.445282
1074.555, 1.934120
1075.037, 2.493980
1075.519, 2.848915
1076.001, 2.665680
1076.484, 2.400261
1076.966, 2.445885
1077.448, 2.695435
1077.930, 3.006134
1078.412, 3.309334
1078.894, 3.295303
1079.376, 2.477081
1079.858, 1.890671
1080.340, 2.261269
1080.823, 2.831635
1081.305, 3.040092
1081.787, 3.029816
1082.269, 3.038254
1082.751, 3.115204
1083.233, 3.274559
1083.715, 3.572304
1084.197, 3.838097
1084.679, 4.019333
1085.161, 4.113037
1085.644, 4.070831
1086.126, 3.965576
1086.608, 3.832870
1087.090, 3.723007
1087.572, 3.797905
1088.054, 4.184288
1088.536, 4.437065
1089.018, 4.270920
1089.501, 4.036972
1089.983, 3.763870
1090.465, 3.653885
1090.947, 4.134644
1091.429, 4.959152
1091.911, 5.391777
1092.393, 5.209785
1092.875, 5.023132
1093.358, 5.062912
1093.840, 5.148895
1094.322, 5.269867
1094.804, 5.343597
1095.286, 5.173790
1095.768, 4.930229
1096.250, 5.049690
1096.732, 5.614822
1097.214, 6.075439
1097.697, 6.250061
1098.179, 6.200523
1098.661, 5.831993
1099.143, 5.405617
1099.625, 4.925461
1100.107, 4.605263
1100.589, 4.839424
1101.071, 5.565559
1101.553, 6.046173
1102.036, 5.922722
1102.518, 5.892006
1103.000, 6.196999
1103.482, 6.470047
1103.964, 6.487968
1104.446, 6.420631
1104.928, 6.432121
1105.410, 6.525543
1105.893, 6.744705
1106.375, 7.243576
1106.857, 7.556107
1107.339, 7.289688
1107.821, 7.162811
1108.303, 7.714600
1108.785, 8.264908
1109.267, 8.077995
1109.750, 7.465973
1110.232, 7.294350
1110.714, 7.731537
1111.196, 8.083870
1111.678, 8.347992
1112.160, 8.386887
1112.642, 7.908287
1113.124, 7.489616
1113.606, 7.557632
1114.089, 7.880898
1114.571, 8.142059
1115.053, 8.332603
1115.535, 8.243607
1116.017, 7.566551
1116.499, 7.134102
1116.981, 7.145187
1117.463, 7.194122
1117.945, 7.138054
1118.428, 7.021790
1118.910, 6.900764
1119.392, 6.768188
1119.874, 6.562668
1120.356, 6.160957
1120.838, 6.018898
1121.320, 6.379539
1121.802, 6.515121
1122.285, 6.165993
1122.767, 5.637329
1123.249, 5.083542
1123.731, 4.528000
1124.213, 4.126007
1124.695, 3.908752
1125.177, 3.593681
1125.659, 3.122368
1126.141, 2.769997
1126.624, 2.579834
1127.106, 2.488861
1127.588, 2.490799
1128.070, 2.521126
1128.552, 2.484581
1129.034, 2.392067
1129.516, 2.297302
1129.998, 2.175835
1130.480, 2.285889
1130.963, 2.727791
1131.445, 2.757469
1131.927, 2.012543
1132.409, 1.250282
1132.891, 1.234772
1133.373, 1.641083
1133.855, 1.517700
1134.337, 0.9121320
1134.820, 0.7659380
1135.302, 1.086731
1135.784, 1.207458
1136.266, 0.9738240
1136.748, 0.7693330
1137.230, 0.8433760
1137.712, 0.9773330
1138.194, 0.7926480
1138.677, 0.4240880
1139.159, 0.3454970
1139.641, 0.5117870
1140.123, 0.8193590
1140.605, 1.190964
1141.087, 1.203728
1141.569, 0.7145840
1142.051, 0.2110750
1142.533, 0.1396790
1143.016, 0.3132630
1143.498, 0.5380400
1143.980, 0.7267840
1144.462, 0.6045460
1144.944, 0.2925340
1145.426, 0.2035980
1145.908, 0.3792880
1146.390, 0.4528500
1146.872, 0.1881560
1147.355, 3.2039999E-03
1147.837, 0.4714970
1148.319, 1.060265
1148.801, 1.094223
1149.283, 0.8081360
1149.765, 0.4936830
1150.247, 0.2436220
1150.729, 0.1730190
1151.212, 0.3049930
1151.694, 0.3862920
1152.176, 0.1638570
1152.658, 1.2642000E-02
1153.140, 0.2456050
1153.622, 0.4936220
1154.104, 0.1832960
1154.586, 0.3296280
1155.068, 0.4366460
1155.551, 0.1381990
1156.033, 7.9879999E-02
1156.515, 5.1964000E-02
1156.997, 2.7999999E-03
1157.479, 0.1260600
1157.961, 9.5757000E-02
1158.443, 0.5853880
1158.925, 1.135025
1159.407, 0.6016850
1159.890, 0.5239030
1160.372, 1.032127
1160.854, 0.7533040
1161.336, 0.5216980
1161.818, 0.5017780
1162.300, 0.3863220
1162.782, 3.7990001E-03
1163.264, 0.3116610
1163.747, 0.3631670
1164.229, 0.3242340
1164.711, 0.3898540
1165.193, 0.5384980
1165.675, 0.6446460
1166.157, 0.6828540
1166.639, 0.7786790
1167.121, 1.004761
1167.604, 1.036217
1168.086, 0.6863480
1168.568, 0.4479140
1169.050, 0.7063900
1169.532, 1.155190
1170.014, 1.247673
1170.496, 1.023438
1170.978, 0.9207990
1171.460, 0.9426190
1171.943, 0.9315260
1172.425, 0.8685000
1172.907, 0.8677750
1173.389, 0.9766850
1173.871, 1.028854
1174.353, 0.8513260
1174.835, 0.5986710
1175.317, 0.6339570
1175.799, 0.8461910
1176.282, 0.8100510
1176.764, 0.5972900
1177.246, 0.5525210
1177.728, 0.7092290
1178.210, 0.8883060
1178.692, 1.001350
1179.174, 0.9394230
1179.656, 0.4242020
1180.139, 0.1247020
1180.621, 0.2389910
1181.103, 1.5490000E-03
1181.585, 0.8348310
1182.067, 1.804070
1182.549, 1.808868
1183.031, 0.8314360
1183.513, 8.4351003E-02
1183.995, 0.1193920
1184.478, 0.4733200
1184.960, 1.300377
1185.442, 1.860069
1185.924, 1.332123
1186.406, 0.5632400
1186.888, 0.5031890
1187.370, 0.8947750
1187.852, 0.9553070
1188.334, 0.5538330
1188.817, 0.3764190
1189.299, 0.7335360
1189.781, 1.051910
1190.263, 1.259369
1190.745, 1.380150
1191.227, 1.386925
1191.709, 1.341461
1192.191, 1.274956
1192.674, 1.209717
1193.156, 1.223328
1193.638, 1.335411
1194.120, 1.418938
1194.602, 1.457733
1195.084, 1.521523
1195.566, 1.626381
1196.048, 1.759804
1196.531, 1.945045
1197.013, 2.031616
1197.495, 1.781090
1197.977, 1.339836
1198.459, 1.348015
1198.941, 1.752480
1199.423, 1.734612
1199.905, 1.300682
1200.387, 1.081314
1200.870, 1.230789
1201.352, 1.511948
1201.834, 1.783722
1202.316, 2.026138
1202.798, 2.274582
1203.280, 2.425613
1203.762, 2.202469
1204.244, 1.791214
1204.726, 1.509430
1205.209, 1.374222
1205.691, 1.309067
1206.173, 1.307144
1206.655, 1.572098
1207.137, 2.341095
1207.619, 2.939499
1208.101, 2.688171
1208.583, 2.350403
1209.066, 2.574936
1209.548, 2.947678
1210.030, 3.037033
1210.512, 2.873154
1210.994, 2.592117
1211.476, 2.211197
1211.958, 1.965866
1212.440, 1.941879
1212.922, 1.957474
1213.405, 2.125168
1213.887, 2.191345
1214.369, 1.887207
1214.851, 1.620193
1215.333, 1.843369
1215.815, 2.295624
1216.297, 2.247101
1216.779, 1.615417
1217.261, 1.517166
1217.744, 2.067078
1218.226, 2.238831
1218.708, 1.892044
1219.190, 1.584076
1219.672, 1.533493
1220.154, 1.636475
1220.636, 1.829956
1221.118, 2.018570
1221.600, 1.902634
1222.083, 1.642242
1222.565, 1.989548
1223.047, 2.729736
1223.529, 2.968704
1224.011, 2.658020
1224.493, 2.293762
1224.975, 2.082092
1225.457, 1.945740
1225.940, 1.835068
1226.422, 1.750259
1226.904, 1.603180
1227.386, 1.571075
1227.868, 1.990692
1228.350, 2.545700
1228.832, 2.759491
1229.314, 2.668442
1229.797, 2.555328
1230.279, 2.480255
1230.761, 2.462601
1231.243, 2.574448
1231.725, 2.654358
1232.207, 2.493149
1232.689, 2.495270
1233.171, 3.059692
1233.653, 3.664124
1234.135, 3.911087
1234.618, 3.879425
1235.100, 3.848495
1235.582, 3.832535
1236.064, 3.872330
1236.546, 3.948257
1237.028, 4.046539
1237.510, 4.200058
1237.992, 4.077057
1238.475, 3.500839
1238.957, 2.998047
1239.439, 3.157547
1239.921, 3.622833
1240.403, 3.592255
1240.885, 3.248611
1241.367, 3.198624
1241.849, 3.336868
1242.332, 3.209488
1242.814, 2.845627
1243.296, 2.696289
1243.778, 2.906448
1244.260, 3.037018
1244.742, 2.660049
1245.224, 2.310776
1245.706, 2.477936
1246.188, 2.738754
1246.671, 2.769653
1247.153, 2.679382
1247.635, 2.537491
1248.117, 2.404694
1248.599, 2.457840
1249.081, 2.774521
1249.563, 2.784180
1250.045, 2.001709
1250.527, 1.624710
1251.010, 2.063431
1251.492, 2.357758
1251.974, 2.050629
1252.456, 1.626999
1252.938, 1.491745
1253.420, 1.535629
1253.902, 1.515030
1254.384, 1.435822
1254.867, 1.378128
1255.349, 1.346725
1255.831, 1.445572
1256.313, 1.666840
1256.795, 1.789810
1257.277, 1.740082
1257.759, 1.570633
1258.241, 1.299103
1258.724, 1.053223
1259.206, 0.9503170
1259.688, 0.9930880
1260.170, 1.351074
1260.652, 1.736633
1261.134, 1.602478
1261.616, 1.203476
1262.098, 1.257767
1262.580, 1.799896
1263.063, 2.012939
1263.545, 1.430923
1264.027, 1.049393
1264.509, 1.271591
1264.991, 1.534988
1265.473, 1.709671
1265.955, 1.806534
1266.437, 1.894974
1266.919, 1.848145
1267.402, 1.431839
1267.884, 0.7283170
1268.366, 0.2153170
1268.848, 0.1170500
1269.330, 0.1122280
1269.812, 0.2448580
1270.294, 0.6409450
1270.776, 1.006195
1271.259, 1.339081
1271.741, 1.637741
1272.223, 1.745682
1272.705, 1.425873
1273.187, 0.9912570
1273.669, 0.8970490
1274.151, 1.013763
1274.633, 1.256821
1275.115, 1.494873
1275.598, 1.536194
1276.080, 1.372284
1276.562, 0.9601440
1277.044, 0.2968750
1277.526, 4.1244999E-02
1278.008, 0.9771120
1278.490, 1.497162
1278.972, 0.6654360
1279.454, 7.9696998E-02
1279.937, 2.3605000E-02
1280.419, 0.3074490
1280.901, 0.5803530
1281.383, 0.8156740
1281.865, 1.059250
1282.347, 1.305054
1282.829, 1.417313
1283.311, 1.337311
1283.794, 1.230255
1284.276, 1.053391
1284.758, 0.7106320
1285.240, 0.2211150
1285.722, 1.8770000E-03
1286.204, 0.0000000E+00
##END=



