##NAMES=Natrolite
##RRUFFID=R040112
##IDEAL CHEMISTRY=Na_2_(Si_3_Al_2_)O_10_&#183;2H_2_O
##LOCALITY=Ice River Alkaline Complex, Moose Creek Valley, Yoho National Park, British Columbia, Canada
##OWNER=RRUFF
##SOURCE=National Museums of Canada
##DESCRIPTION=Colorless pseudohexagonal prism
##STATUS=The identification of this mineral has been confirmed by X-ray diffraction and chemical analysis
##URL=rruff.info/R040112
##MEASURED CHEMISTRY=Na_2.00_(Si_3.00_Al_2.00_)O_10_·2H_2_O
153.5188, 0.0000000E+00
154.0009, 12.82275
154.4830, 100.8501
154.9651, 322.1665
155.4472, 622.1650
155.9293, 980.1265
156.4115, 1399.498
156.8936, 1894.243
157.3757, 2450.284
157.8578, 3033.468
158.3399, 3656.285
158.8221, 4286.252
159.3042, 4908.336
159.7863, 5611.619
160.2684, 6222.656
160.7505, 6702.396
161.2326, 7048.593
161.7148, 7210.458
162.1969, 7123.049
162.6790, 6857.465
163.1611, 6487.561
163.6432, 5992.866
164.1253, 5440.128
164.6075, 4831.741
165.0896, 4165.434
165.5717, 3559.882
166.0538, 3060.413
166.5359, 2609.836
167.0180, 2168.482
167.5002, 1790.998
167.9823, 1476.638
168.4644, 1227.483
168.9465, 1046.768
169.4286, 910.4414
169.9107, 805.9492
170.3929, 733.8892
170.8750, 692.1118
171.3571, 707.1494
171.8392, 741.1050
172.3213, 765.4282
172.8034, 830.4053
173.2856, 894.9912
173.7677, 901.3237
174.2498, 837.8523
174.7319, 724.8020
175.2140, 562.0269
175.6961, 383.0039
176.1783, 227.1636
176.6604, 104.6536
177.1425, 11.77002
177.6246, 55.77856
178.1067, 96.82935
178.5888, 110.5933
179.0710, 101.0459
179.5531, 63.87476
180.0352, 15.08691
180.5173, 149.2532
180.9994, 315.9421
181.4815, 474.7087
181.9637, 627.3430
182.4458, 790.7244
182.9279, 989.7864
183.4100, 1215.624
183.8921, 1440.007
184.3742, 1671.270
184.8564, 1889.211
185.3385, 2052.374
185.8206, 2163.758
186.3027, 2199.001
186.7848, 2120.013
187.2669, 1934.516
187.7491, 1699.209
188.2312, 1408.460
188.7133, 1083.434
189.1954, 791.7642
189.6775, 536.5359
190.1596, 320.0667
190.6418, 141.7598
191.1239, 5.137207
191.6060, 91.31030
192.0881, 152.8447
192.5702, 185.4734
193.0524, 196.3354
193.5345, 187.7749
194.0166, 165.1855
194.4987, 135.6641
194.9808, 96.86206
195.4629, 55.65137
195.9451, 19.66968
196.4272, 11.77686
196.9093, 61.96973
197.3914, 134.6484
197.8735, 221.2795
198.3556, 302.8152
198.8378, 377.2188
199.3199, 467.7017
199.8020, 586.3569
200.2841, 732.2722
200.7662, 900.3298
201.2483, 1093.596
201.7305, 1309.829
202.2126, 1532.546
202.6947, 1761.254
203.1768, 1999.481
203.6589, 2254.544
204.1410, 2532.687
204.6232, 2779.245
205.1053, 3001.866
205.5874, 3187.067
206.0695, 3288.004
206.5516, 3300.953
207.0337, 3242.176
207.5159, 3108.979
207.9980, 2890.729
208.4801, 2659.236
208.9622, 2414.323
209.4443, 2163.404
209.9264, 1940.181
210.4086, 1744.136
210.8907, 1576.198
211.3728, 1445.350
211.8549, 1348.097
212.3370, 1278.038
212.8191, 1236.703
213.3013, 1222.041
213.7834, 1215.730
214.2655, 1220.547
214.7476, 1228.876
215.2297, 1231.779
215.7118, 1221.636
216.1940, 1227.758
216.6761, 1261.271
217.1582, 1320.375
217.6403, 1365.240
218.1224, 1397.615
218.6045, 1413.020
219.0867, 1403.385
219.5688, 1357.457
220.0509, 1313.992
220.5330, 1286.255
221.0151, 1274.418
221.4972, 1242.203
221.9794, 1185.438
222.4615, 1112.520
222.9436, 1029.945
223.4257, 933.1204
223.9078, 834.1013
224.3899, 737.9607
224.8721, 644.1486
225.3542, 542.9698
225.8363, 422.9622
226.3184, 305.4779
226.8005, 214.8373
227.2827, 161.6578
227.7648, 116.6326
228.2469, 72.55811
228.7290, 28.77258
229.2111, 7.733887
229.6932, 36.97168
230.1754, 58.40698
230.6575, 72.26465
231.1396, 79.83972
231.6217, 77.29919
232.1038, 62.09814
232.5859, 32.04187
233.0681, 0.3111570
233.5502, 31.67065
234.0323, 66.35022
234.5144, 108.1221
234.9965, 158.7432
235.4786, 207.1460
235.9608, 252.1263
236.4429, 293.5752
236.9250, 340.2146
237.4071, 392.0146
237.8892, 454.0601
238.3713, 528.0891
238.8535, 621.1345
239.3356, 712.4464
239.8177, 803.0034
240.2998, 906.9841
240.7819, 954.0453
241.2640, 930.6321
241.7462, 858.8423
242.2283, 773.2415
242.7104, 663.1213
243.1925, 556.7317
243.6746, 462.7405
244.1567, 381.5822
244.6389, 310.2329
245.1210, 248.7842
245.6031, 197.1606
246.0852, 156.6149
246.5673, 130.7437
247.0494, 109.8834
247.5316, 91.53271
248.0137, 77.04932
248.4958, 59.27576
248.9779, 32.76233
249.4600, 0.8653560
249.9421, 25.77478
250.4243, 33.95239
250.9064, 41.64624
251.3885, 55.02856
251.8706, 77.77502
252.3527, 88.30774
252.8348, 82.41797
253.3170, 65.83655
253.7991, 49.87244
254.2812, 36.07983
254.7633, 21.10938
255.2454, 4.900513
255.7275, 12.20959
256.2097, 28.86963
256.6918, 42.00330
257.1739, 56.24585
257.6560, 82.34326
258.1381, 126.6136
258.6202, 169.9346
259.1024, 204.9451
259.5845, 229.1157
260.0666, 253.8656
260.5487, 279.1134
261.0308, 304.9873
261.5129, 332.9099
261.9951, 363.6417
262.4772, 394.2041
262.9593, 422.3356
263.4414, 446.8164
263.9235, 475.8553
264.4056, 510.7135
264.8878, 549.2900
265.3699, 587.9851
265.8520, 625.7416
266.3341, 667.4868
266.8162, 715.7201
267.2983, 770.4636
267.7805, 830.4618
268.2626, 898.7394
268.7447, 968.3945
269.2268, 1027.489
269.7089, 1074.739
270.1910, 1115.755
270.6732, 1150.746
271.1553, 1178.356
271.6374, 1212.658
272.1195, 1255.442
272.6016, 1302.372
273.0837, 1347.184
273.5659, 1391.328
274.0480, 1427.174
274.5301, 1453.140
275.0122, 1469.187
275.4943, 1472.590
275.9764, 1464.698
276.4586, 1441.612
276.9407, 1392.719
277.4228, 1316.156
277.9049, 1236.088
278.3870, 1160.290
278.8691, 1088.859
279.3513, 1023.691
279.8334, 964.4460
280.3155, 912.3409
280.7976, 868.7306
281.2798, 834.0154
281.7619, 807.5198
282.2440, 788.4148
282.7261, 777.1018
283.2082, 776.5309
283.6903, 786.5883
284.1725, 806.3501
284.6546, 836.7834
285.1367, 877.4733
285.6188, 921.2878
286.1009, 967.6155
286.5830, 1014.344
287.0652, 1055.971
287.5473, 1092.907
288.0294, 1121.753
288.5115, 1139.690
288.9936, 1146.997
289.4757, 1142.389
289.9579, 1122.097
290.4400, 1092.245
290.9221, 1067.087
291.4042, 1046.617
291.8863, 1026.363
292.3684, 998.6335
292.8506, 966.1257
293.3327, 940.9814
293.8148, 929.1787
294.2969, 925.4734
294.7790, 919.5140
295.2611, 911.2716
295.7433, 903.8051
296.2254, 891.6641
296.7075, 881.5524
297.1896, 892.0732
297.6717, 933.2714
298.1538, 993.9336
298.6360, 1058.268
299.1181, 1126.936
299.6002, 1200.889
300.0823, 1280.748
300.5644, 1367.168
301.0465, 1460.709
301.5287, 1556.946
302.0108, 1665.929
302.4929, 1795.592
302.9750, 1946.803
303.4571, 2117.198
303.9392, 2334.594
304.4214, 2562.774
304.9035, 2763.740
305.3856, 2942.801
305.8677, 3061.116
306.3498, 3089.872
306.8319, 3028.843
307.3141, 2875.941
307.7962, 2569.292
308.2783, 2201.518
308.7604, 1851.730
309.2425, 1533.720
309.7246, 1254.336
310.2068, 1020.932
310.6889, 831.1895
311.1710, 674.0760
311.6531, 552.6791
312.1352, 455.7764
312.6173, 377.0312
313.0995, 316.4368
313.5816, 271.8531
314.0637, 248.9857
314.5458, 240.7921
315.0279, 233.8739
315.5100, 220.4724
315.9922, 209.1954
316.4743, 204.4972
316.9564, 207.1838
317.4385, 214.1979
317.9206, 227.0397
318.4027, 243.1747
318.8849, 258.8405
319.3670, 265.2460
319.8491, 277.8967
320.3312, 304.7163
320.8133, 348.8085
321.2954, 391.8838
321.7776, 424.6619
322.2597, 457.3727
322.7418, 500.9036
323.2239, 553.5626
323.7060, 620.8525
324.1881, 708.7856
324.6703, 819.1724
325.1524, 926.1069
325.6345, 1018.715
326.1166, 1110.785
326.5987, 1214.101
327.0808, 1326.413
327.5630, 1452.124
328.0451, 1597.823
328.5272, 1762.474
329.0093, 1921.292
329.4914, 2087.183
329.9735, 2231.834
330.4557, 2337.963
330.9378, 2415.307
331.4199, 2437.277
331.9020, 2397.593
332.3841, 2300.548
332.8662, 2160.834
333.3484, 1955.036
333.8305, 1743.173
334.3126, 1554.112
334.7947, 1391.510
335.2768, 1245.248
335.7589, 1114.302
336.2411, 1001.145
336.7232, 908.6768
337.2053, 839.7310
337.6874, 783.4946
338.1695, 734.7981
338.6516, 694.1409
339.1338, 663.5446
339.6159, 645.6066
340.0980, 634.7567
340.5801, 621.5541
341.0622, 605.2213
341.5443, 592.4954
342.0265, 587.0116
342.5086, 588.0695
342.9907, 589.2725
343.4728, 590.9091
343.9549, 591.5022
344.4370, 588.5054
344.9192, 582.3030
345.4013, 576.2269
345.8834, 570.8596
346.3655, 566.6846
346.8476, 563.6510
347.3297, 561.5707
347.8119, 565.3832
348.2940, 582.0607
348.7761, 608.7571
349.2582, 636.0759
349.7403, 659.6736
350.2225, 685.0713
350.7046, 721.1508
351.1867, 767.3657
351.6688, 817.0055
352.1509, 868.2150
352.6331, 919.1106
353.1152, 965.4851
353.5973, 1002.189
354.0794, 1042.121
354.5615, 1099.748
355.0436, 1170.714
355.5258, 1241.767
356.0079, 1305.806
356.4900, 1366.645
356.9721, 1428.914
357.4542, 1495.619
357.9363, 1555.971
358.4185, 1609.170
358.9006, 1651.377
359.3827, 1675.951
359.8648, 1681.702
360.3469, 1668.045
360.8290, 1633.057
361.3112, 1575.309
361.7933, 1504.311
362.2754, 1416.560
362.7575, 1319.156
363.2396, 1219.397
363.7217, 1105.955
364.2039, 1004.614
364.6860, 924.3867
365.1681, 865.2903
365.6502, 812.1036
366.1323, 759.4396
366.6144, 713.8319
367.0966, 679.7668
367.5787, 664.0931
368.0608, 652.2445
368.5429, 646.5582
369.0250, 644.9913
369.5071, 637.6633
369.9893, 626.2958
370.4714, 607.3096
370.9535, 577.5895
371.4356, 530.6818
371.9177, 489.0658
372.3998, 457.1697
372.8820, 428.4292
373.3641, 387.1196
373.8462, 328.0831
374.3283, 270.0651
374.8104, 219.5437
375.2925, 175.8621
375.7747, 144.8632
376.2568, 129.8610
376.7389, 120.3275
377.2210, 100.5261
377.7031, 69.41748
378.1852, 43.26245
378.6674, 28.46826
379.1495, 22.47998
379.6316, 13.78174
380.1137, 2.202026
380.5958, 9.956055
381.0779, 21.25098
381.5601, 31.53857
382.0422, 39.18335
382.5243, 43.34143
383.0064, 45.55164
383.4885, 48.84473
383.9706, 52.90833
384.4528, 55.31116
384.9349, 52.22583
385.4170, 46.94849
385.8991, 45.48535
386.3812, 49.78662
386.8633, 54.41052
387.3455, 52.88232
387.8276, 47.72522
388.3097, 44.66028
388.7918, 48.40869
389.2739, 54.29248
389.7560, 59.72131
390.2382, 64.77332
390.7203, 66.00354
391.2024, 60.24854
391.6845, 50.12830
392.1666, 38.52307
392.6487, 20.94836
393.1309, 7.208008
393.6130, 4.503418
394.0951, 11.57397
394.5772, 14.04602
395.0593, 6.236572
395.5414, 6.043823
396.0236, 19.09277
396.5057, 33.51160
396.9878, 47.45679
397.4699, 60.11499
397.9520, 72.03076
398.4341, 84.65369
398.9163, 95.95569
399.3984, 110.0601
399.8805, 128.6193
400.3626, 152.5964
400.8447, 177.9675
401.3268, 203.3177
401.8090, 231.0881
402.2911, 265.2100
402.7732, 305.4808
403.2553, 352.0951
403.7374, 408.0648
404.2195, 472.4587
404.7017, 525.1066
405.1838, 560.6080
405.6659, 597.5389
406.1480, 655.4786
406.6301, 735.2224
407.1122, 813.9421
407.5944, 886.9521
408.0765, 957.0719
408.5586, 1029.456
409.0407, 1103.813
409.5228, 1179.793
410.0049, 1263.445
410.4871, 1348.600
410.9692, 1417.581
411.4513, 1467.366
411.9334, 1502.450
412.4155, 1533.416
412.8976, 1555.808
413.3798, 1555.701
413.8619, 1515.665
414.3440, 1456.824
414.8261, 1398.278
415.3082, 1340.363
415.7903, 1283.351
416.2725, 1225.456
416.7546, 1168.844
417.2367, 1114.771
417.7188, 1064.431
418.2009, 1017.267
418.6830, 969.8789
419.1652, 924.6726
419.6473, 892.2256
420.1294, 883.2200
420.6115, 882.2695
421.0937, 880.2075
421.5758, 870.8234
422.0579, 871.2745
422.5400, 884.2719
423.0221, 908.2616
423.5042, 941.2026
423.9864, 984.3049
424.4685, 1034.210
424.9506, 1089.099
425.4327, 1147.353
425.9148, 1222.242
426.3969, 1316.385
426.8791, 1424.073
427.3612, 1537.422
427.8433, 1650.518
428.3254, 1786.954
428.8075, 1951.312
429.2896, 2140.654
429.7718, 2337.901
430.2539, 2539.895
430.7360, 2766.782
431.2181, 3029.565
431.7002, 3327.375
432.1823, 3644.364
432.6645, 3976.403
433.1466, 4340.460
433.6287, 4759.228
434.1108, 5227.179
434.5929, 5721.746
435.0750, 6216.347
435.5572, 6734.803
436.0393, 7311.021
436.5214, 7945.594
437.0035, 8652.987
437.4856, 9448.425
437.9677, 10315.15
438.4499, 11235.18
438.9320, 12241.83
439.4141, 13236.42
439.8962, 14270.59
440.3783, 15245.42
440.8604, 15936.06
441.3426, 16320.08
441.8247, 16322.51
442.3068, 15847.64
442.7889, 14822.95
443.2710, 13625.30
443.7531, 12195.57
444.2353, 10708.13
444.7174, 9331.402
445.1995, 8080.147
445.6816, 6972.949
446.1637, 6026.437
446.6458, 5240.014
447.1280, 4540.399
447.6101, 3937.576
448.0922, 3408.754
448.5743, 2949.626
449.0564, 2564.342
449.5385, 2230.561
450.0207, 1955.343
450.5028, 1725.496
450.9849, 1520.188
451.4670, 1341.939
451.9491, 1179.646
452.4312, 1028.823
452.9134, 891.5725
453.3955, 776.8806
453.8776, 686.4419
454.3597, 606.8633
454.8418, 524.4795
455.3239, 441.8582
455.8061, 373.7700
456.2882, 325.5743
456.7703, 288.8392
457.2524, 253.5471
457.7345, 219.7540
458.2166, 186.9152
458.6988, 153.2341
459.1809, 121.3749
459.6630, 96.10522
460.1451, 78.64221
460.6272, 60.49902
461.1093, 31.48499
461.5915, 0.1931150
462.0736, 22.12659
462.5557, 22.96033
463.0378, 22.87634
463.5199, 30.64929
464.0020, 45.04712
464.4842, 56.17297
464.9663, 63.40967
465.4484, 65.69189
465.9305, 61.64954
466.4126, 42.12073
466.8947, 32.72058
467.3769, 42.41333
467.8590, 58.33582
468.3411, 58.42517
468.8232, 34.39026
469.3053, 11.26794
469.7874, 1.742188
470.2696, 5.885742
470.7517, 27.94824
471.2338, 73.96021
471.7159, 119.1218
472.1980, 137.8634
472.6801, 130.9757
473.1623, 130.0511
473.6444, 139.5540
474.1265, 156.9224
474.6086, 178.3923
475.0907, 203.9946
475.5728, 233.9414
476.0550, 271.9700
476.5371, 313.3157
477.0192, 348.1858
477.5013, 376.3132
477.9834, 406.2195
478.4655, 450.5635
478.9477, 498.9016
479.4298, 536.4115
479.9119, 549.9688
480.3940, 563.4222
480.8761, 590.1760
481.3582, 626.6581
481.8404, 662.3132
482.3225, 696.3357
482.8046, 726.5559
483.2867, 752.3848
483.7688, 773.8005
484.2509, 790.6656
484.7331, 800.3129
485.2152, 806.6704
485.6973, 813.9231
486.1794, 825.8173
486.6615, 831.4219
487.1436, 824.0735
487.6258, 809.0388
488.1079, 814.2124
488.5900, 846.8929
489.0721, 879.5372
489.5542, 893.1445
490.0363, 887.5204
490.5185, 897.5811
491.0006, 927.5194
491.4827, 961.7985
491.9648, 978.6012
492.4470, 980.8052
492.9291, 984.0142
493.4112, 996.5873
493.8933, 1010.230
494.3754, 1008.193
494.8575, 993.1046
495.3397, 981.5232
495.8218, 980.5173
496.3039, 990.5593
496.7860, 1015.247
497.2681, 1059.984
497.7502, 1101.048
498.2324, 1124.592
498.7145, 1137.465
499.1966, 1149.451
499.6787, 1152.931
500.1608, 1166.337
500.6429, 1199.770
501.1251, 1251.868
501.6072, 1299.522
502.0893, 1331.774
502.5714, 1368.099
503.0535, 1417.158
503.5356, 1478.895
504.0178, 1554.969
504.4999, 1654.323
504.9820, 1759.210
505.4641, 1839.844
505.9462, 1889.131
506.4283, 1950.200
506.9105, 2038.420
507.3926, 2146.685
507.8747, 2246.123
508.3568, 2336.597
508.8389, 2427.291
509.3210, 2526.111
509.8032, 2631.876
510.2853, 2744.543
510.7674, 2866.121
511.2495, 2985.919
511.7316, 3089.555
512.2137, 3183.905
512.6959, 3281.240
513.1780, 3387.142
513.6601, 3498.498
514.1422, 3619.109
514.6243, 3746.321
515.1064, 3862.741
515.5886, 3942.333
516.0707, 4022.934
516.5528, 4127.620
517.0349, 4270.490
517.5170, 4416.048
517.9991, 4556.077
518.4813, 4697.986
518.9634, 4849.978
519.4455, 5008.976
519.9276, 5182.011
520.4097, 5368.438
520.8918, 5568.164
521.3740, 5799.779
521.8561, 6059.907
522.3382, 6362.478
522.8203, 6719.423
523.3024, 7126.841
523.7845, 7574.924
524.2667, 8069.565
524.7488, 8594.808
525.2309, 9133.459
525.7130, 9698.098
526.1951, 10319.80
526.6772, 11010.42
527.1594, 11774.01
527.6415, 12612.42
528.1236, 13519.09
528.6057, 14490.12
529.0878, 15540.97
529.5699, 16634.41
530.0521, 17758.26
530.5342, 18956.44
531.0163, 20023.65
531.4984, 20991.21
531.9805, 21764.20
532.4626, 22247.77
532.9448, 22489.39
533.4269, 22357.35
533.9090, 21797.33
534.3911, 20848.86
534.8732, 19669.11
535.3553, 18156.16
535.8375, 16569.83
536.3196, 15007.87
536.8017, 13444.87
537.2838, 12020.11
537.7659, 10723.05
538.2480, 9555.291
538.7302, 8525.448
539.2123, 7620.607
539.6944, 6817.006
540.1765, 6111.583
540.6586, 5499.676
541.1407, 4969.350
541.6229, 4515.107
542.1050, 4108.033
542.5871, 3745.808
543.0692, 3414.510
543.5513, 3103.212
544.0334, 2814.052
544.5156, 2557.194
544.9977, 2346.490
545.4798, 2164.958
545.9619, 2002.442
546.4440, 1865.638
546.9261, 1735.016
547.4083, 1605.984
547.8904, 1481.339
548.3725, 1368.363
548.8546, 1267.676
549.3367, 1177.962
549.8188, 1101.761
550.3010, 1037.483
550.7831, 967.7036
551.2652, 888.3086
551.7473, 813.8372
552.2294, 759.6926
552.7115, 723.8394
553.1937, 684.1898
553.6758, 637.6311
554.1579, 591.9377
554.6400, 559.0665
555.1221, 534.4927
555.6042, 506.4917
556.0864, 466.6697
556.5685, 426.0426
557.0506, 397.0256
557.5327, 377.1924
558.0148, 357.2734
558.4969, 333.6428
558.9791, 307.1675
559.4612, 275.4618
559.9433, 235.2273
560.4254, 206.9214
560.9075, 204.4872
561.3896, 210.2147
561.8718, 207.6436
562.3539, 189.4106
562.8360, 175.5176
563.3181, 171.1078
563.8002, 170.7531
564.2823, 158.9291
564.7645, 132.5486
565.2466, 109.5931
565.7287, 99.53308
566.2108, 99.02869
566.6929, 92.35278
567.1750, 79.42981
567.6572, 62.87854
568.1393, 39.74194
568.6214, 15.66296
569.1035, 4.159180
569.5856, 9.156860
570.0677, 18.59546
570.5499, 27.15686
571.0320, 32.65417
571.5141, 31.71497
571.9962, 14.66333
572.4783, 0.6539310
572.9604, 7.354370
573.4426, 6.122925
573.9247, 1.213257
574.4068, 14.99133
574.8889, 27.04968
575.3710, 27.01013
575.8531, 10.98206
576.3353, 4.229736
576.8174, 10.85327
577.2995, 20.81018
577.7816, 25.34375
578.2637, 24.31445
578.7458, 17.92249
579.2280, 4.171143
579.7101, 11.21179
580.1922, 17.46826
580.6743, 15.77771
581.1564, 12.79541
581.6385, 11.98328
582.1207, 11.42822
582.6028, 10.01331
583.0849, 7.274414
583.5670, 0.2146000
584.0491, 26.28674
584.5313, 50.37280
585.0134, 52.58826
585.4955, 19.99231
585.9776, 1.595825
586.4597, 8.416870
586.9418, 31.79626
587.4240, 47.80591
587.9061, 50.27429
588.3882, 54.07202
588.8703, 61.76355
589.3524, 71.52954
589.8345, 77.80676
590.3167, 79.91357
590.7988, 81.09131
591.2809, 82.28210
591.7630, 83.65063
592.2451, 85.03088
592.7272, 86.25964
593.2094, 91.52063
593.6915, 106.9476
594.1736, 128.3596
594.6557, 148.5656
595.1378, 166.6222
595.6199, 181.1523
596.1021, 192.5651
596.5842, 199.3119
597.0663, 199.1678
597.5485, 183.3855
598.0306, 169.0931
598.5127, 165.8246
598.9948, 169.6793
599.4769, 163.2706
599.9590, 137.3779
600.4412, 110.9895
600.9233, 90.38977
601.4054, 75.81287
601.8875, 61.30054
602.3696, 46.50378
602.8517, 32.92737
603.3339, 21.93311
603.8160, 13.41626
604.2981, 8.971069
604.7802, 10.03906
605.2623, 10.94788
605.7444, 3.547852
606.2266, 9.992310
606.7087, 23.62390
607.1908, 40.51086
607.6729, 51.42993
608.1550, 42.76257
608.6371, 21.01111
609.1193, 7.111572
609.6014, 15.63855
610.0835, 28.79431
610.5656, 40.06494
611.0477, 49.68274
611.5298, 51.38904
612.0120, 39.58716
612.4941, 25.34900
612.9762, 15.41882
613.4583, 9.671265
613.9404, 9.494019
614.4225, 16.91089
614.9047, 26.47913
615.3868, 30.89124
615.8689, 30.38855
616.3510, 26.95093
616.8331, 19.56323
617.3152, 11.64148
617.7974, 10.27979
618.2795, 13.50464
618.7616, 13.72522
619.2437, 5.280273
619.7258, 6.645996
620.2079, 19.99084
620.6901, 34.46033
621.1722, 45.07703
621.6543, 49.30017
622.1364, 49.67798
622.6185, 47.15356
623.1006, 38.31531
623.5828, 34.61316
624.0649, 38.54736
624.5470, 45.32434
625.0291, 49.03491
625.5112, 48.96460
625.9933, 49.45300
626.4755, 50.81128
626.9576, 53.78552
627.4397, 62.08167
627.9218, 74.68274
628.4039, 83.81775
628.8860, 79.69934
629.3682, 73.04150
629.8503, 80.57935
630.3324, 100.5579
630.8145, 119.4932
631.2966, 130.9137
631.7787, 137.6921
632.2609, 139.9955
632.7430, 135.2753
633.2251, 136.3064
633.7072, 152.6931
634.1893, 171.4420
634.6714, 181.5793
635.1536, 178.5271
635.6357, 176.9784
636.1178, 178.4795
636.5999, 181.4623
637.0820, 183.9985
637.5641, 185.8807
638.0463, 183.3013
638.5284, 172.0137
639.0105, 158.7429
639.4926, 159.7814
639.9747, 172.4652
640.4568, 181.4869
640.9390, 175.3086
641.4211, 162.8755
641.9032, 150.7175
642.3853, 139.3666
642.8674, 130.8837
643.3495, 128.7557
643.8317, 127.9746
644.3138, 125.1509
644.7959, 118.5271
645.2780, 112.0953
645.7601, 104.2606
646.2422, 98.03003
646.7244, 97.69421
647.2065, 104.5903
647.6886, 110.6963
648.1707, 114.9011
648.6528, 117.1709
649.1349, 118.3517
649.6171, 117.9994
650.0992, 113.0870
650.5813, 95.92822
651.0634, 77.33215
651.5455, 72.29736
652.0276, 78.65552
652.5098, 85.10315
652.9919, 84.72363
653.4740, 83.22937
653.9561, 84.60583
654.4382, 89.99255
654.9203, 93.62256
655.4025, 94.95557
655.8846, 94.18921
656.3667, 90.51099
656.8488, 80.93201
657.3309, 78.32080
657.8130, 85.39197
658.2952, 95.31689
658.7773, 96.85767
659.2594, 91.00159
659.7415, 90.06006
660.2236, 99.07227
660.7057, 111.4329
661.1879, 118.8539
661.6700, 121.7893
662.1521, 121.7902
662.6342, 114.9332
663.1163, 109.6876
663.5984, 112.6826
664.0806, 122.3510
664.5627, 129.1221
665.0448, 127.0413
665.5269, 124.6815
666.0090, 127.0193
666.4911, 135.4822
666.9733, 144.5084
667.4554, 153.6560
667.9375, 159.9138
668.4196, 159.6708
668.9017, 153.3271
669.3839, 150.9419
669.8660, 154.8141
670.3481, 160.8345
670.8302, 161.3292
671.3123, 159.8862
671.7944, 165.2117
672.2766, 184.1895
672.7587, 202.5103
673.2408, 211.3422
673.7229, 213.5479
674.2050, 214.5680
674.6871, 213.7607
675.1693, 214.7024
675.6514, 216.9084
676.1335, 220.6633
676.6156, 229.9475
677.0977, 247.8304
677.5798, 266.1545
678.0620, 280.5938
678.5441, 291.5850
679.0262, 304.9037
679.5083, 320.8563
679.9904, 333.7179
680.4725, 332.7206
680.9547, 327.2390
681.4368, 336.1498
681.9189, 362.9957
682.4010, 391.6244
682.8831, 413.1443
683.3652, 429.6422
683.8474, 442.2444
684.3295, 441.6869
684.8116, 452.5109
685.2937, 490.4203
685.7758, 536.2031
686.2579, 562.8281
686.7401, 560.3231
687.2222, 565.9943
687.7043, 587.3235
688.1864, 619.7294
688.6685, 656.2434
689.1506, 696.1771
689.6328, 728.0286
690.1149, 739.0646
690.5970, 744.3950
691.0791, 769.2588
691.5612, 810.3169
692.0433, 849.6736
692.5255, 876.5504
693.0076, 900.4167
693.4897, 926.1973
693.9718, 954.4758
694.4539, 986.8239
694.9360, 1024.419
695.4182, 1065.020
695.9003, 1110.185
696.3824, 1163.705
696.8645, 1201.057
697.3466, 1218.075
697.8287, 1229.891
698.3109, 1252.506
698.7930, 1284.308
699.2751, 1317.345
699.7572, 1350.659
700.2393, 1382.340
700.7214, 1412.884
701.2036, 1439.772
701.6857, 1458.904
702.1678, 1472.809
702.6499, 1474.080
703.1320, 1452.728
703.6141, 1416.786
704.0963, 1386.509
704.5784, 1367.831
705.0605, 1347.077
705.5426, 1319.505
706.0247, 1287.668
706.5068, 1265.754
706.9890, 1255.256
707.4711, 1241.146
707.9532, 1213.823
708.4353, 1177.702
708.9174, 1143.614
709.3995, 1111.483
709.8817, 1081.911
710.3638, 1056.071
710.8459, 1032.847
711.3280, 1011.211
711.8101, 990.7601
712.2922, 975.0051
712.7744, 966.8042
713.2565, 961.8035
713.7386, 957.3796
714.2207, 954.4128
714.7028, 949.4752
715.1849, 940.9891
715.6671, 933.2556
716.1492, 930.2102
716.6313, 931.7788
717.1134, 939.3741
717.5955, 954.5854
718.0776, 972.3462
718.5598, 986.3492
719.0419, 998.2942
719.5240, 1011.696
720.0061, 1025.493
720.4882, 1043.642
720.9703, 1074.540
721.4525, 1110.033
721.9346, 1132.565
722.4167, 1130.496
722.8988, 1130.393
723.3809, 1139.404
723.8630, 1153.449
724.3452, 1156.436
724.8273, 1146.664
725.3094, 1135.392
725.7915, 1133.841
726.2736, 1133.495
726.7557, 1107.599
727.2379, 1059.092
727.7200, 1011.317
728.2021, 986.9536
728.6842, 963.0438
729.1663, 916.6113
729.6484, 845.7629
730.1306, 782.7318
730.6127, 744.9868
731.0948, 708.6986
731.5769, 660.9375
732.0590, 596.8787
732.5411, 540.6323
733.0233, 493.7827
733.5054, 451.0018
733.9875, 407.0100
734.4696, 362.2996
734.9517, 321.4802
735.4338, 284.6218
735.9160, 252.7356
736.3981, 230.2738
736.8802, 212.3192
737.3623, 190.8115
737.8444, 158.3301
738.3266, 132.3827
738.8087, 123.4204
739.2908, 123.3967
739.7729, 120.9875
740.2551, 116.2925
740.7372, 107.9486
741.2193, 95.01123
741.7014, 78.99792
742.1835, 60.92834
742.6656, 40.81458
743.1478, 27.85010
743.6299, 27.45996
744.1120, 32.52014
744.5941, 32.88464
745.0762, 29.36536
745.5583, 24.46045
746.0405, 12.98376
746.5226, 6.498047
747.0047, 17.56006
747.4868, 41.81018
747.9689, 53.33752
748.4510, 39.22107
748.9332, 24.82507
749.4153, 18.86328
749.8974, 20.25549
750.3795, 14.06616
750.8616, 1.101440
751.3438, 12.89612
751.8259, 11.08362
752.3080, 0.6263430
752.7901, 8.342773
753.2722, 15.37769
753.7543, 18.20862
754.2365, 9.858521
754.7186, 0.4482420
755.2007, 0.7971190
755.6828, 8.862305
756.1649, 16.19666
756.6470, 19.02673
757.1292, 18.94177
757.6113, 15.88684
758.0934, 8.193848
758.5755, 5.797363
759.0576, 9.917358
759.5397, 15.16980
760.0219, 14.92419
760.5040, 11.14539
760.9861, 10.64111
761.4682, 15.09851
761.9503, 19.43054
762.4324, 18.97144
762.9146, 16.38818
763.3967, 14.76660
763.8788, 14.67383
764.3609, 15.91052
764.8430, 22.00879
765.3251, 27.38489
765.8073, 24.13306
766.2894, 8.450317
766.7715, 0.1055910
767.2536, 4.189575
767.7357, 12.35388
768.2178, 8.918213
768.7000, 3.180908
769.1821, 11.58142
769.6642, 11.77478
770.1463, 7.825562
770.6284, 1.1841000E-02
771.1105, 9.001099
771.5927, 14.05737
772.0748, 11.12000
772.5569, 6.757080
773.0390, 0.7150880
773.5211, 5.313599
774.0032, 6.334229
774.4854, 0.8813480
774.9675, 4.387939
775.4496, 8.625854
775.9317, 10.41089
776.4138, 3.748657
776.8959, 9.642090
777.3781, 20.78870
777.8602, 26.09131
778.3423, 26.23560
778.8244, 17.41382
779.3065, 2.777344
779.7886, 4.644287
780.2708, 7.882568
780.7529, 19.13525
781.2350, 22.83594
781.7171, 19.35229
782.1992, 10.18298
782.6813, 7.166870
783.1635, 20.00793
783.6456, 20.31006
784.1277, 11.32239
784.6098, 1.338135
785.0919, 9.103638
785.5740, 15.23608
786.0562, 9.325439
786.5383, 1.260132
787.0204, 1.630859
787.5025, 10.91382
787.9846, 13.33716
788.4667, 4.195435
788.9489, 20.31567
789.4310, 24.63025
789.9131, 16.09607
790.3952, 16.28809
790.8773, 27.20117
791.3594, 37.54492
791.8416, 37.55872
792.3237, 30.63098
792.8058, 24.51770
793.2879, 19.61389
793.7700, 18.19250
794.2521, 26.16492
794.7343, 35.34509
795.2164, 37.76550
795.6985, 30.04639
796.1806, 27.14221
796.6627, 32.14575
797.1448, 40.45947
797.6270, 50.78467
798.1091, 64.30225
798.5912, 68.27576
799.0733, 60.87097
799.5554, 53.57080
800.0375, 59.94336
800.5197, 73.72400
801.0018, 83.40149
801.4839, 87.29285
801.9660, 87.58459
802.4481, 80.22375
802.9302, 73.16968
803.4124, 74.19727
803.8945, 92.42651
804.3766, 99.74072
804.8587, 90.89185
805.3408, 78.18384
805.8229, 73.22949
806.3051, 75.97083
806.7872, 76.83704
807.2693, 74.65967
807.7514, 72.67603
808.2335, 76.04114
808.7156, 81.00903
809.1978, 80.79675
809.6799, 72.49146
810.1620, 66.79443
810.6441, 68.11377
811.1262, 73.65320
811.6083, 81.22412
812.0905, 94.61865
812.5726, 100.1245
813.0547, 94.79138
813.5368, 86.83276
814.0189, 87.05176
814.5010, 93.65369
814.9832, 95.09119
815.4653, 88.27063
815.9474, 82.14771
816.4295, 86.19861
816.9116, 95.34888
817.3937, 103.6791
817.8759, 111.3875
818.3580, 114.7368
818.8401, 111.1693
819.3222, 104.0347
819.8043, 94.17297
820.2864, 78.35803
820.7686, 76.85168
821.2507, 94.87952
821.7328, 117.1752
822.2149, 124.8876
822.6970, 121.0638
823.1791, 111.5089
823.6613, 94.59973
824.1434, 82.05823
824.6255, 86.21643
825.1076, 97.18591
825.5897, 103.8024
826.0718, 100.1772
826.5540, 97.45032
827.0361, 96.29224
827.5182, 95.22302
828.0003, 89.98816
828.4824, 80.84180
828.9645, 82.06628
829.4467, 98.20081
829.9288, 114.7742
830.4109, 111.9381
830.8930, 99.69531
831.3751, 94.31677
831.8572, 105.6671
832.3394, 112.2030
832.8215, 101.9041
833.3036, 84.94421
833.7857, 72.20447
834.2678, 63.15942
834.7499, 60.34570
835.2321, 65.73096
835.7142, 73.27209
836.1963, 74.32507
836.6784, 71.49268
837.1605, 73.05298
837.6426, 80.51404
838.1248, 87.61719
838.6069, 89.38416
839.0890, 89.02771
839.5711, 90.08643
840.0532, 95.56201
840.5353, 99.29114
841.0175, 100.5155
841.4996, 99.17908
841.9817, 95.48438
842.4638, 89.51648
842.9459, 80.03552
843.4280, 66.22815
843.9102, 55.00342
844.3923, 55.36072
844.8744, 61.75269
845.3565, 64.93921
845.8386, 62.14441
846.3207, 63.36243
846.8029, 78.67078
847.2850, 93.89270
847.7671, 95.90149
848.2492, 77.33740
848.7313, 65.09814
849.2134, 60.11768
849.6956, 59.45288
850.1777, 60.40417
850.6598, 63.25720
851.1419, 70.31018
851.6240, 82.42590
852.1061, 92.24341
852.5883, 94.95337
853.0704, 92.50317
853.5525, 85.18054
854.0346, 69.09448
854.5167, 61.06067
854.9988, 67.13477
855.4810, 74.79688
855.9631, 73.44006
856.4452, 62.81299
856.9273, 61.20569
857.4094, 69.64648
857.8915, 79.09680
858.3737, 80.87842
858.8558, 79.10730
859.3379, 79.00269
859.8200, 81.32397
860.3021, 83.84790
860.7842, 85.29968
861.2664, 87.14160
861.7485, 91.05811
862.2306, 98.02832
862.7127, 99.60852
863.1948, 94.83154
863.6769, 87.02893
864.1591, 74.77917
864.6412, 62.29492
865.1233, 60.73438
865.6054, 69.90527
866.0875, 81.70227
866.5696, 97.25403
867.0518, 109.3999
867.5339, 110.2458
868.0160, 97.59241
868.4981, 93.89355
868.9802, 106.2263
869.4623, 116.1882
869.9445, 111.0399
870.4266, 94.26099
870.9087, 86.63928
871.3908, 87.94775
871.8729, 92.56787
872.3550, 99.77490
872.8372, 106.6478
873.3193, 111.0907
873.8014, 112.6322
874.2835, 111.2061
874.7656, 103.7930
875.2477, 98.40588
875.7299, 98.09338
876.2120, 99.92566
876.6941, 92.79883
877.1762, 77.20874
877.6583, 66.01367
878.1404, 66.18420
878.6226, 71.25269
879.1047, 73.70874
879.5869, 74.82349
880.0690, 77.30933
880.5511, 85.74353
881.0332, 91.76038
881.5153, 89.86780
881.9974, 84.35205
882.4796, 86.38428
882.9617, 98.90552
883.4438, 100.1130
883.9259, 81.11072
884.4080, 56.49609
884.8901, 47.86304
885.3723, 52.63220
885.8544, 63.17603
886.3365, 81.41003
886.8186, 94.69849
887.3007, 93.50366
887.7828, 85.19702
888.2650, 80.64758
888.7471, 81.97827
889.2292, 83.43640
889.7113, 84.42383
890.1934, 85.75012
890.6755, 90.24561
891.1577, 96.00830
891.6398, 96.35059
892.1219, 89.35571
892.6040, 82.77271
893.0861, 82.50037
893.5682, 83.05981
894.0504, 78.05066
894.5325, 60.61609
895.0146, 53.97668
895.4967, 62.12451
895.9788, 73.67310
896.4609, 82.05774
896.9431, 86.27258
897.4252, 74.86548
897.9073, 46.98840
898.3894, 24.57019
898.8715, 27.48132
899.3536, 40.29858
899.8358, 51.33325
900.3179, 59.32288
900.8000, 64.93835
901.2821, 69.51221
901.7642, 70.03552
902.2463, 63.72961
902.7285, 51.85107
903.2106, 43.01868
903.6927, 37.22424
904.1748, 33.16199
904.6569, 29.47607
905.1390, 27.51062
905.6212, 29.92188
906.1033, 35.56641
906.5854, 39.67163
907.0675, 41.49707
907.5496, 40.54993
908.0317, 35.33044
908.5139, 27.85095
908.9960, 24.68604
909.4781, 25.86816
909.9602, 26.58850
910.4423, 24.23413
910.9244, 22.10767
911.4066, 25.73523
911.8887, 32.19312
912.3708, 36.15808
912.8529, 33.72900
913.3350, 31.24255
913.8171, 30.03577
914.2993, 29.20178
914.7814, 27.10339
915.2635, 23.49451
915.7456, 22.37683
916.2277, 24.83716
916.7098, 27.61108
917.1920, 26.88916
917.6741, 24.01550
918.1562, 21.02283
918.6383, 18.63672
919.1204, 15.05176
919.6025, 6.622437
920.0847, 0.6123050
920.5668, 2.451660
921.0489, 1.750000
921.5310, 8.269409
922.0131, 17.76636
922.4952, 24.00061
922.9774, 19.90222
923.4595, 10.27380
923.9416, 0.1035160
924.4237, 9.784302
924.9058, 14.10547
925.3879, 1.041992
925.8701, 7.729492
926.3522, 0.1789550
926.8343, 21.49500
927.3164, 27.96802
927.7985, 18.07837
928.2806, 7.638672
928.7628, 3.683105
929.2449, 3.673340
929.7270, 5.205078
930.2091, 7.415771
930.6912, 7.957275
931.1733, 2.315796
931.6555, 0.9202880
932.1376, 3.942383
932.6197, 11.46997
933.1018, 11.49390
933.5839, 2.487915
934.0660, 2.066650
934.5482, 1.272949
935.0303, 6.471436
935.5124, 4.470337
935.9945, 0.8341060
936.4766, 2.486572
936.9587, 1.952271
937.4409, 7.657837
937.9230, 15.67163
938.4051, 22.37842
938.8872, 24.96436
939.3693, 22.95959
939.8514, 19.05676
940.3336, 13.04810
940.8157, 7.139526
941.2978, 0.3011470
941.7799, 4.796021
942.2620, 3.846558
942.7441, 25.03271
943.2263, 40.48315
943.7084, 41.73792
944.1905, 36.46021
944.6726, 26.26477
945.1547, 12.23572
945.6368, 0.3293460
946.1190, 9.726563
946.6011, 14.56653
947.0832, 9.387573
947.5653, 1.845093
948.0474, 5.594849
948.5295, 14.84619
949.0117, 16.12634
949.4938, 12.89490
949.9759, 26.99670
950.4580, 10.58655
950.9401, 18.98718
951.4222, 34.57019
951.9044, 35.94055
952.3865, 41.53369
952.8686, 54.46887
953.3507, 71.37402
953.8328, 93.13770
954.3149, 114.4851
954.7971, 127.0166
955.2792, 124.5380
955.7613, 129.9851
956.2434, 148.3508
956.7255, 173.3433
957.2076, 203.8973
957.6898, 239.5929
958.1719, 262.7174
958.6540, 273.7037
959.1361, 290.0527
959.6182, 334.4852
960.1003, 381.7151
960.5825, 403.1957
961.0646, 404.0165
961.5467, 419.4209
962.0288, 470.0961
962.5109, 513.9192
962.9930, 540.0847
963.4752, 553.4591
963.9573, 567.9746
964.4394, 581.0399
964.9215, 575.8684
965.4036, 538.7371
965.8857, 498.0026
966.3679, 480.8940
966.8500, 472.0841
967.3321, 450.6926
967.8142, 400.7648
968.2963, 361.8032
968.7784, 334.4324
969.2606, 317.8352
969.7427, 319.3077
970.2248, 331.2175
970.7069, 321.0482
971.1890, 286.7343
971.6711, 258.7977
972.1533, 258.1641
972.6354, 270.1630
973.1175, 288.7570
973.5996, 313.0845
974.0817, 331.8496
974.5638, 344.1332
975.0460, 354.2722
975.5281, 366.1178
976.0102, 375.1687
976.4923, 368.9534
976.9744, 351.7197
977.4565, 335.8588
977.9387, 329.5283
978.4208, 322.5302
978.9029, 311.1367
979.3850, 297.6483
979.8671, 284.3458
980.3492, 270.5363
980.8314, 261.2974
981.3135, 258.7614
981.7956, 252.1183
982.2777, 225.0392
982.7598, 188.6772
983.2419, 158.9762
983.7241, 137.9685
984.2062, 120.8743
984.6883, 108.1945
985.1704, 96.71570
985.6525, 85.00378
986.1346, 73.59204
986.6168, 69.12512
987.0989, 71.08191
987.5810, 70.79492
988.0631, 61.29529
988.5452, 49.01831
989.0273, 38.34253
989.5095, 29.97131
989.9916, 25.64294
990.4737, 23.78833
990.9558, 30.58411
991.4379, 51.76782
991.9200, 75.57007
992.4022, 80.18201
992.8843, 70.38245
993.3664, 68.38062
993.8485, 78.88403
994.3306, 93.77185
994.8127, 110.6737
995.2949, 126.9539
995.7770, 138.3313
996.2591, 142.8215
996.7412, 158.0825
997.2233, 186.9386
997.7054, 217.1019
998.1876, 240.1815
998.6697, 259.6163
999.1518, 283.0818
999.6339, 309.9202
1000.116, 338.7695
1000.598, 372.4330
1001.080, 402.5762
1001.562, 424.5962
1002.044, 443.9976
1002.527, 470.6157
1003.009, 504.5405
1003.491, 543.3761
1003.973, 586.4598
1004.455, 630.2576
1004.937, 676.5762
1005.419, 717.7302
1005.901, 741.6844
1006.384, 742.3811
1006.866, 742.8282
1007.348, 749.9839
1007.830, 750.2175
1008.312, 734.1768
1008.794, 705.2256
1009.276, 689.5000
1009.758, 684.5503
1010.240, 669.7141
1010.723, 622.2886
1011.205, 571.6740
1011.687, 537.2457
1012.169, 513.9199
1012.651, 486.1938
1013.133, 450.0433
1013.615, 419.4335
1014.097, 396.5894
1014.580, 379.4000
1015.062, 369.1702
1015.544, 361.5438
1016.026, 346.1477
1016.508, 318.9623
1016.990, 297.3143
1017.472, 291.2655
1017.954, 290.3291
1018.436, 290.3859
1018.919, 291.0510
1019.401, 278.7604
1019.883, 253.4541
1020.365, 239.4863
1020.847, 263.4545
1021.329, 295.0122
1021.811, 300.4739
1022.293, 289.9395
1022.776, 288.6642
1023.258, 307.3828
1023.740, 325.7334
1024.222, 340.9589
1024.704, 356.6219
1025.186, 372.8458
1025.668, 393.4297
1026.150, 431.7551
1026.632, 490.3451
1027.115, 559.1279
1027.597, 632.8229
1028.079, 714.0852
1028.561, 805.7373
1029.043, 907.2297
1029.525, 1015.515
1030.007, 1127.567
1030.489, 1256.487
1030.972, 1411.163
1031.454, 1582.289
1031.936, 1759.944
1032.418, 1946.503
1032.900, 2144.006
1033.382, 2355.743
1033.864, 2578.841
1034.346, 2808.478
1034.828, 3053.323
1035.311, 3321.018
1035.793, 3611.708
1036.275, 3928.043
1036.757, 4273.172
1037.239, 4567.981
1037.721, 4782.853
1038.203, 4906.202
1038.685, 4920.112
1039.167, 4826.820
1039.650, 4647.566
1040.132, 4373.577
1040.614, 4053.691
1041.096, 3701.028
1041.578, 3328.346
1042.060, 2945.282
1042.542, 2568.820
1043.024, 2224.204
1043.507, 1915.072
1043.989, 1655.864
1044.471, 1455.978
1044.953, 1291.774
1045.435, 1146.374
1045.917, 1019.853
1046.399, 907.7085
1046.881, 810.0533
1047.364, 720.6167
1047.846, 631.7966
1048.328, 552.8578
1048.810, 489.3281
1049.292, 442.0469
1049.774, 409.9020
1050.256, 397.1025
1050.738, 384.6924
1051.220, 369.4574
1051.703, 351.7330
1052.185, 328.8199
1052.667, 305.2842
1053.149, 288.3971
1053.631, 279.2675
1054.113, 279.4757
1054.595, 301.0466
1055.077, 318.2648
1055.559, 315.7101
1056.042, 297.1772
1056.524, 288.2678
1057.006, 287.8140
1057.488, 287.6649
1057.970, 285.5991
1058.452, 280.8483
1058.934, 272.7295
1059.416, 261.4601
1059.899, 247.6160
1060.381, 230.4332
1060.863, 213.0560
1061.345, 193.6526
1061.827, 178.6255
1062.309, 179.8325
1062.791, 188.6199
1063.273, 189.9092
1063.755, 182.8705
1064.238, 181.3116
1064.720, 194.4158
1065.202, 205.0448
1065.684, 208.2479
1066.166, 206.8317
1066.648, 206.9762
1067.130, 208.8250
1067.612, 212.6298
1068.094, 217.5735
1068.577, 227.4946
1069.059, 246.1984
1069.541, 269.9683
1070.023, 295.4139
1070.505, 322.7799
1070.987, 351.0347
1071.469, 380.2965
1071.951, 409.7866
1072.434, 441.9569
1072.916, 472.6033
1073.398, 495.7515
1073.880, 513.4534
1074.362, 532.6204
1074.844, 552.3440
1075.326, 579.4817
1075.808, 617.4080
1076.291, 655.9014
1076.773, 680.4005
1077.255, 697.1046
1077.737, 720.7888
1078.219, 752.3619
1078.701, 780.5256
1079.183, 796.2434
1079.665, 811.1255
1080.147, 831.0631
1080.630, 855.1627
1081.112, 879.9651
1081.594, 905.2437
1082.076, 924.1951
1082.558, 933.7339
1083.040, 936.7906
1083.522, 930.1289
1084.004, 921.9583
1084.486, 924.0513
1084.969, 943.8450
1085.451, 954.3977
1085.933, 952.6300
1086.415, 949.5779
1086.897, 958.7246
1087.379, 971.1130
1087.861, 964.6313
1088.343, 944.4507
1088.826, 936.4366
1089.308, 972.8353
1089.790, 991.4233
1090.272, 978.8677
1090.754, 946.8728
1091.236, 909.5531
1091.718, 868.3142
1092.200, 831.1912
1092.682, 800.3623
1093.165, 763.9545
1093.647, 708.9524
1094.129, 651.0178
1094.611, 601.5356
1095.093, 558.5355
1095.575, 501.2374
1096.057, 428.5566
1096.539, 372.5557
1097.022, 351.2278
1097.504, 340.1599
1097.986, 318.2262
1098.468, 290.0386
1098.950, 261.4623
1099.432, 231.7546
1099.914, 205.5977
1100.396, 184.1074
1100.879, 164.1780
1101.361, 142.8115
1101.843, 122.0116
1102.325, 103.8873
1102.807, 88.98572
1103.289, 80.18286
1103.771, 89.95837
1104.253, 89.47900
1104.735, 66.50488
1105.218, 39.71204
1105.700, 40.56091
1106.182, 62.06274
1106.664, 70.52698
1107.146, 62.12683
1107.628, 47.09375
1108.110, 21.91382
1108.592, 1.752319
1109.074, 1.345337
1109.557, 7.356201
1110.039, 6.322388
1110.521, 4.627930
1111.003, 12.98157
1111.485, 14.86157
1111.967, 13.18213
1112.449, 6.854248
1112.931, 0.8626710
1113.414, 2.086548
1113.896, 13.87964
1114.378, 16.78394
1114.860, 8.729126
1115.342, 0.6997070
1115.824, 1.522461
1116.306, 0.2734380
1116.788, 4.462524
1117.271, 10.48633
1117.753, 17.15234
1118.235, 31.06738
1118.717, 33.55725
1119.199, 18.78833
1119.681, 1.636963
1120.163, 2.561890
1120.645, 2.644287
1121.127, 9.456299
1121.609, 16.69885
1122.092, 17.99927
1122.574, 4.303223
1123.056, 9.127075
1123.538, 19.23364
1124.020, 24.62610
1124.502, 20.19421
1124.984, 7.307861
1125.466, 2.480347
1125.949, 6.826172
1126.431, 8.885986
1126.913, 9.517822
1127.395, 9.692261
1127.877, 10.78259
1128.359, 12.42896
1128.841, 10.38391
1129.323, 4.406372
1129.806, 1.337402
1130.288, 6.261230
1130.770, 8.354980
1131.252, 4.194580
1131.734, 3.409912
1132.216, 11.80835
1132.698, 23.48804
1133.180, 23.13513
1133.662, 6.827637
1134.145, 4.926147
1134.627, 8.082764
1135.109, 28.91711
1135.591, 29.80481
1136.073, 16.71191
1136.555, 4.781494
1137.037, 0.3551030
1137.519, 6.750610
1138.001, 19.70923
1138.484, 29.98486
1138.966, 25.02747
1139.448, 11.38879
1139.930, 6.019165
1140.412, 8.785278
1140.894, 10.10266
1141.376, 3.891113
1141.858, 1.947754
1142.341, 6.922852
1142.823, 8.827026
1143.305, 2.2826999E-02
1143.787, 16.17297
1144.269, 21.97742
1144.751, 13.46423
1145.233, 7.436035
1145.715, 17.00854
1146.198, 28.25964
1146.680, 34.10571
1147.162, 35.16943
1147.644, 33.44458
1148.126, 29.13416
1148.608, 25.26990
1149.090, 22.63794
1149.572, 21.09021
1150.054, 20.14490
1150.536, 20.62817
1151.019, 24.22864
1151.501, 31.63269
1151.983, 33.36768
1152.465, 29.30298
1152.947, 23.70056
1153.429, 15.94128
1153.911, 10.89026
1154.393, 16.32275
1154.876, 26.81921
1155.358, 32.40662
1155.840, 29.25415
1156.322, 32.06348
1156.804, 42.57129
1157.286, 50.99646
1157.768, 47.05920
1158.250, 38.21997
1158.733, 32.25940
1159.215, 29.53564
1159.697, 30.58984
1160.179, 39.84973
1160.661, 41.61768
1161.143, 31.41406
1161.625, 21.14636
1162.107, 27.76404
1162.589, 42.13354
1163.072, 48.35046
1163.554, 45.67932
1164.036, 44.12646
1164.518, 47.50061
1165.000, 49.51953
1165.482, 47.59497
1165.964, 45.39563
1166.446, 52.35474
1166.928, 63.51855
1167.411, 67.36951
1167.893, 60.90369
1168.375, 53.20142
1168.857, 43.72693
1169.339, 37.89197
1169.821, 38.78406
1170.303, 44.48022
1170.785, 49.74255
1171.268, 54.51831
1171.750, 59.19336
1172.232, 66.00098
1172.714, 68.79968
1173.196, 57.78723
1173.678, 48.75781
1174.160, 53.84985
1174.642, 69.74011
1175.125, 73.69238
1175.607, 67.23376
1176.089, 58.94714
1176.571, 49.92224
1177.053, 46.85925
1177.535, 55.57507
1178.017, 68.34351
1178.499, 80.56665
1178.981, 92.06396
1179.464, 90.96887
1179.946, 78.38904
1180.428, 69.22864
1180.910, 77.27917
1181.392, 84.48193
1181.874, 78.17493
1182.356, 66.59509
1182.838, 63.44397
1183.320, 68.94983
1183.803, 67.97766
1184.285, 59.20544
1184.767, 51.04504
1185.249, 49.10461
1185.731, 50.60120
1186.213, 54.59607
1186.695, 60.72400
1187.177, 69.57422
1187.660, 81.80066
1188.142, 83.42651
1188.624, 70.65076
1189.106, 58.24255
1189.588, 60.63831
1190.070, 66.94897
1190.552, 68.67102
1191.034, 66.63953
1191.516, 66.12427
1191.999, 67.05847
1192.481, 63.52734
1192.963, 52.40356
1193.445, 42.47681
1193.927, 43.32458
1194.409, 49.35583
1194.891, 55.60437
1195.373, 61.23083
1195.855, 62.95715
1196.338, 60.11292
1196.820, 57.69836
1197.302, 57.39624
1197.784, 58.32080
1198.266, 61.46521
1198.748, 64.75427
1199.230, 65.69153
1199.712, 64.51611
1200.195, 55.53223
1200.677, 36.81287
1201.159, 26.56006
1201.641, 40.54797
1202.123, 59.55969
1202.605, 62.33521
1203.087, 54.88599
1203.569, 47.28699
1204.052, 38.78442
1204.534, 34.97888
1205.016, 36.27734
1205.498, 40.28857
1205.980, 49.64380
1206.462, 56.56836
1206.944, 45.30823
1207.426, 25.96570
1207.908, 24.21460
1208.391, 53.62134
1208.873, 65.46802
1209.355, 55.68152
1209.837, 41.89197
1210.319, 34.98462
1210.801, 32.83789
1211.283, 35.37512
1211.765, 41.03003
1212.247, 44.53528
1212.730, 44.58960
1213.212, 45.81274
1213.694, 49.15234
1214.176, 50.70154
1214.658, 44.28906
1215.140, 35.52625
1215.622, 31.32410
1216.104, 31.10522
1216.587, 29.01587
1217.069, 22.55872
1217.551, 22.81726
1218.033, 33.12769
1218.515, 44.03699
1218.997, 44.57544
1219.479, 39.99561
1219.961, 36.10901
1220.443, 33.50928
1220.926, 31.20374
1221.408, 28.44446
1221.890, 29.19360
1222.372, 35.16138
1222.854, 41.89697
1223.336, 43.34473
1223.818, 43.28918
1224.300, 47.55518
1224.782, 56.78662
1225.265, 56.62073
1225.747, 43.75659
1226.229, 38.76917
1226.711, 51.55225
1227.193, 64.52954
1227.675, 51.10095
1228.157, 29.03125
1228.639, 20.01538
1229.122, 27.65063
1229.604, 34.76538
1230.086, 41.90771
1230.568, 44.98779
1231.050, 41.87085
1231.532, 35.04480
1232.014, 22.88306
1232.496, 11.53674
1232.979, 10.06885
1233.461, 20.52087
1233.943, 24.84424
1234.425, 22.31799
1234.907, 20.41699
1235.389, 23.89062
1235.871, 27.63721
1236.353, 26.16626
1236.835, 22.19287
1237.318, 18.70886
1237.800, 15.33496
1238.282, 17.29004
1238.764, 24.85095
1239.246, 31.69104
1239.728, 34.64148
1240.210, 34.84302
1240.692, 29.62610
1241.175, 24.17810
1241.657, 26.51331
1242.139, 38.94287
1242.621, 43.50220
1243.103, 40.20520
1243.585, 35.62671
1244.067, 31.13098
1244.549, 29.86963
1245.031, 38.94153
1245.514, 48.96375
1245.996, 45.14856
1246.478, 25.38672
1246.960, 20.14832
1247.442, 29.32019
1247.924, 38.34473
1248.406, 34.63403
1248.888, 30.94946
1249.370, 37.79712
1249.853, 46.80664
1250.335, 46.98340
1250.817, 38.56006
1251.299, 25.25537
1251.781, 8.089722
1252.263, 2.255005
1252.745, 5.694580
1253.227, 16.14734
1253.710, 21.39307
1254.192, 25.84070
1254.674, 37.72534
1255.156, 54.86584
1255.638, 59.70337
1256.120, 52.18372
1256.602, 44.37073
1257.084, 43.73950
1257.567, 42.61914
1258.049, 37.69055
1258.531, 32.61230
1259.013, 35.96277
1259.495, 44.14172
1259.977, 42.35583
1260.459, 30.71863
1260.941, 22.41772
1261.423, 30.08911
1261.906, 31.28601
1262.388, 16.80823
1262.870, 0.9837650
1263.352, 10.32678
1263.834, 33.15515
1264.316, 41.34607
1264.798, 33.29041
1265.280, 24.34253
1265.762, 19.77356
1266.245, 12.37842
1266.727, 1.520630
1267.209, 12.54456
1267.691, 2.925171
1268.173, 15.33191
1268.655, 20.55469
1269.137, 12.03479
1269.619, 10.14136
1270.102, 20.80969
1270.584, 27.39600
1271.066, 25.42944
1271.548, 21.67957
1272.030, 25.77966
1272.512, 32.01868
1272.994, 33.24390
1273.476, 28.73975
1273.958, 22.04138
1274.441, 12.26379
1274.923, 8.650879
1275.405, 14.06885
1275.887, 20.56360
1276.369, 18.27966
1276.851, 13.77625
1277.333, 15.11926
1277.815, 20.72375
1278.297, 18.36243
1278.780, 7.652832
1279.262, 0.6334230
1279.744, 0.5307620
1280.226, 5.337891
1280.708, 30.12366
1281.190, 51.90564
1281.672, 52.21228
1282.154, 37.63049
1282.637, 31.22119
1283.119, 32.22998
1283.601, 33.60730
1284.083, 33.34912
1284.565, 35.55457
1285.047, 44.76672
1285.529, 51.19385
1286.011, 49.64868
1286.494, 42.59546
1286.976, 35.41675
1287.458, 28.76501
1287.940, 24.32239
1288.422, 21.98889
1288.904, 25.18298
1289.386, 43.79431
1289.868, 55.67358
1290.350, 49.13708
1290.833, 34.51416
1291.315, 28.84058
1291.797, 33.58472
1292.279, 43.05640
1292.761, 57.19641
1293.243, 58.23145
1293.725, 37.10583
1294.207, 22.93848
1294.689, 26.59497
1295.172, 36.81360
1295.654, 41.63464
1296.136, 41.76770
1296.618, 36.56775
1297.100, 24.92859
1297.582, 21.38721
1298.064, 29.62720
1298.546, 37.12476
1299.029, 39.60925
1299.511, 39.83484
1299.993, 43.53674
1300.475, 44.29382
1300.957, 31.21277
1301.439, 7.884888
1301.921, 2.223267
1302.403, 0.8330080
1302.885, 8.781860
1303.368, 21.70203
1303.850, 29.03503
1304.332, 16.21252
1304.814, 2.160278
1305.296, 2.160767
1305.778, 1.801392
1306.260, 11.79663
1306.742, 25.72498
1307.224, 35.31006
1307.707, 38.42017
1308.189, 37.26062
1308.671, 26.81799
1309.153, 17.07202
1309.635, 9.657837
1310.117, 3.364990
1310.599, 0.1009520
1311.081, 4.005737
1311.564, 7.915649
1312.046, 10.68799
1312.528, 10.98486
1313.010, 5.174194
1313.492, 1.839233
1313.974, 0.4774170
1314.456, 2.4413999E-02
1314.938, 0.0000000E+00
##END=



