##NAMES=Paratooite-(La)
##RRUFFID=R110066
##IDEAL CHEMISTRY=La_6_Cu(CO_3_)_8_
##LOCALITY=Paratoo mine, Yunta, South Australia
##OWNER=RRUFF
##SOURCE=Renato & Adriana Pagano
##DESCRIPTION=Aggregates of platy pale blue crystals
##STATUS=The identification of this mineral has been confirmed only by chemical analysis
##URL=rruff.info/R110066
##MEASURED CHEMISTRY=(La_1.93_Nd_0.48_Pr_0.15_Y_0.10_Gd_0.05_Sm_0.04_Na_1.65_Ca_1.53_Sr_0.33_)_Σ=6.26_Cu_0.81_C_7.98_O_23.75_F_0.23_S_0.02_
157.5064, 0.0000000E+00
157.9885, 6.265900
158.4706, 9.293213
158.9528, 10.35501
159.4349, 6.466125
159.9170, 0.8491520
160.3991, 2.837341
160.8812, 3.858643
161.3633, 2.952637
161.8455, 1.574280
162.3276, 0.4384160
162.8097, 0.6648560
163.2918, 2.180481
163.7739, 3.421875
164.2560, 5.615540
164.7382, 9.062988
165.2203, 13.74146
165.7024, 19.73413
166.1845, 27.40100
166.6666, 36.25800
167.1487, 45.59119
167.6309, 54.90381
168.1130, 65.21667
168.5951, 76.27948
169.0772, 88.38867
169.5593, 102.9507
170.0414, 122.3119
170.5236, 144.2587
171.0057, 165.7372
171.4878, 185.6158
171.9699, 205.1696
172.4520, 224.5381
172.9341, 243.9166
173.4163, 264.5386
173.8984, 288.6954
174.3805, 314.7987
174.8626, 339.2166
175.3447, 359.6127
175.8268, 378.7969
176.3090, 400.6061
176.7911, 424.8154
177.2732, 448.4285
177.7553, 462.9697
178.2374, 468.4832
178.7195, 471.6276
179.2017, 474.4643
179.6838, 477.2692
180.1659, 480.5848
180.6480, 484.6237
181.1301, 488.0797
181.6122, 489.4020
182.0944, 489.1722
182.5765, 489.0502
183.0586, 490.0294
183.5407, 491.5999
184.0228, 492.6147
184.5049, 492.7700
184.9871, 493.6728
185.4692, 497.8175
185.9513, 504.6955
186.4334, 511.1136
186.9155, 515.9313
187.3976, 519.1522
187.8798, 520.5803
188.3619, 519.9139
188.8440, 518.5541
189.3261, 518.1333
189.8082, 518.6537
190.2903, 519.8162
190.7725, 521.0974
191.2546, 522.8000
191.7367, 526.4635
192.2188, 532.5184
192.7009, 539.6455
193.1830, 545.7501
193.6652, 550.8036
194.1473, 555.0406
194.6294, 558.3936
195.1115, 560.8926
195.5936, 562.7458
196.0757, 563.7137
196.5579, 564.4731
197.0400, 566.6431
197.5221, 570.3860
198.0042, 573.7772
198.4863, 575.1584
198.9684, 574.4644
199.4506, 575.9290
199.9327, 580.1572
200.4148, 586.1759
200.8969, 591.9259
201.3790, 597.4871
201.8611, 602.9224
202.3433, 608.0565
202.8254, 612.7974
203.3075, 618.5470
203.7896, 625.4952
204.2717, 633.3060
204.7538, 641.0076
205.2360, 648.4781
205.7181, 656.1733
206.2002, 663.9589
206.6823, 671.4933
207.1644, 681.2301
207.6465, 693.8973
208.1287, 708.5077
208.6108, 722.5476
209.0929, 735.7007
209.5750, 749.1730
210.0571, 763.5613
210.5392, 779.0929
211.0214, 794.9261
211.5035, 811.2023
211.9856, 827.6448
212.4677, 843.6925
212.9498, 858.9968
213.4319, 874.9133
213.9140, 892.8591
214.3962, 913.7997
214.8783, 933.4510
215.3604, 947.9561
215.8425, 961.0258
216.3246, 976.3599
216.8067, 995.6897
217.2889, 1014.305
217.7710, 1029.048
218.2531, 1038.236
218.7352, 1048.671
219.2173, 1061.180
219.6994, 1075.508
220.1816, 1089.800
220.6637, 1104.419
221.1458, 1118.719
221.6279, 1132.109
222.1100, 1144.656
222.5921, 1156.438
223.0743, 1167.678
223.5564, 1178.192
224.0385, 1187.796
224.5206, 1196.233
225.0027, 1203.841
225.4848, 1210.546
225.9670, 1215.367
226.4491, 1221.838
226.9312, 1231.674
227.4133, 1243.556
227.8954, 1251.114
228.3775, 1251.523
228.8597, 1251.500
229.3418, 1255.627
229.8239, 1267.287
230.3060, 1274.987
230.7881, 1276.361
231.2702, 1272.875
231.7524, 1271.441
232.2345, 1272.667
232.7166, 1274.899
233.1987, 1277.269
233.6808, 1280.126
234.1629, 1282.215
234.6451, 1283.612
235.1272, 1284.160
235.6093, 1283.307
236.0914, 1280.893
236.5735, 1277.310
237.0556, 1272.420
237.5378, 1264.580
238.0199, 1259.312
238.5020, 1258.370
238.9841, 1260.327
239.4662, 1259.169
239.9483, 1253.653
240.4305, 1246.893
240.9126, 1240.512
241.3947, 1234.982
241.8768, 1228.869
242.3589, 1221.684
242.8410, 1213.946
243.3232, 1207.504
243.8053, 1203.455
244.2874, 1199.177
244.7695, 1193.200
245.2516, 1184.266
245.7337, 1176.182
246.2159, 1169.126
246.6980, 1162.890
247.1801, 1157.153
247.6622, 1152.531
248.1443, 1147.361
248.6264, 1140.875
249.1086, 1132.686
249.5907, 1124.022
250.0728, 1114.917
250.5549, 1105.256
251.0370, 1094.771
251.5191, 1083.398
252.0013, 1071.581
252.4834, 1059.254
252.9655, 1046.231
253.4476, 1033.500
253.9297, 1021.478
254.4118, 1009.628
254.8940, 996.5371
255.3761, 982.5178
255.8582, 966.8029
256.3403, 948.6597
256.8224, 927.0349
257.3046, 906.3145
257.7867, 887.1189
258.2688, 868.6753
258.7509, 849.6802
259.2330, 830.5352
259.7151, 810.0867
260.1973, 787.5134
260.6794, 762.6719
261.1615, 738.3242
261.6436, 714.4895
262.1257, 691.3604
262.6078, 669.6587
263.0900, 650.4753
263.5721, 630.8938
264.0542, 609.7672
264.5363, 586.4209
265.0184, 564.1770
265.5005, 543.0089
265.9827, 522.9191
266.4648, 503.3079
266.9469, 483.9750
267.4290, 466.3376
267.9111, 451.0425
268.3932, 438.3512
268.8754, 423.7966
269.3575, 407.0081
269.8396, 389.2115
270.3217, 371.9678
270.8038, 355.1442
271.2859, 339.2695
271.7681, 324.5625
272.2502, 311.0233
272.7323, 298.4016
273.2144, 286.9685
273.6965, 276.1190
274.1786, 265.2190
274.6608, 254.0306
275.1429, 243.9814
275.6250, 235.6322
276.1071, 228.7177
276.5892, 221.0094
277.0714, 212.5564
277.5535, 203.5808
278.0356, 194.1650
278.5177, 184.2417
278.9998, 174.3892
279.4819, 164.3744
279.9641, 154.5697
280.4462, 147.6885
280.9283, 144.4633
281.4104, 140.9916
281.8925, 133.1906
282.3746, 121.0159
282.8568, 110.7949
283.3389, 103.8936
283.8210, 99.38879
284.3031, 95.05383
284.7852, 90.97388
285.2673, 86.51550
285.7495, 80.83948
286.2316, 74.10156
286.7137, 68.12463
287.1958, 63.29553
287.6779, 59.13770
288.1600, 54.31421
288.6422, 48.79163
289.1243, 44.20996
289.6064, 42.40125
290.0885, 42.71289
290.5706, 41.73975
291.0527, 38.79590
291.5349, 35.30212
292.0170, 34.08118
292.4991, 34.86707
292.9812, 34.73547
293.4633, 31.26538
293.9454, 25.54736
294.4276, 21.05420
294.9097, 18.07983
295.3918, 16.08142
295.8739, 14.79028
296.3560, 14.07483
296.8381, 13.17139
297.3203, 11.41663
297.8024, 9.314941
298.2845, 8.163208
298.7666, 8.096436
299.2487, 7.801514
299.7308, 5.381470
300.2130, 1.546265
300.6951, 1.615234
301.1772, 3.299438
301.6593, 3.825928
302.1414, 3.278076
302.6235, 1.681885
303.1057, 0.1950680
303.5878, 0.3753660
304.0699, 0.1402590
304.5520, 0.7333980
305.0341, 2.579712
305.5162, 4.657715
305.9984, 6.631104
306.4805, 8.355469
306.9626, 9.041260
307.4447, 6.773682
307.9268, 3.544434
308.4089, 2.124390
308.8911, 4.238281
309.3732, 6.770386
309.8553, 7.351318
310.3374, 6.288086
310.8195, 4.637695
311.3016, 1.695435
311.7838, 0.8895260
312.2659, 1.318604
312.7480, 1.715210
313.2301, 4.651611
313.7122, 5.057129
314.1943, 3.858398
314.6765, 2.967407
315.1586, 4.037964
315.6407, 5.125000
316.1228, 4.700928
316.6049, 2.076538
317.0870, 3.7597999E-02
317.5692, 0.1840820
318.0513, 1.570801
318.5334, 2.872314
319.0155, 3.166992
319.4976, 3.705566
319.9797, 5.551514
320.4619, 8.987793
320.9440, 10.98145
321.4261, 9.061646
321.9082, 5.948608
322.3903, 4.218140
322.8724, 5.066040
323.3546, 6.729004
323.8367, 9.481201
324.3188, 13.22058
324.8009, 15.48962
325.2830, 14.28369
325.7651, 12.43140
326.2473, 11.75464
326.7294, 13.58789
327.2115, 15.19458
327.6936, 16.41296
328.1757, 17.18713
328.6578, 17.46033
329.1400, 17.30933
329.6221, 16.54919
330.1042, 14.99292
330.5863, 11.22034
331.0684, 9.026733
331.5505, 9.524414
332.0327, 11.42517
332.5148, 11.83813
332.9969, 10.13562
333.4790, 7.872559
333.9611, 5.603760
334.4432, 3.503662
334.9254, 0.8718260
335.4075, 2.338013
335.8896, 5.950684
336.3717, 9.803223
336.8538, 14.01123
337.3359, 18.06421
337.8180, 21.70227
338.3001, 24.93286
338.7823, 28.78125
339.2644, 33.67810
339.7465, 38.34973
340.2286, 41.15088
340.7107, 41.60449
341.1928, 43.17456
341.6750, 46.74512
342.1571, 51.87500
342.6392, 56.69788
343.1213, 61.19836
343.6034, 65.71545
344.0855, 70.53284
344.5677, 75.61780
345.0498, 80.90369
345.5319, 86.38391
346.0140, 92.01587
346.4961, 97.43652
346.9782, 102.6733
347.4604, 108.7560
347.9425, 115.8185
348.4246, 124.1516
348.9067, 135.6260
349.3888, 151.0836
349.8709, 165.9774
350.3531, 173.6664
350.8352, 175.7437
351.3173, 178.1710
351.7994, 183.5745
352.2815, 190.9454
352.7636, 198.5931
353.2458, 206.5078
353.7279, 215.2554
354.2100, 226.3745
354.6921, 238.4723
355.1742, 248.9916
355.6563, 256.0350
356.1385, 262.4712
356.6206, 271.5347
357.1027, 282.7302
357.5848, 293.2593
358.0669, 301.4641
358.5490, 308.1462
359.0312, 313.8972
359.5133, 318.3771
359.9954, 323.3723
360.4775, 330.9062
360.9596, 339.7395
361.4417, 347.1396
361.9239, 351.0953
362.4060, 354.1586
362.8881, 357.9633
363.3702, 363.0137
363.8523, 366.7770
364.3344, 368.1193
364.8166, 367.9075
365.2987, 367.1207
365.7808, 365.7374
366.2629, 363.9259
366.7450, 361.7003
367.2271, 359.0968
367.7093, 356.1906
368.1914, 353.4110
368.6735, 350.0168
369.1556, 345.5469
369.6377, 338.7417
370.1198, 332.5818
370.6020, 327.7673
371.0841, 323.5168
371.5662, 317.5021
372.0483, 308.4772
372.5304, 299.4633
373.0125, 291.8308
373.4947, 286.6863
373.9768, 279.8556
374.4589, 270.4869
374.9410, 260.1199
375.4231, 251.5452
375.9052, 245.4808
376.3874, 238.9540
376.8695, 230.9873
377.3516, 221.5072
377.8337, 212.6991
378.3158, 204.4270
378.7979, 196.7523
379.2801, 190.2914
379.7622, 185.1431
380.2443, 179.4895
380.7264, 172.3053
381.2085, 164.4609
381.6906, 158.4736
382.1728, 154.3679
382.6549, 150.8136
383.1370, 147.3480
383.6191, 143.8514
384.1012, 139.8237
384.5833, 134.8916
385.0655, 129.6814
385.5476, 125.1904
386.0297, 121.1844
386.5118, 117.0140
386.9939, 111.8669
387.4760, 106.5969
387.9582, 102.6494
388.4403, 100.1782
388.9224, 97.89026
389.4045, 95.06555
389.8866, 91.52417
390.3687, 87.07471
390.8509, 80.48633
391.3330, 74.59045
391.8151, 71.85852
392.2972, 71.66858
392.7793, 71.47217
393.2614, 70.47766
393.7436, 68.74207
394.2257, 65.98218
394.7078, 61.34790
395.1899, 57.62793
395.6720, 56.30310
396.1541, 56.38770
396.6363, 56.29541
397.1184, 55.25061
397.6005, 54.21045
398.0826, 53.81799
398.5647, 54.31726
399.0468, 53.53052
399.5290, 50.00427
400.0111, 45.84009
400.4932, 42.68396
400.9753, 40.70142
401.4574, 39.55945
401.9395, 40.06006
402.4217, 41.57617
402.9038, 40.90930
403.3859, 36.53406
403.8680, 32.23596
404.3501, 29.99768
404.8322, 30.63501
405.3144, 30.49451
405.7965, 29.31628
406.2786, 27.67871
406.7607, 26.37878
407.2428, 25.36743
407.7249, 24.99695
408.2071, 25.73462
408.6892, 27.28467
409.1713, 27.70447
409.6534, 26.90137
410.1355, 25.58691
410.6176, 24.09912
411.0998, 22.49622
411.5819, 21.01636
412.0640, 19.72412
412.5461, 18.56775
413.0282, 17.85254
413.5103, 17.45593
413.9925, 16.62219
414.4746, 13.98474
414.9567, 10.95056
415.4388, 10.37573
415.9209, 12.72852
416.4030, 15.15637
416.8852, 15.17749
417.3673, 13.70215
417.8494, 12.22156
418.3315, 11.51733
418.8136, 10.83936
419.2957, 9.528931
419.7779, 7.724976
420.2600, 6.240845
420.7421, 5.697144
421.2242, 5.494995
421.7063, 5.152832
422.1884, 4.098999
422.6706, 3.819702
423.1527, 5.660889
423.6348, 8.412842
424.1169, 9.809204
424.5990, 7.691406
425.0811, 5.914795
425.5633, 6.022827
426.0454, 8.468628
426.5275, 9.434692
427.0096, 7.275391
427.4917, 4.900757
427.9738, 4.862793
428.4560, 8.652222
428.9381, 11.63110
429.4202, 13.31543
429.9023, 13.79285
430.3844, 13.16943
430.8665, 10.99451
431.3487, 9.005371
431.8308, 8.352539
432.3129, 9.151611
432.7950, 8.883179
433.2771, 7.222900
433.7592, 5.341431
434.2414, 4.949097
434.7235, 5.920898
435.2056, 6.647339
435.6877, 6.640015
436.1698, 6.085815
436.6519, 4.840210
437.1341, 3.005737
437.6162, 2.174561
438.0983, 4.988403
438.5804, 9.256714
439.0625, 10.84705
439.5446, 8.477051
440.0268, 5.434448
440.5089, 4.440674
440.9910, 4.936279
441.4731, 5.785156
441.9552, 6.637207
442.4373, 7.535400
442.9195, 8.591431
443.4016, 9.787476
443.8837, 10.77002
444.3658, 11.40662
444.8479, 11.73425
445.3300, 11.75793
445.8122, 10.94946
446.2943, 10.49683
446.7764, 10.86536
447.2585, 11.73657
447.7406, 12.29907
448.2227, 12.11401
448.7049, 12.06665
449.1870, 12.52222
449.6691, 13.64160
450.1512, 14.29724
450.6333, 14.22095
451.1154, 13.99280
451.5976, 14.40125
452.0797, 16.04993
452.5618, 16.26025
453.0439, 14.09485
453.5260, 10.53516
454.0081, 8.332764
454.4903, 7.548096
454.9724, 7.846069
455.4545, 9.814209
455.9366, 13.04211
456.4187, 14.35938
456.9008, 13.36243
457.3830, 12.03967
457.8651, 12.85461
458.3472, 15.28369
458.8293, 17.71338
459.3114, 19.96948
459.7935, 21.54004
460.2757, 21.41296
460.7578, 19.90894
461.2399, 18.62415
461.7220, 18.60559
462.2041, 19.19189
462.6862, 19.94775
463.1684, 20.94080
463.6505, 21.55591
464.1326, 21.13391
464.6147, 20.27307
465.0968, 19.73401
465.5789, 20.97278
466.0611, 21.40552
466.5432, 19.68018
467.0253, 16.03174
467.5074, 9.467896
467.9895, 15.45691
468.4716, 18.91260
468.9538, 19.96582
469.4359, 11.48682
469.9180, 15.27307
470.4001, 14.12024
470.8822, 12.75476
471.3643, 18.23547
471.8465, 11.07288
472.3286, 16.38611
472.8107, 16.64111
473.2928, 19.17078
473.7749, 16.79956
474.2570, 16.00024
474.7392, 20.15601
475.2213, 21.54480
475.7034, 18.59741
476.1855, 21.30640
476.6676, 13.87524
477.1497, 15.30664
477.6319, 20.53162
478.1140, 17.70679
478.5961, 20.37854
479.0782, 20.95154
479.5603, 11.97998
480.0424, 15.57153
480.5246, 15.47778
481.0067, 15.83521
481.4888, 18.48755
481.9709, 21.25635
482.4530, 21.82068
482.9352, 18.56018
483.4173, 16.08936
483.8994, 17.65454
484.3815, 20.83313
484.8636, 21.92419
485.3457, 17.74658
485.8279, 13.83142
486.3100, 11.96033
486.7921, 12.13428
487.2742, 11.66626
487.7563, 9.473755
488.2384, 7.732178
488.7206, 7.803955
489.2027, 10.62695
489.6848, 12.88940
490.1669, 14.73779
490.6490, 15.87000
491.1311, 15.44800
491.6133, 13.15820
492.0954, 11.47180
492.5775, 11.36133
493.0596, 12.38831
493.5417, 12.91162
494.0238, 12.90039
494.5060, 12.84119
494.9881, 13.41333
495.4702, 14.18127
495.9523, 14.09131
496.4344, 12.91626
496.9165, 11.12854
497.3987, 8.134277
497.8808, 4.921997
498.3629, 3.487549
498.8450, 6.700317
499.3271, 10.28088
499.8092, 11.16541
500.2914, 9.818237
500.7735, 8.731812
501.2556, 9.678833
501.7377, 10.62585
502.2198, 10.35388
502.7019, 8.388428
503.1841, 6.115723
503.6662, 2.219238
504.1483, 1.258057
504.6304, 1.751709
505.1125, 3.333130
505.5946, 7.188232
506.0768, 8.522827
506.5589, 7.786987
507.0410, 7.304443
507.5231, 7.222656
508.0052, 6.943359
508.4873, 5.826538
508.9695, 3.861572
509.4516, 3.304077
509.9337, 4.497559
510.4158, 5.689941
510.8979, 4.010742
511.3800, 0.2708740
511.8622, 1.443359
512.3443, 0.9957280
512.8264, 4.465942
513.3085, 4.483154
513.7906, 1.872437
514.2728, 0.4455570
514.7549, 0.1563720
515.2370, 0.6948240
515.7191, 5.2124001E-02
516.2012, 2.318604
516.6833, 3.976074
517.1655, 3.015869
517.6476, 1.250366
518.1297, 0.2434080
518.6118, 1.294678
519.0939, 1.896973
519.5760, 1.238525
520.0582, 0.1166990
520.5403, 0.8284910
521.0224, 0.4677730
521.5045, 2.7953999E-02
521.9866, 0.2358400
522.4688, 0.3308110
522.9509, 0.6208500
523.4330, 1.349243
523.9151, 1.740723
524.3972, 0.9311520
524.8793, 1.085327
525.3615, 2.365479
525.8436, 2.700317
526.3257, 2.721924
526.8078, 3.371094
527.2899, 4.506226
527.7720, 5.812988
528.2542, 7.428711
528.7363, 8.801636
529.2184, 8.779419
529.7005, 7.595825
530.1826, 7.036621
530.6647, 8.913208
531.1469, 11.35217
531.6290, 12.76318
532.1111, 12.80347
532.5932, 12.43652
533.0753, 11.45996
533.5574, 10.54785
534.0396, 10.41492
534.5217, 12.11560
535.0038, 13.53589
535.4859, 14.30005
535.9680, 14.58264
536.4501, 14.92627
536.9323, 15.34497
537.4144, 15.78320
537.8965, 16.07776
538.3786, 16.19434
538.8607, 17.24829
539.3428, 19.43750
539.8250, 21.86902
540.3071, 23.88391
540.7892, 25.42725
541.2713, 26.21411
541.7534, 26.07434
542.2355, 25.46155
542.7177, 24.62415
543.1998, 23.77332
543.6819, 23.62122
544.1640, 24.80408
544.6461, 26.60815
545.1282, 29.18994
545.6104, 32.18677
546.0925, 33.44922
546.5746, 29.48279
547.0567, 25.09338
547.5388, 23.86816
548.0209, 27.50806
548.5031, 30.24792
548.9852, 30.75415
549.4673, 29.85791
549.9494, 28.34375
550.4315, 24.75500
550.9136, 22.93457
551.3958, 24.12329
551.8779, 27.10742
552.3600, 28.06665
552.8421, 26.39050
553.3242, 24.84302
553.8063, 24.91772
554.2885, 26.26941
554.7706, 25.91296
555.2527, 23.71973
555.7348, 21.22754
556.2169, 19.83093
556.6990, 19.18628
557.1812, 18.23914
557.6633, 16.66284
558.1454, 15.43079
558.6275, 16.19067
559.1096, 17.85461
559.5917, 18.51526
560.0739, 14.83887
560.5560, 12.39832
561.0381, 15.79456
561.5202, 23.36475
562.0023, 27.86633
562.4844, 24.41089
562.9666, 20.16772
563.4487, 18.27917
563.9308, 19.24854
564.4129, 20.40674
564.8950, 22.90662
565.3771, 24.30737
565.8593, 22.00244
566.3414, 14.68396
566.8235, 9.211182
567.3056, 6.354736
567.7877, 5.351807
568.2698, 5.173828
568.7520, 5.812744
569.2341, 6.450562
569.7162, 7.077515
570.1983, 7.373047
570.6804, 6.139160
571.1625, 3.710693
571.6447, 2.089355
572.1268, 3.454102
572.6089, 5.779663
573.0910, 7.107910
573.5731, 7.156738
574.0552, 6.696533
574.5374, 5.848022
575.0195, 4.877197
575.5016, 3.958374
575.9837, 2.398315
576.4658, 1.691162
576.9479, 2.059692
577.4301, 3.308838
577.9122, 5.169800
578.3943, 8.126953
578.8764, 10.63525
579.3585, 12.29077
579.8406, 13.11755
580.3228, 13.38013
580.8049, 13.08887
581.2870, 12.23364
581.7691, 10.30591
582.2512, 7.787720
582.7333, 6.439453
583.2155, 6.347046
583.6975, 6.903320
584.1796, 8.098511
584.6617, 9.683350
585.1439, 11.38977
585.6260, 13.15662
586.1081, 14.56982
586.5902, 15.59253
587.0723, 16.21228
587.5544, 16.31238
588.0366, 15.02856
588.5187, 14.01355
589.0008, 13.94971
589.4829, 14.83765
589.9650, 15.67896
590.4471, 16.00098
590.9293, 16.27307
591.4114, 17.00220
591.8935, 18.39160
592.3756, 19.59094
592.8577, 20.56592
593.3398, 21.28003
593.8220, 21.92004
594.3041, 22.41077
594.7862, 21.96106
595.2683, 20.15906
595.7504, 17.78394
596.2325, 15.73401
596.7147, 14.11316
597.1968, 13.19775
597.6789, 13.33337
598.1610, 14.03430
598.6431, 15.36926
599.1252, 17.11255
599.6074, 18.25293
600.0895, 18.33728
600.5716, 17.82507
601.0537, 16.69580
601.5358, 14.67798
602.0179, 13.45215
602.5001, 13.34827
602.9822, 13.72473
603.4643, 14.17322
603.9464, 14.76392
604.4285, 15.19446
604.9106, 15.49146
605.3928, 15.55542
605.8749, 15.30457
606.3570, 14.71985
606.8391, 13.51001
607.3212, 11.13342
607.8033, 8.659058
608.2855, 7.740601
608.7676, 8.138184
609.2497, 8.953003
609.7318, 10.16284
610.2139, 11.22083
610.6960, 11.76758
611.1782, 11.77161
611.6603, 11.16064
612.1424, 8.804810
612.6245, 6.623901
613.1066, 5.965088
613.5887, 8.037354
614.0709, 9.056641
614.5530, 8.546997
615.0351, 7.460205
615.5172, 6.664551
615.9993, 6.082031
616.4814, 6.350342
616.9636, 7.987793
617.4457, 9.882324
617.9278, 9.442749
618.4099, 6.915161
618.8920, 4.912720
619.3741, 4.535156
619.8563, 5.235718
620.3384, 7.084595
620.8205, 9.634277
621.3026, 10.68616
621.7847, 7.437744
622.2668, 3.299683
622.7490, 0.8942870
623.2311, 0.5820310
623.7132, 0.4538570
624.1953, 5.8594000E-02
624.6774, 0.4792480
625.1595, 0.4143070
625.6417, 0.8162840
626.1238, 1.208740
626.6059, 0.3424070
627.0880, 0.8542480
627.5701, 0.9874270
628.0522, 0.1098630
628.5344, 0.7109380
629.0165, 0.3048100
629.4986, 0.5662840
629.9807, 0.9510500
630.4628, 0.8863530
630.9449, 0.5404050
631.4271, 0.2541500
631.9092, 1.098389
632.3913, 1.528320
632.8734, 1.572144
633.3555, 1.505005
633.8376, 1.329224
634.3198, 1.159302
634.8019, 1.012451
635.2840, 0.8376460
635.7661, 0.9547120
636.2482, 1.933838
636.7303, 2.778931
637.2125, 2.731079
637.6946, 1.357300
638.1767, 0.4304200
638.6588, 0.1695560
639.1409, 0.1372070
639.6230, 0.5382080
640.1052, 1.762085
640.5873, 1.902222
641.0694, 0.1073000
641.5515, 2.284546
642.0336, 0.7268070
642.5157, 3.282959
642.9979, 6.029663
643.4800, 4.540894
643.9621, 2.070679
644.4442, 0.7298580
644.9263, 0.4117430
645.4084, 0.2390140
645.8906, 0.5030520
646.3727, 0.7757570
646.8548, 0.4334720
647.3369, 3.586426
647.8190, 4.331421
648.3011, 1.034058
648.7833, 2.236816
649.2654, 1.938477
649.7475, 2.343872
650.2296, 5.057617
650.7117, 5.790283
651.1938, 5.396240
651.6760, 5.060303
652.1581, 4.468140
652.6402, 2.414429
653.1223, 2.160522
653.6044, 6.690918
654.0865, 8.724854
654.5687, 9.119263
655.0508, 9.549683
655.5329, 11.38599
656.0150, 12.61450
656.4971, 11.87695
656.9792, 9.679688
657.4614, 8.701294
657.9435, 9.456055
658.4256, 10.86292
658.9077, 12.88379
659.3898, 15.44885
659.8719, 16.64197
660.3541, 16.10718
660.8362, 15.84033
661.3183, 17.74585
661.8004, 21.14844
662.2825, 23.24194
662.7646, 23.80371
663.2468, 24.37769
663.7289, 27.37952
664.2110, 30.81470
664.6931, 31.77380
665.1752, 28.58240
665.6573, 25.68481
666.1395, 25.09656
666.6216, 25.86243
667.1037, 26.80640
667.5858, 28.35461
668.0679, 29.31995
668.5500, 29.58130
669.0322, 29.21399
669.5143, 28.16382
669.9964, 26.15784
670.4785, 24.79297
670.9606, 24.79639
671.4427, 25.58630
671.9249, 25.50488
672.4070, 24.64380
672.8891, 23.78918
673.3712, 23.61279
673.8533, 23.56775
674.3354, 22.95984
674.8176, 21.82324
675.2997, 20.69312
675.7818, 19.73145
676.2639, 18.96387
676.7460, 18.44568
677.2281, 18.27271
677.7103, 18.05396
678.1924, 17.66235
678.6745, 17.33118
679.1566, 17.23621
679.6387, 17.41138
680.1208, 17.63196
680.6030, 17.85669
681.0851, 18.19702
681.5672, 18.61316
682.0493, 19.20215
682.5314, 20.59033
683.0135, 23.15186
683.4957, 26.06970
683.9778, 28.80981
684.4599, 31.15503
684.9420, 32.58435
685.4241, 31.53235
685.9063, 31.19763
686.3884, 33.00574
686.8705, 36.46558
687.3526, 39.92236
687.8347, 43.51074
688.3168, 46.86157
688.7990, 49.56738
689.2811, 51.93750
689.7632, 56.01526
690.2453, 62.10278
690.7274, 67.63916
691.2095, 70.44177
691.6917, 71.53601
692.1738, 74.48645
692.6559, 79.17749
693.1380, 83.17517
693.6201, 83.72510
694.1022, 83.26062
694.5844, 84.28174
695.0665, 87.32922
695.5486, 90.23376
696.0307, 91.84106
696.5128, 93.22668
696.9949, 95.36450
697.4771, 99.30518
697.9592, 101.5546
698.4413, 101.3677
698.9234, 100.7085
699.4055, 102.3745
699.8876, 106.4227
700.3698, 108.0505
700.8519, 106.3427
701.3340, 102.7672
701.8161, 97.82446
702.2982, 92.33447
702.7803, 88.49866
703.2625, 88.08777
703.7446, 88.47791
704.2267, 87.94373
704.7088, 86.82422
705.1909, 85.85925
705.6730, 86.47229
706.1552, 86.36145
706.6373, 83.86267
707.1194, 79.79248
707.6015, 78.50244
708.0836, 80.81482
708.5657, 83.48999
709.0479, 85.15112
709.5300, 86.13171
710.0121, 87.98975
710.4942, 90.78186
710.9763, 93.89807
711.4584, 96.36023
711.9406, 98.95703
712.4227, 102.7017
712.9048, 107.6530
713.3869, 113.2350
713.8690, 119.9528
714.3511, 126.6494
714.8333, 132.4884
715.3154, 136.8013
715.7975, 142.2542
716.2796, 149.8285
716.7617, 157.4717
717.2438, 163.6276
717.7260, 168.1432
718.2081, 172.3278
718.6902, 176.0612
719.1723, 180.1824
719.6544, 186.8112
720.1365, 194.4913
720.6187, 199.2512
721.1008, 199.5791
721.5829, 198.8682
722.0650, 199.1189
722.5471, 200.0625
723.0292, 201.3518
723.5114, 204.6188
723.9935, 205.9987
724.4756, 203.6633
724.9577, 199.5267
725.4398, 197.0090
725.9219, 197.1871
726.4041, 195.4457
726.8862, 190.1172
727.3683, 182.9656
727.8504, 179.2517
728.3325, 178.3027
728.8146, 175.4917
729.2968, 167.3666
729.7789, 157.3975
730.2610, 149.2126
730.7431, 142.5413
731.2252, 136.4078
731.7073, 130.4611
732.1895, 124.8926
732.6716, 119.6196
733.1537, 114.6847
733.6358, 110.9569
734.1179, 108.9491
734.6000, 107.3717
735.0822, 105.9373
735.5643, 104.5704
736.0464, 102.1573
736.5285, 98.63416
737.0106, 95.54968
737.4927, 94.38281
737.9749, 94.25781
738.4570, 93.79443
738.9391, 92.92285
739.4212, 91.84949
739.9033, 90.24939
740.3854, 88.38928
740.8676, 86.66333
741.3497, 85.03882
741.8318, 84.11072
742.3139, 84.01562
742.7960, 83.97314
743.2781, 83.58362
743.7603, 82.82007
744.2424, 82.11841
744.7245, 81.42493
745.2066, 81.19153
745.6887, 82.73987
746.1708, 85.05969
746.6530, 85.01038
747.1351, 81.52686
747.6172, 77.92810
748.0993, 76.73743
748.5814, 76.83057
749.0635, 76.93628
749.5457, 76.26013
750.0278, 76.48389
750.5099, 78.33337
750.9920, 80.61731
751.4741, 81.93494
751.9562, 82.11169
752.4384, 82.00610
752.9205, 81.25940
753.4026, 80.40393
753.8847, 80.76660
754.3668, 82.07446
754.8489, 83.09277
755.3311, 83.67810
755.8132, 83.42676
756.2953, 81.03003
756.7774, 77.59888
757.2595, 75.33325
757.7416, 76.56580
758.2238, 77.10803
758.7059, 75.55566
759.1880, 72.80310
759.6701, 70.73364
760.1522, 69.82385
760.6343, 67.95386
761.1165, 64.05457
761.5986, 59.41394
762.0807, 57.64587
762.5628, 58.23914
763.0449, 58.18604
763.5270, 55.82886
764.0092, 52.44434
764.4913, 48.39307
764.9734, 44.17932
765.4555, 41.30371
765.9376, 42.42517
766.4197, 42.76648
766.9019, 39.86963
767.3840, 34.62061
767.8661, 31.28235
768.3482, 30.49121
768.8303, 29.74658
769.3124, 27.99011
769.7946, 25.54700
770.2767, 23.09204
770.7588, 20.73254
771.2409, 19.48047
771.7230, 21.34680
772.2051, 23.73926
772.6873, 23.75781
773.1694, 21.58142
773.6515, 19.27478
774.1336, 17.33740
774.6157, 15.62427
775.0978, 14.05933
775.5800, 12.64880
776.0621, 11.65259
776.5442, 11.36621
777.0263, 10.67664
777.5084, 8.490112
777.9905, 5.369263
778.4727, 4.124146
778.9548, 4.614380
779.4369, 5.752441
779.9190, 7.677734
780.4011, 9.281372
780.8832, 9.142700
781.3654, 7.196655
781.8475, 5.573242
782.3296, 5.382446
782.8117, 5.286987
783.2938, 4.540649
783.7759, 3.053589
784.2581, 2.120850
784.7402, 1.982178
785.2223, 1.731567
785.7044, 0.3669430
786.1865, 1.635254
786.6686, 2.380127
787.1508, 1.811768
787.6329, 0.8022460
788.1150, 0.6722410
788.5971, 1.860718
789.0792, 1.659302
789.5613, 0.2850340
790.0435, 1.321533
790.5256, 1.121216
791.0077, 0.4343260
791.4898, 3.985229
791.9719, 10.13684
792.4540, 13.53052
792.9362, 13.82947
793.4183, 12.44629
793.9004, 9.685059
794.3825, 6.206787
794.8646, 4.256470
795.3467, 3.997192
795.8289, 3.599976
796.3110, 0.7835690
796.7931, 2.083740
797.2752, 2.508301
797.7573, 0.7647710
798.2394, 2.138916
798.7216, 0.5722660
799.2037, 3.550781
799.6858, 4.261353
800.1679, 2.320313
800.6500, 0.8747560
801.1321, 0.1120610
801.6143, 0.5438230
802.0964, 0.1132810
802.5785, 0.8714600
803.0606, 2.066772
803.5427, 3.486816
804.0248, 4.212769
804.5070, 3.281372
804.9891, 1.767090
805.4712, 0.3682860
805.9533, 1.024048
806.4354, 1.479248
806.9175, 0.2453610
807.3997, 0.8489990
807.8818, 0.1408690
808.3639, 3.112549
808.8460, 3.282104
809.3281, 0.2585450
809.8102, 2.738647
810.2924, 2.536621
810.7745, 0.6475830
811.2566, 1.184692
811.7387, 2.800537
812.2208, 3.492310
812.7029, 1.871826
813.1851, 6.7016996E-02
813.6672, 0.2862550
814.1493, 1.354858
814.6314, 1.983398
815.1135, 1.071899
815.5956, 0.4620360
816.0778, 2.275879
816.5599, 5.781128
817.0420, 7.507324
817.5241, 7.241211
818.0062, 6.117920
818.4883, 3.907349
818.9705, 1.940430
819.4526, 1.761353
819.9347, 3.785767
820.4168, 5.650024
820.8989, 7.359131
821.3810, 8.276611
821.8632, 7.651978
822.3453, 5.138794
822.8274, 5.150513
823.3095, 8.182739
823.7916, 10.85352
824.2737, 9.941040
824.7559, 6.912231
825.2380, 4.352173
825.7201, 2.481445
826.2022, 1.615479
826.6843, 2.970947
827.1664, 4.625977
827.6486, 5.343750
828.1307, 4.921021
828.6128, 3.865967
829.0949, 1.374268
829.5770, 0.3737790
830.0591, 0.2587890
830.5413, 2.958252
831.0234, 4.215332
831.5055, 4.036011
831.9876, 3.512329
832.4697, 3.436035
832.9518, 3.417480
833.4340, 3.017334
833.9161, 2.230957
834.3982, 1.344604
834.8803, 0.2691650
835.3624, 1.208130
835.8445, 0.8532710
836.3267, 0.7540280
836.8088, 3.061523
837.2909, 6.391479
837.7730, 8.919067
838.2551, 9.262329
838.7372, 8.216309
839.2194, 7.554932
839.7015, 7.356445
840.1836, 8.078735
840.6657, 11.10571
841.1478, 14.20984
841.6299, 16.05518
842.1121, 16.62915
842.5942, 16.48560
843.0763, 14.76758
843.5584, 13.93787
844.0405, 14.81067
844.5226, 17.06360
845.0048, 19.91577
845.4869, 23.30798
845.9690, 26.10828
846.4511, 27.26929
846.9332, 27.91064
847.4153, 29.09924
847.8975, 30.71912
848.3796, 32.60645
848.8617, 34.95874
849.3438, 37.31665
849.8259, 39.43994
850.3080, 41.52698
850.7902, 44.47119
851.2723, 48.69409
851.7544, 50.97632
852.2365, 49.81213
852.7186, 47.15442
853.2007, 46.32410
853.6829, 46.84839
854.1650, 47.40405
854.6471, 47.15991
855.1292, 47.02356
855.6113, 47.50781
856.0934, 48.38342
856.5756, 49.52356
857.0577, 51.06604
857.5398, 52.27344
858.0219, 53.41870
858.5040, 54.03564
858.9861, 53.12085
859.4683, 50.86157
859.9504, 48.50037
860.4325, 46.19971
860.9146, 44.09155
861.3967, 43.27466
861.8788, 42.37561
862.3610, 39.52600
862.8431, 31.53406
863.3252, 26.80591
863.8073, 27.99414
864.2894, 30.45190
864.7715, 29.16284
865.2537, 23.79834
865.7358, 21.16895
866.2179, 21.92273
866.7000, 23.22644
867.1821, 21.53015
867.6642, 18.64868
868.1464, 18.12622
868.6285, 21.03772
869.1106, 23.03943
869.5927, 21.13318
870.0748, 18.73010
870.5569, 18.11340
871.0391, 19.52112
871.5212, 20.61023
872.0033, 21.32092
872.4854, 22.08887
872.9675, 23.42151
873.4496, 24.97998
873.9318, 26.22229
874.4139, 27.04773
874.8960, 27.18457
875.3781, 25.31006
875.8602, 22.96875
876.3423, 20.91113
876.8245, 19.24500
877.3066, 18.18604
877.7887, 17.97388
878.2708, 18.01892
878.7529, 18.28992
879.2350, 18.62390
879.7172, 17.97266
880.1993, 16.60388
880.6814, 16.01965
881.1635, 17.84241
881.6456, 20.04370
882.1277, 20.75574
882.6099, 20.58923
883.0920, 21.41101
883.5741, 24.77161
884.0562, 27.42896
884.5383, 29.06824
885.0204, 29.53638
885.5026, 27.70300
885.9847, 23.79626
886.4668, 21.84314
886.9489, 23.74866
887.4310, 26.13892
887.9131, 25.61206
888.3953, 23.25732
888.8774, 20.59265
889.3595, 17.49207
889.8416, 15.05432
890.3237, 14.10498
890.8058, 13.33350
891.2880, 10.90955
891.7701, 6.568848
892.2522, 4.501343
892.7343, 5.267334
893.2164, 6.532715
893.6985, 6.144165
894.1807, 4.742188
894.6628, 2.824097
895.1449, 0.2701420
895.6270, 1.552124
896.1091, 1.826782
896.5912, 1.484619
897.0734, 1.001831
897.5555, 0.3400880
898.0376, 4.4922002E-02
898.5197, 0.2031250
899.0018, 9.1674998E-02
899.4839, 1.399780
899.9661, 3.280029
900.4482, 3.244263
900.9303, 1.611694
901.4124, 0.6199950
901.8945, 2.384888
902.3766, 4.027588
902.8588, 3.715576
903.3409, 2.077026
903.8230, 1.639648
904.3051, 2.822021
904.7872, 3.837158
905.2693, 3.954224
905.7515, 3.700562
906.2336, 4.426514
906.7157, 5.688354
907.1978, 6.180908
907.6799, 4.331055
908.1620, 2.903076
908.6442, 3.747803
909.1263, 5.626343
909.6084, 6.449707
910.0905, 5.808594
910.5726, 5.142334
911.0547, 4.562866
911.5369, 4.059082
912.0190, 3.624146
912.5011, 3.254639
912.9832, 2.860718
913.4653, 2.379272
913.9474, 2.212769
914.4296, 2.735107
914.9117, 3.593262
915.3938, 4.614136
915.8759, 5.986450
916.3580, 6.548340
916.8401, 6.145508
917.3223, 5.306396
917.8044, 3.993774
918.2865, 2.528687
918.7686, 2.397583
919.2507, 3.435303
919.7328, 4.322144
920.2150, 4.154419
920.6971, 3.776978
921.1792, 4.018677
921.6613, 4.686035
922.1434, 4.048096
922.6255, 1.004150
923.1077, 0.6727290
923.5898, 0.6407470
924.0719, 3.408936
924.5540, 3.589966
925.0361, 1.954590
925.5182, 1.651123
926.0004, 5.010254
926.4825, 8.140747
926.9646, 8.018188
927.4467, 6.444824
927.9288, 5.874146
928.4109, 7.206177
928.8931, 7.785522
929.3752, 7.350098
929.8573, 6.615356
930.3394, 6.941528
930.8215, 7.697510
931.3036, 5.797485
931.7858, 0.6430660
932.2679, 3.084595
932.7500, 0.3013920
933.2321, 3.850220
933.7142, 5.337646
934.1964, 3.418701
934.6785, 1.960815
935.1606, 0.8676760
935.6427, 0.5772710
936.1248, 1.703491
936.6069, 3.709595
937.0891, 4.816406
937.5712, 5.098145
938.0533, 4.869507
938.5354, 3.855957
939.0175, 2.798096
939.4996, 1.732178
939.9818, 0.9511720
940.4639, 1.370728
940.9460, 3.624023
941.4281, 5.309082
941.9102, 5.862427
942.3923, 5.798096
942.8745, 5.900757
943.3566, 6.158325
943.8387, 6.678955
944.3208, 7.723145
944.8029, 8.155518
945.2850, 6.608154
945.7672, 4.693481
946.2493, 3.933838
946.7314, 4.566895
947.2135, 5.051514
947.6956, 5.571533
948.1777, 5.865479
948.6599, 5.586182
949.1420, 4.950928
949.6241, 4.443359
950.1062, 4.067749
950.5883, 3.777588
951.0704, 3.546143
951.5526, 3.392212
952.0347, 3.316406
952.5168, 3.215210
952.9989, 3.343750
953.4810, 3.674927
953.9631, 3.907104
954.4453, 3.895752
954.9274, 3.907959
955.4095, 4.477783
955.8916, 5.380615
956.3737, 6.301636
956.8558, 7.566406
957.3380, 7.872437
957.8201, 5.829224
958.3022, 3.481934
958.7843, 2.845459
959.2664, 4.345703
959.7485, 3.971802
960.2307, 1.291748
960.7128, 0.8553470
961.1949, 1.145630
961.6770, 4.610718
962.1591, 5.290771
962.6412, 2.988159
963.1234, 1.574707
963.6055, 3.507935
964.0876, 5.265991
964.5697, 5.467041
965.0518, 4.492065
965.5339, 4.009888
966.0161, 4.007568
966.4982, 4.336304
966.9803, 5.062988
967.4624, 5.864502
967.9445, 6.345947
968.4266, 6.654419
968.9088, 7.022583
969.3909, 8.542969
969.8730, 8.564575
970.3551, 6.173950
970.8372, 3.203857
971.3193, 1.368896
971.8015, 0.6378170
972.2836, 0.7272950
972.7657, 1.695557
973.2478, 2.534058
973.7299, 2.140625
974.2120, 1.261841
974.6942, 0.4199220
975.1763, 0.3272710
975.6584, 0.6452640
976.1405, 0.6461180
976.6226, 1.2329000E-02
977.1047, 1.539185
977.5869, 3.713867
978.0690, 6.345703
978.5511, 9.115234
979.0332, 10.91077
979.5153, 10.93616
979.9974, 10.38489
980.4796, 10.17004
980.9617, 9.546509
981.4438, 7.370605
981.9259, 2.065918
982.4080, 0.4013670
982.8901, 3.582520
983.3723, 7.020508
983.8544, 5.165649
984.3365, 0.6428220
984.8186, 1.755127
985.3007, 1.623291
985.7828, 0.4218750
986.2650, 1.891113
986.7471, 4.497681
987.2292, 7.467773
987.7113, 10.43604
988.1934, 11.16687
988.6755, 9.560181
989.1577, 7.795288
989.6398, 6.611816
990.1219, 5.563843
990.6040, 4.842651
991.0861, 4.269287
991.5682, 3.718018
992.0504, 2.848633
992.5325, 2.474731
993.0146, 2.542236
993.4967, 3.216064
993.9788, 5.197754
994.4609, 8.191040
994.9431, 9.427612
995.4252, 8.777222
995.9073, 7.691895
996.3894, 7.406860
996.8715, 6.966919
997.3536, 5.337036
997.8358, 2.648560
998.3179, 0.8105470
998.8000, 7.4707001E-02
999.2821, 0.2550050
999.7642, 0.2915040
1000.246, 1.369141
1000.728, 3.205933
1001.211, 5.213013
1001.693, 5.700439
1002.175, 3.534790
1002.657, 1.177490
1003.139, 1.019409
1003.621, 2.383911
1004.103, 2.173462
1004.585, 2.9906999E-02
1005.068, 1.743530
1005.550, 3.194214
1006.032, 3.832275
1006.514, 2.416504
1006.996, 0.5251460
1007.478, 0.4969480
1007.960, 1.972046
1008.442, 2.592285
1008.924, 0.2541500
1009.407, 1.327393
1009.889, 1.360962
1010.371, 5.503662
1010.853, 5.919556
1011.335, 3.199219
1011.817, 1.241699
1012.299, 1.126099
1012.781, 1.209106
1013.263, 3.7597999E-02
1013.746, 1.348389
1014.228, 1.749878
1014.710, 0.7055660
1015.192, 0.8321530
1015.674, 2.589966
1016.156, 3.952637
1016.638, 3.527954
1017.120, 1.954346
1017.603, 0.1033940
1018.085, 1.740723
1018.567, 2.483521
1019.049, 0.1477050
1019.531, 1.424438
1020.013, 1.128662
1020.495, 5.005371
1020.977, 6.289673
1021.459, 4.883057
1021.942, 4.931885
1022.424, 7.177979
1022.906, 9.113525
1023.388, 8.155640
1023.870, 5.929077
1024.352, 3.808960
1024.834, 1.947388
1025.316, 1.051147
1025.799, 1.793457
1026.281, 2.147095
1026.763, 0.9013670
1027.245, 0.8851320
1027.727, 0.1428220
1028.209, 3.062256
1028.691, 4.729980
1029.173, 3.297485
1029.656, 1.336304
1030.138, 1.152954
1030.620, 2.751953
1031.102, 1.626099
1031.584, 3.119995
1032.066, 5.000000
1032.548, 3.572388
1033.030, 1.953369
1033.512, 3.126587
1033.995, 5.341919
1034.477, 6.636841
1034.959, 7.029907
1035.441, 7.246094
1035.923, 6.958862
1036.405, 7.369385
1036.887, 9.255737
1037.369, 11.33582
1037.851, 10.55225
1038.334, 7.736572
1038.816, 6.162720
1039.298, 6.872559
1039.780, 7.501099
1040.262, 6.266357
1040.744, 4.624268
1041.226, 3.702637
1041.708, 3.565674
1042.191, 3.347046
1042.673, 2.943604
1043.155, 2.325195
1043.637, 0.7801510
1044.119, 0.3836670
1044.601, 0.8479000
1045.083, 3.805176
1045.565, 6.903687
1046.047, 11.06531
1046.530, 13.11792
1047.012, 11.84888
1047.494, 9.835449
1047.976, 9.856934
1048.458, 11.65149
1048.940, 14.12659
1049.422, 17.18152
1049.904, 20.28625
1050.386, 24.37976
1050.869, 27.26697
1051.351, 26.16211
1051.833, 22.54541
1052.315, 22.72144
1052.797, 27.22522
1053.279, 31.47888
1053.761, 34.32336
1054.243, 36.38489
1054.726, 37.96777
1055.208, 39.50635
1055.690, 41.57568
1056.172, 44.26392
1056.654, 47.71997
1057.136, 52.33838
1057.618, 57.02222
1058.100, 60.77661
1058.583, 64.07581
1059.065, 68.82605
1059.547, 74.86511
1060.029, 81.48193
1060.511, 87.23767
1060.993, 94.46960
1061.475, 104.4961
1061.957, 116.5726
1062.439, 129.6885
1062.922, 143.7034
1063.404, 159.0023
1063.886, 175.5652
1064.368, 193.2860
1064.850, 212.1807
1065.332, 232.2931
1065.814, 253.1504
1066.296, 274.7880
1066.778, 300.2981
1067.261, 331.2015
1067.743, 362.6069
1068.225, 392.4644
1068.707, 423.1876
1069.189, 459.1389
1069.671, 498.8970
1070.153, 538.8728
1070.635, 577.4097
1071.118, 617.9181
1071.600, 660.8186
1072.082, 705.9534
1072.564, 753.8226
1073.046, 803.7390
1073.528, 852.3130
1074.010, 899.3633
1074.492, 947.6356
1074.974, 1000.977
1075.457, 1052.779
1075.939, 1099.364
1076.421, 1140.331
1076.903, 1175.924
1077.385, 1207.489
1077.867, 1230.182
1078.349, 1243.725
1078.831, 1247.515
1079.313, 1239.698
1079.796, 1222.426
1080.278, 1197.458
1080.760, 1165.400
1081.242, 1130.612
1081.724, 1092.775
1082.206, 1054.034
1082.688, 1014.697
1083.170, 975.8672
1083.652, 938.8513
1084.135, 904.1128
1084.617, 874.4897
1085.099, 850.4595
1085.581, 831.7499
1086.063, 819.7557
1086.545, 811.8010
1087.027, 805.1433
1087.509, 804.8186
1087.992, 802.6533
1088.474, 812.5356
1088.956, 823.8457
1089.438, 834.8069
1089.920, 845.0779
1090.402, 853.2004
1090.884, 860.5433
1091.366, 869.4336
1091.849, 880.3416
1092.331, 892.7885
1092.813, 907.6287
1093.295, 921.1118
1093.777, 928.5850
1094.259, 933.7546
1094.741, 944.1692
1095.223, 958.6182
1095.705, 972.6620
1096.188, 985.2421
1096.670, 996.4329
1097.152, 1008.230
1097.634, 1016.157
1098.116, 1015.177
1098.598, 1005.379
1099.080, 987.2275
1099.562, 960.7598
1100.044, 927.3419
1100.527, 886.8103
1101.009, 840.3931
1101.491, 787.8678
1101.973, 729.9633
1102.455, 668.5502
1102.937, 603.2634
1103.419, 539.8281
1103.901, 479.7902
1104.384, 424.2742
1104.866, 375.4441
1105.348, 331.9766
1105.830, 292.3000
1106.312, 256.6166
1106.794, 224.9519
1107.276, 197.1343
1107.758, 173.8184
1108.240, 155.7892
1108.723, 141.3915
1109.205, 127.4565
1109.687, 114.6309
1110.169, 104.1259
1110.651, 97.14490
1111.133, 91.03406
1111.615, 86.31726
1112.097, 81.02808
1112.579, 72.03564
1113.062, 61.34998
1113.544, 56.91833
1114.026, 57.48132
1114.508, 56.89917
1114.990, 49.84607
1115.472, 44.15063
1115.954, 43.52820
1116.436, 44.60046
1116.919, 42.51270
1117.401, 37.63354
1117.883, 34.73743
1118.365, 34.25696
1118.847, 33.90259
1119.329, 31.65173
1119.811, 29.35840
1120.293, 28.73083
1120.776, 29.11682
1121.258, 27.63184
1121.740, 23.98291
1122.222, 22.03577
1122.704, 23.01758
1123.186, 23.92920
1123.668, 20.50110
1124.150, 16.11707
1124.632, 14.90808
1125.115, 17.82910
1125.597, 18.01294
1126.079, 14.34961
1126.561, 11.52295
1127.043, 11.79382
1127.525, 13.08081
1128.007, 11.54932
1128.489, 8.720581
1128.971, 7.332642
1129.454, 8.919800
1129.936, 9.651855
1130.418, 8.887817
1130.900, 7.845825
1131.382, 7.175293
1131.864, 6.827148
1132.346, 6.752930
1132.828, 6.879883
1133.311, 6.746094
1133.793, 5.259277
1134.275, 4.852905
1134.757, 6.727539
1135.239, 9.052979
1135.721, 10.40210
1136.203, 10.70886
1136.685, 8.873413
1137.167, 5.152466
1137.650, 2.745117
1138.132, 4.955566
1138.614, 7.468994
1139.096, 8.044556
1139.578, 7.510864
1140.060, 7.136719
1140.542, 6.938354
1141.024, 6.778442
1141.506, 6.669434
1141.989, 6.523682
1142.471, 6.146729
1142.953, 5.848511
1143.435, 6.323853
1143.917, 7.162720
1144.399, 6.098267
1144.881, 2.683350
1145.363, 0.7030030
1145.846, 1.335571
1146.328, 2.187988
1146.810, 0.4196780
1147.292, 3.523804
1147.774, 3.560303
1148.256, 0.1815190
1148.738, 2.474731
1149.220, 3.035400
1149.703, 2.755737
1150.185, 1.696411
1150.667, 0.4438480
1151.149, 0.4882810
1151.631, 0.8912350
1152.113, 0.3770750
1152.595, 1.375488
1153.077, 3.472412
1153.559, 6.541870
1154.042, 8.294800
1154.524, 7.024414
1155.006, 4.078369
1155.488, 1.841797
1155.970, 0.4198000
1156.452, 0.2720950
1156.934, 3.398926
1157.416, 4.214233
1157.898, 1.114990
1158.381, 2.621826
1158.863, 4.895508
1159.345, 5.755249
1159.827, 4.728394
1160.309, 2.314453
1160.791, 0.5384520
1161.273, 1.140259
1161.755, 1.460449
1162.238, 0.8050540
1162.720, 0.3253170
1163.202, 1.758911
1163.684, 3.281860
1164.166, 3.323608
1164.648, 1.962280
1165.130, 0.6525880
1165.612, 0.1951900
1166.094, 4.1499999E-03
1166.577, 0.1097410
1167.059, 0.1265870
1167.541, 0.1519780
1168.023, 0.6774900
1168.505, 0.3684080
1168.987, 0.8874510
1169.469, 1.403564
1169.951, 1.109985
1170.433, 3.625854
1170.916, 3.898071
1171.398, 2.896606
1171.880, 3.381470
1172.362, 5.312744
1172.844, 5.217285
1173.326, 2.116211
1173.808, 0.5474850
1174.290, 0.9477540
1174.773, 3.311157
1175.255, 3.756104
1175.737, 2.663208
1176.219, 2.497925
1176.701, 3.335083
1177.183, 3.227539
1177.665, 1.187256
1178.147, 0.2706300
1178.630, 2.772217
1179.112, 6.630249
1179.594, 7.136230
1180.076, 3.995239
1180.558, 1.537598
1181.040, 0.2490230
1181.522, 0.2485350
1182.004, 2.858521
1182.486, 5.979004
1182.969, 5.025635
1183.451, 2.557617
1183.933, 1.752808
1184.415, 3.195313
1184.897, 4.541260
1185.379, 5.898438
1185.861, 6.297852
1186.343, 4.236694
1186.825, 2.315674
1187.308, 4.973999
1187.790, 9.363525
1188.272, 10.79834
1188.754, 7.500366
1189.236, 4.451660
1189.718, 1.411987
1190.200, 6.7261003E-02
1190.682, 3.308594
1191.165, 7.407227
1191.647, 6.797974
1192.129, 3.560913
1192.611, 1.903687
1193.093, 3.156372
1193.575, 5.086304
1194.057, 8.174561
1194.539, 9.881592
1195.021, 6.711914
1195.504, 2.035400
1195.986, 5.4931998E-02
1196.468, 0.4523930
1196.950, 2.316772
1197.432, 7.207275
1197.914, 9.219116
1198.396, 7.260986
1198.878, 5.031006
1199.360, 6.998047
1199.843, 10.28735
1200.325, 10.37378
1200.807, 7.939209
1201.289, 6.440918
1201.771, 7.074585
1202.253, 7.302490
1202.735, 6.706421
1203.217, 6.201294
1203.700, 7.671509
1204.182, 9.373047
1204.664, 7.949829
1205.146, 3.739990
1205.628, 1.489014
1206.110, 2.509033
1206.592, 4.546265
1207.074, 7.661865
1207.557, 10.51648
1208.039, 10.82825
1208.521, 10.13318
1209.003, 10.82507
1209.485, 12.99207
1209.967, 14.68420
1210.449, 16.16199
1210.931, 15.69897
1211.413, 12.28418
1211.896, 8.586792
1212.378, 8.328247
1212.860, 9.993042
1213.342, 11.74829
1213.824, 13.38965
1214.306, 14.11218
1214.788, 13.87793
1215.270, 12.74072
1215.752, 10.34778
1216.235, 7.886597
1216.717, 7.890381
1217.199, 8.858154
1217.681, 8.148193
1218.163, 5.253052
1218.645, 4.977539
1219.127, 8.947876
1219.609, 10.77124
1220.092, 7.717163
1220.574, 3.375244
1221.056, 2.496460
1221.538, 3.956787
1222.020, 6.793457
1222.502, 11.21338
1222.984, 12.78455
1223.466, 10.36487
1223.948, 8.391846
1224.431, 8.665405
1224.913, 9.761719
1225.395, 9.333618
1225.877, 8.541382
1226.359, 9.366333
1226.841, 12.77014
1227.323, 13.54871
1227.805, 11.22449
1228.287, 8.581421
1228.770, 6.546753
1229.252, 5.291382
1229.734, 6.023315
1230.216, 7.216675
1230.698, 6.365479
1231.180, 2.266357
1231.662, 1.100098
1232.144, 3.490967
1232.627, 5.949463
1233.109, 7.233154
1233.591, 7.381592
1234.073, 5.612427
1234.555, 3.108765
1235.037, 1.481689
1235.519, 1.108032
1236.001, 2.3193000E-02
1236.484, 1.983765
1236.966, 2.935181
1237.448, 1.397827
1237.930, 0.7658690
1238.412, 1.674561
1238.894, 1.997314
1239.376, 2.908569
1239.858, 4.726563
1240.340, 4.886108
1240.823, 3.239502
1241.305, 2.833496
1241.787, 6.447144
1242.269, 10.24219
1242.751, 10.65881
1243.233, 9.449585
1243.715, 8.746582
1244.197, 8.617554
1244.679, 9.266235
1245.162, 10.66333
1245.644, 10.95728
1246.126, 8.112183
1246.608, 5.217651
1247.090, 4.037109
1247.572, 4.240479
1248.054, 5.374756
1248.536, 7.540161
1249.019, 8.981445
1249.501, 9.697632
1249.983, 9.360474
1250.465, 6.768799
1250.947, 4.733154
1251.429, 4.316284
1251.911, 5.572510
1252.393, 9.204712
1252.875, 14.95654
1253.358, 18.97241
1253.840, 21.10315
1254.322, 20.67688
1254.804, 12.91345
1255.286, 8.336914
1255.768, 13.74426
1256.250, 20.38586
1256.732, 20.26318
1257.214, 14.76160
1257.697, 12.25500
1258.179, 12.29517
1258.661, 12.61633
1259.143, 12.30457
1259.625, 12.04761
1260.107, 11.86121
1260.589, 11.99292
1261.071, 12.62439
1261.554, 13.74304
1262.036, 15.76221
1262.518, 18.26184
1263.000, 19.91455
1263.482, 20.81580
1263.964, 19.35608
1264.446, 14.20227
1264.928, 9.566162
1265.411, 10.04102
1265.893, 12.91101
1266.375, 13.11328
1266.857, 11.28113
1267.339, 9.236450
1267.821, 7.037842
1268.303, 5.353760
1268.785, 4.065186
1269.267, 3.856934
1269.750, 6.215088
1270.232, 8.777466
1270.714, 10.04846
1271.196, 10.18738
1271.678, 9.857788
1272.160, 9.092407
1272.642, 8.107178
1273.124, 6.865967
1273.606, 5.652588
1274.089, 4.156372
1274.571, 3.243896
1275.053, 4.142944
1275.535, 6.004272
1276.017, 7.350586
1276.499, 8.097412
1276.981, 8.690674
1277.463, 9.134766
1277.946, 8.893066
1278.428, 6.477295
1278.910, 4.576538
1279.392, 5.923828
1279.874, 8.058228
1280.356, 7.820679
1280.838, 5.312378
1281.320, 4.471313
1281.802, 5.145386
1282.285, 5.416626
1282.767, 3.491455
1283.249, 1.932251
1283.731, 1.792358
1284.213, 2.216064
1284.695, 2.549316
1285.177, 2.810059
1285.659, 3.027222
1286.141, 3.263794
1286.624, 3.802734
1287.106, 5.002808
1287.588, 6.286133
1288.070, 7.989624
1288.552, 8.917603
1289.034, 7.709106
1289.516, 5.166992
1289.998, 2.178711
1290.481, 0.5422360
1290.963, 1.177856
1291.445, 3.217285
1291.927, 5.229370
1292.409, 4.274780
1292.891, 3.138428
1293.373, 4.625488
1293.855, 6.415283
1294.338, 4.750366
1294.820, 1.463013
1295.302, 0.1868900
1295.784, 1.589233
1296.266, 3.087646
1296.748, 4.710205
1297.230, 5.238770
1297.712, 5.177002
1298.194, 4.926758
1298.677, 5.511353
1299.159, 6.129150
1299.641, 5.740723
1300.123, 4.294922
1300.605, 2.700073
1301.087, 0.9678960
1301.569, 3.6599999E-04
1302.051, 1.389893
1302.533, 1.748901
1303.016, 0.0000000E+00
##END=



