##NAMES=Planerite
##RRUFFID=R080123
##IDEAL CHEMISTRY=Al_6_(PO_4_)_2_(PO_3_OH)_2_(OH)_8_&#183;4H_2_O
##LOCALITY=Bruguers, Gavá, Barcelona, Catalonia, Spain
##OWNER=RRUFF
##SOURCE=Joan Abella i Creus
##DESCRIPTION=Light green, microcrystalline fragments
##STATUS=The identification of this mineral has been confirmed only by X-ray diffraction
##URL=rruff.info/R080123
144.9042, 0.0000000E+00
145.3864, 1.201660
145.8685, 3.184326
146.3506, 5.760376
146.8327, 8.097290
147.3148, 9.918579
147.7969, 10.64246
148.2791, 11.62878
148.7612, 13.82874
149.2433, 16.28979
149.7254, 16.99194
150.2075, 14.31201
150.6896, 11.47168
151.1718, 9.897827
151.6539, 11.35217
152.1360, 13.35986
152.6181, 13.60278
153.1002, 13.62939
153.5823, 12.44238
154.0645, 11.87219
154.5466, 11.46350
155.0287, 10.79614
155.5108, 9.789795
155.9929, 8.590454
156.4750, 7.112549
156.9572, 5.401489
157.4393, 3.708862
157.9214, 1.599243
158.4035, 0.2192380
158.8856, 1.310913
159.3677, 0.8966060
159.8499, 0.4326170
160.3320, 0.6018070
160.8141, 1.216553
161.2962, 1.137573
161.7783, 0.9664310
162.2604, 3.518677
162.7426, 5.216919
163.2247, 4.857056
163.7068, 4.419678
164.1889, 4.942871
164.6710, 5.942627
165.1531, 6.990234
165.6353, 7.880615
166.1174, 8.500488
166.5995, 9.136841
167.0816, 9.930298
167.5637, 10.71814
168.0458, 11.31812
168.5280, 11.70874
169.0101, 12.21741
169.4922, 12.72070
169.9743, 13.50745
170.4564, 14.98438
170.9385, 18.02271
171.4207, 21.39832
171.9028, 24.06409
172.3849, 25.95520
172.8670, 27.47644
173.3491, 28.78174
173.8312, 29.96594
174.3134, 31.20996
174.7955, 33.71277
175.2776, 35.83276
175.7597, 35.14673
176.2418, 31.28015
176.7239, 26.79480
177.2061, 24.01648
177.6882, 22.47498
178.1703, 20.92432
178.6524, 18.74292
179.1345, 16.15186
179.6166, 13.45312
180.0988, 10.59192
180.5809, 7.888672
181.0630, 5.706787
181.5451, 3.975952
182.0272, 2.490601
182.5093, 0.9571530
182.9915, 0.4205320
183.4736, 1.021240
183.9557, 0.6961670
184.4378, 3.4912001E-02
184.9199, 7.3199999E-04
185.4020, 0.4792480
185.8842, 0.5137940
186.3663, 0.4346920
186.8484, 2.257446
187.3305, 4.781372
187.8126, 8.334473
188.2947, 11.78992
188.7769, 12.81531
189.2590, 11.54919
189.7411, 10.74146
190.2232, 12.58679
190.7053, 16.56848
191.1874, 19.27673
191.6696, 20.26306
192.1517, 20.30078
192.6338, 20.55566
193.1159, 21.01147
193.5980, 22.08289
194.0801, 24.65881
194.5623, 28.53210
195.0444, 30.71252
195.5265, 30.45850
196.0086, 29.00293
196.4907, 28.84985
196.9728, 30.05737
197.4550, 31.98816
197.9371, 34.44873
198.4192, 37.44385
198.9013, 40.45032
199.3834, 43.61218
199.8655, 46.55652
200.3477, 48.12866
200.8298, 47.86816
201.3119, 47.81165
201.7940, 49.73755
202.2761, 53.99780
202.7582, 56.42151
203.2404, 56.16162
203.7225, 54.09460
204.2046, 52.72400
204.6867, 52.32092
205.1688, 51.76416
205.6509, 50.08057
206.1331, 46.86621
206.6152, 44.99219
207.0973, 45.04272
207.5794, 46.38367
208.0615, 47.15198
208.5436, 47.26672
209.0258, 47.10986
209.5079, 46.77478
209.9900, 46.12073
210.4721, 45.73877
210.9542, 45.66370
211.4363, 46.00867
211.9185, 46.98926
212.4006, 48.74902
212.8827, 50.18542
213.3648, 50.91760
213.8469, 50.96252
214.3290, 50.48743
214.8112, 49.35559
215.2933, 47.72559
215.7754, 45.95715
216.2575, 43.54199
216.7396, 41.78027
217.2217, 41.72180
217.7038, 43.93408
218.1860, 46.15112
218.6681, 48.47241
219.1502, 50.65759
219.6323, 51.48975
220.1144, 50.10852
220.5965, 48.64661
221.0787, 48.41223
221.5608, 49.96130
222.0429, 51.23633
222.5250, 51.89246
223.0071, 52.24109
223.4892, 53.36157
223.9714, 55.49768
224.4535, 58.09583
224.9356, 61.01282
225.4177, 64.59875
225.8998, 67.58862
226.3819, 69.58960
226.8641, 71.00342
227.3462, 73.10608
227.8283, 75.93384
228.3104, 79.35437
228.7925, 83.43494
229.2746, 89.05225
229.7568, 93.38867
230.2389, 96.04883
230.7210, 97.43799
231.2031, 98.80310
231.6852, 100.4919
232.1673, 101.6238
232.6495, 101.7745
233.1316, 100.9091
233.6137, 99.07849
234.0958, 95.93066
234.5779, 91.90857
235.0600, 88.28528
235.5422, 85.22668
236.0243, 82.29663
236.5064, 79.24426
236.9885, 75.75452
237.4706, 72.90747
237.9527, 71.15198
238.4349, 69.94592
238.9170, 67.82471
239.3991, 63.92249
239.8812, 60.37476
240.3633, 58.17590
240.8454, 58.02478
241.3276, 57.41858
241.8097, 56.23450
242.2918, 54.73242
242.7739, 53.47498
243.2560, 52.76892
243.7381, 51.80737
244.2203, 50.33618
244.7024, 48.33643
245.1845, 45.79443
245.6666, 42.28040
246.1487, 38.42200
246.6308, 35.37158
247.1130, 33.34998
247.5951, 31.77588
248.0772, 30.58276
248.5593, 30.01843
249.0414, 28.91077
249.5235, 27.23389
250.0057, 25.01392
250.4878, 22.07971
250.9699, 17.53430
251.4520, 13.85254
251.9341, 12.08032
252.4162, 12.72290
252.8984, 12.74902
253.3805, 12.17578
253.8626, 10.95789
254.3447, 8.734009
254.8268, 4.235107
255.3089, 1.314941
255.7911, 1.630615
256.2732, 5.754517
256.7553, 8.253784
257.2374, 8.692139
257.7195, 7.939331
258.2017, 6.957886
258.6838, 5.538452
259.1659, 4.382935
259.6480, 3.695679
260.1301, 3.490845
260.6122, 3.480591
261.0944, 3.990845
261.5765, 4.300659
262.0586, 3.487183
262.5407, 1.006958
263.0228, 1.058960
263.5049, 2.200317
263.9871, 2.446045
264.4692, 2.502075
264.9513, 2.245483
265.4334, 1.972168
265.9155, 1.984741
266.3976, 2.417480
266.8798, 2.708374
267.3619, 2.665649
267.8440, 2.368286
268.3261, 2.716919
268.8082, 4.258789
269.2903, 5.317749
269.7725, 4.140137
270.2546, 7.2632000E-02
270.7367, 3.065063
271.2188, 4.633667
271.7009, 4.850830
272.1830, 4.470215
272.6652, 3.193359
273.1473, 2.106323
273.6294, 1.982300
274.1115, 2.931152
274.5936, 4.246460
275.0757, 6.042236
275.5579, 8.029297
276.0400, 9.302979
276.5221, 9.776855
277.0042, 9.815063
277.4863, 9.398682
277.9684, 8.446045
278.4506, 8.016357
278.9327, 8.112549
279.4148, 8.857788
279.8969, 10.96899
280.3790, 14.74707
280.8611, 17.88110
281.3433, 18.57825
281.8254, 16.88135
282.3075, 17.17224
282.7896, 20.30225
283.2717, 23.90515
283.7538, 23.62000
284.2360, 19.29590
284.7181, 15.25562
285.2002, 13.27148
285.6823, 13.23035
286.1644, 14.43335
286.6465, 17.12305
287.1287, 20.07483
287.6108, 21.63977
288.0929, 21.86755
288.5750, 21.83252
289.0571, 21.55444
289.5392, 21.31311
290.0214, 22.57312
290.5035, 25.49902
290.9856, 28.49402
291.4677, 29.61694
291.9498, 29.17603
292.4319, 29.03296
292.9141, 29.94604
293.3962, 31.44031
293.8783, 32.40344
294.3604, 32.83582
294.8425, 33.11707
295.3246, 33.71460
295.8068, 34.48596
296.2889, 34.78455
296.7710, 34.09827
297.2531, 33.33899
297.7352, 34.44897
298.2173, 37.19519
298.6995, 39.66565
299.1816, 39.67773
299.6637, 38.44214
300.1458, 38.71997
300.6279, 41.52014
301.1100, 44.79858
301.5922, 45.23364
302.0743, 43.59387
302.5564, 43.05237
303.0385, 47.27087
303.5206, 53.12170
304.0027, 55.97961
304.4849, 54.81372
304.9670, 52.22998
305.4491, 49.84753
305.9312, 47.90015
306.4133, 46.95508
306.8954, 47.89612
307.3776, 49.69934
307.8597, 51.35571
308.3418, 52.83142
308.8239, 54.38013
309.3060, 56.90125
309.7881, 59.70447
310.2703, 61.42639
310.7524, 60.33081
311.2345, 58.88867
311.7166, 58.86292
312.1987, 60.32483
312.6808, 62.38171
313.1630, 64.54309
313.6451, 66.92468
314.1272, 69.63831
314.6093, 72.77161
315.0914, 75.92700
315.5735, 78.88464
316.0557, 81.80127
316.5378, 84.76294
317.0199, 87.97302
317.5020, 91.24048
317.9841, 94.49170
318.4662, 97.53528
318.9484, 100.3209
319.4305, 103.3038
319.9126, 106.2455
320.3947, 108.3661
320.8768, 108.7679
321.3589, 108.7185
321.8411, 108.7428
322.3232, 108.5469
322.8053, 109.3396
323.2874, 112.3120
323.7695, 116.2141
324.2516, 119.0626
324.7338, 119.6987
325.2159, 120.0582
325.6980, 120.6732
326.1801, 121.5405
326.6622, 122.5000
327.1443, 123.9030
327.6265, 125.4452
328.1086, 126.8669
328.5907, 127.5764
329.0728, 128.3704
329.5549, 129.7068
330.0370, 131.6133
330.5192, 132.2299
331.0013, 130.3290
331.4834, 128.2070
331.9655, 127.6338
332.4476, 130.8412
332.9297, 131.6714
333.4119, 128.6903
333.8940, 122.8229
334.3761, 118.1259
334.8582, 114.9976
335.3403, 112.4921
335.8224, 110.2169
336.3046, 108.2816
336.7867, 106.1777
337.2688, 103.8915
337.7509, 101.4041
338.2330, 98.61633
338.7151, 95.48096
339.1973, 92.25134
339.6794, 88.91846
340.1615, 85.49841
340.6436, 82.53772
341.1257, 80.21204
341.6078, 78.11475
342.0899, 75.97144
342.5721, 73.89966
343.0542, 70.87061
343.5363, 65.98621
344.0184, 60.01257
344.5005, 56.65955
344.9826, 56.29321
345.4648, 56.10376
345.9469, 52.64404
346.4290, 46.49194
346.9111, 42.79968
347.3932, 43.22229
347.8753, 45.55750
348.3575, 45.58044
348.8396, 43.41528
349.3217, 40.81482
349.8038, 38.48413
350.2859, 36.57739
350.7680, 35.70923
351.2502, 36.13379
351.7323, 36.80029
352.2144, 36.65771
352.6965, 35.80090
353.1786, 34.49878
353.6607, 33.11670
354.1429, 31.30225
354.6250, 28.16272
355.1071, 23.63416
355.5892, 19.67029
356.0713, 18.39624
356.5534, 18.56506
357.0356, 18.31885
357.5177, 16.78040
357.9998, 14.78772
358.4819, 12.69910
358.9640, 10.58423
359.4461, 8.869507
359.9283, 8.360352
360.4104, 8.014404
360.8925, 6.795166
361.3746, 3.486938
361.8567, 0.9307860
362.3388, 0.7373050
362.8210, 2.130005
363.3031, 3.366455
363.7852, 3.908081
364.2673, 4.141235
364.7494, 4.374878
365.2315, 4.888184
365.7137, 4.475464
366.1958, 1.778809
366.6779, 1.574951
367.1600, 3.691528
367.6421, 3.524170
368.1242, 2.962524
368.6064, 1.962280
369.0885, 0.4571530
369.5706, 0.2113040
370.0527, 2.493774
370.5348, 5.025513
371.0169, 6.354492
371.4991, 6.139648
371.9812, 5.178589
372.4633, 2.847900
372.9454, 0.1990970
373.4275, 1.478271
373.9096, 0.2563480
374.3918, 1.404541
374.8739, 2.832031
375.3560, 4.363403
375.8381, 3.996094
376.3202, 1.059448
376.8023, 2.871460
377.2845, 5.348999
377.7666, 6.116333
378.2487, 6.603882
378.7308, 7.197876
379.2129, 7.870972
379.6950, 8.232666
380.1772, 8.170654
380.6593, 8.367920
381.1414, 9.616699
381.6235, 11.80066
382.1056, 14.11462
382.5877, 16.54578
383.0699, 18.78662
383.5520, 20.15466
384.0341, 20.72278
384.5162, 21.01965
384.9983, 21.58643
385.4804, 22.11072
385.9626, 21.77051
386.4447, 20.35754
386.9268, 18.74878
387.4089, 17.57117
387.8910, 16.86389
388.3731, 16.73975
388.8553, 17.89587
389.3374, 19.23328
389.8195, 19.79480
390.3016, 19.55566
390.7837, 18.64673
391.2658, 16.15308
391.7480, 13.45361
392.2301, 12.07434
392.7122, 13.47534
393.1943, 14.87244
393.6764, 14.67371
394.1585, 13.42432
394.6407, 12.62915
395.1228, 13.46704
395.6049, 14.40747
396.0870, 14.65686
396.5691, 13.91174
397.0512, 13.19373
397.5334, 12.12097
398.0155, 11.36646
398.4976, 11.77112
398.9797, 14.65503
399.4618, 17.34033
399.9439, 19.06482
400.4261, 19.81250
400.9082, 21.29358
401.3903, 23.96082
401.8724, 26.87244
402.3545, 29.32617
402.8366, 30.53015
403.3188, 32.97961
403.8009, 37.31519
404.2830, 42.75708
404.7651, 47.26428
405.2472, 50.45471
405.7293, 53.69751
406.2115, 57.73657
406.6936, 62.58179
407.1757, 66.61548
407.6578, 69.64233
408.1399, 72.45349
408.6220, 76.03198
409.1042, 80.37170
409.5863, 84.78882
410.0684, 88.88611
410.5505, 93.11169
411.0326, 99.20386
411.5147, 107.1281
411.9969, 114.8461
412.4790, 121.1448
412.9611, 126.2444
413.4432, 130.3392
413.9253, 133.3016
414.4074, 136.1222
414.8896, 140.4055
415.3717, 145.4254
415.8538, 149.4250
416.3359, 150.9868
416.8180, 151.4850
417.3001, 152.0989
417.7823, 152.8452
418.2644, 153.1616
418.7465, 153.5665
419.2286, 152.9896
419.7107, 150.2162
420.1928, 142.5580
420.6750, 135.7932
421.1571, 133.0835
421.6392, 132.9705
422.1213, 131.7495
422.6034, 127.1582
423.0855, 122.3621
423.5677, 118.6993
424.0498, 116.6628
424.5319, 114.4257
425.0140, 112.7667
425.4961, 110.5388
425.9782, 106.3381
426.4604, 97.49036
426.9425, 90.78870
427.4246, 87.75024
427.9067, 87.68811
428.3888, 86.76221
428.8709, 84.60657
429.3531, 82.51282
429.8352, 81.02466
430.3173, 80.09631
430.7994, 80.79309
431.2815, 83.68274
431.7636, 86.86487
432.2458, 86.81091
432.7279, 83.38770
433.2100, 79.65186
433.6921, 76.27881
434.1742, 73.62891
434.6563, 72.82397
435.1385, 73.87988
435.6206, 75.05481
436.1027, 74.84912
436.5848, 73.54785
437.0669, 71.93250
437.5490, 70.02283
438.0312, 68.11072
438.5133, 66.58459
438.9954, 65.34949
439.4775, 64.11243
439.9596, 63.08704
440.4417, 61.72705
440.9239, 59.25977
441.4060, 55.76123
441.8881, 52.73596
442.3702, 50.99585
442.8523, 50.20215
443.3344, 50.03479
443.8166, 51.07141
444.2987, 51.91528
444.7808, 52.25647
445.2629, 52.06384
445.7450, 51.27661
446.2271, 49.48328
446.7093, 47.40344
447.1914, 45.06873
447.6735, 42.00732
448.1556, 40.25220
448.6377, 40.41516
449.1198, 41.47241
449.6020, 42.47192
450.0841, 43.47278
450.5662, 44.21973
451.0483, 44.47180
451.5304, 44.46130
452.0125, 45.32800
452.4947, 47.39502
452.9768, 49.37903
453.4589, 50.42346
453.9410, 50.49597
454.4231, 51.09583
454.9052, 52.40686
455.3874, 53.72729
455.8695, 53.86182
456.3516, 53.01648
456.8337, 52.78943
457.3158, 54.07971
457.7979, 55.97217
458.2801, 56.60889
458.7622, 56.18201
459.2443, 56.03418
459.7264, 57.79456
460.2085, 60.14514
460.6906, 61.03308
461.1728, 59.82922
461.6549, 58.89856
462.1370, 60.68713
462.6191, 63.69214
463.1012, 65.64917
463.5833, 65.08557
464.0655, 63.88586
464.5476, 62.61169
465.0297, 61.31091
465.5118, 60.26123
465.9939, 60.21765
466.4760, 59.91833
466.9582, 58.62549
467.4403, 55.65271
467.9224, 52.72937
468.4045, 49.73901
468.8866, 46.89136
469.3687, 44.54871
469.8509, 43.08020
470.3330, 41.38220
470.8151, 39.20520
471.2972, 36.58215
471.7793, 33.84656
472.2614, 30.85938
472.7436, 28.28223
473.2257, 26.38977
473.7078, 25.04309
474.1899, 24.49658
474.6720, 24.97437
475.1541, 25.65735
475.6363, 25.27710
476.1184, 23.99524
476.6005, 22.82971
477.0826, 21.98474
477.5647, 21.61047
478.0468, 22.70337
478.5290, 24.99829
479.0111, 26.07556
479.4932, 22.76501
479.9753, 17.91248
480.4574, 14.95422
480.9395, 14.85022
481.4217, 15.53027
481.9038, 16.22864
482.3859, 16.78552
482.8680, 16.94556
483.3501, 16.32764
483.8322, 15.56067
484.3144, 14.77539
484.7965, 13.97852
485.2786, 13.28210
485.7607, 13.09521
486.2428, 12.66296
486.7249, 11.50146
487.2071, 8.819702
487.6892, 7.213135
488.1713, 7.609863
488.6534, 8.463501
489.1355, 7.242554
489.6176, 2.955566
490.0998, 0.3295900
490.5819, 1.360596
491.0640, 0.6116940
491.5461, 0.4975590
492.0282, 1.006470
492.5103, 1.969360
492.9925, 3.677368
493.4746, 5.866699
493.9567, 7.050659
494.4388, 7.086548
494.9209, 6.493896
495.4030, 5.687500
495.8852, 4.754028
496.3673, 3.862915
496.8494, 3.470093
497.3315, 2.872803
497.8136, 1.230591
498.2957, 1.239136
498.7779, 3.639771
499.2600, 6.027832
499.7421, 7.834106
500.2242, 8.476440
500.7063, 7.627075
501.1884, 6.931030
501.6706, 7.598145
502.1527, 8.395264
502.6348, 8.061035
503.1169, 4.473633
503.5990, 2.171875
504.0811, 2.079102
504.5633, 3.690796
505.0454, 5.242676
505.5275, 7.099609
506.0096, 8.207031
506.4917, 7.800659
506.9738, 5.651367
507.4560, 4.802612
507.9381, 5.521851
508.4202, 6.790527
508.9023, 7.825562
509.3844, 8.596802
509.8665, 8.483276
510.3487, 7.063232
510.8308, 5.289063
511.3129, 4.731445
511.7950, 5.252197
512.2772, 6.180176
512.7593, 7.908569
513.2414, 9.456055
513.7235, 9.345947
514.2056, 7.625122
514.6877, 5.888550
515.1699, 4.627319
515.6520, 4.072510
516.1341, 4.630981
516.6162, 7.369751
517.0983, 9.250977
517.5804, 8.520508
518.0626, 6.434448
518.5447, 5.061768
519.0268, 5.492310
519.5089, 5.816528
519.9910, 5.369873
520.4731, 4.238037
520.9553, 4.044189
521.4374, 5.635010
521.9195, 6.930054
522.4016, 6.447754
522.8837, 3.597778
523.3658, 2.443115
523.8480, 3.573975
524.3301, 5.293335
524.8122, 5.250000
525.2943, 3.561279
525.7764, 1.689819
526.2585, 0.1860350
526.7407, 1.735596
527.2228, 2.263428
527.7049, 1.873535
528.1870, 1.215210
528.6691, 4.1382000E-02
529.1512, 0.9741210
529.6334, 4.9683001E-02
530.1155, 3.249756
530.5976, 5.741943
531.0797, 5.577759
531.5618, 4.033447
532.0439, 2.327271
532.5261, 0.1932370
533.0082, 1.237061
533.4903, 1.210693
533.9724, 0.3232420
534.4545, 0.1329350
534.9366, 0.2072750
535.4188, 0.7250980
535.9009, 1.438599
536.3830, 2.346313
536.8651, 2.773682
537.3472, 2.594727
537.8293, 2.266235
538.3115, 2.042358
538.7936, 1.938232
539.2757, 2.082520
539.7578, 2.496216
540.2399, 3.171753
540.7220, 4.090576
541.2042, 5.247314
541.6863, 6.670532
542.1684, 8.324097
542.6505, 10.29761
543.1326, 13.27039
543.6147, 16.81799
544.0969, 19.42114
544.5790, 19.23376
545.0611, 18.26709
545.5432, 18.30396
546.0253, 19.54541
546.5074, 20.43237
546.9896, 19.59802
547.4717, 18.53198
547.9538, 18.40259
548.4359, 21.07739
548.9180, 22.57324
549.4001, 21.60364
549.8823, 19.53577
550.3644, 18.80664
550.8465, 20.43530
551.3286, 21.35083
551.8107, 20.68921
552.2928, 18.75464
552.7750, 17.28552
553.2571, 16.31885
553.7392, 15.71240
554.2213, 15.48914
554.7034, 15.54492
555.1855, 15.69116
555.6677, 16.06104
556.1498, 15.84863
556.6319, 12.92627
557.1140, 8.781860
557.5961, 6.721313
558.0782, 8.729614
558.5604, 11.32080
559.0425, 11.12366
559.5246, 9.351440
560.0067, 8.718140
560.4888, 11.84485
560.9709, 14.98425
561.4531, 16.31665
561.9352, 15.78589
562.4173, 15.18591
562.8994, 14.46887
563.3815, 14.00073
563.8636, 14.01550
564.3458, 14.78308
564.8279, 15.43860
565.3100, 16.26782
565.7921, 16.66418
566.2742, 15.51624
566.7563, 12.60535
567.2385, 10.31018
567.7206, 9.093872
568.2027, 8.865723
568.6848, 9.902100
569.1669, 12.02661
569.6490, 13.78284
570.1312, 14.04419
570.6133, 13.64563
571.0954, 13.77393
571.5775, 14.42810
572.0596, 15.21423
572.5417, 16.06287
573.0239, 16.81970
573.5060, 17.24890
573.9881, 17.05420
574.4702, 17.26294
574.9523, 18.64221
575.4344, 20.45020
575.9166, 21.73315
576.3987, 22.01965
576.8808, 22.37036
577.3629, 23.02222
577.8450, 23.80591
578.3271, 24.04114
578.8093, 23.26575
579.2914, 24.84351
579.7735, 25.85315
580.2556, 26.32568
580.7377, 24.64636
581.2198, 25.75195
581.7020, 25.74561
582.1841, 25.69678
582.6662, 27.20300
583.1483, 25.85132
583.6304, 27.33667
584.1125, 27.68420
584.5947, 28.48584
585.0768, 28.14429
585.5589, 28.17175
586.0410, 29.35291
586.5231, 30.16418
587.0052, 30.36426
587.4873, 31.92395
587.9694, 31.13391
588.4515, 32.25793
588.9337, 34.86328
589.4158, 36.18762
589.8979, 36.23962
590.3800, 35.76257
590.8621, 34.32837
591.3442, 32.84717
591.8264, 31.66455
592.3085, 30.67981
592.7906, 31.26831
593.2727, 33.90088
593.7548, 36.33740
594.2369, 35.18066
594.7191, 31.40076
595.2012, 28.95251
595.6833, 29.18457
596.1654, 30.27930
596.6475, 30.25769
597.1296, 29.55432
597.6118, 29.17883
598.0939, 30.92053
598.5760, 31.98962
599.0581, 29.97363
599.5402, 25.37585
600.0223, 22.42871
600.5045, 24.06970
600.9866, 25.92712
601.4687, 25.96057
601.9508, 23.70459
602.4329, 21.63660
602.9150, 19.47571
603.3972, 17.91968
603.8793, 17.87976
604.3614, 19.53235
604.8435, 20.45203
605.3256, 20.09937
605.8077, 19.41077
606.2899, 20.33044
606.7720, 22.37036
607.2541, 23.16455
607.7362, 20.48071
608.2183, 17.50244
608.7004, 18.85706
609.1826, 23.35498
609.6647, 26.82471
610.1468, 26.02673
610.6289, 24.52527
611.1110, 24.73486
611.5931, 26.88440
612.0753, 28.35059
612.5574, 28.19836
613.0395, 27.58435
613.5216, 27.12537
614.0037, 26.71777
614.4858, 26.77979
614.9680, 27.48608
615.4501, 28.39709
615.9322, 28.81042
616.4143, 28.64502
616.8964, 29.18921
617.3785, 30.82678
617.8607, 32.94971
618.3428, 34.70447
618.8249, 36.07495
619.3070, 37.00354
619.7891, 36.96887
620.2712, 36.85132
620.7534, 38.00403
621.2355, 40.06738
621.7176, 41.25708
622.1997, 39.22510
622.6818, 37.34338
623.1639, 37.89612
623.6461, 41.55188
624.1282, 44.31921
624.6103, 44.42444
625.0924, 44.71411
625.5745, 47.24768
626.0566, 53.55176
626.5388, 57.60107
627.0209, 58.74927
627.5030, 58.37256
627.9851, 57.70874
628.4672, 56.71460
628.9493, 57.43213
629.4315, 60.74976
629.9136, 65.34961
630.3957, 69.27368
630.8778, 72.43835
631.3599, 75.03125
631.8420, 77.06702
632.3242, 78.77563
632.8063, 80.08838
633.2884, 80.99573
633.7705, 81.87769
634.2526, 83.38049
634.7347, 84.57837
635.2169, 85.08142
635.6990, 84.86902
636.1811, 84.21973
636.6632, 82.54895
637.1453, 80.93481
637.6274, 80.31201
638.1096, 80.96118
638.5917, 81.05554
639.0738, 80.40063
639.5559, 79.46033
640.0380, 78.82568
640.5201, 78.17346
641.0023, 77.16614
641.4844, 75.70691
641.9665, 73.80566
642.4486, 71.10486
642.9307, 67.95410
643.4128, 65.15100
643.8950, 63.21057
644.3771, 61.57031
644.8592, 59.91956
645.3413, 58.30579
645.8234, 56.84045
646.3055, 55.94897
646.7877, 54.85315
647.2698, 53.32874
647.7519, 51.35107
648.2340, 48.97705
648.7161, 45.99121
649.1982, 43.19153
649.6804, 41.44714
650.1625, 40.72485
650.6446, 39.31018
651.1267, 36.85645
651.6088, 34.24817
652.0909, 32.09216
652.5731, 30.49194
653.0552, 29.52258
653.5373, 29.25464
654.0194, 29.30981
654.5015, 30.18518
654.9836, 31.01770
655.4658, 30.58069
655.9479, 26.91174
656.4300, 23.94604
656.9121, 22.78491
657.3942, 22.83423
657.8763, 22.25623
658.3585, 20.32202
658.8406, 19.49365
659.3227, 20.98950
659.8048, 24.16553
660.2869, 25.62415
660.7690, 25.27307
661.2512, 24.39636
661.7333, 23.38391
662.2154, 22.50171
662.6975, 22.76062
663.1796, 24.11157
663.6617, 24.60181
664.1439, 22.05603
664.6260, 18.56201
665.1081, 16.00793
665.5902, 15.05273
666.0723, 14.06128
666.5544, 12.34521
667.0366, 10.71667
667.5187, 9.974609
668.0008, 10.90576
668.4829, 11.19324
668.9650, 10.48169
669.4471, 9.446777
669.9293, 9.074097
670.4114, 9.381958
670.8935, 10.10352
671.3756, 11.35510
671.8577, 12.67639
672.3398, 13.27075
672.8220, 13.25842
673.3041, 13.09558
673.7862, 13.53784
674.2683, 13.42004
674.7504, 10.88782
675.2325, 6.651123
675.7147, 4.370361
676.1968, 7.067017
676.6789, 10.20447
677.1610, 11.90588
677.6431, 12.36292
678.1252, 11.94006
678.6074, 10.33118
679.0895, 8.487915
679.5716, 6.786865
680.0537, 5.223267
680.5358, 5.031006
681.0179, 6.447388
681.5001, 7.687988
681.9822, 6.315430
682.4643, 3.591309
682.9464, 2.350952
683.4285, 3.471313
683.9106, 4.465698
684.3928, 2.815430
684.8749, 0.3442380
685.3570, 0.7709960
685.8391, 2.469116
686.3212, 4.079224
686.8033, 1.776245
687.2855, 2.248779
687.7676, 4.518433
688.2497, 4.298584
688.7318, 4.227539
689.2139, 5.046143
689.6960, 6.151855
690.1782, 5.709229
690.6603, 3.785156
691.1424, 1.888550
691.6245, 0.5004880
692.1066, 0.3326420
692.5887, 0.1412350
693.0709, 0.8013920
693.5530, 1.312256
694.0351, 0.1005860
694.5172, 1.443604
694.9993, 1.277466
695.4814, 0.5416260
695.9636, 2.149292
696.4457, 4.225708
696.9278, 5.123291
697.4099, 3.683350
697.8920, 0.6461180
698.3741, 3.504517
698.8563, 4.665894
699.3384, 4.998047
699.8205, 5.336792
700.3026, 5.554443
700.7847, 4.685791
701.2668, 2.435791
701.7490, 0.6455080
702.2311, 1.873413
702.7132, 4.388916
703.1953, 5.693970
703.6774, 4.538940
704.1595, 3.443481
704.6417, 3.656738
705.1238, 4.395508
705.6059, 4.580078
706.0880, 4.215210
706.5701, 3.080933
707.0522, 0.4093020
707.5344, 2.516479
708.0165, 2.411499
708.4986, 0.9868160
708.9807, 3.127441
709.4628, 2.220459
709.9449, 0.1732180
710.4271, 1.400879
710.9092, 1.601807
711.3913, 1.336792
711.8734, 0.3577880
712.3555, 0.5368650
712.8376, 0.5203860
713.3198, 0.1660160
713.8019, 0.3249510
714.2840, 0.9328610
714.7661, 2.237549
715.2482, 3.218750
715.7303, 3.870361
716.2125, 3.778320
716.6946, 2.690796
717.1767, 1.549561
717.6588, 0.8067630
718.1409, 0.4577640
718.6230, 0.6326900
719.1052, 1.346802
719.5873, 2.167847
720.0694, 3.066162
720.5515, 3.733887
721.0336, 3.592163
721.5157, 2.460815
721.9979, 1.581665
722.4800, 1.740845
722.9621, 2.238037
723.4442, 2.482666
723.9263, 2.095581
724.4084, 2.138672
724.8906, 2.630127
725.3727, 3.518799
725.8548, 5.034058
726.3369, 7.288696
726.8190, 8.313843
727.3011, 7.634766
727.7833, 6.503906
728.2654, 6.649048
728.7475, 7.602539
729.2296, 8.263794
729.7117, 8.309448
730.1938, 8.027954
730.6760, 7.590820
731.1581, 6.968506
731.6402, 6.104614
732.1223, 5.195190
732.6044, 3.728516
733.0865, 0.5151370
733.5687, 2.847290
734.0508, 2.323364
734.5329, 3.509033
735.0150, 7.199707
735.4971, 6.099243
735.9792, 2.535278
736.4614, 1.696655
736.9435, 3.186279
737.4256, 4.939331
737.9077, 6.155884
738.3898, 6.993042
738.8719, 7.660767
739.3541, 8.071411
739.8362, 7.912476
740.3183, 5.593384
740.8004, 4.123779
741.2825, 5.430664
741.7646, 9.015259
742.2468, 10.53247
742.7289, 8.845703
743.2110, 7.896606
743.6931, 10.61609
744.1752, 15.81519
744.6573, 16.13098
745.1395, 11.55225
745.6216, 7.094849
746.1037, 7.026489
746.5858, 8.916992
747.0679, 9.806519
747.5500, 9.564941
748.0322, 9.492798
748.5143, 11.45813
748.9964, 12.89062
749.4785, 11.54626
749.9606, 6.188354
750.4427, 3.978149
750.9249, 6.500854
751.4070, 9.308594
751.8891, 8.739990
752.3712, 4.833862
752.8533, 4.098755
753.3354, 6.963379
753.8176, 9.703491
754.2997, 8.260498
754.7818, 4.685547
755.2639, 1.910522
755.7460, 0.4947510
756.2281, 0.3375240
756.7103, 2.841553
757.1924, 5.833862
757.6745, 7.311157
758.1566, 5.572632
758.6387, 5.325195
759.1208, 7.336792
759.6030, 9.841064
760.0851, 11.02234
760.5672, 10.82275
761.0493, 10.50305
761.5314, 10.05151
762.0135, 10.03577
762.4957, 11.73132
762.9778, 14.22668
763.4599, 15.73926
763.9420, 15.43274
764.4241, 14.98096
764.9063, 15.61975
765.3884, 16.32642
765.8705, 16.17383
766.3526, 14.02661
766.8347, 12.81055
767.3168, 12.86414
767.7990, 13.59021
768.2811, 14.45776
768.7632, 15.59338
769.2453, 15.73315
769.7274, 14.41431
770.2095, 12.66235
770.6917, 11.82947
771.1738, 11.59338
771.6559, 11.29578
772.1380, 10.04736
772.6201, 9.723877
773.1022, 12.84412
773.5844, 17.24084
774.0665, 18.98267
774.5486, 14.99634
775.0307, 12.12463
775.5128, 11.44983
775.9949, 12.23499
776.4771, 13.18213
776.9592, 14.35962
777.4413, 14.67871
777.9234, 13.54541
778.4055, 11.87207
778.8876, 10.67908
779.3698, 10.05835
779.8519, 10.26501
780.3340, 12.58704
780.8161, 14.57556
781.2982, 14.87659
781.7803, 13.95715
782.2625, 13.02686
782.7446, 11.16431
783.2267, 11.01770
783.7088, 13.60364
784.1909, 17.97266
784.6730, 21.92554
785.1552, 25.46619
785.6373, 27.13000
786.1194, 25.05505
786.6015, 22.21729
787.0836, 24.12207
787.5657, 28.96973
788.0479, 31.76294
788.5300, 27.82507
789.0121, 23.66931
789.4942, 21.87463
789.9763, 22.18848
790.4584, 23.41492
790.9406, 26.49658
791.4227, 28.21533
791.9048, 27.67810
792.3869, 25.76111
792.8690, 24.05676
793.3511, 22.58655
793.8333, 22.31238
794.3154, 24.73474
794.7975, 27.79114
795.2796, 28.76123
795.7617, 28.19299
796.2438, 27.78320
796.7260, 28.77014
797.2081, 29.52917
797.6902, 29.20312
798.1723, 28.11121
798.6544, 27.51880
799.1365, 27.66370
799.6187, 27.70740
800.1008, 27.01807
800.5829, 26.24377
801.0650, 27.88086
801.5471, 31.52307
802.0292, 34.65173
802.5114, 35.77686
802.9935, 35.97339
803.4756, 35.63477
803.9577, 35.01147
804.4398, 34.92749
804.9219, 36.03174
805.4041, 37.26221
805.8862, 38.54736
806.3683, 39.72986
806.8504, 39.96399
807.3325, 39.04993
807.8146, 38.11450
808.2968, 37.40369
808.7789, 37.08801
809.2610, 37.85010
809.7431, 39.43762
810.2252, 40.80737
810.7073, 42.16577
811.1895, 42.45776
811.6716, 39.86182
812.1537, 35.46216
812.6358, 33.25305
813.1179, 36.15710
813.6000, 38.09790
814.0822, 37.48438
814.5643, 35.02673
815.0464, 33.05127
815.5285, 31.56262
816.0106, 30.59326
816.4927, 30.17480
816.9749, 30.27515
817.4570, 31.52087
817.9391, 33.31055
818.4212, 33.96021
818.9033, 31.49194
819.3854, 28.95190
819.8676, 27.29749
820.3497, 26.63000
820.8318, 27.04919
821.3139, 29.18933
821.7960, 30.52112
822.2781, 30.29114
822.7603, 29.16187
823.2424, 29.02026
823.7245, 29.61707
824.2066, 29.36255
824.6887, 27.25964
825.1708, 24.45471
825.6530, 21.44458
826.1351, 18.69507
826.6172, 17.28943
827.0993, 19.96558
827.5814, 20.98706
828.0635, 18.33813
828.5457, 13.86890
829.0278, 11.36975
829.5099, 11.08118
829.9920, 11.50061
830.4741, 12.58667
830.9562, 13.58203
831.4384, 12.47083
831.9205, 10.30457
832.4026, 9.892700
832.8847, 14.12988
833.3668, 17.61938
833.8489, 16.50720
834.3311, 13.09009
834.8132, 11.37134
835.2953, 12.59460
835.7774, 13.43567
836.2595, 13.38245
836.7416, 12.98596
837.2238, 13.52771
837.7059, 14.78748
838.1880, 14.51074
838.6701, 11.74023
839.1522, 8.747192
839.6343, 7.818726
840.1165, 8.168457
840.5986, 8.762451
841.0807, 9.931030
841.5628, 10.26245
842.0449, 8.871094
842.5270, 6.956543
843.0092, 5.603271
843.4913, 4.792358
843.9734, 4.775513
844.4555, 5.724976
844.9376, 6.939087
845.4197, 7.961670
845.9019, 8.549316
846.3840, 7.974854
846.8661, 5.819214
847.3482, 3.939331
847.8303, 3.792603
848.3124, 4.169312
848.7946, 3.922119
849.2767, 2.550537
849.7588, 1.631836
850.2409, 1.138306
850.7230, 1.157104
851.2051, 1.971191
851.6873, 3.395386
852.1694, 4.390991
852.6515, 4.855835
853.1336, 5.270996
853.6157, 6.491333
854.0978, 7.542114
854.5800, 6.952026
855.0621, 4.185303
855.5442, 3.276489
856.0263, 7.422729
856.5084, 11.07605
856.9905, 11.28235
857.4727, 8.066895
857.9548, 5.891357
858.4369, 4.887085
858.9190, 3.729004
859.4011, 0.6420900
859.8832, 2.773315
860.3654, 3.665771
860.8475, 2.199341
861.3296, 0.5540770
861.8117, 0.9163820
862.2938, 1.723389
862.7759, 1.190186
863.2581, 0.4340820
863.7402, 1.168091
864.2223, 0.8320310
864.7044, 0.2260740
865.1865, 0.1274410
865.6686, 0.4888920
866.1508, 2.173584
866.6329, 4.846680
867.1150, 6.843018
867.5971, 6.786865
868.0792, 6.106323
868.5613, 5.071777
869.0435, 3.996826
869.5256, 3.936035
870.0077, 5.603516
870.4898, 7.102295
870.9719, 8.318359
871.4540, 8.973633
871.9362, 8.157104
872.4183, 6.065918
872.9004, 4.100952
873.3825, 2.485107
873.8646, 1.633545
874.3467, 2.687134
874.8289, 4.561035
875.3110, 5.593994
875.7931, 5.094238
876.2752, 3.946411
876.7573, 1.735840
877.2394, 0.5715330
877.7216, 1.933228
878.2037, 2.334717
878.6858, 1.660767
879.1679, 0.3753660
879.6500, 2.517822
880.1321, 3.325317
880.6143, 3.122681
881.0964, 2.153809
881.5785, 0.1492920
882.0606, 0.6087650
882.5427, 1.985596
883.0248, 4.951660
883.5070, 6.147461
883.9891, 5.249268
884.4712, 4.576172
884.9533, 4.161133
885.4354, 3.793091
885.9175, 3.123291
886.3997, 2.405151
886.8818, 2.124756
887.3639, 2.279297
887.8460, 3.047241
888.3281, 5.142090
888.8102, 7.277588
889.2924, 8.628784
889.7745, 9.311279
890.2566, 10.89404
890.7387, 13.96277
891.2208, 15.59766
891.7029, 14.07495
892.1851, 10.79700
892.6672, 9.280396
893.1493, 9.192139
893.6314, 9.200562
894.1135, 8.611938
894.5956, 8.027832
895.0778, 7.988037
895.5599, 8.244995
896.0420, 7.897949
896.5241, 6.207031
897.0062, 4.653198
897.4883, 3.389526
897.9705, 2.685669
898.4526, 2.481934
898.9347, 2.862793
899.4168, 3.431763
899.8989, 3.843872
900.3810, 4.697144
900.8632, 5.919800
901.3453, 7.312378
901.8274, 8.401978
902.3095, 9.220947
902.7916, 9.850830
903.2737, 10.22058
903.7559, 10.16907
904.2380, 9.439697
904.7201, 7.958740
905.2022, 6.925659
905.6843, 6.408203
906.1664, 6.218018
906.6486, 6.576294
907.1307, 6.921631
907.6128, 6.623047
908.0949, 5.627686
908.5770, 5.132568
909.0591, 5.460938
909.5413, 6.174438
910.0234, 7.403320
910.5055, 8.952637
910.9876, 9.482300
911.4697, 9.027222
911.9518, 8.099365
912.4340, 6.435059
912.9161, 4.860962
913.3982, 4.314819
913.8803, 4.555542
914.3624, 4.931274
914.8445, 5.277954
915.3267, 5.705566
915.8088, 6.249390
916.2909, 6.828491
916.7730, 7.092896
917.2551, 7.061157
917.7372, 8.048340
918.2194, 10.97400
918.7015, 13.45959
919.1836, 11.67163
919.6657, 8.078979
920.1478, 6.305908
920.6299, 8.706665
921.1121, 9.555786
921.5942, 6.785156
922.0763, 3.681152
922.5584, 3.164917
923.0405, 5.360229
923.5226, 5.548218
924.0048, 3.430176
924.4869, 2.336182
924.9690, 6.682007
925.4511, 12.45410
925.9332, 14.74365
926.4153, 13.39575
926.8975, 12.25928
927.3796, 13.32935
927.8617, 13.55981
928.3438, 11.08289
928.8259, 6.935181
929.3080, 7.312378
929.7902, 12.11182
930.2723, 16.02173
930.7544, 16.44531
931.2365, 15.08203
931.7186, 13.27368
932.2007, 11.24878
932.6829, 9.446533
933.1650, 8.035645
933.6471, 6.849487
934.1292, 5.876831
934.6113, 5.127319
935.0934, 4.810059
935.5756, 4.872192
936.0577, 3.883545
936.5398, 1.512207
937.0219, 0.4193120
937.5040, 0.4725340
937.9861, 2.327393
938.4683, 2.682983
938.9504, 0.6037600
939.4325, 6.5673999E-02
939.9146, 2.064087
940.3967, 4.747559
940.8788, 7.231689
941.3610, 9.340332
941.8431, 8.547852
942.3252, 4.945923
942.8073, 1.400757
943.2894, 0.3640140
943.7715, 1.122314
944.2537, 1.293091
944.7358, 1.009888
945.2179, 0.6966550
945.7000, 0.2580570
946.1821, 0.1590580
946.6642, 1.883911
947.1464, 4.586914
947.6285, 4.934326
948.1106, 3.260254
948.5927, 2.173706
949.0748, 2.498291
949.5569, 3.005981
950.0391, 2.838989
950.5212, 2.131226
951.0033, 0.9051510
951.4854, 1.647705
951.9675, 2.538574
952.4496, 0.7453610
952.9318, 1.011963
953.4139, 2.674438
953.8960, 0.3806150
954.3781, 2.005493
954.8602, 2.272095
955.3423, 2.860596
955.8245, 1.057373
956.3066, 2.049805
956.7887, 3.152222
957.2708, 0.3713380
957.7529, 4.732666
958.2350, 2.002686
958.7172, 2.094482
959.1993, 0.8858640
959.6814, 2.476929
960.1635, 3.204224
960.6456, 1.129517
961.1277, 0.6096190
961.6099, 3.905273
962.0920, 3.803467
962.5741, 3.821411
963.0562, 3.745483
963.5383, 3.343018
964.0204, 2.573486
964.5026, 1.427246
964.9847, 0.2968750
965.4668, 1.609131
965.9489, 0.7697750
966.4310, 0.9028320
966.9131, 0.1997070
967.3953, 2.864258
967.8774, 5.503418
968.3595, 5.569580
968.8416, 5.596924
969.3237, 7.376221
969.8058, 10.20239
970.2880, 10.32080
970.7701, 7.302490
971.2522, 5.049561
971.7343, 4.908936
972.2164, 6.113281
972.6985, 8.446289
973.1807, 11.12085
973.6628, 12.53833
974.1449, 10.64722
974.6270, 10.12427
975.1091, 13.45850
975.5912, 17.01343
976.0734, 16.81543
976.5555, 12.75269
977.0376, 11.53906
977.5197, 13.63330
978.0018, 16.34058
978.4839, 17.63525
978.9661, 18.42090
979.4482, 19.43506
979.9303, 20.73560
980.4124, 22.72803
980.8945, 26.82886
981.3766, 29.56909
981.8588, 29.44751
982.3409, 27.63281
982.8230, 27.41455
983.3051, 28.50562
983.7872, 29.95996
984.2693, 31.71240
984.7515, 33.14673
985.2336, 33.68530
985.7157, 33.68896
986.1978, 33.51001
986.6799, 32.20264
987.1620, 33.34375
987.6442, 37.88428
988.1263, 42.17944
988.6084, 42.38574
989.0905, 39.94360
989.5726, 38.21240
990.0547, 37.32959
990.5369, 36.62500
991.0190, 35.35449
991.5011, 34.63452
991.9832, 35.40796
992.4653, 37.16528
992.9474, 38.41040
993.4296, 39.22559
993.9117, 38.45142
994.3938, 34.91870
994.8759, 31.27930
995.3580, 32.52075
995.8401, 35.92847
996.3223, 36.81372
996.8044, 31.91626
997.2865, 28.89478
997.7686, 30.06323
998.2507, 32.09448
998.7328, 32.31763
999.2150, 30.85474
999.6971, 30.83179
1000.179, 32.24097
1000.661, 34.07690
1001.143, 36.41748
1001.626, 38.23853
1002.108, 38.29492
1002.590, 37.05225
1003.072, 36.85254
1003.554, 38.28174
1004.036, 39.70630
1004.518, 40.67432
1005.000, 41.32300
1005.482, 42.36475
1005.965, 43.56543
1006.447, 43.55811
1006.929, 41.37378
1007.411, 40.19849
1007.893, 42.17627
1008.375, 45.45801
1008.857, 48.83887
1009.339, 52.43750
1009.822, 54.75562
1010.304, 55.64453
1010.786, 56.60083
1011.268, 58.85669
1011.750, 61.79077
1012.232, 63.91284
1012.714, 65.56030
1013.196, 67.59961
1013.678, 71.23706
1014.161, 74.61426
1014.643, 77.21997
1015.125, 79.87012
1015.607, 83.24561
1016.089, 87.51343
1016.571, 90.89966
1017.053, 93.16211
1017.535, 95.28027
1018.018, 97.60327
1018.500, 100.8066
1018.982, 105.7266
1019.464, 112.2593
1019.946, 117.1912
1020.428, 119.7817
1020.910, 123.6611
1021.392, 131.0996
1021.874, 140.0679
1022.357, 146.5134
1022.839, 151.2371
1023.321, 156.0339
1023.803, 161.8223
1024.285, 167.3198
1024.767, 171.9128
1025.249, 176.3735
1025.731, 181.3064
1026.214, 186.7180
1026.696, 192.8452
1027.178, 199.7571
1027.660, 206.4851
1028.142, 212.2563
1028.624, 217.6572
1029.106, 223.1731
1029.588, 228.8140
1030.070, 234.5071
1030.553, 240.6345
1031.035, 245.9407
1031.517, 249.8396
1031.999, 253.2537
1032.481, 258.0862
1032.963, 263.8149
1033.445, 269.0996
1033.927, 273.4883
1034.410, 277.9346
1034.892, 281.9133
1035.374, 286.9146
1035.856, 294.5066
1036.338, 304.8406
1036.820, 311.1997
1037.302, 313.4155
1037.784, 315.3708
1038.266, 320.6201
1038.749, 325.6941
1039.231, 326.6895
1039.713, 324.7698
1040.195, 322.6628
1040.677, 321.0002
1041.159, 318.9219
1041.641, 316.1887
1042.123, 313.3127
1042.605, 311.2375
1043.088, 309.4741
1043.570, 306.6550
1044.052, 302.6382
1044.534, 297.9739
1045.016, 292.9551
1045.498, 287.3403
1045.980, 280.8413
1046.462, 273.7141
1046.945, 267.0706
1047.427, 260.8853
1047.909, 254.8911
1048.391, 249.2339
1048.873, 243.3879
1049.355, 236.2764
1049.837, 228.8113
1050.319, 222.1921
1050.802, 216.9517
1051.284, 211.8955
1051.766, 206.9224
1052.248, 202.4263
1052.730, 199.2922
1053.212, 196.7996
1053.694, 192.2166
1054.176, 186.0276
1054.658, 180.5686
1055.141, 177.4539
1055.623, 174.6963
1056.105, 171.4641
1056.587, 168.1653
1057.069, 165.6975
1057.551, 164.1064
1058.033, 161.2776
1058.515, 156.8572
1058.997, 151.9226
1059.480, 146.5996
1059.962, 141.7954
1060.444, 139.0752
1060.926, 138.5547
1061.408, 135.3657
1061.890, 128.0732
1062.372, 121.7754
1062.854, 118.6196
1063.337, 116.8701
1063.819, 112.9629
1064.301, 107.9978
1064.783, 104.7188
1065.265, 105.3523
1065.747, 104.1575
1066.229, 97.97314
1066.711, 90.67798
1067.193, 84.21777
1067.676, 78.66064
1068.158, 75.22583
1068.640, 73.71826
1069.122, 71.57690
1069.604, 65.82422
1070.086, 60.23511
1070.568, 57.85645
1071.050, 57.31226
1071.532, 55.23364
1072.015, 50.52222
1072.497, 47.72559
1072.979, 47.69019
1073.461, 48.08057
1073.943, 46.80908
1074.425, 44.25659
1074.907, 39.89868
1075.389, 33.78613
1075.872, 30.04248
1076.354, 31.41602
1076.836, 32.99243
1077.318, 33.66138
1077.800, 33.61353
1078.282, 33.21924
1078.764, 32.42554
1079.246, 30.83447
1079.729, 27.68018
1080.211, 25.76147
1080.693, 28.83789
1081.175, 31.80298
1081.657, 30.39502
1082.139, 24.67822
1082.621, 22.30420
1083.103, 23.18213
1083.585, 23.22705
1084.068, 18.84204
1084.550, 14.33936
1085.032, 14.84204
1085.514, 17.75073
1085.996, 18.61963
1086.478, 15.46289
1086.960, 14.01245
1087.442, 14.78809
1087.924, 15.57129
1088.406, 13.79761
1088.889, 11.03467
1089.371, 10.08325
1089.853, 10.84326
1090.335, 11.77930
1090.817, 13.13379
1091.299, 13.38379
1091.781, 11.63794
1092.263, 9.167969
1092.746, 8.271973
1093.228, 8.745361
1093.710, 10.03394
1094.192, 12.18066
1094.674, 13.56812
1095.156, 12.18018
1095.638, 10.45825
1096.120, 9.789307
1096.603, 10.16699
1097.085, 12.08716
1097.567, 15.59839
1098.049, 18.94336
1098.531, 21.70337
1099.013, 23.54468
1099.495, 23.46191
1099.977, 22.60400
1100.459, 22.52759
1100.942, 23.96582
1101.424, 24.58472
1101.906, 24.16772
1102.388, 23.68701
1102.870, 24.04297
1103.352, 24.63306
1103.834, 24.38794
1104.316, 23.39453
1104.798, 21.89087
1105.281, 18.68164
1105.763, 16.86719
1106.245, 17.23340
1106.727, 18.47852
1107.209, 19.49292
1107.691, 20.17188
1108.173, 20.00952
1108.655, 18.98804
1109.138, 17.27100
1109.620, 13.71021
1110.102, 10.83569
1110.584, 10.15332
1111.066, 10.78540
1111.548, 10.78638
1112.030, 10.17163
1112.512, 10.41040
1112.995, 11.85278
1113.477, 13.48560
1113.959, 14.97168
1114.441, 15.82178
1114.923, 15.23389
1115.405, 13.25854
1115.887, 12.14087
1116.369, 11.99048
1116.851, 12.05884
1117.333, 12.28247
1117.816, 12.20605
1118.298, 10.70288
1118.780, 8.738281
1119.262, 7.774414
1119.744, 8.525879
1120.226, 9.270996
1120.708, 10.33984
1121.190, 10.48975
1121.673, 8.508057
1122.155, 5.376465
1122.637, 2.899170
1123.119, 1.197021
1123.601, 0.5893550
1124.083, 2.721924
1124.565, 3.802246
1125.047, 2.958740
1125.530, 1.336426
1126.012, 0.2312010
1126.494, 1.700439
1126.976, 2.754150
1127.458, 3.414063
1127.940, 3.912109
1128.422, 4.793213
1128.904, 5.075439
1129.386, 3.842041
1129.869, 2.043457
1130.351, 1.055664
1130.833, 0.8840330
1131.315, 1.467529
1131.797, 2.900635
1132.279, 3.541504
1132.761, 0.8125000
1133.243, 2.046387
1133.725, 2.385498
1134.208, 0.6289060
1134.690, 0.7475590
1135.172, 1.754395
1135.654, 2.325928
1136.136, 2.473389
1136.618, 2.072021
1137.100, 6.5186001E-02
1137.582, 2.010986
1138.065, 2.379150
1138.547, 0.5810550
1139.029, 1.593994
1139.511, 4.578857
1139.993, 6.329346
1140.475, 5.659424
1140.957, 3.949219
1141.439, 3.472412
1141.922, 3.505127
1142.404, 2.616455
1142.886, 0.4345700
1143.368, 1.672607
1143.850, 9.3506001E-02
1144.332, 1.665527
1144.814, 0.4992680
1145.296, 1.978027
1145.778, 1.794922
1146.260, 0.2617190
1146.743, 1.896484
1147.225, 2.956299
1147.707, 2.099609
1148.189, 2.384521
1148.671, 6.604736
1149.153, 6.449219
1149.635, 2.966553
1150.117, 1.066895
1150.600, 0.7783200
1151.082, 1.238037
1151.564, 2.667725
1152.046, 4.021973
1152.528, 5.053467
1153.010, 5.700684
1153.492, 5.595215
1153.974, 4.888184
1154.457, 5.375732
1154.939, 7.201660
1155.421, 8.668457
1155.903, 7.892090
1156.385, 7.078857
1156.867, 7.686768
1157.349, 9.203125
1157.831, 10.50977
1158.313, 11.58423
1158.796, 13.07324
1159.278, 15.16699
1159.760, 16.84790
1160.242, 16.59229
1160.724, 16.10693
1161.206, 17.27417
1161.688, 19.74707
1162.170, 20.07593
1162.652, 17.94507
1163.135, 17.38721
1163.617, 19.99927
1164.099, 22.89771
1164.581, 23.14038
1165.063, 22.09399
1165.545, 20.67358
1166.027, 18.78271
1166.509, 19.85889
1166.992, 24.78687
1167.474, 27.67310
1167.956, 25.05225
1168.438, 21.13892
1168.920, 21.67896
1169.402, 24.36865
1169.884, 26.10791
1170.366, 26.57642
1170.849, 24.54126
1171.331, 18.95532
1171.813, 14.63647
1172.295, 14.98267
1172.777, 17.53149
1173.259, 19.09399
1173.741, 19.68677
1174.223, 19.26831
1174.705, 16.61157
1175.188, 14.89404
1175.670, 14.18921
1176.152, 14.36133
1176.634, 15.74707
1177.116, 17.66382
1177.598, 18.98633
1178.080, 19.73901
1178.562, 20.08057
1179.044, 19.72925
1179.527, 19.45386
1180.009, 19.48633
1180.491, 19.25146
1180.973, 17.73975
1181.455, 15.73145
1181.937, 15.28198
1182.419, 16.25122
1182.901, 17.14087
1183.384, 17.73315
1183.866, 17.29663
1184.348, 15.13354
1184.830, 12.91016
1185.312, 13.16138
1185.794, 15.02124
1186.276, 15.88794
1186.758, 15.68677
1187.240, 15.90967
1187.723, 17.39209
1188.205, 19.20508
1188.687, 21.32593
1189.169, 23.03491
1189.651, 22.93140
1190.133, 21.54321
1190.615, 20.51562
1191.097, 19.92773
1191.579, 19.61743
1192.062, 19.96729
1192.544, 19.81079
1193.026, 18.49878
1193.508, 16.82495
1193.990, 17.08203
1194.472, 18.52100
1194.954, 18.17285
1195.436, 15.22070
1195.919, 12.51611
1196.401, 11.12671
1196.883, 10.60889
1197.365, 11.15332
1197.847, 12.18945
1198.329, 11.73706
1198.811, 10.28931
1199.293, 9.582520
1199.776, 10.26123
1200.258, 10.55786
1200.740, 9.048096
1201.222, 7.612549
1201.704, 7.265137
1202.186, 7.598145
1202.668, 7.200439
1203.150, 6.345215
1203.632, 6.080566
1204.115, 7.056885
1204.597, 7.521240
1205.079, 6.126465
1205.561, 4.674561
1206.043, 4.281006
1206.525, 4.632324
1207.007, 5.383301
1207.489, 6.372803
1207.971, 6.842285
1208.454, 6.493652
1208.936, 5.678467
1209.418, 3.594482
1209.900, 1.977783
1210.382, 2.148438
1210.864, 3.827148
1211.346, 5.583984
1211.828, 7.230225
1212.311, 7.782471
1212.793, 5.681641
1213.275, 4.166992
1213.757, 5.111328
1214.239, 6.446533
1214.721, 6.612793
1215.203, 5.782227
1215.685, 5.139404
1216.167, 4.717529
1216.650, 4.636963
1217.132, 5.090332
1217.614, 5.765625
1218.096, 7.045654
1218.578, 8.006836
1219.060, 7.643311
1219.542, 6.168213
1220.024, 4.819580
1220.506, 3.686523
1220.989, 3.038330
1221.471, 3.582520
1221.953, 3.866699
1222.435, 2.988770
1222.917, 2.276367
1223.399, 3.482666
1223.881, 6.108398
1224.363, 7.457520
1224.846, 7.664307
1225.328, 8.100342
1225.810, 10.31885
1226.292, 11.59766
1226.774, 11.09375
1227.256, 9.757813
1227.738, 8.432861
1228.220, 7.221924
1228.703, 6.307129
1229.185, 5.774658
1229.667, 6.151611
1230.149, 9.646484
1230.631, 11.12964
1231.113, 8.386719
1231.595, 4.966553
1232.077, 6.348877
1232.559, 10.49976
1233.042, 11.20020
1233.524, 8.510254
1234.006, 6.652344
1234.488, 7.868408
1234.970, 9.549805
1235.452, 11.54639
1235.934, 13.14258
1236.416, 13.44531
1236.898, 12.60229
1237.381, 7.058848
1237.863, 11.19367
1238.345, 13.41829
1238.827, 13.83525
1239.309, 7.030684
1239.791, 9.551238
1240.273, 8.334743
1240.755, 6.964949
1241.238, 10.79752
1241.720, 5.043320
1242.202, 8.793845
1242.684, 8.750293
1243.166, 10.44316
1243.648, 8.375907
1244.130, 7.469994
1244.612, 10.32547
1245.094, 11.09830
1245.577, 8.597665
1246.059, 10.40098
1246.541, 4.515373
1247.023, 5.376907
1247.505, 10.40259
1247.987, 11.94702
1248.469, 8.802734
1248.951, 5.083252
1249.433, 6.729004
1249.916, 10.25317
1250.398, 11.19189
1250.880, 9.406982
1251.362, 9.642578
1251.844, 12.79517
1252.326, 14.65698
1252.808, 14.15674
1253.290, 12.79199
1253.773, 11.96094
1254.255, 11.27295
1254.737, 10.27368
1255.219, 9.024902
1255.701, 8.005371
1256.183, 7.273682
1256.665, 7.027588
1257.147, 7.248291
1257.630, 7.799072
1258.112, 9.614990
1258.594, 11.41528
1259.076, 11.40503
1259.558, 10.06470
1260.040, 10.24048
1260.522, 11.80054
1261.004, 11.77466
1261.486, 9.255859
1261.969, 7.317139
1262.451, 8.590820
1262.933, 10.74487
1263.415, 12.88696
1263.897, 14.61597
1264.379, 13.82666
1264.861, 11.15625
1265.343, 9.828125
1265.825, 10.77051
1266.308, 11.45020
1266.790, 10.01318
1267.272, 8.273438
1267.754, 7.030762
1268.236, 6.381592
1268.718, 6.447266
1269.200, 7.402100
1269.682, 9.551758
1270.165, 13.35742
1270.647, 15.35425
1271.129, 11.90991
1271.611, 9.019775
1272.093, 8.469727
1272.575, 9.031250
1273.057, 9.452393
1273.539, 10.09937
1274.021, 9.632080
1274.504, 7.333740
1274.986, 6.124023
1275.468, 6.335205
1275.950, 7.085938
1276.432, 8.654053
1276.914, 9.921631
1277.396, 9.014404
1277.878, 7.126953
1278.360, 5.351563
1278.843, 3.884277
1279.325, 4.538818
1279.807, 8.308105
1280.289, 10.47144
1280.771, 9.434326
1281.253, 7.289551
1281.735, 6.388184
1282.217, 5.903809
1282.700, 4.294922
1283.182, 1.754883
1283.664, 2.514893
1284.146, 6.985107
1284.628, 10.40698
1285.110, 11.45288
1285.592, 11.83105
1286.074, 13.09790
1286.557, 14.23022
1287.039, 14.34497
1287.521, 13.76440
1288.003, 13.48804
1288.485, 13.38452
1288.967, 11.99365
1289.449, 8.790527
1289.931, 6.901367
1290.413, 10.57690
1290.896, 13.41284
1291.378, 11.87720
1291.860, 7.867432
1292.342, 5.582275
1292.824, 4.945068
1293.306, 6.104248
1293.788, 9.303955
1294.270, 10.68652
1294.752, 6.576172
1295.235, 3.539063
1295.717, 3.741943
1296.199, 5.055664
1296.681, 3.233643
1297.163, 0.1159670
1297.645, 0.5498050
1298.127, 1.702148
1298.609, 2.668945
1299.092, 1.149170
1299.574, 1.5869001E-02
1300.056, 1.7821999E-02
1300.538, 0.5888670
1301.020, 1.622314
1301.502, 2.257568
1301.984, 2.173096
1302.466, 1.161377
1302.948, 0.8654790
1303.431, 1.526855
1303.913, 1.786377
1304.395, 1.727783
1304.877, 0.0000000E+00
##END=



