##NAMES=Pseudograndreefite
##RRUFFID=R100006
##IDEAL CHEMISTRY=Pb_6_(SO_4_)F_10_
##LOCALITY=Grand Reef mine, Klondyke, Aravaipa District, Graham County, Arizona, USA
##OWNER=RRUFF
##SOURCE=Natural History Museum of Los Angeles County 
##DESCRIPTION=Colorless crystal fragments from the type specimen, associated with laurelite R100035 and grandreefite R100012. Photo of type specimen is courtesy of LACMNH.
##STATUS=The identification of this mineral has been confirmed by single-crystal X-ray diffraction.
##URL=rruff.info/R100006
122.7940, 0.0000000E+00
123.2761, 4.012737
123.7582, 8.284784
124.2404, 12.69256
124.7225, 15.85758
125.2046, 18.32700
125.6867, 20.25760
126.1688, 24.09669
126.6509, 30.04776
127.1331, 32.16158
127.6152, 27.09743
128.0973, 19.17687
128.5794, 12.13525
129.0615, 5.994965
129.5436, 0.7662890
130.0258, 3.690384
130.5079, 7.103477
130.9900, 9.056992
131.4721, 9.639908
131.9542, 8.291801
132.4363, 4.438873
132.9185, 1.809586
133.4006, 9.755707
133.8827, 19.30086
134.3648, 30.24438
134.8469, 43.40297
135.3290, 58.92523
135.8112, 76.08487
136.2933, 94.19250
136.7754, 113.4519
137.2575, 132.3264
137.7396, 150.6653
138.2217, 168.0050
138.7039, 184.4210
139.1860, 200.2498
139.6681, 214.6419
140.1502, 226.3348
140.6323, 234.3840
141.1144, 242.2225
141.5966, 250.7115
142.0787, 259.2767
142.5608, 270.7511
143.0429, 285.1922
143.5250, 302.4290
144.0071, 322.0501
144.4893, 343.8768
144.9714, 368.0165
145.4535, 394.3243
145.9356, 424.2738
146.4177, 454.1907
146.8998, 484.6376
147.3820, 515.1884
147.8641, 545.7566
148.3462, 576.9004
148.8283, 607.0760
149.3104, 635.8397
149.7925, 662.4312
150.2747, 688.3487
150.7568, 713.6346
151.2389, 738.1974
151.7210, 760.6627
152.2031, 780.0915
152.6852, 797.6716
153.1674, 814.4083
153.6495, 831.0566
154.1316, 845.8851
154.6137, 858.0372
155.0958, 867.4655
155.5779, 877.0576
156.0601, 888.3005
156.5422, 899.3830
157.0243, 908.5554
157.5064, 912.4302
157.9885, 917.2427
158.4706, 924.5699
158.9528, 934.5640
159.4349, 946.6016
159.9170, 962.5514
160.3991, 979.8640
160.8812, 995.5951
161.3633, 1006.057
161.8455, 1017.032
162.3276, 1031.667
162.8097, 1050.769
163.2918, 1069.651
163.7739, 1085.918
164.2560, 1098.871
164.7382, 1099.911
165.2203, 1100.379
165.7024, 1100.186
166.1845, 1096.812
166.6666, 1089.442
167.1487, 1080.832
167.6309, 1072.737
168.1130, 1064.510
168.5951, 1054.842
169.0772, 1042.014
169.5593, 1028.053
170.0414, 1014.770
170.5236, 1002.780
171.0057, 990.6943
171.4878, 977.1117
171.9699, 962.4006
172.4520, 947.9203
172.9341, 934.2413
173.4163, 921.1409
173.8984, 908.3353
174.3805, 895.5450
174.8626, 883.2599
175.3447, 871.9620
175.8268, 861.4570
176.3090, 850.8707
176.7911, 839.3947
177.2732, 827.5261
177.7553, 816.1643
178.2374, 805.6686
178.7195, 795.5436
179.2017, 785.2863
179.6838, 774.8182
180.1659, 764.0923
180.6480, 751.3544
181.1301, 738.2234
181.6122, 725.5513
182.0944, 714.0731
182.5765, 702.8447
183.0586, 689.6978
183.5407, 674.8198
184.0228, 659.8004
184.5049, 646.5162
184.9871, 634.4403
185.4692, 622.0080
185.9513, 608.3726
186.4334, 594.1281
186.9155, 580.2599
187.3976, 566.7745
187.8798, 553.8552
188.3619, 541.9750
188.8440, 531.0203
189.3261, 520.3732
189.8082, 509.5992
190.2903, 498.9857
190.7725, 489.4771
191.2546, 481.0519
191.7367, 473.0179
192.2188, 464.4998
192.7009, 455.4758
193.1830, 446.4645
193.6652, 437.7067
194.1473, 429.0986
194.6294, 420.0327
195.1115, 410.1871
195.5936, 400.9185
196.0757, 394.7233
196.5579, 391.7303
197.0400, 388.0026
197.5221, 381.4977
198.0042, 372.4749
198.4863, 364.6360
198.9684, 358.1987
199.4506, 352.5367
199.9327, 346.8032
200.4148, 340.9523
200.8969, 335.2970
201.3790, 329.9535
201.8611, 324.9384
202.3433, 320.0839
202.8254, 315.5442
203.3075, 310.8725
203.7896, 305.0214
204.2717, 297.6042
204.7538, 290.7749
205.2360, 285.8110
205.7181, 283.0161
206.2002, 279.0582
206.6823, 273.5668
207.1644, 267.3483
207.6465, 261.6820
208.1287, 256.4618
208.6108, 252.2852
209.0929, 249.8900
209.5750, 249.8680
210.0571, 248.3784
210.5392, 244.9011
211.0214, 240.4752
211.5035, 237.2802
211.9856, 235.6522
212.4677, 234.4113
212.9498, 233.2861
213.4319, 232.5879
213.9140, 230.4664
214.3962, 226.0189
214.8783, 220.6990
215.3604, 218.1105
215.8425, 219.1475
216.3246, 220.8217
216.8067, 221.8662
217.2889, 222.1240
217.7710, 222.1297
218.2531, 221.8702
218.7352, 221.3353
219.2173, 220.4067
219.6994, 218.6313
220.1816, 217.3010
220.6637, 217.0045
221.1458, 217.9190
221.6279, 219.4940
222.1100, 222.2507
222.5921, 225.4908
223.0743, 227.3671
223.5564, 227.2254
224.0385, 226.8995
224.5206, 227.1526
225.0027, 228.0302
225.4848, 229.4912
225.9670, 231.6256
226.4491, 234.3061
226.9312, 237.2556
227.4133, 240.3740
227.8954, 243.8864
228.3775, 247.8625
228.8597, 252.6970
229.3418, 257.1156
229.8239, 260.7762
230.3060, 264.0616
230.7881, 267.8368
231.2702, 271.8813
231.7524, 276.7767
232.2345, 282.9161
232.7166, 291.4709
233.1987, 298.6720
233.6808, 303.9520
234.1629, 307.9863
234.6451, 312.7415
235.1272, 318.6794
235.6093, 324.6577
236.0914, 330.2454
236.5735, 335.5255
237.0556, 340.2311
237.5378, 343.4056
238.0199, 346.3782
238.5020, 352.7953
238.9841, 365.3451
239.4662, 377.4776
239.9483, 386.2603
240.4305, 389.8815
240.9126, 394.0299
241.3947, 398.4669
241.8768, 403.5568
242.3589, 410.3838
242.8410, 420.2821
243.3232, 429.6886
243.8053, 436.7071
244.2874, 439.4575
244.7695, 444.4893
245.2516, 453.0800
245.7337, 463.2957
246.2159, 470.8289
246.6980, 474.4387
247.1801, 477.4033
247.6622, 481.3375
248.1443, 487.3085
248.6264, 492.0568
249.1086, 494.6454
249.5907, 496.3098
250.0728, 499.7034
250.5549, 505.5195
251.0370, 510.7410
251.5191, 514.7892
252.0013, 518.0056
252.4834, 519.7423
252.9655, 519.2008
253.4476, 517.4929
253.9297, 516.9092
254.4118, 518.4351
254.8940, 518.8384
255.3761, 516.8290
255.8582, 511.6836
256.3403, 507.5839
256.8224, 505.3751
257.3046, 503.2609
257.7867, 498.0961
258.2688, 488.2482
258.7509, 478.7374
259.2330, 471.7152
259.7151, 467.9214
260.1973, 462.1924
260.6794, 454.0541
261.1615, 444.7091
261.6436, 436.2400
262.1257, 429.2357
262.6078, 421.4357
263.0900, 412.1865
263.5721, 401.2690
264.0542, 389.9248
264.5363, 377.3505
265.0184, 365.0068
265.5005, 354.8086
265.9827, 348.0563
266.4648, 339.8768
266.9469, 328.1639
267.4290, 312.8192
267.9111, 300.8077
268.3932, 293.4202
268.8754, 287.4384
269.3575, 279.2540
269.8396, 268.3188
270.3217, 256.8190
270.8038, 244.9755
271.2859, 232.7772
271.7681, 222.1651
272.2502, 213.5751
272.7323, 205.6348
273.2144, 197.2039
273.6965, 188.1351
274.1786, 179.2324
274.6608, 170.6366
275.1429, 162.3192
275.6250, 153.6912
276.1071, 144.5894
276.5892, 135.6370
277.0714, 127.7630
277.5535, 121.0490
278.0356, 114.2960
278.5177, 107.1522
278.9998, 99.84949
279.4819, 93.42413
279.9641, 87.90509
280.4462, 82.82397
280.9283, 77.92200
281.4104, 73.27490
281.8925, 68.30237
282.3746, 62.76562
282.8568, 56.97180
283.3389, 51.84387
283.8210, 47.42609
284.3031, 43.22131
284.7852, 38.65479
285.2673, 33.82831
285.7495, 29.79974
286.2316, 26.72101
286.7137, 24.38617
287.1958, 22.67139
287.6779, 21.60437
288.1600, 20.24823
288.6422, 17.79395
289.1243, 14.37756
289.6064, 11.34448
290.0885, 8.822937
290.5706, 6.536987
291.0527, 3.929260
291.5349, 1.038940
292.0170, 1.559021
292.4991, 3.271790
292.9812, 4.367126
293.4633, 5.686707
293.9454, 7.270447
294.4276, 9.076111
294.9097, 11.21887
295.3918, 13.62469
295.8739, 15.77081
296.3560, 17.43127
296.8381, 18.62427
297.3203, 19.12823
297.8024, 18.86041
298.2845, 18.57507
298.7666, 19.29901
299.2487, 20.68860
299.7308, 21.72839
300.2130, 21.97723
300.6951, 21.62897
301.1772, 21.21222
301.6593, 20.72278
302.1414, 19.44006
302.6235, 16.09607
303.1057, 11.50159
303.5878, 7.216675
304.0699, 2.301880
304.5520, 0.9219360
305.0341, 1.519348
305.5162, 8.999695
305.9984, 16.48724
306.4805, 22.30365
306.9626, 25.34717
307.4447, 23.29675
307.9268, 11.72833
308.4089, 5.0476000E-02
308.8911, 3.249146
309.3732, 0.6660160
309.8553, 5.624512
310.3374, 9.366211
310.8195, 11.76825
311.3016, 12.26923
311.7838, 9.742615
312.2659, 7.455078
312.7480, 8.332703
313.2301, 11.14478
313.7122, 12.88812
314.1943, 11.73761
314.6765, 9.339600
315.1586, 6.719360
315.6407, 3.840820
316.1228, 1.183960
316.6049, 1.132019
317.0870, 2.987488
317.5692, 4.212341
318.0513, 4.307068
318.5334, 4.304810
319.0155, 4.820801
319.4976, 5.953308
319.9797, 6.939453
320.4619, 6.880981
320.9440, 6.690918
321.4261, 7.412598
321.9082, 10.63696
322.3903, 13.50690
322.8724, 15.08771
323.3546, 15.33423
323.8367, 15.27533
324.3188, 14.62811
324.8009, 14.02582
325.2830, 13.97955
325.7651, 14.95654
326.2473, 16.06097
326.7294, 17.41290
327.2115, 18.92114
327.6936, 19.87988
328.1757, 19.60999
328.6578, 19.28461
329.1400, 19.48859
329.6221, 21.00195
330.1042, 21.98718
330.5863, 22.17664
331.0684, 21.80823
331.5505, 21.57367
332.0327, 21.11572
332.5148, 21.15295
332.9969, 22.14105
333.4790, 24.79816
333.9611, 26.51843
334.4432, 26.98492
334.9254, 26.64673
335.4075, 26.24512
335.8896, 25.58795
336.3717, 25.23560
336.8538, 25.47784
337.3359, 26.38098
337.8180, 27.02075
338.3001, 27.39832
338.7823, 27.55768
339.2644, 27.46783
339.7465, 27.01453
340.2286, 26.78809
340.7107, 27.07550
341.1928, 27.74872
341.6750, 27.80963
342.1571, 27.02808
342.6392, 26.36298
343.1213, 26.79108
343.6034, 28.34192
344.0855, 29.58630
344.5677, 30.26562
345.0498, 30.47711
345.5319, 30.49951
346.0140, 30.34235
346.4961, 30.00299
346.9782, 29.30774
347.4604, 28.36066
347.9425, 27.74756
348.4246, 27.51068
348.9067, 27.64917
349.3888, 28.50897
349.8709, 29.89313
350.3531, 30.74780
350.8352, 30.01801
351.3173, 28.52362
351.7994, 27.75281
352.2815, 27.75610
352.7636, 28.34406
353.2458, 30.04980
353.7279, 32.21356
354.2100, 33.38434
354.6921, 32.09552
355.1742, 30.17920
355.6563, 29.87793
356.1385, 31.03656
356.6206, 31.83087
357.1027, 30.38977
357.5848, 28.08575
358.0669, 26.59180
358.5490, 26.83575
359.0312, 27.32483
359.5133, 27.14569
359.9954, 26.47034
360.4775, 25.83112
360.9596, 25.32190
361.4417, 25.06793
361.9239, 25.24268
362.4060, 25.97455
362.8881, 26.33923
363.3702, 25.48358
363.8523, 23.89679
364.3344, 22.45483
364.8166, 22.34674
365.2987, 22.03033
365.7808, 20.87958
366.2629, 18.52979
366.7450, 17.39459
367.2271, 18.77692
367.7093, 20.70825
368.1914, 21.56567
368.6735, 20.78436
369.1556, 19.61066
369.6377, 18.16986
370.1198, 16.50616
370.6020, 15.02301
371.0841, 13.37512
371.5662, 12.08038
372.0483, 11.64178
372.5304, 13.00861
373.0125, 13.50653
373.4947, 12.14325
373.9768, 10.20453
374.4589, 11.25623
374.9410, 17.45471
375.4231, 22.06238
375.9052, 21.86560
376.3874, 16.01111
376.8695, 12.05060
377.3516, 10.24066
377.8337, 9.868286
378.3158, 10.18451
378.7979, 11.28851
379.2801, 12.35736
379.7622, 13.25238
380.2443, 13.97430
380.7264, 14.61627
381.2085, 15.15881
381.6906, 15.53802
382.1728, 15.65759
382.6549, 15.53632
383.1370, 15.29346
383.6191, 14.86829
384.1012, 14.51532
384.5833, 14.78711
385.0655, 15.60242
385.5476, 16.32343
386.0297, 16.41864
386.5118, 16.19519
386.9939, 16.24768
387.4760, 16.67633
387.9582, 17.18317
388.4403, 17.41309
388.9224, 17.50586
389.4045, 17.76691
389.8866, 19.09210
390.3687, 20.10272
390.8509, 19.13226
391.3330, 16.39935
391.8151, 14.07446
392.2972, 13.59662
392.7793, 14.08820
393.2614, 14.72357
393.7436, 15.26367
394.2257, 15.92499
394.7078, 17.01465
395.1899, 18.33667
395.6720, 19.33997
396.1541, 19.58563
396.6363, 19.68469
397.1184, 19.98932
397.6005, 20.72504
398.0826, 21.06744
398.5647, 20.51849
399.0468, 19.66083
399.5290, 19.18085
400.0111, 19.64136
400.4932, 19.88940
400.9753, 19.51141
401.4574, 18.53461
401.9395, 18.41595
402.4217, 19.75146
402.9038, 21.26959
403.3859, 22.08789
403.8680, 21.82520
404.3501, 21.75409
404.8322, 22.05408
405.3144, 22.53217
405.7965, 22.69324
406.2786, 22.50037
406.7607, 22.15729
407.2428, 21.71509
407.7249, 21.17389
408.2071, 20.72858
408.6892, 20.30573
409.1713, 20.03271
409.6534, 20.25739
410.1355, 20.96515
410.6176, 21.41064
411.0998, 21.12946
411.5819, 20.65063
412.0640, 21.54822
412.5461, 23.71381
413.0282, 25.56335
413.5103, 25.43353
413.9925, 24.21204
414.4746, 23.75818
414.9567, 24.51080
415.4388, 25.52612
415.9209, 25.68811
416.4030, 25.39868
416.8852, 25.57214
417.3673, 26.82141
417.8494, 28.59772
418.3315, 30.64178
418.8136, 32.91785
419.2957, 34.93567
419.7779, 36.17889
420.2600, 37.12720
420.7421, 38.21893
421.2242, 39.26270
421.7063, 40.77991
422.1884, 43.39581
422.6706, 46.78918
423.1527, 49.71277
423.6348, 51.56989
424.1169, 53.04333
424.5990, 54.29761
425.0811, 54.98914
425.5633, 56.64343
426.0454, 59.47766
426.5275, 63.18378
427.0096, 67.46515
427.4917, 72.67682
427.9738, 77.83441
428.4560, 82.80225
428.9381, 87.61475
429.4202, 91.95758
429.9023, 95.54999
430.3844, 99.18787
430.8665, 103.2744
431.3487, 107.7222
431.8308, 112.7275
432.3129, 118.3395
432.7950, 124.6915
433.2771, 132.0798
433.7592, 140.4299
434.2414, 148.0459
434.7235, 153.8818
435.2056, 158.3404
435.6877, 162.9888
436.1698, 167.8641
436.6519, 172.6006
437.1341, 176.9196
437.6162, 180.7733
438.0983, 184.0735
438.5804, 186.7743
439.0625, 188.9448
439.5446, 190.7351
440.0268, 192.0779
440.5089, 192.7097
440.9910, 192.3285
441.4731, 191.2510
441.9552, 189.7475
442.4373, 187.8746
442.9195, 185.6479
443.4016, 182.9258
443.8837, 179.9084
444.3658, 176.7892
444.8479, 173.1724
445.3300, 169.9932
445.8122, 167.8051
446.2943, 166.4807
446.7764, 164.7509
447.2585, 162.2471
447.7406, 159.4491
448.2227, 156.5516
448.7049, 153.4783
449.1870, 150.3978
449.6691, 147.2682
450.1512, 144.1971
450.6333, 141.5223
451.1154, 139.8321
451.5976, 137.1882
452.0797, 132.7758
452.5618, 126.7562
453.0439, 121.8021
453.5260, 118.3629
454.0081, 114.8285
454.4903, 109.5713
454.9724, 102.6713
455.4545, 96.75531
455.9366, 92.37244
456.4187, 88.69537
456.9008, 84.55267
457.3830, 79.93054
457.8651, 75.15356
458.3472, 69.70172
458.8293, 64.32672
459.3114, 60.63220
459.7935, 58.65607
460.2757, 56.76282
460.7578, 53.47357
461.2399, 49.51105
461.7220, 45.84692
462.2041, 42.58960
462.6862, 39.88177
463.1684, 37.84216
463.6505, 36.39886
464.1326, 35.43921
464.6147, 35.92633
465.0968, 36.03973
465.5789, 34.65002
466.0611, 31.48218
466.5432, 28.38953
467.0253, 25.33185
467.5074, 22.73907
467.9895, 20.98962
468.4716, 21.03461
468.9538, 20.68811
469.4359, 19.84900
469.9180, 18.54889
470.4001, 16.72681
470.8822, 13.93024
471.3643, 11.43597
471.8465, 9.784363
472.3286, 9.046692
472.8107, 8.711548
473.2928, 9.007080
473.7749, 9.190125
474.2570, 8.171082
474.7392, 5.970825
475.2213, 4.297119
475.7034, 3.643127
476.1855, 3.569519
476.6676, 3.100586
477.1497, 2.299866
477.6319, 1.791748
478.1140, 2.203674
478.5961, 3.057800
479.0782, 3.697876
479.5603, 4.098572
480.0424, 3.937012
480.5246, 2.061096
481.0067, 0.3082280
481.4888, 1.390808
481.9709, 0.7403560
482.4530, 2.713867
482.9352, 2.392639
483.4173, 0.4347530
483.8994, 1.075989
484.3815, 1.239075
484.8636, 0.9595340
485.3457, 0.6058350
485.8279, 0.1596680
486.3100, 0.1733400
486.7921, 0.5740970
487.2742, 0.7448730
487.7563, 0.3596800
488.2384, 1.258057
488.7206, 2.218323
489.2027, 1.984558
489.6848, 0.9906010
490.1669, 0.9537960
490.6490, 2.282349
491.1311, 3.318054
491.6133, 3.124573
492.0954, 1.720398
492.5775, 0.3024900
493.0596, 1.277527
493.5417, 2.215637
494.0238, 0.9164430
494.5060, 2.025879
494.9881, 3.725098
495.4702, 3.062744
495.9523, 1.449402
496.4344, 0.8161620
496.9165, 0.9614870
497.3987, 1.127136
497.8808, 1.042236
498.3629, 0.6874390
498.8450, 0.2272950
499.3271, 1.774841
499.8092, 2.698853
500.2914, 1.515686
500.7735, 0.2177730
501.2556, 1.037598
501.7377, 0.3198240
502.2198, 1.533081
502.7019, 2.095459
503.1841, 2.149231
503.6662, 2.100647
504.1483, 2.099976
504.6304, 1.871704
505.1125, 1.203796
505.5946, 2.4048001E-02
506.0768, 0.5921020
506.5589, 0.4359740
507.0410, 2.9300000E-03
507.5231, 0.3201290
508.0052, 0.5140990
508.4873, 0.7879640
508.9695, 1.224915
509.4516, 1.651184
509.9337, 1.643250
510.4158, 1.226135
510.8979, 0.8979490
511.3800, 0.9978030
511.8622, 1.289673
512.3443, 1.089783
512.8264, 0.4313960
513.3085, 1.1414000E-02
513.7906, 0.8646240
514.2728, 2.079834
514.7549, 2.310364
515.2370, 0.9399410
515.7191, 0.3236690
516.2012, 0.3663330
516.6833, 0.3847050
517.1655, 1.271851
517.6476, 2.671509
518.1297, 3.598083
518.6118, 3.194397
519.0939, 1.660522
519.5760, 1.233276
520.0582, 3.306458
520.5403, 5.591187
521.0224, 7.123474
521.5045, 7.756104
521.9866, 8.007141
522.4688, 7.560120
522.9509, 7.070190
523.4330, 7.617859
523.9151, 9.561218
524.3972, 10.43683
524.8793, 9.339478
525.3615, 7.153076
525.8436, 6.112732
526.3257, 6.210754
526.8078, 6.886353
527.2899, 8.171082
527.7720, 9.748169
528.2542, 10.97302
528.7363, 11.82507
529.2184, 12.16473
529.7005, 11.50458
530.1826, 10.37231
530.6647, 9.463562
531.1469, 8.952332
531.6290, 8.748291
532.1111, 9.022705
532.5932, 9.546631
533.0753, 9.866516
533.5574, 9.382813
534.0396, 9.137817
534.5217, 9.785278
535.0038, 11.41418
535.4859, 12.09906
535.9680, 11.04901
536.4501, 9.783630
536.9323, 9.170898
537.4144, 9.434692
537.8965, 9.715210
538.3786, 10.00214
538.8607, 10.26025
539.3428, 10.51392
539.8250, 10.87335
540.3071, 10.84418
540.7892, 10.02222
541.2713, 8.905151
541.7534, 8.915405
542.2355, 9.984131
542.7177, 11.08282
543.1998, 11.59924
543.6819, 11.72217
544.1640, 11.65271
544.6461, 11.39417
545.1282, 11.19916
545.6104, 11.23480
546.0925, 11.39172
546.5746, 11.59521
547.0567, 11.95441
547.5388, 12.29529
548.0209, 12.28888
548.5031, 12.13507
548.9852, 12.39105
549.4673, 14.21075
549.9494, 15.45026
550.4315, 15.26587
550.9136, 13.63879
551.3958, 12.79785
551.8779, 13.11652
552.3600, 13.51007
552.8421, 13.29834
553.3242, 12.51038
553.8063, 11.80963
554.2885, 11.06982
554.7706, 10.65875
555.2527, 11.36987
555.7348, 13.02020
556.2169, 14.46295
556.6990, 15.45624
557.1812, 15.91626
557.6633, 15.40674
558.1454, 14.16101
558.6275, 13.06915
559.1096, 12.80957
559.5917, 12.83911
560.0739, 12.48950
560.5560, 11.69946
561.0381, 11.51422
561.5202, 13.17792
562.0023, 15.11060
562.4844, 16.14020
562.9666, 15.73700
563.4487, 14.92212
563.9308, 13.25916
564.4129, 11.44446
564.8950, 10.63379
565.3771, 11.43304
565.8593, 11.82391
566.3414, 11.20160
566.8235, 9.836975
567.3056, 9.003357
567.7877, 8.770325
568.2698, 8.557800
568.7520, 7.666748
569.2341, 6.469238
569.7162, 6.773132
570.1983, 8.737854
570.6804, 10.46637
571.1625, 9.775208
571.6447, 7.761841
572.1268, 6.188416
572.6089, 5.569824
573.0910, 5.265930
573.5731, 4.782410
574.0552, 4.343872
574.5374, 4.332031
575.0195, 5.952271
575.5016, 6.925903
575.9837, 6.149963
576.4658, 3.780579
576.9479, 1.880249
577.4301, 0.3696290
577.9122, 0.4856570
578.3943, 0.4413450
578.8764, 0.7071530
579.3585, 1.618225
579.8406, 2.249939
580.3228, 2.733398
580.8049, 3.223816
581.2870, 3.705627
581.7691, 3.930786
582.2512, 3.719482
582.7333, 3.527588
583.2155, 4.320740
583.6975, 5.810120
584.1796, 7.093445
584.6617, 7.618164
585.1439, 7.692932
585.6260, 7.432922
586.1081, 7.026367
586.5902, 7.171753
587.0723, 8.376831
587.5544, 10.10681
588.0366, 12.36707
588.5187, 15.47711
589.0008, 17.41870
589.4829, 16.39142
589.9650, 15.21594
590.4471, 16.16650
590.9293, 20.72064
591.4114, 23.97467
591.8935, 25.44128
592.3756, 25.73438
592.8577, 25.57648
593.3398, 24.89343
593.8220, 25.25708
594.3041, 27.63464
594.7862, 30.95691
595.2683, 32.51978
595.7504, 32.58374
596.2325, 33.15558
596.7147, 36.45221
597.1968, 40.42377
597.6789, 42.29401
598.1610, 41.82642
598.6431, 42.08557
599.1252, 45.68152
599.6074, 50.33447
600.0895, 54.06946
600.5716, 55.66705
601.0537, 57.60254
601.5358, 60.69019
602.0179, 64.28607
602.5001, 67.51727
602.9822, 70.30353
603.4643, 72.82904
603.9464, 75.16833
604.4285, 77.25055
604.9106, 78.90491
605.3928, 80.08276
605.8749, 81.00781
606.3570, 81.82355
606.8391, 82.45490
607.3212, 82.94281
607.8033, 83.13623
608.2855, 82.45111
608.7676, 79.55701
609.2497, 75.94476
609.7318, 73.96265
610.2139, 74.33728
610.6960, 73.97089
611.1782, 70.32788
611.6603, 65.54779
612.1424, 61.84637
612.6245, 60.73602
613.1066, 59.56421
613.5887, 57.74561
614.0709, 55.66534
614.5530, 54.10944
615.0351, 53.35669
615.5172, 52.57367
615.9993, 51.41260
616.4814, 50.04218
616.9636, 49.59076
617.4457, 50.17731
617.9278, 50.42352
618.4099, 48.57770
618.8920, 45.77405
619.3741, 45.61792
619.8563, 48.27356
620.3384, 51.02142
620.8205, 51.21143
621.3026, 50.39160
621.7847, 50.66260
622.2668, 53.19348
622.7490, 54.82843
623.2311, 53.30267
623.7132, 50.40240
624.1953, 48.41119
624.6774, 49.42914
625.1595, 49.26093
625.6417, 47.36151
626.1238, 43.95685
626.6059, 39.39771
627.0880, 32.93707
627.5701, 27.55042
628.0522, 24.60492
628.5344, 23.59204
629.0165, 22.02936
629.4986, 19.91071
629.9807, 17.56610
630.4628, 15.05627
630.9449, 12.53253
631.4271, 10.01367
631.9092, 7.468689
632.3913, 5.741943
632.8734, 6.152893
633.3555, 7.341980
633.8376, 7.896423
634.3198, 7.214844
634.8019, 6.421326
635.2840, 5.748779
635.7661, 5.135498
636.2482, 4.507080
636.7303, 3.894836
637.2125, 3.182617
637.6946, 2.175049
638.1767, 1.137329
638.6588, 1.076843
639.1409, 2.236877
639.6230, 2.690063
640.1052, 1.243103
640.5873, 1.307129
641.0694, 2.680237
641.5515, 2.911926
642.0336, 2.377869
642.5157, 0.5139770
642.9979, 1.552307
643.4800, 2.403992
643.9621, 1.900330
644.4442, 1.079407
644.9263, 6.4090001E-03
645.4084, 0.9179080
645.8906, 1.270081
646.3727, 0.6565550
646.8548, 0.1483760
647.3369, 8.3007999E-02
647.8190, 0.2264400
648.3011, 0.5473020
648.7833, 1.183899
649.2654, 1.443909
649.7475, 1.103577
650.2296, 0.4561160
650.7117, 2.9358000E-02
651.1938, 0.3345340
651.6760, 0.1406250
652.1581, 1.059570
652.6402, 2.546570
653.1223, 3.136780
653.6044, 3.014709
654.0865, 2.983459
654.5687, 4.223389
655.0508, 5.134094
655.5329, 4.358459
656.0150, 1.750305
656.4971, 0.4002080
656.9792, 1.908142
657.4614, 2.526184
657.9435, 2.033325
658.4256, 6.2683001E-02
658.9077, 1.802002
659.3898, 3.723938
659.8719, 5.238892
660.3541, 5.815796
660.8362, 5.468750
661.3183, 4.542480
661.8004, 2.875061
662.2825, 1.346130
662.7646, 1.625854
663.2468, 2.961426
663.7289, 3.434814
664.2110, 1.412842
664.6931, 0.4859620
665.1752, 0.2346800
665.6573, 2.481689
666.1395, 3.671814
666.6216, 1.705627
667.1037, 5.7434000E-02
667.5858, 0.3003540
668.0679, 0.7297360
668.5500, 1.290100
669.0322, 1.202515
669.5143, 0.9955440
669.9964, 0.8056640
670.4785, 0.6493530
670.9606, 0.9883420
671.4427, 1.873779
671.9249, 2.699585
672.4070, 2.898071
672.8891, 2.698669
673.3712, 2.629150
673.8533, 2.762085
674.3354, 2.766479
674.8176, 2.060974
675.2997, 1.271667
675.7818, 1.086609
676.2639, 1.934753
676.7460, 2.882324
677.2281, 4.038757
677.7103, 5.036621
678.1924, 5.404663
678.6745, 4.937256
679.1566, 4.209961
679.6387, 2.979492
680.1208, 1.818237
680.6030, 2.351257
681.0851, 4.551086
681.5672, 6.142395
682.0493, 5.957214
682.5314, 4.981567
683.0135, 4.739319
683.4957, 5.156921
683.9778, 5.962341
684.4599, 7.711243
684.9420, 9.218140
685.4241, 9.588074
685.9063, 8.852844
686.3884, 7.969421
686.8705, 6.323792
687.3526, 5.407837
687.8347, 6.021423
688.3168, 8.433594
688.7990, 10.68439
689.2811, 12.98322
689.7632, 14.77527
690.2453, 15.46246
690.7274, 15.13641
691.2095, 14.83337
691.6917, 14.61206
692.1738, 14.46960
692.6559, 13.89282
693.1380, 13.51581
693.6201, 14.59259
694.1022, 17.84155
694.5844, 21.30579
695.0665, 23.89636
695.5486, 25.99310
696.0307, 28.09583
696.5128, 29.90826
696.9949, 32.21771
697.4771, 35.29260
697.9592, 38.81335
698.4413, 41.89941
698.9234, 44.34552
699.4055, 47.37836
699.8876, 51.66248
700.3698, 56.58783
700.8519, 60.17700
701.3340, 62.56024
701.8161, 64.78430
702.2982, 67.54181
702.7803, 70.23395
703.2625, 72.21118
703.7446, 73.59406
704.2267, 74.85516
704.7088, 75.54132
705.1909, 76.79767
705.6730, 78.97510
706.1552, 82.15729
706.6373, 86.94647
707.1194, 93.75769
707.6015, 101.5798
708.0836, 109.7081
708.5657, 118.0342
709.0479, 127.9197
709.5300, 139.5914
710.0121, 151.8181
710.4942, 163.0559
710.9763, 173.8061
711.4584, 186.0919
711.9406, 200.3138
712.4227, 214.2703
712.9048, 227.2532
713.3869, 238.8275
713.8690, 248.6864
714.3511, 257.5541
714.8333, 262.9810
715.3154, 264.5029
715.7975, 262.4270
716.2796, 256.8270
716.7617, 247.4737
717.2438, 234.9009
717.7260, 218.6480
718.2081, 200.3134
718.6902, 182.5561
719.1723, 165.1973
719.6544, 148.4222
720.1365, 131.9662
720.6187, 116.5875
721.1008, 102.9182
721.5829, 90.94354
722.0650, 80.28412
722.5471, 70.64331
723.0292, 62.47461
723.5114, 56.63043
723.9935, 52.61224
724.4756, 48.37463
724.9577, 43.27399
725.4398, 38.70758
725.9219, 35.32385
726.4041, 32.86816
726.8862, 29.98798
727.3683, 26.59369
727.8504, 23.47406
728.3325, 21.00568
728.8146, 19.13043
729.2968, 17.89832
729.7789, 17.24170
730.2610, 16.66980
730.7431, 16.09064
731.2252, 15.32166
731.7073, 13.87036
732.1895, 11.56342
732.6716, 10.49164
733.1537, 12.62415
733.6358, 14.60114
734.1179, 14.60669
734.6000, 12.12195
735.0822, 10.47327
735.5643, 9.721008
736.0464, 9.528992
736.5285, 10.14105
737.0106, 11.12677
737.4927, 10.49774
737.9749, 7.890198
738.4570, 5.407043
738.9391, 5.037537
739.4212, 5.781067
739.9033, 6.654968
740.3854, 7.860840
740.8676, 8.209778
741.3497, 6.411316
741.8318, 4.143066
742.3139, 3.136108
742.7960, 3.935120
743.2781, 4.657349
743.7603, 5.183960
744.2424, 5.576111
744.7245, 5.959839
745.2066, 6.290039
745.6887, 6.275879
746.1708, 5.692200
746.6530, 5.089600
747.1351, 5.232849
747.6172, 5.766968
748.0993, 6.091980
748.5814, 5.797241
749.0635, 5.472351
749.5457, 5.183960
750.0278, 5.039856
750.5099, 5.327515
750.9920, 6.729309
751.4741, 7.216370
751.9562, 6.076965
752.4384, 4.085327
752.9205, 3.387939
753.4026, 3.945068
753.8847, 4.202332
754.3668, 3.374390
754.8489, 2.133362
755.3311, 1.138123
755.8132, 0.5018920
756.2953, 0.5791630
756.7774, 2.839111
757.2595, 4.570068
757.7416, 3.995239
758.2238, 1.564636
758.7059, 4.4739000E-02
759.1880, 0.5745850
759.6701, 0.4248660
760.1522, 0.7022090
760.6343, 2.410217
761.1165, 2.244568
761.5986, 9.8021999E-02
762.0807, 1.686157
762.5628, 1.826782
763.0449, 0.7753300
763.5270, 1.348145
764.0092, 4.206543
764.4913, 6.069702
764.9734, 5.465393
765.4555, 3.982056
765.9376, 2.266663
766.4197, 0.3633420
766.9019, 0.9138180
767.3840, 1.587097
767.8661, 1.532959
768.3482, 0.2962650
768.8303, 2.032104
769.3124, 2.463623
769.7946, 0.8418580
770.2767, 0.7832640
770.7588, 0.9933470
771.2409, 0.2204590
771.7230, 1.145874
772.2051, 3.010620
772.6873, 4.208618
773.1694, 3.666931
773.6515, 2.504761
774.1336, 1.337646
774.6157, 0.1643070
775.0978, 0.6416630
775.5800, 1.317566
776.0621, 1.309021
776.5442, 0.1868900
777.0263, 3.323242
777.5084, 4.134338
777.9905, 2.396057
778.4727, 0.5306400
778.9548, 1.113831
779.4369, 2.829590
779.9190, 3.236816
780.4011, 2.046631
780.8832, 0.7663570
781.3654, 0.1881710
781.8475, 0.5362550
782.3296, 0.1591190
782.8117, 2.620972
783.2938, 3.655945
783.7759, 2.556458
784.2581, 1.083801
784.7402, 0.5729980
785.2223, 1.030945
785.7044, 1.669556
786.1865, 2.510498
786.6686, 3.048828
787.1508, 2.398376
787.6329, 1.260437
788.1150, 0.6619870
788.5971, 0.7449950
789.0792, 1.343018
789.5613, 2.982971
790.0435, 4.708130
790.5256, 5.789124
791.0077, 6.216553
791.4898, 5.731628
791.9719, 3.770813
792.4540, 1.833557
792.9362, 1.368042
793.4183, 2.277954
793.9004, 3.889038
794.3825, 6.341248
794.8646, 7.946899
795.3467, 6.196899
795.8289, 3.023254
796.3110, 1.013611
796.7931, 0.7055050
797.2752, 1.067688
797.7573, 2.328247
798.2394, 3.739380
798.7216, 4.703003
799.2037, 5.215149
799.6858, 5.298950
800.1679, 4.917480
800.6500, 4.180908
801.1321, 2.618591
801.6143, 0.6436770
802.0964, 0.7945560
802.5785, 3.599670
803.0606, 6.048035
803.5427, 4.445190
804.0248, 1.545410
804.5070, 0.5442500
804.9891, 2.788330
805.4712, 4.577942
805.9533, 5.241943
806.4354, 5.085388
806.9175, 4.014343
807.3997, 1.465332
807.8818, 0.7564700
808.3639, 2.331726
808.8460, 4.430237
809.3281, 5.488037
809.8102, 5.613525
810.2924, 4.761902
810.7745, 2.787170
811.2566, 1.242859
811.7387, 1.612732
812.2208, 2.683044
812.7029, 3.320068
813.1851, 2.961304
813.6672, 3.240051
814.1493, 4.543152
814.6314, 6.109436
815.1135, 7.279236
815.5956, 8.032043
816.0778, 9.115967
816.5599, 10.60620
817.0420, 12.01392
817.5241, 13.12933
818.0062, 13.82318
818.4883, 13.62189
818.9705, 12.31860
819.4526, 11.47260
819.9347, 11.90210
820.4168, 12.93323
820.8989, 14.10468
821.3810, 15.25024
821.8632, 16.86261
822.3453, 19.07629
822.8274, 21.49420
823.3095, 23.84760
823.7916, 26.12091
824.2737, 28.20703
824.7559, 30.08148
825.2380, 31.27570
825.7201, 30.99310
826.2022, 30.22894
826.6843, 30.17548
827.1664, 31.17920
827.6486, 30.68933
828.1307, 26.57886
828.6128, 22.22131
829.0949, 19.30615
829.5770, 17.94666
830.0591, 16.17371
830.5413, 13.94128
831.0234, 11.61737
831.5055, 9.274292
831.9876, 7.097717
832.4697, 5.498779
832.9518, 4.458618
833.4340, 3.575684
833.9161, 2.465698
834.3982, 1.690613
834.8803, 1.790588
835.3624, 2.875244
835.8445, 2.865479
836.3267, 0.9298100
836.8088, 0.4270630
837.2909, 0.5633540
837.7730, 3.237305
838.2551, 3.381165
838.7372, 1.160950
839.2194, 1.004211
839.7015, 1.705383
840.1836, 1.472168
840.6657, 0.5809940
841.1478, 0.8540040
841.6299, 2.229431
842.1121, 4.078186
842.5942, 4.946655
843.0763, 4.032349
843.5584, 1.728333
844.0405, 0.2396850
844.5226, 0.3810420
845.0048, 0.6429440
845.4869, 0.8024900
845.9690, 0.7857060
846.4511, 0.2100830
846.9332, 0.7629390
847.4153, 1.616760
847.8975, 2.035767
848.3796, 2.318054
848.8617, 2.697815
849.3438, 3.065735
849.8259, 3.002625
850.3080, 2.128418
850.7902, 1.782471
851.2723, 2.538513
851.7544, 3.656433
852.2365, 3.249939
852.7186, 1.622437
853.2007, 0.4506840
853.6829, 0.3391720
854.1650, 0.9302980
854.6471, 2.472534
855.1292, 4.350647
855.6113, 5.547302
856.0934, 5.327087
856.5756, 4.977112
857.0577, 4.454468
857.5398, 4.018921
858.0219, 4.163025
858.5040, 4.909729
858.9861, 5.146667
859.4683, 4.534119
859.9504, 3.977356
860.4325, 4.946411
860.9146, 6.618469
861.3967, 7.505798
861.8788, 6.848816
862.3610, 6.471008
862.8431, 8.184631
863.3252, 9.764954
863.8073, 8.878845
864.2894, 3.878296
864.7715, 1.611755
865.2537, 2.663818
865.7358, 4.886353
866.2179, 6.857361
866.7000, 8.295105
867.1821, 8.040649
867.6642, 5.906067
868.1464, 3.922424
868.6285, 3.506958
869.1106, 3.710022
869.5927, 3.679016
870.0748, 3.124390
870.5569, 3.879456
871.0391, 6.784119
871.5212, 9.335388
872.0033, 9.845154
872.4854, 8.604248
872.9675, 7.571716
873.4496, 6.768982
873.9318, 6.580994
874.4139, 7.838745
874.8960, 9.421814
875.3781, 10.36798
875.8602, 10.59930
876.3423, 10.29633
876.8245, 9.093384
877.3066, 7.830994
877.7887, 6.589539
878.2708, 5.496216
878.7529, 5.271851
879.2350, 5.931702
879.7172, 6.279724
880.1993, 5.505798
880.6814, 4.648682
881.1635, 5.075806
881.6456, 6.346802
882.1277, 7.553040
882.6099, 9.077087
883.0920, 9.799316
883.5741, 8.563782
884.0562, 6.607422
884.5383, 5.966553
885.0204, 6.843323
885.5026, 8.075500
885.9847, 9.680847
886.4668, 11.20416
886.9489, 11.89258
887.4310, 11.86908
887.9131, 11.27313
888.3953, 9.823853
888.8774, 8.821716
889.3595, 9.222778
889.8416, 10.02325
890.3237, 10.23651
890.8058, 9.524109
891.2880, 9.117371
891.7701, 8.987549
892.2522, 9.263367
892.7343, 10.80231
893.2164, 12.75732
893.6985, 12.30756
894.1807, 9.256531
894.6628, 6.650696
895.1449, 6.969482
895.6270, 8.059204
896.1091, 8.371216
896.5912, 7.703796
897.0734, 8.034729
897.5555, 10.11255
898.0376, 11.36963
898.5197, 9.984009
899.0018, 6.998840
899.4839, 6.303772
899.9661, 7.600281
900.4482, 9.151978
900.9303, 10.84454
901.4124, 11.69696
901.8945, 10.06616
902.3766, 6.999023
902.8588, 6.099792
903.3409, 9.704163
903.8230, 11.65930
904.3051, 10.37256
904.7872, 7.517334
905.2693, 6.408691
905.7515, 6.796204
906.2336, 7.184448
906.7157, 7.209351
907.1978, 6.975891
907.6799, 6.131165
908.1620, 5.262939
908.6442, 5.134277
909.1263, 6.728271
909.6084, 7.586060
910.0905, 7.404663
910.5726, 6.799805
911.0547, 6.166870
911.5369, 5.562805
912.0190, 5.695007
912.5011, 6.648315
912.9832, 7.334351
913.4653, 6.556702
913.9474, 5.287903
914.4296, 4.269775
914.9117, 3.565552
915.3938, 3.604797
915.8759, 5.116333
916.3580, 6.391785
916.8401, 6.586914
917.3223, 5.948120
917.8044, 6.001221
918.2865, 6.702332
918.7686, 7.465698
919.2507, 8.459412
919.7328, 8.954102
920.2150, 7.710571
920.6971, 5.423645
921.1792, 3.799194
921.6613, 3.679077
922.1434, 3.834290
922.6255, 4.336243
923.1077, 4.814758
923.5898, 4.416626
924.0719, 3.200867
924.5540, 2.310120
925.0361, 1.983704
925.5182, 1.973145
926.0004, 2.233887
926.4825, 2.545837
926.9646, 2.561890
927.4467, 1.882874
927.9288, 1.879089
928.4109, 3.071167
928.8931, 4.473145
929.3752, 5.625671
929.8573, 6.512512
930.3394, 6.071777
930.8215, 4.310059
931.3036, 2.287354
931.7858, 0.3386230
932.2679, 1.146973
932.7500, 1.616821
933.2321, 1.163696
933.7142, 0.6911010
934.1964, 0.3706050
934.6785, 5.4198999E-02
935.1606, 0.3140260
935.6427, 0.6912840
936.1248, 1.031494
936.6069, 1.307678
937.0891, 1.012268
937.5712, 0.3852540
938.0533, 1.746460
938.5354, 1.671204
939.0175, 0.9434200
939.4996, 0.7283330
939.9818, 2.247437
940.4639, 2.855591
940.9460, 2.144104
941.4281, 0.9699100
941.9102, 3.3813000E-02
942.3923, 0.8044430
942.8745, 0.2626340
943.3566, 1.734741
943.8387, 2.942810
944.3208, 0.2550660
944.8029, 3.074463
945.2850, 3.964417
945.7672, 2.050049
946.2493, 1.098816
946.7314, 1.864746
947.2135, 2.731262
947.6956, 3.034058
948.1777, 2.991943
948.6599, 3.527161
949.1420, 4.493103
949.6241, 5.004822
950.1062, 4.229858
950.5883, 3.368591
951.0704, 2.821228
951.5526, 2.859436
952.0347, 4.129211
952.5168, 7.659546
952.9989, 10.41028
953.4810, 12.03046
953.9631, 12.98389
954.4453, 13.76520
954.9274, 14.40460
955.4095, 14.69806
955.8916, 14.50604
956.3737, 15.10736
956.8558, 18.20795
957.3380, 21.78876
957.8201, 24.28406
958.3022, 25.53552
958.7843, 27.02460
959.2664, 28.47382
959.7485, 30.94336
960.2307, 35.56104
960.7128, 41.24835
961.1949, 44.73859
961.6770, 46.61823
962.1591, 49.52893
962.6412, 56.16284
963.1234, 62.74762
963.6055, 66.73193
964.0876, 70.08276
964.5697, 76.30243
965.0518, 85.79724
965.5339, 96.03046
966.0161, 106.6010
966.4982, 118.2502
966.9803, 131.4203
967.4624, 146.5223
967.9445, 164.2774
968.4266, 185.1729
968.9088, 206.6995
969.3909, 225.4197
969.8730, 247.3394
970.3551, 276.3326
970.8372, 311.5811
971.3193, 347.2277
971.8015, 382.8859
972.2836, 421.1938
972.7657, 463.6135
973.2478, 508.7664
973.7299, 554.9331
974.2120, 602.9081
974.6942, 655.0844
975.1763, 711.7686
975.6584, 773.4365
976.1405, 840.9361
976.6226, 913.0469
977.1047, 988.2434
977.5869, 1067.120
978.0690, 1150.172
978.5511, 1237.088
979.0332, 1324.784
979.5153, 1415.041
979.9974, 1502.778
980.4796, 1585.282
980.9617, 1662.618
981.4438, 1726.653
981.9259, 1779.150
982.4080, 1816.399
982.8901, 1838.602
983.3723, 1844.081
983.8544, 1826.386
984.3365, 1786.871
984.8186, 1731.180
985.3007, 1658.511
985.7828, 1574.128
986.2650, 1475.469
986.7471, 1367.520
987.2292, 1258.682
987.7113, 1148.040
988.1934, 1039.551
988.6755, 932.9612
989.1577, 830.3385
989.6398, 733.6138
990.1219, 643.6884
990.6040, 563.0852
991.0861, 492.1722
991.5682, 428.9858
992.0504, 374.0445
992.5325, 325.8412
993.0146, 283.3365
993.4967, 246.9869
993.9788, 216.0874
994.4609, 190.6359
994.9431, 167.9245
995.4252, 146.4117
995.9073, 127.6379
996.3894, 114.5697
996.8715, 104.9670
997.3536, 94.79297
997.8358, 80.71643
998.3179, 69.67432
998.8000, 62.72998
999.2821, 57.60370
999.7642, 51.86591
1000.246, 45.78076
1000.728, 41.46661
1001.211, 38.80225
1001.693, 36.01306
1002.175, 31.72382
1002.657, 27.41028
1003.139, 23.80908
1003.621, 20.91101
1004.103, 18.71259
1004.585, 17.35150
1005.068, 16.51965
1005.550, 16.37952
1006.032, 16.19177
1006.514, 14.73615
1006.996, 12.36823
1007.478, 9.700623
1007.960, 6.674622
1008.442, 4.000488
1008.924, 1.923950
1009.407, 0.2385860
1009.889, 1.209717
1010.371, 2.431152
1010.853, 3.105286
1011.335, 3.229309
1011.817, 3.281372
1012.299, 3.661072
1012.781, 4.050171
1013.263, 4.029236
1013.746, 3.753479
1014.228, 3.781372
1014.710, 4.287231
1015.192, 4.952698
1015.674, 5.853394
1016.156, 6.688477
1016.638, 6.807312
1017.120, 6.486755
1017.603, 6.903870
1018.085, 8.456604
1018.567, 8.987976
1019.049, 5.921631
1019.531, 2.512878
1020.013, 1.184265
1020.495, 1.852478
1020.977, 1.554016
1021.459, 0.1365360
1021.942, 0.8305050
1022.424, 0.1393430
1022.906, 0.8380740
1023.388, 0.1926880
1023.870, 1.593323
1024.352, 3.570984
1024.834, 6.077087
1025.316, 7.836304
1025.799, 8.473206
1026.281, 8.779419
1026.763, 8.923767
1027.245, 9.263367
1027.727, 12.90039
1028.209, 19.87610
1028.691, 26.71021
1029.173, 30.43689
1029.656, 33.75995
1030.138, 38.95563
1030.620, 45.43359
1031.102, 49.51660
1031.584, 50.03717
1032.066, 53.00763
1032.548, 60.30273
1033.030, 69.79272
1033.512, 77.66321
1033.995, 85.64941
1034.477, 96.38525
1034.959, 110.1597
1035.441, 127.5867
1035.923, 148.2034
1036.405, 173.2249
1036.887, 203.0102
1037.369, 237.7086
1037.851, 281.2877
1038.334, 333.0048
1038.816, 392.6978
1039.298, 460.6958
1039.780, 536.0148
1040.262, 620.3820
1040.744, 711.9491
1041.226, 807.4655
1041.708, 908.8844
1042.191, 1009.519
1042.673, 1109.162
1043.155, 1212.332
1043.637, 1322.188
1044.119, 1441.173
1044.601, 1570.653
1045.083, 1713.052
1045.565, 1877.351
1046.047, 2070.623
1046.530, 2285.002
1047.012, 2514.991
1047.494, 2763.454
1047.976, 3046.443
1048.458, 3362.210
1048.940, 3670.858
1049.422, 3971.607
1049.904, 4236.656
1050.386, 4471.524
1050.869, 4646.687
1051.351, 4732.406
1051.833, 4735.152
1052.315, 4630.078
1052.797, 4411.924
1053.279, 4106.153
1053.761, 3693.880
1054.243, 3219.610
1054.726, 2727.516
1055.208, 2235.303
1055.690, 1789.789
1056.172, 1393.547
1056.654, 1070.065
1057.136, 823.7474
1057.618, 636.5196
1058.100, 495.5012
1058.583, 397.0547
1059.065, 320.3770
1059.547, 263.6760
1060.029, 219.6935
1060.511, 188.8643
1060.993, 165.3977
1061.475, 147.6908
1061.957, 134.7459
1062.439, 123.7481
1062.922, 114.9567
1063.404, 106.2927
1063.886, 96.94965
1064.368, 88.59613
1064.850, 83.61017
1065.332, 80.66553
1065.814, 77.93719
1066.296, 74.95013
1066.778, 73.12042
1067.261, 73.38000
1067.743, 73.10065
1068.225, 70.30322
1068.707, 66.29785
1069.189, 65.81958
1069.671, 68.06702
1070.153, 70.18170
1070.635, 70.86438
1071.118, 71.23401
1071.600, 71.14240
1072.082, 71.34631
1072.564, 72.72485
1073.046, 75.36023
1073.528, 77.98297
1074.010, 80.54614
1074.492, 82.54163
1074.974, 83.00012
1075.457, 83.11487
1075.939, 83.59961
1076.421, 84.63751
1076.903, 86.97925
1077.385, 91.54712
1077.867, 94.52094
1078.349, 94.74036
1078.831, 94.40570
1079.313, 96.63879
1079.796, 100.2698
1080.278, 103.3492
1080.760, 105.6083
1081.242, 107.4752
1081.724, 108.8455
1082.206, 110.0725
1082.688, 111.2560
1083.170, 112.3682
1083.652, 112.8698
1084.135, 113.0793
1084.617, 114.8726
1085.099, 119.7845
1085.581, 124.0090
1086.063, 124.8049
1086.545, 124.0914
1087.027, 123.4033
1087.509, 122.6239
1087.992, 124.1483
1088.474, 128.1844
1088.956, 131.5233
1089.438, 131.1476
1089.920, 130.0083
1090.402, 131.2816
1090.884, 134.1175
1091.366, 136.7645
1091.849, 139.2252
1092.331, 140.6072
1092.813, 140.3536
1093.295, 140.2974
1093.777, 143.3456
1094.259, 147.4911
1094.741, 148.1759
1095.223, 145.6440
1095.705, 143.4445
1096.188, 143.5182
1096.670, 143.4241
1097.152, 141.9354
1097.634, 140.5848
1098.116, 143.1857
1098.598, 148.7715
1099.080, 151.5796
1099.562, 150.5240
1100.044, 148.8134
1100.527, 147.4951
1101.009, 147.2428
1101.491, 149.0826
1101.973, 152.4836
1102.455, 154.5120
1102.937, 155.1936
1103.419, 154.2078
1103.901, 150.5981
1104.384, 147.2586
1104.866, 147.7712
1105.348, 150.0193
1105.830, 151.6563
1106.312, 152.4352
1106.794, 151.8613
1107.276, 149.3609
1107.758, 147.3123
1108.240, 147.7006
1108.723, 149.0287
1109.205, 148.6202
1109.687, 146.9323
1110.169, 145.0974
1110.651, 144.1476
1111.133, 142.4055
1111.615, 139.1911
1112.097, 136.1550
1112.579, 135.1319
1113.062, 135.4408
1113.544, 134.7454
1114.026, 133.0927
1114.508, 131.0283
1114.990, 128.5662
1115.472, 126.1715
1115.954, 124.1355
1116.436, 122.1734
1116.919, 119.8467
1117.401, 117.0996
1117.883, 113.4882
1118.365, 108.9526
1118.847, 105.0527
1119.329, 103.4796
1119.811, 102.5333
1120.293, 101.3193
1120.776, 99.66925
1121.258, 96.88477
1121.740, 92.80817
1122.222, 89.66412
1122.704, 88.32245
1123.186, 86.97375
1123.668, 83.09351
1124.150, 78.46222
1124.632, 75.23395
1125.115, 73.88916
1125.597, 71.42346
1126.079, 67.30084
1126.561, 63.78186
1127.043, 62.19592
1127.525, 61.07410
1128.007, 57.44739
1128.489, 52.71149
1128.971, 49.32233
1129.454, 48.47467
1129.936, 47.32092
1130.418, 45.29401
1130.900, 43.44055
1131.382, 42.47327
1131.864, 42.00916
1132.346, 40.93109
1132.828, 39.44897
1133.311, 38.14392
1133.793, 37.88550
1134.275, 36.87683
1134.757, 33.93866
1135.239, 30.87567
1135.721, 29.37939
1136.203, 29.31964
1136.685, 29.39868
1137.167, 29.50543
1137.650, 28.99597
1138.132, 27.13617
1138.614, 25.06073
1139.096, 23.17426
1139.578, 21.41754
1140.060, 19.70483
1140.542, 18.01349
1141.024, 16.63452
1141.506, 15.60199
1141.989, 14.73260
1142.471, 14.14661
1142.953, 13.40674
1143.435, 11.86609
1143.917, 9.959961
1144.399, 9.177917
1144.881, 9.726257
1145.363, 10.19141
1145.846, 10.36212
1146.328, 9.981262
1146.810, 8.278076
1147.292, 6.501099
1147.774, 6.084595
1148.256, 7.070679
1148.738, 7.100464
1149.220, 5.811523
1149.703, 5.009216
1150.185, 5.306030
1150.667, 5.918945
1151.149, 5.822083
1151.631, 5.422852
1152.113, 5.385925
1152.595, 5.930115
1153.077, 5.752380
1153.559, 4.514709
1154.042, 3.212708
1154.524, 2.096924
1155.006, 1.345276
1155.488, 1.695862
1155.970, 2.549072
1156.452, 2.580261
1156.934, 0.7962040
1157.416, 0.4049680
1157.898, 2.698364
1158.381, 4.556213
1158.863, 4.071716
1159.345, 2.024597
1159.827, 0.2708740
1160.309, 1.138000
1160.791, 1.994934
1161.273, 1.832764
1161.755, 1.762573
1162.238, 1.911682
1162.720, 2.283875
1163.202, 3.134338
1163.684, 4.232239
1164.166, 4.068787
1164.648, 2.971680
1165.130, 2.422791
1165.612, 4.209290
1166.094, 5.307800
1166.577, 4.882202
1167.059, 3.331665
1167.541, 0.1367190
1168.023, 4.254578
1168.505, 4.900879
1168.987, 2.052063
1169.469, 0.5987550
1169.951, 0.9655760
1170.433, 0.5603030
1170.916, 0.6339720
1171.398, 1.760193
1171.880, 1.639709
1172.362, 0.3499150
1172.844, 1.416382
1173.326, 3.575989
1173.808, 4.724854
1174.290, 2.843567
1174.773, 0.6437380
1175.255, 0.4680180
1175.737, 0.7597660
1176.219, 0.5779420
1176.701, 8.3618000E-02
1177.183, 0.9752810
1177.665, 2.110474
1178.147, 2.567871
1178.630, 0.5688480
1179.112, 1.314331
1179.594, 0.8038940
1180.076, 1.278992
1180.558, 2.129028
1181.040, 1.649231
1181.522, 1.409851
1182.004, 1.923645
1182.486, 2.291931
1182.969, 1.504150
1183.451, 0.3193360
1183.933, 0.8919680
1184.415, 1.967468
1184.897, 1.993469
1185.379, 0.8425290
1185.861, 4.0279999E-03
1186.343, 9.1735996E-02
1186.825, 6.4514004E-02
1187.308, 0.6511840
1187.790, 1.332214
1188.272, 1.672363
1188.754, 1.624817
1189.236, 0.8901370
1189.718, 0.6667480
1190.200, 1.694153
1190.682, 1.660278
1191.165, 1.256470
1191.647, 0.6673580
1192.129, 0.4520870
1192.611, 1.537659
1193.093, 4.098633
1193.575, 5.400574
1194.057, 5.208740
1194.539, 5.518494
1195.021, 7.608948
1195.504, 9.507385
1195.986, 7.969727
1196.468, 9.335693
1196.950, 9.401672
1197.432, 8.421082
1197.914, 9.152527
1198.396, 6.960693
1198.878, 5.192871
1199.360, 5.310242
1199.843, 6.845032
1200.325, 11.10614
1200.807, 15.60486
1201.289, 16.36218
1201.771, 12.02600
1202.253, 8.257324
1202.735, 4.856323
1203.217, 3.559265
1203.700, 6.846436
1204.182, 10.93048
1204.664, 10.87964
1205.146, 8.873291
1205.628, 8.600464
1206.110, 11.42731
1206.592, 12.31165
1207.074, 10.89465
1207.557, 9.859131
1208.039, 11.46442
1208.521, 13.77924
1209.003, 14.54956
1209.485, 14.53546
1209.967, 15.21429
1210.449, 17.48663
1210.931, 17.95465
1211.413, 16.34363
1211.896, 14.66095
1212.378, 14.33691
1212.860, 14.62860
1213.342, 14.73993
1213.824, 14.89661
1214.306, 15.76013
1214.788, 18.17041
1215.270, 18.24780
1215.752, 15.62750
1216.235, 13.02679
1216.717, 12.25696
1217.199, 12.65668
1217.681, 14.46680
1218.163, 16.70673
1218.645, 17.07581
1219.127, 14.92413
1219.609, 13.50403
1220.092, 12.96143
1220.574, 12.89056
1221.056, 13.42175
1221.538, 13.81818
1222.020, 13.28900
1222.502, 12.24512
1222.984, 11.45557
1223.466, 10.70367
1223.948, 11.00372
1224.431, 12.64117
1224.913, 13.71240
1225.395, 11.54974
1225.877, 9.156799
1226.359, 9.515564
1226.841, 11.59638
1227.323, 12.58392
1227.805, 12.32520
1228.287, 12.20007
1228.770, 12.37836
1229.252, 12.08777
1229.734, 9.636841
1230.216, 7.566101
1230.698, 8.078308
1231.180, 10.17969
1231.662, 11.76910
1232.144, 13.09167
1232.627, 13.21600
1233.109, 11.95966
1233.591, 10.77344
1234.073, 11.26239
1234.555, 11.59137
1235.037, 9.799316
1235.519, 7.311584
1236.001, 7.202698
1236.484, 9.636658
1236.966, 11.18799
1237.448, 11.46075
1237.930, 10.27966
1238.412, 5.480347
1238.894, 1.908020
1239.376, 3.484314
1239.858, 7.309265
1240.340, 9.002441
1240.823, 8.766541
1241.305, 8.400879
1241.787, 8.083008
1242.269, 8.026001
1242.751, 8.231567
1243.233, 8.845215
1243.715, 10.55682
1244.197, 12.20062
1244.679, 11.43634
1245.162, 8.786377
1245.644, 7.081665
1246.126, 6.508240
1246.608, 7.040283
1247.090, 9.907654
1247.572, 11.76923
1248.054, 11.45349
1248.536, 10.41522
1249.019, 10.26105
1249.501, 10.73236
1249.983, 10.74719
1250.465, 10.25958
1250.947, 9.959167
1251.429, 10.93909
1251.911, 10.80426
1252.393, 8.306824
1252.875, 5.631531
1253.358, 6.382263
1253.840, 9.183289
1254.322, 9.851318
1254.804, 8.280518
1255.286, 6.910645
1255.768, 6.163208
1256.250, 6.232605
1256.732, 7.464172
1257.214, 8.677795
1257.697, 8.201538
1258.179, 6.875366
1258.661, 6.051086
1259.143, 5.720764
1259.625, 5.121887
1260.107, 3.959229
1260.589, 3.025818
1261.071, 2.431091
1261.554, 2.087463
1262.036, 1.700317
1262.518, 1.688965
1263.000, 2.979248
1263.482, 5.109924
1263.964, 5.850220
1264.446, 4.636292
1264.928, 4.186584
1265.411, 5.083374
1265.893, 5.836243
1266.375, 4.744141
1266.857, 3.205322
1267.339, 2.562683
1267.821, 2.728333
1268.303, 2.866943
1268.785, 2.902161
1269.267, 3.617065
1269.750, 5.035645
1270.232, 6.502197
1270.714, 7.675049
1271.196, 7.970032
1271.678, 7.306946
1272.160, 6.227478
1272.642, 5.260132
1273.124, 4.408936
1273.606, 3.575134
1274.089, 2.766113
1274.571, 2.124023
1275.053, 1.762268
1275.535, 1.802002
1276.017, 2.290894
1276.499, 3.009888
1276.981, 3.978699
1277.463, 4.932495
1277.946, 4.500305
1278.428, 2.789246
1278.910, 1.605896
1279.392, 1.416016
1279.874, 2.233887
1280.356, 4.753418
1280.838, 6.968384
1281.320, 6.214355
1281.802, 3.796692
1282.285, 2.278503
1282.767, 1.639221
1283.249, 1.251160
1283.731, 1.250916
1284.213, 0.9431760
1284.695, 0.1849370
1285.177, 0.2192990
1285.659, 1.242126
1286.141, 3.077087
1286.624, 3.178467
1287.106, 2.060120
1287.588, 1.150085
1288.070, 0.4160770
1288.552, 0.4332280
1289.034, 1.298035
1289.516, 1.879822
1289.998, 0.9199220
1290.481, 9.6802004E-02
1290.963, 0.3251340
1291.445, 0.1224980
1291.927, 1.630249
1292.409, 4.329529
1292.891, 4.992249
1293.373, 3.689941
1293.855, 2.092407
1294.338, 6.4699999E-03
1294.820, 0.6560670
1295.302, 1.618164
1295.784, 4.153076
1296.266, 5.043579
1296.748, 4.548096
1297.230, 2.752502
1297.712, 0.8977050
1298.194, 0.5780030
1298.677, 3.343262
1299.159, 3.948853
1299.641, 2.960754
1300.123, 2.136597
1300.605, 3.842834
1301.087, 6.488037
1301.569, 6.835938
1302.051, 5.136169
1302.533, 3.004272
1303.016, 0.0000000E+00
##END=



