##NAMES=Quartz
##RRUFFID=R040031
##IDEAL CHEMISTRY=SiO_2_
##LOCALITY=Spruce Claim, King County, Washington, USA
##OWNER=RRUFF
##SOURCE=Bob Downs
##DESCRIPTION=Colorless hexagonal prism
##STATUS=The identification of this mineral has been confirmed by X-ray diffraction and chemical analysis
##URL=rruff.info/R040031
##MEASURED CHEMISTRY=Si_1.00_O_2_
114.254, 0.000
115.644, 26.328
117.034, 162.090
118.424, 372.439
119.813, 787.693
121.203, 1270.978
122.592, 1853.951
123.981, 2250.682
125.369, 2411.855
126.758, 2505.152
128.146, 2493.483
129.534, 2361.279
130.922, 1884.778
132.309, 1361.112
133.696, 829.698
135.083, 594.050
136.470, 360.653
137.857, 295.935
139.243, 200.989
140.630, 163.625
142.016, 142.765
143.401, 110.318
144.787, 120.198
146.172, 75.336
147.557, 49.681
148.942, 70.192
150.327, 18.833
151.711, 18.574
153.096, 1.392
154.480, 43.720
155.863, 58.741
157.247, 23.429
158.630, 46.607
160.013, 40.301
161.396, 4.545
162.779, 10.589
164.161, 64.972
165.544, 92.517
166.926, 136.080
168.308, 176.668
169.689, 226.177
171.070, 267.539
172.452, 287.729
173.833, 358.746
175.213, 409.602
176.594, 477.309
177.974, 553.880
179.354, 649.468
180.734, 751.734
182.114, 892.012
183.493, 1014.176
184.872, 1193.230
186.251, 1427.180
187.630, 1585.030
189.008, 1882.786
190.387, 2151.451
191.765, 2405.029
193.143, 2857.525
194.520, 3167.648
195.898, 3605.413
197.275, 4028.757
198.652, 4487.457
200.029, 4817.480
201.405, 5291.482
202.782, 5397.093
204.158, 5610.018
205.534, 5654.716
206.909, 5612.226
208.285, 5539.412
209.660, 5150.138
211.035, 4799.155
212.410, 4547.640
213.784, 3994.310
215.159, 3636.760
216.533, 3267.841
217.907, 2848.545
219.281, 2618.228
220.654, 2270.104
222.027, 2010.507
223.400, 1847.219
224.773, 1646.467
226.146, 1422.142
227.518, 1305.993
228.891, 1168.658
230.263, 1051.029
231.634, 976.407
233.006, 866.792
234.377, 797.182
235.748, 729.576
237.119, 662.975
238.490, 617.376
239.860, 565.778
241.231, 536.557
242.601, 479.019
243.970, 486.985
245.340, 444.157
246.709, 395.198
248.079, 391.045
249.448, 351.475
250.816, 356.777
252.185, 325.067
253.553, 306.345
254.921, 272.611
256.289, 279.865
257.657, 317.107
259.024, 291.338
260.391, 312.556
261.758, 284.763
263.125, 278.958
264.492, 229.142
265.858, 210.313
267.224, 165.473
268.590, 144.621
269.956, 104.758
271.321, 92.884
272.687, 37.998
274.052, 39.101
275.416, 41.192
276.781, 58.270
278.146, 27.335
279.510, 32.865
280.874, 7.046
282.237, 14.322
283.601, 8.141
284.964, 16.505
286.327, 4.817
287.690, 20.096
289.053, 11.361
290.416, 10.645
291.778, 8.957
293.140, 16.293
294.502, 18.653
295.863, 23.037
297.225, 9.446
298.586, 22.880
299.947, 10.496
301.308, 11.222
302.668, 34.018
304.029, 12.828
305.389, 6.352
306.749, 10.476
308.108, 7.319
309.468, 22.177
310.827, 4.056
312.186, 0.048
313.545, 12.864
314.903, 0.203
316.262, 7.748
317.620, 9.238
318.978, 22.339
320.336, 5.683
321.693, 5.716
323.051, 1.357
324.408, 13.141
325.765, 18.563
327.121, 9.559
328.478, 20.287
329.834, 16.106
331.190, 16.898
332.546, 44.662
333.902, 50.401
335.257, 16.117
336.612, 84.813
337.967, 53.491
339.322, 88.148
340.677, 65.784
342.031, 99.401
343.385, 129.003
344.739, 212.590
346.093, 308.166
347.446, 469.731
348.799, 705.279
350.153, 1002.812
351.505, 1227.329
352.858, 1390.829
354.210, 1328.314
355.563, 1323.783
356.915, 1071.238
358.267, 770.677
359.618, 467.099
360.969, 285.501
362.321, 179.869
363.672, 147.186
365.022, 96.455
366.373, 67.675
367.723, 76.846
369.073, 27.960
370.423, 64.020
371.773, 67.032
373.122, 60.988
374.471, 48.907
375.821, 47.777
377.169, 76.610
378.518, 53.404
379.866, 97.165
381.215, 94.904
382.563, 127.617
383.910, 155.302
385.258, 224.963
386.605, 276.607
387.952, 535.241
389.299, 733.861
390.646, 816.473
391.992, 895.077
393.339, 894.674
394.685, 868.264
396.031, 669.848
397.376, 495.424
398.722, 377.994
400.067, 265.557
401.412, 278.113
402.757, 242.662
404.101, 232.202
405.446, 211.730
406.790, 193.249
408.134, 190.341
409.478, 182.257
410.821, 186.746
412.165, 182.229
413.508, 186.705
414.851, 188.174
416.193, 203.637
417.536, 181.096
418.878, 228.547
420.220, 199.995
421.562, 232.435
422.904, 229.870
424.245, 241.298
425.586, 262.720
426.927, 287.136
428.268, 282.546
429.609, 310.950
430.949, 315.348
432.289, 330.739
433.629, 360.125
434.969, 433.327
436.309, 420.532
437.648, 479.755
438.987, 521.058
440.326, 627.105
441.665, 721.227
443.003, 833.897
444.342, 914.597
445.680, 1126.128
447.018, 1301.096
448.355, 1593.756
449.693, 1917.419
451.030, 2316.590
452.367, 2934.772
453.704, 3884.022
455.041, 5319.796
456.377, 7263.382
457.713, 10227.646
459.049, 13730.729
460.385, 17552.932
461.721, 20706.898
463.056, 22417.912
464.391, 23190.359
465.726, 21541.117
467.061, 18453.016
468.395, 15145.894
469.730, 11534.031
471.064, 8699.138
472.398, 6832.364
473.731, 5284.884
475.065, 4345.524
476.398, 3470.968
477.731, 3000.941
479.064, 2538.806
480.397, 2201.167
481.729, 1973.033
483.062, 1805.995
484.394, 1582.577
485.725, 1434.480
487.057, 1331.829
488.389, 1204.960
489.720, 1135.314
491.051, 1046.565
492.382, 939.818
493.712, 872.539
495.043, 848.470
496.373, 773.085
497.703, 742.971
499.032, 653.772
500.362, 599.767
501.691, 606.859
503.020, 552.740
504.349, 599.627
505.678, 542.485
507.007, 548.967
508.335, 468.985
509.663, 500.592
510.991, 453.523
512.319, 458.467
513.646, 418.421
514.973, 398.683
516.300, 399.627
517.627, 389.123
518.954, 383.998
520.280, 363.742
521.607, 298.775
522.933, 318.653
524.259, 300.503
525.584, 281.264
526.910, 293.891
528.235, 270.556
529.560, 263.639
530.885, 263.291
532.209, 240.888
533.534, 231.428
534.858, 220.862
536.182, 218.632
537.506, 213.905
538.829, 219.366
540.152, 217.072
541.476, 206.765
542.799, 172.550
544.121, 232.331
545.444, 158.110
546.766, 194.885
548.088, 148.657
549.410, 146.427
550.732, 188.193
552.053, 119.956
553.375, 157.716
554.696, 124.474
556.017, 100.228
557.337, 136.980
558.658, 109.729
559.978, 111.475
561.298, 91.219
562.618, 91.960
563.938, 75.704
565.257, 80.459
566.576, 103.192
567.895, 81.922
569.214, 80.657
570.533, 109.383
571.851, 132.134
573.170, 107.888
574.488, 57.606
575.805, 71.678
577.123, 84.392
578.440, 101.584
579.758, 97.612
581.075, 84.000
582.391, 87.747
583.708, 79.450
585.024, 74.184
586.341, 99.883
587.657, 100.617
588.972, 91.311
590.288, 69.003
591.603, 96.693
592.918, 50.412
594.233, 66.257
595.548, 56.276
596.863, 62.983
598.177, 67.666
599.491, 72.458
600.805, 59.139
602.119, 48.826
603.432, 39.392
604.746, 97.209
606.059, 29.912
607.372, 51.948
608.685, 87.667
609.997, 43.578
611.309, 34.312
612.621, 18.053
613.933, 18.804
615.245, 39.890
616.557, 50.662
617.868, 35.443
619.179, 22.383
620.490, 1.777
621.801, 38.031
623.111, 29.855
624.421, 24.077
625.731, 30.914
627.041, 0.909
628.351, 44.763
629.660, 41.629
630.970, 7.501
632.279, 30.381
633.588, 62.270
634.896, 9.165
636.205, 42.069
637.513, 7.977
638.821, 58.887
640.129, 1.802
641.437, 27.721
642.744, 20.646
644.051, 37.579
645.358, 13.515
646.665, 25.458
647.972, 17.404
649.278, 42.353
650.584, 11.304
651.890, 4.743
653.196, 25.792
654.502, 18.719
655.807, 0.083
657.113, 0.984
658.418, 7.053
659.722, 18.124
661.027, 17.734
662.331, 33.289
663.636, 27.391
664.940, 0.508
666.244, 13.624
667.547, 13.255
668.851, 8.136
670.154, 4.016
671.457, 8.105
672.760, 2.771
674.062, 12.354
675.365, 31.514
676.667, 4.385
677.969, 29.257
679.271, 10.128
680.572, 15.000
681.874, 34.872
683.175, 28.744
684.476, 58.618
685.777, 69.493
687.077, 58.370
688.378, 103.256
689.678, 126.136
690.978, 189.018
692.278, 227.901
693.577, 285.786
694.877, 260.674
696.176, 275.564
697.475, 257.455
698.774, 185.347
700.072, 153.240
701.371, 133.132
702.669, 91.026
703.967, 77.920
705.265, 22.819
706.562, 49.720
707.860, 56.620
709.157, 51.521
710.454, 17.422
711.751, 35.324
713.047, 27.226
714.344, 24.128
715.640, 23.031
716.936, 18.935
718.232, 13.693
719.527, 10.758
720.823, 7.662
722.118, 16.567
723.413, 12.374
724.708, 10.379
726.002, 12.285
727.297, 5.192
728.591, 4.099
729.885, 15.007
731.179, 6.085
732.472, 46.820
733.766, 8.275
735.059, 11.627
736.352, 45.529
737.645, 1.432
738.937, 33.335
740.230, 3.238
741.522, 18.142
742.814, 2.046
744.106, 24.951
745.397, 31.856
746.689, 34.762
747.980, 3.668
749.271, 1.425
750.562, 21.519
751.853, 5.376
753.143, 24.271
754.433, 17.833
755.723, 24.053
757.013, 11.941
758.303, 12.828
759.592, 13.717
760.881, 14.606
762.170, 4.504
763.459, 13.383
764.748, 18.729
766.036, 38.148
767.325, 14.026
768.613, 27.885
769.901, 4.252
771.188, 12.624
772.476, 33.500
773.763, 0.624
775.050, 2.251
776.337, 12.005
777.624, 36.879
778.910, 5.246
780.196, 24.624
781.482, 0.505
782.768, 33.280
784.054, 32.149
785.339, 31.018
786.625, 46.833
787.910, 21.702
789.195, 51.570
790.479, 88.394
791.764, 61.261
793.048, 70.080
794.332, 83.947
795.616, 108.741
796.900, 121.606
798.183, 62.471
799.467, 144.336
800.750, 89.179
802.033, 173.043
803.316, 160.902
804.598, 159.930
805.880, 240.764
807.163, 239.425
808.445, 265.863
809.726, 226.883
811.008, 167.663
812.289, 171.425
813.570, 114.986
814.851, 95.889
816.132, 96.597
817.413, 71.546
818.693, 65.915
819.973, 65.938
821.253, 51.585
822.533, 39.799
823.813, 32.629
825.092, 59.441
826.371, 44.939
827.650, 24.747
828.929, 36.998
830.208, 11.318
831.486, 52.324
832.764, 46.189
834.042, 21.031
835.320, 70.102
836.598, 14.966
837.875, 31.834
839.152, 66.704
840.429, 33.572
841.706, 1.440
842.983, 55.309
844.259, 62.177
845.536, 38.074
846.812, 65.945
848.088, 60.660
849.363, 55.017
850.639, 66.131
851.914, 42.999
853.189, 29.867
854.464, 17.734
855.739, 15.601
857.013, 23.637
858.288, 17.361
859.562, 41.572
860.836, 23.439
862.110, 34.305
863.383, 56.171
864.656, 5.036
865.930, 42.902
867.203, 23.767
868.475, 6.632
869.748, 38.506
871.020, 65.371
872.292, 2.235
873.564, 43.092
874.836, 34.936
876.108, 28.799
877.379, 22.662
878.650, 35.518
879.922, 38.380
881.192, 47.214
882.463, 41.900
883.733, 60.342
885.004, 25.410
886.274, 73.271
887.544, 66.652
888.813, 29.512
890.083, 62.373
891.352, 62.190
892.621, 68.050
893.890, 70.876
895.159, 51.735
896.427, 310.556
897.695, 245.415
898.964, 214.632
900.232, 91.133
901.499, 53.960
902.767, 38.662
904.034, 25.187
905.301, 60.021
906.568, 73.879
907.835, 32.627
909.102, 46.485
910.368, 34.343
911.634, 77.200
912.900, 42.058
914.166, 78.915
915.432, 55.446
916.697, 66.303
917.962, 36.977
919.227, 45.834
920.492, 75.692
921.757, 58.549
923.021, 43.082
924.285, 47.940
925.550, 36.501
926.813, 52.506
928.077, 30.325
929.341, 42.182
930.604, 40.040
931.867, 49.508
933.130, 46.366
934.393, 41.075
935.655, 16.932
936.918, 19.790
938.180, 27.648
939.442, 50.506
940.703, 44.581
941.965, 18.221
943.226, 38.079
944.488, 26.936
945.749, 10.794
947.009, 12.652
948.270, 7.510
949.530, 16.374
950.791, 30.236
952.051, 12.093
953.311, 12.091
954.570, 32.809
955.830, 3.333
957.089, 2.557
958.348, 14.449
959.607, 13.306
960.866, 2.830
962.124, 30.037
963.383, 10.904
964.641, 46.956
965.899, 33.825
967.156, 14.302
968.414, 31.244
969.671, 19.873
970.928, 5.216
972.185, 8.333
973.442, 6.442
974.699, 25.445
975.955, 11.333
977.211, 17.220
978.468, 23.110
979.723, 19.106
980.979, 7.999
982.234, 3.052
983.490, 37.838
984.745, 33.727
986.000, 3.379
987.254, 39.512
988.509, 36.404
989.763, 6.296
991.017, 18.187
992.271, 19.079
993.525, 10.179
994.779, 24.072
996.032, 0.964
997.285, 6.855
998.538, 4.247
999.791, 61.647
1001.044, 4.459
1002.296, 40.433
1003.548, 19.324
1004.800, 89.219
1006.052, 32.116
1007.304, 1.985
1008.555, 19.089
1009.807, 10.797
1011.058, 12.683
1012.309, 13.568
1013.559, 49.454
1014.810, 24.341
1016.060, 30.227
1017.310, 19.112
1018.560, 34.000
1019.810, 6.888
1021.060, 25.775
1022.309, 17.662
1023.558, 33.533
1024.807, 35.470
1026.056, 35.994
1027.305, 40.196
1028.553, 39.084
1029.801, 37.972
1031.049, 39.859
1032.297, 25.747
1033.545, 20.634
1034.793, 29.521
1036.040, 33.421
1037.287, 33.070
1038.534, 27.202
1039.781, 36.093
1041.027, 42.984
1042.274, 45.875
1043.520, 30.765
1044.766, 60.672
1046.012, 56.562
1047.257, 41.471
1048.503, 21.360
1049.748, 35.288
1050.993, 42.175
1052.238, 12.062
1053.483, 54.948
1054.727, 26.840
1055.971, 63.822
1057.216, 62.712
1058.459, 46.612
1059.703, 43.506
1060.947, 56.420
1062.190, 66.312
1063.433, 102.246
1064.676, 103.251
1065.919, 110.142
1067.162, 141.050
1068.404, 74.945
1069.646, 68.838
1070.888, 62.771
1072.130, 93.662
1073.372, 92.554
1074.613, 58.445
1075.855, 69.335
1077.096, 90.225
1078.337, 73.114
1079.578, 77.002
1080.818, 115.889
1082.059, 125.777
1083.299, 152.664
1084.539, 103.550
1085.779, 76.435
1087.018, 69.320
1088.258, 51.203
1089.497, 67.085
1090.736, 55.967
1091.975, 28.846
1093.213, 26.725
1094.452, 57.603
1095.690, 43.479
1096.928, 42.354
1098.166, 16.228
1099.404, 17.115
1100.642, 40.986
1101.879, 32.856
1103.116, 26.746
1104.353, 39.703
1105.590, 10.475
1106.827, 10.340
1108.063, 31.203
1109.299, 60.065
1110.536, 33.783
1111.771, 63.695
1113.007, 0.443
1114.243, 32.472
1115.478, 37.325
1116.713, 8.549
1117.948, 9.705
1119.183, 13.131
1120.418, 46.727
1121.652, 70.151
1122.886, 106.660
1124.120, 164.511
1125.354, 128.405
1126.588, 52.338
1127.821, 1.281
1129.055, 27.673
1130.288, 8.117
1131.521, 54.794
1132.753, 40.669
1133.986, 24.636
1135.218, 35.258
1136.450, 12.819
1137.682, 53.120
1138.914, 49.914
1140.146, 35.771
1141.377, 0.213
1142.609, 49.683
1143.840, 67.641
1145.071, 53.396
1146.301, 84.685
1147.532, 108.267
1148.762, 113.044
1149.992, 93.653
1151.222, 125.487
1152.452, 139.274
1153.682, 171.658
1154.911, 254.807
1156.140, 282.466
1157.369, 387.122
1158.598, 484.880
1159.827, 642.636
1161.055, 691.938
1162.284, 755.689
1163.512, 694.498
1164.740, 533.245
1165.967, 447.705
1167.195, 324.640
1168.422, 179.369
1169.650, 163.113
1170.877, 146.865
1172.103, 150.659
1173.330, 86.238
1174.557, 56.965
1175.783, 67.769
1177.009, 69.531
1178.235, 94.352
1179.461, 35.336
1180.686, 33.074
1181.912, 38.871
1183.137, 27.643
1184.362, 54.349
1185.587, 30.538
1186.811, 47.486
1188.036, 37.184
1189.260, 51.880
1190.484, 42.653
1191.708, 27.588
1192.932, 37.358
1194.155, 27.092
1195.378, 33.105
1196.602, 22.451
1197.825, 42.159
1199.047, 41.831
1200.270, 37.499
1201.492, 34.166
1202.715, 10.830
1203.937, 56.490
1205.159, 31.244
1206.380, 66.970
1207.602, 27.714
1208.823, 59.363
1210.044, 23.009
1211.265, 8.652
1212.486, 36.290
1213.707, 29.036
1214.927, 66.669
1216.147, 59.298
1217.367, 23.930
1218.587, 58.557
1219.807, 53.183
1221.027, 100.859
1222.246, 62.479
1223.465, 51.095
1224.684, 54.709
1225.903, 51.334
1227.121, 62.219
1228.340, 72.573
1229.558, 94.175
1230.776, 98.833
1231.994, 121.429
1233.212, 115.413
1234.429, 66.652
1235.646, 93.286
1236.864, 94.869
1238.081, 64.449
1239.297, 73.054
1240.514, 47.627
1241.730, 81.197
1242.947, 51.764
1244.163, 84.327
1245.378, 31.883
1246.594, 43.438
1247.810, 85.995
1249.025, 30.549
1250.240, 14.155
1251.455, 18.704
1252.670, 78.227
1253.885, 44.736
1255.099, 72.345
1256.313, 51.875
1257.527, 23.403
1258.741, 34.927
1259.955, 21.500
1261.168, 54.777
1262.382, 22.284
1263.595, 57.116
1264.808, 57.871
1266.021, 21.345
1267.233, 27.157
1268.446, 25.324
1269.658, 29.803
1270.870, 19.274
1272.082, 11.736
1273.294, 10.195
1274.505, 3.457
1275.716, 15.991
1276.928, 23.381
1278.139, 20.820
1279.349, 12.745
1280.560, 30.683
1281.770, 11.104
1282.981, 7.528
1284.191, 44.939
1285.401, 19.347
1286.610, 2.751
1287.820, 10.931
1289.029, 5.323
1290.239, 54.709
1291.448, 18.908
1292.656, 13.466
1293.865, 57.845
1295.073, 8.213
1296.282, 19.579
1297.490, 11.059
1298.698, 4.705
1299.906, 0.996
1301.113, 18.985
1302.320, 12.325
1303.528, 35.667
1304.735, 39.005
1305.942, 3.661
1307.148, 49.669
1308.355, 19.994
1309.561, 34.316
1310.767, 6.366
1311.973, 3.946
1313.179, 57.253
1314.384, 32.557
1315.590, 29.857
1316.795, 19.154
1318.000, 8.552
1319.205, 42.734
1320.410, 15.016
1321.614, 24.294
1322.819, 11.568
1324.023, 0.838
1325.227, 28.103
1326.431, 13.366
1327.634, 18.624
1328.838, 50.867
1330.041, 2.881
1331.244, 1.364
1332.447, 44.607
1333.650, 53.847
1334.852, 14.083
1336.055, 1.317
1337.257, 13.530
1338.459, 32.757
1339.661, 21.961
1340.862, 43.808
1342.064, 25.361
1343.265, 57.578
1344.466, 72.792
1345.667, 52.004
1346.868, 40.213
1348.068, 42.328
1349.269, 11.533
1350.469, 15.781
1351.669, 11.981
1352.869, 59.157
1354.069, 77.353
1355.268, 78.504
1356.468, 72.582
1357.667, 9.772
1358.866, 40.943
1360.065, 45.130
1361.263, 40.303
1362.462, 75.448
1363.660, 39.702
1364.858, 19.885
1366.056, 40.084
1367.254, 45.320
1368.451, 75.502
1369.649, 63.682
1370.846, 50.863
1372.043, 23.043
1373.240, 63.225
1374.436, 18.359
1375.633, 88.492
1376.829, 22.627
1378.025, 47.739
1379.221, 20.840
1380.417, 51.929
1381.613, 33.010
1382.808, 25.082
1384.003, 49.147
1385.199, 48.283
1386.393, 59.267
1387.588, 53.618
1388.783, 62.940
1389.977, 38.272
1391.171, 67.444
1392.365, 38.778
1393.559, 19.108
1394.753, 50.372
1395.946, 29.631
1397.140, 58.891
1398.333, 16.157
1399.526, 89.170
1400.719, 50.372
1401.911, 49.413
1403.104, 52.966
1404.296, 73.121
1405.488, 52.044
1406.680, 47.012
1407.872, 49.203
1409.063, 47.071
1410.255, 68.123
1411.446, 44.436
1412.637, 35.504
1413.828, 60.395
1415.018, 35.352
1416.209, 66.341
1417.399, 43.528
1418.589, 24.004
1419.779, 30.099
1420.969, 58.066
1422.159, 56.210
1423.348, 36.250
1424.537, 63.234
1425.726, 20.195
1426.915, 55.801
1428.104, 34.757
1429.293, 42.773
1430.481, 70.813
1431.669, 31.897
1432.857, 88.493
1434.045, 43.436
1435.233, 74.428
1436.420, 18.438
1437.608, 55.493
1438.795, 21.544
1439.982, 28.322
1441.169, 85.211
1442.355, 101.242
1443.542, 26.089
1444.728, 51.110
1445.914, 50.113
1447.100, 57.013
1448.286, 43.001
1449.472, 67.982
1450.657, 73.882
1451.842, 55.738
1453.027, 62.619
1454.212, 61.479
1455.397, 87.425
1456.581, 64.307
1457.766, 23.241
1458.950, 80.163
1460.134, 68.072
1461.318, 26.853
1462.501, 74.709
1463.685, 46.427
1464.868, 49.315
1466.051, 47.199
1467.234, 71.091
1468.417, 96.988
1469.600, 35.881
1470.782, 69.802
1471.965, 51.754
1473.147, 108.714
1474.329, 39.680
1475.510, 65.665
1476.692, 42.659
1477.873, 57.648
1479.055, 53.663
1480.236, 36.703
1481.416, 55.753
1482.597, 73.782
1483.778, 55.834
1484.958, 17.895
1486.138, 27.961
1487.318, 51.031
1488.498, 31.107
1489.678, 65.189
1490.857, 58.794
1492.037, 5.390
1493.216, 52.508
1494.395, 40.639
1495.574, 18.791
1496.752, 41.967
1497.931, 26.164
1499.109, 33.385
1500.287, 42.628
1501.465, 23.895
1502.643, 12.814
1503.820, 19.502
1504.998, 5.843
1506.175, 66.213
1507.352, 15.614
1508.529, 9.049
1509.706, 70.524
1510.882, 76.614
1512.059, 28.152
1513.235, 42.739
1514.411, 35.379
1515.587, 15.853
1516.762, 11.553
1517.938, 9.366
1519.113, 11.657
1520.288, 11.975
1521.463, 29.426
1522.638, 38.962
1523.813, 25.036
1524.987, 10.729
1526.162, 0.132
1527.336, 0.000
##END=



