##NAMES=Roeblingite
##RRUFFID=R140328
##IDEAL CHEMISTRY=Pb_2_Ca_6_Mn^2+^(Si_3_O_9_)_2_(SO_4_)_2_(OH)_2_&#183;4H_2_O
##LOCALITY=Långban, Varmland, Sweden
##OWNER=RRUFF
##SOURCE=Benjamin N. Schumer
##DESCRIPTION=Tabular, colorless crystals. Note that the label shows that this sample was misidentified as margarosanite
##STATUS=The identification of this mineral has been confirmed by single-crystal X-ray diffraction.
##URL=rruff.info/R140328
90.23535, 0.0000000E+00
90.71747, 0.5284120
91.19958, 2.007843
91.68170, 4.641479
92.16382, 7.679657
92.64594, 11.66833
93.12805, 13.17032
93.61017, 9.973114
94.09229, 5.950623
94.57440, 3.923950
95.05651, 1.385529
95.53863, 0.4247130
96.02074, 0.6022340
96.50286, 1.078430
96.98498, 1.309052
97.46709, 0.7565000
97.94921, 0.1983640
98.43133, 1.124298
98.91344, 1.538269
99.39556, 0.5918270
99.87768, 1.477905
100.3598, 4.160065
100.8419, 7.117706
101.3240, 10.54742
101.8061, 14.71994
102.2883, 20.34299
102.7704, 26.20566
103.2525, 30.80066
103.7346, 33.77667
104.2167, 37.36603
104.6988, 43.44183
105.1810, 50.95514
105.6631, 58.48807
106.1452, 65.10403
106.6273, 71.20065
107.1094, 78.53839
107.5915, 87.77933
108.0737, 97.57056
108.5558, 107.9815
109.0379, 118.5641
109.5200, 128.3730
110.0021, 137.1910
110.4842, 145.6932
110.9664, 149.0692
111.4485, 145.6586
111.9306, 139.0464
112.4127, 129.6769
112.8948, 118.2042
113.3769, 105.8819
113.8591, 94.53189
114.3412, 83.55414
114.8233, 74.93307
115.3054, 68.67490
115.7875, 64.55626
116.2696, 62.55290
116.7517, 62.69754
117.2339, 64.59200
117.7160, 67.43243
118.1981, 70.72897
118.6802, 75.42091
119.1623, 82.13409
119.6444, 90.50116
120.1266, 99.71382
120.6087, 109.8450
121.0908, 120.2379
121.5729, 130.0424
122.0550, 140.1267
122.5371, 148.1677
123.0193, 152.2037
123.5014, 152.1725
123.9835, 148.8001
124.4656, 140.6158
124.9477, 129.8134
125.4298, 117.6042
125.9120, 103.9383
126.3941, 89.81635
126.8762, 77.60077
127.3583, 67.50452
127.8404, 59.64758
128.3225, 54.12305
128.8047, 50.74207
129.2868, 48.85214
129.7689, 47.96184
130.2510, 47.71684
130.7331, 47.83463
131.2152, 48.71483
131.6974, 50.37752
132.1795, 52.96280
132.6616, 56.48250
133.1437, 60.86375
133.6258, 66.05029
134.1079, 72.12381
134.5901, 78.96094
135.0722, 86.22836
135.5543, 94.36011
136.0364, 103.5424
136.5185, 113.7910
137.0006, 125.0876
137.4828, 137.3974
137.9649, 150.9851
138.4470, 164.8481
138.9291, 180.4008
139.4112, 195.6763
139.8933, 208.6232
140.3755, 218.8629
140.8576, 226.4227
141.3397, 230.2143
141.8218, 230.6803
142.3039, 231.2005
142.7860, 231.2541
143.2681, 231.6344
143.7503, 235.4759
144.2324, 243.3287
144.7145, 254.3361
145.1966, 268.1776
145.6787, 284.7455
146.1608, 301.0356
146.6430, 316.1277
147.1251, 330.8342
147.6072, 338.7699
148.0893, 338.2039
148.5714, 330.5880
149.0535, 314.6349
149.5357, 290.4958
150.0178, 261.7193
150.4999, 233.0835
150.9820, 202.7720
151.4641, 176.4255
151.9462, 154.0601
152.4284, 135.0667
152.9105, 119.0411
153.3926, 105.8944
153.8747, 95.35083
154.3568, 86.75497
154.8389, 81.10242
155.3211, 76.59322
155.8032, 73.26457
156.2853, 70.90608
156.7674, 69.61002
157.2495, 69.53618
157.7316, 70.32089
158.2138, 70.54625
158.6959, 70.27524
159.1780, 69.45810
159.6601, 68.37274
160.1422, 66.75087
160.6243, 63.89029
161.1065, 59.26123
161.5886, 53.10071
162.0707, 46.95346
162.5528, 40.85223
163.0349, 34.75694
163.5170, 28.44963
163.9991, 21.98727
164.4813, 16.07356
164.9634, 11.13870
165.4455, 7.157822
165.9276, 3.892105
166.4097, 1.438187
166.8918, 0.4200290
167.3740, 1.870804
167.8561, 2.895660
168.3382, 3.585098
168.8203, 4.096939
169.3024, 4.283569
169.7845, 3.840576
170.2667, 2.476944
170.7488, 0.5145260
171.2309, 1.295105
171.7130, 2.797867
172.1951, 4.442398
172.6772, 6.527847
173.1594, 8.825623
173.6415, 11.01414
174.1236, 12.87250
174.6057, 14.46529
175.0878, 16.17328
175.5699, 18.18094
176.0521, 20.09941
176.5342, 21.81599
177.0163, 23.37112
177.4984, 24.78662
177.9805, 26.02441
178.4626, 27.08127
178.9448, 28.71944
179.4269, 31.34952
179.9090, 34.15041
180.3911, 37.06030
180.8732, 39.96486
181.3553, 42.60907
181.8375, 44.71053
182.3196, 46.14615
182.8017, 48.31111
183.2838, 51.92960
183.7659, 55.46449
184.2480, 58.45636
184.7301, 60.74509
185.2123, 62.09990
185.6944, 62.29897
186.1765, 61.18163
186.6586, 59.12868
187.1407, 55.97211
187.6228, 52.08104
188.1050, 47.49899
188.5871, 42.29204
189.0692, 36.94289
189.5513, 31.87485
190.0334, 27.11131
190.5155, 22.48750
190.9977, 17.77116
191.4798, 13.31210
191.9619, 9.555710
192.4440, 6.608841
192.9261, 4.036362
193.4082, 1.221313
193.8904, 1.650238
194.3725, 3.698181
194.8546, 3.923660
195.3367, 3.266586
195.8188, 3.718552
196.3009, 5.862640
196.7831, 8.192749
197.2652, 9.797073
197.7473, 10.76180
198.2294, 11.14764
198.7115, 10.80946
199.1936, 9.875961
199.6758, 8.900879
200.1579, 7.916824
200.6400, 6.848297
201.1221, 5.731079
201.6042, 4.528275
202.0863, 3.165344
202.5685, 1.659454
203.0506, 9.6129999E-03
203.5327, 2.142975
204.0148, 5.010101
204.4969, 8.118637
204.9790, 11.49536
205.4612, 14.96539
205.9433, 18.20163
206.4254, 20.88170
206.9075, 22.97786
207.3896, 25.06503
207.8717, 27.44379
208.3539, 29.53291
208.8360, 31.33986
209.3181, 32.71364
209.8002, 33.36568
210.2823, 33.00481
210.7644, 31.56810
211.2466, 29.65996
211.7287, 27.12036
212.2108, 24.32079
212.6929, 21.20795
213.1750, 17.91769
213.6571, 14.70154
214.1393, 11.77457
214.6214, 9.126022
215.1035, 6.908981
215.5856, 4.948166
216.0677, 3.445953
216.5498, 2.566559
217.0320, 2.267029
217.5141, 2.328506
217.9962, 2.554337
218.4783, 2.947906
218.9604, 3.717880
219.4425, 4.818207
219.9247, 6.277267
220.4068, 8.158600
220.8889, 10.44365
221.3710, 12.98032
221.8531, 15.58781
222.3352, 18.30548
222.8174, 21.56696
223.2995, 25.70705
223.7816, 30.10965
224.2637, 34.48820
224.7458, 38.77757
225.2279, 42.62309
225.7100, 45.78682
226.1922, 48.22510
226.6743, 50.06911
227.1564, 51.22636
227.6385, 51.91551
228.1206, 52.25043
228.6027, 52.26437
229.0849, 52.16190
229.5670, 51.93944
230.0491, 51.64993
230.5312, 51.48550
231.0133, 51.30167
231.4954, 51.33748
231.9776, 51.82239
232.4597, 52.74196
232.9418, 54.17273
233.4239, 56.47066
233.9060, 59.28830
234.3881, 62.11446
234.8703, 64.62256
235.3524, 67.25415
235.8345, 70.64107
236.3166, 74.88495
236.7987, 79.56139
237.2808, 84.54141
237.7630, 89.81796
238.2451, 95.48517
238.7272, 101.5856
239.2093, 108.0740
239.6914, 114.7666
240.1735, 121.5714
240.6557, 129.0000
241.1378, 138.0550
241.6199, 147.4702
242.1020, 156.0924
242.5841, 163.5152
243.0662, 169.9465
243.5484, 175.9181
244.0305, 181.8786
244.5126, 186.0144
244.9947, 188.3552
245.4768, 188.6059
245.9589, 186.3680
246.4410, 181.4920
246.9232, 174.1837
247.4053, 164.1978
247.8874, 150.0527
248.3695, 136.7758
248.8516, 125.3965
249.3337, 115.0479
249.8159, 104.9918
250.2980, 95.00198
250.7801, 85.67220
251.2622, 77.93898
251.7443, 72.12379
252.2264, 67.06668
252.7086, 62.61818
253.1907, 58.96577
253.6728, 56.17807
254.1549, 54.17096
254.6370, 52.75423
255.1191, 51.72145
255.6013, 51.15280
256.0834, 51.02945
256.5655, 51.34866
257.0476, 52.11305
257.5297, 53.31175
258.0118, 54.93964
258.4940, 57.01329
258.9761, 59.54869
259.4582, 62.55287
259.9403, 66.10719
260.4224, 70.38818
260.9045, 75.03061
261.3867, 79.75032
261.8688, 84.52574
262.3509, 89.41296
262.8330, 94.52228
263.3151, 99.93130
263.7972, 105.2970
264.2794, 110.4348
264.7615, 115.6638
265.2436, 121.0387
265.7257, 126.6083
266.2078, 132.5001
266.6899, 138.8484
267.1721, 145.6720
267.6542, 152.7995
268.1363, 160.1226
268.6184, 167.7629
269.1005, 175.8042
269.5826, 184.2039
270.0648, 192.9775
270.5469, 202.3827
271.0290, 212.4486
271.5111, 220.0011
271.9932, 224.4822
272.4753, 227.6077
272.9575, 230.1394
273.4396, 231.9275
273.9217, 232.4331
274.4038, 231.3224
274.8859, 228.5999
275.3680, 224.1014
275.8501, 217.1786
276.3322, 209.6658
276.8144, 201.7188
277.2965, 193.6078
277.7786, 185.8337
278.2607, 178.6231
278.7428, 172.0154
279.2249, 166.2161
279.7071, 160.9262
280.1892, 156.5431
280.6713, 153.3665
281.1534, 151.1410
281.6355, 149.4561
282.1176, 148.1593
282.5998, 147.2314
283.0819, 146.7096
283.5640, 146.4319
284.0461, 147.1667
284.5282, 149.2781
285.0103, 152.3776
285.4925, 155.9919
285.9746, 159.9829
286.4567, 164.2099
286.9388, 168.4620
287.4209, 172.6243
287.9030, 177.1088
288.3852, 181.9971
288.8673, 187.1897
289.3494, 192.6038
289.8315, 198.2084
290.3136, 203.7806
290.7957, 208.9737
291.2779, 213.6628
291.7600, 219.0648
292.2421, 226.4468
292.7242, 233.9883
293.2063, 240.2052
293.6884, 244.8842
294.1706, 247.8287
294.6527, 248.7921
295.1348, 247.6272
295.6169, 245.0775
296.0990, 240.9389
296.5811, 235.6499
297.0633, 229.3043
297.5454, 222.0015
298.0275, 214.2370
298.5096, 206.3377
298.9917, 198.2366
299.4738, 189.7328
299.9560, 181.0493
300.4381, 171.8453
300.9202, 161.3859
301.4023, 150.0054
301.8844, 139.1036
302.3665, 129.4741
302.8487, 120.7339
303.3308, 111.5691
303.8129, 101.5088
304.2950, 91.75064
304.7771, 82.61000
305.2592, 74.15608
305.7414, 66.60512
306.2235, 60.10670
306.7056, 54.45331
307.1877, 49.26726
307.6698, 44.33272
308.1519, 40.31468
308.6341, 37.65149
309.1162, 36.00507
309.5983, 34.85329
310.0804, 34.07144
310.5625, 33.75516
311.0446, 34.16127
311.5268, 35.27658
312.0089, 36.61076
312.4910, 38.01923
312.9731, 39.62239
313.4552, 41.50732
313.9373, 43.67421
314.4195, 46.31389
314.9016, 49.73288
315.3837, 53.91718
315.8658, 58.16716
316.3479, 62.46469
316.8300, 66.77998
317.3121, 71.11180
317.7943, 75.46629
318.2764, 79.75536
318.7585, 83.97461
319.2406, 88.04961
319.7227, 91.84677
320.2048, 95.36540
320.6870, 98.63669
321.1691, 101.9538
321.6512, 105.1044
322.1333, 107.4186
322.6154, 108.6171
323.0975, 108.6961
323.5797, 107.6429
324.0618, 105.3747
324.5439, 102.4661
325.0260, 98.99823
325.5081, 95.04688
325.9902, 90.65894
326.4724, 85.79570
326.9545, 80.67017
327.4366, 75.49307
327.9187, 70.17847
328.4008, 65.26175
328.8829, 60.82129
329.3651, 56.85692
329.8472, 53.37962
330.3293, 50.39043
330.8114, 47.84804
331.2935, 45.67288
331.7756, 43.90926
332.2578, 42.77953
332.7399, 42.86198
333.2220, 43.15245
333.7041, 43.01102
334.1862, 42.40218
334.6683, 41.47549
335.1505, 40.35835
335.6326, 38.99164
336.1147, 37.14233
336.5968, 35.05055
337.0789, 32.29018
337.5610, 28.44106
338.0432, 23.77269
338.5253, 18.89809
339.0074, 14.05942
339.4895, 9.293808
339.9716, 4.704056
340.4537, 5.3399999E-04
340.9359, 4.054184
341.4180, 7.144211
341.9001, 9.576141
342.3822, 11.72722
342.8643, 13.69896
343.3464, 15.34924
343.8286, 16.44614
344.3107, 16.78421
344.7928, 17.05815
345.2749, 17.38164
345.7570, 17.56412
346.2391, 17.52934
346.7213, 17.23911
347.2034, 16.55363
347.6855, 15.29770
348.1676, 13.42754
348.6497, 11.72789
349.1318, 10.18243
349.6140, 8.789627
350.0961, 7.766388
350.5782, 6.914474
351.0603, 5.748154
351.5424, 3.955124
352.0245, 1.714783
352.5067, 0.2200010
352.9888, 1.392365
353.4709, 2.823135
353.9530, 4.952835
354.4351, 7.277283
354.9172, 9.302994
355.3994, 10.84166
355.8815, 11.85921
356.3636, 12.22475
356.8457, 11.12987
357.3278, 11.09270
357.8099, 12.68086
358.2920, 14.79276
358.7741, 16.56726
359.2563, 18.01776
359.7384, 19.79022
360.2205, 22.55185
360.7026, 26.38828
361.1847, 30.42101
361.6668, 34.58682
362.1490, 38.98448
362.6311, 43.45299
363.1132, 48.21291
363.5953, 53.60362
364.0774, 59.86458
364.5595, 66.84982
365.0417, 73.93108
365.5238, 80.84169
366.0059, 88.26083
366.4880, 96.31448
366.9701, 104.8263
367.4522, 113.6646
367.9344, 122.7421
368.4165, 132.0598
368.8986, 141.6892
369.3807, 151.7311
369.8628, 161.7848
370.3449, 172.4402
370.8271, 182.6327
371.3092, 192.1069
371.7913, 200.6683
372.2734, 208.1720
372.7555, 214.3119
373.2376, 219.1084
373.7198, 223.5513
374.2019, 227.1039
374.6840, 230.9799
375.1661, 235.0074
375.6482, 239.7131
376.1303, 245.7505
376.6125, 253.4117
377.0946, 262.7378
377.5767, 274.0128
378.0588, 287.6454
378.5409, 302.1071
379.0230, 317.6294
379.5052, 333.4224
379.9873, 349.2479
380.4694, 365.0318
380.9515, 379.8461
381.4336, 393.1392
381.9157, 404.9161
382.3979, 413.8397
382.8800, 420.2137
383.3621, 422.6563
383.8442, 420.8979
384.3263, 415.0891
384.8084, 405.7125
385.2906, 391.9310
385.7727, 375.0104
386.2548, 357.3055
386.7369, 338.5188
387.2190, 320.1949
387.7011, 302.3115
388.1833, 285.6679
388.6654, 271.6163
389.1475, 260.5641
389.6296, 251.8809
390.1117, 245.1231
390.5938, 240.2640
391.0760, 237.3533
391.5581, 236.5392
392.0402, 237.6416
392.5223, 240.5388
393.0044, 245.2857
393.4865, 250.3768
393.9687, 255.6421
394.4508, 260.7484
394.9329, 265.2703
395.4150, 269.2291
395.8971, 272.2013
396.3792, 274.1600
396.8614, 274.8265
397.3435, 272.9124
397.8256, 267.8410
398.3077, 260.5498
398.7898, 251.4262
399.2719, 240.4834
399.7540, 227.3405
400.2361, 211.4483
400.7183, 193.8343
401.2004, 177.6055
401.6825, 162.4799
402.1646, 149.0115
402.6467, 137.4695
403.1288, 127.5403
403.6110, 118.9520
404.0931, 111.6759
404.5752, 105.7835
405.0573, 101.3658
405.5394, 98.51273
406.0215, 97.44627
406.5037, 98.44904
406.9858, 100.6887
407.4679, 104.0560
407.9500, 108.3087
408.4321, 113.0100
408.9142, 117.9430
409.3964, 123.2494
409.8785, 129.5472
410.3606, 137.2277
410.8427, 145.3510
411.3248, 153.8501
411.8069, 162.6847
412.2891, 171.5709
412.7712, 180.5443
413.2533, 190.3166
413.7354, 201.8486
414.2175, 215.4063
414.6996, 229.9011
415.1818, 245.3140
415.6639, 261.6581
416.1460, 278.4952
416.6281, 296.3435
417.1102, 316.0490
417.5923, 338.4057
418.0745, 362.9426
418.5566, 388.3363
419.0387, 413.9605
419.5208, 441.6448
420.0029, 472.2941
420.4850, 504.7438
420.9672, 538.1365
421.4493, 572.2496
421.9314, 606.5436
422.4135, 641.0776
422.8956, 675.6802
423.3777, 708.5842
423.8599, 741.6117
424.3420, 769.5545
424.8241, 790.9186
425.3062, 805.2500
425.7883, 810.4230
426.2704, 804.7297
426.7526, 789.5967
427.2347, 766.7355
427.7168, 735.9492
428.1989, 698.7419
428.6810, 653.8853
429.1631, 603.7439
429.6453, 554.4181
430.1274, 505.4768
430.6095, 458.4273
431.0916, 413.1822
431.5737, 370.5868
432.0558, 332.2146
432.5380, 298.7122
433.0201, 269.0408
433.5022, 242.2365
433.9843, 218.5575
434.4664, 197.6071
434.9485, 179.9852
435.4307, 164.5659
435.9128, 150.9194
436.3949, 138.8810
436.8770, 128.3772
437.3591, 119.4355
437.8412, 111.9208
438.3234, 105.5039
438.8055, 100.3855
439.2876, 96.13707
439.7697, 92.83002
440.2518, 90.34512
440.7339, 88.66011
441.2160, 87.74634
441.6982, 87.50037
442.1803, 87.88065
442.6624, 88.98099
443.1445, 90.03964
443.6266, 91.25723
444.1087, 92.22296
444.5909, 92.73849
445.0730, 92.92429
445.5551, 93.07132
446.0372, 93.37148
446.5193, 93.47522
447.0014, 92.45302
447.4836, 89.82959
447.9657, 87.49561
448.4478, 86.15619
448.9299, 84.93652
449.4120, 82.95630
449.8941, 80.33449
450.3763, 78.35172
450.8584, 78.05824
451.3405, 79.22797
451.8226, 80.99075
452.3047, 83.40327
452.7868, 86.20560
453.2690, 89.12685
453.7511, 92.37459
454.2332, 96.34727
454.7153, 101.1838
455.1974, 106.6240
455.6795, 112.5628
456.1617, 118.9499
456.6438, 125.6442
457.1259, 132.5737
457.6080, 139.8962
458.0901, 147.9720
458.5722, 156.7671
459.0544, 165.6833
459.5365, 174.5726
460.0186, 183.5424
460.5007, 192.9206
460.9828, 202.5685
461.4649, 211.7372
461.9471, 219.9934
462.4292, 227.4589
462.9113, 234.8179
463.3934, 242.3228
463.8755, 249.4026
464.3576, 255.4760
464.8398, 261.4343
465.3219, 268.2733
465.8040, 276.1539
466.2861, 284.4482
466.7682, 292.7221
467.2503, 301.2949
467.7325, 307.2701
468.2146, 311.2278
468.6967, 311.8394
469.1788, 308.5198
469.6609, 301.6043
470.1430, 291.4062
470.6252, 278.0190
471.1073, 262.0521
471.5894, 244.3194
472.0715, 224.5980
472.5536, 204.1794
473.0357, 181.7561
473.5179, 160.0625
474.0000, 140.4256
474.4821, 122.9703
474.9642, 107.1859
475.4463, 93.01907
475.9284, 80.36472
476.4106, 68.85555
476.8927, 58.54021
477.3748, 49.38646
477.8569, 41.64540
478.3390, 35.00192
478.8211, 28.87715
479.3033, 23.22279
479.7854, 18.22717
480.2675, 14.14160
480.7496, 10.74443
481.2317, 7.687378
481.7138, 4.920380
482.1959, 2.297592
482.6780, 0.4072570
483.1602, 3.152847
483.6423, 5.268295
484.1244, 6.433655
484.6065, 7.361649
485.0886, 8.402832
485.5707, 9.382019
486.0529, 9.891449
486.5350, 9.787872
487.0171, 9.478775
487.4992, 9.674026
487.9813, 10.74690
488.4634, 11.27336
488.9456, 11.06252
489.4277, 10.59598
489.9098, 10.13379
490.3919, 9.621170
490.8740, 8.846970
491.3561, 7.678284
491.8383, 6.218887
492.3204, 4.757553
492.8025, 3.419510
493.2846, 1.688766
493.7667, 0.6384890
494.2488, 3.327957
494.7310, 6.311493
495.2131, 9.537827
495.6952, 12.85796
496.1773, 16.18958
496.6594, 19.50876
497.1415, 22.73630
497.6237, 25.86880
498.1058, 28.99072
498.5879, 32.09868
499.0700, 35.28665
499.5521, 38.67421
500.0342, 42.23215
500.5164, 46.10167
500.9985, 50.32904
501.4806, 54.94417
501.9627, 60.05814
502.4448, 65.68282
502.9269, 71.78667
503.4091, 78.35858
503.8912, 85.46707
504.3733, 92.72801
504.8554, 99.80856
505.3375, 107.3823
505.8196, 115.8045
506.3018, 124.8485
506.7839, 134.1752
507.2660, 143.6539
507.7481, 153.2214
508.2302, 162.6333
508.7123, 171.6231
509.1945, 181.4566
509.6766, 192.9706
510.1587, 204.4684
510.6408, 215.9100
511.1229, 226.8138
511.6050, 236.8049
512.0872, 246.0762
512.5693, 253.1137
513.0514, 255.3655
513.5335, 252.7602
514.0156, 245.8566
514.4977, 233.6702
514.9799, 217.9269
515.4620, 199.4304
515.9441, 178.6306
516.4262, 158.2871
516.9083, 138.8830
517.3904, 120.8528
517.8726, 104.5419
518.3547, 89.98785
518.8368, 77.65367
519.3189, 68.04428
519.8010, 60.43391
520.2831, 53.48618
520.7653, 47.01671
521.2474, 41.43260
521.7295, 37.11156
522.2116, 33.51109
522.6937, 30.28154
523.1758, 27.36424
523.6580, 24.72470
524.1401, 22.34590
524.6222, 20.25241
525.1043, 18.52722
525.5864, 17.36145
526.0685, 16.34526
526.5507, 15.43503
527.0328, 14.64839
527.5149, 14.03818
527.9970, 13.60719
528.4791, 13.29688
528.9612, 13.11783
529.4434, 13.03525
529.9255, 12.78564
530.4076, 12.30084
530.8897, 11.80766
531.3718, 11.26021
531.8539, 10.74280
532.3361, 10.43190
532.8182, 10.42163
533.3003, 10.43471
533.7824, 10.21805
534.2645, 9.862686
534.7466, 9.641205
535.2288, 9.592468
535.7109, 9.569901
536.1930, 9.466599
536.6751, 9.294388
537.1572, 9.140060
537.6393, 9.071121
538.1215, 8.935532
538.6036, 8.622253
539.0857, 8.249252
539.5678, 7.932846
540.0499, 7.710587
540.5320, 7.601990
541.0142, 7.562851
541.4963, 7.613556
541.9784, 7.317871
542.4604, 6.271820
542.9426, 5.388168
543.4247, 5.065170
543.9068, 4.931274
544.3889, 4.559982
544.8710, 3.844421
545.3531, 2.997467
545.8353, 2.155930
546.3174, 1.365860
546.7995, 0.8860320
547.2816, 0.9311220
547.7637, 0.9018400
548.2458, 0.1696780
548.7280, 0.8122710
549.2101, 1.249405
549.6922, 0.7409670
550.1743, 0.2060390
550.6564, 0.3959660
551.1385, 0.9256440
551.6207, 0.9546970
552.1028, 0.3875580
552.5849, 0.2480160
553.0670, 0.4940030
553.5491, 0.3493040
554.0313, 0.4060520
554.5134, 0.8542940
554.9955, 1.246567
555.4776, 1.348083
555.9597, 1.379730
556.4418, 1.674835
556.9240, 2.290833
557.4061, 2.926987
557.8882, 3.253723
558.3703, 3.265015
558.8524, 3.068787
559.3345, 2.300629
559.8167, 1.866379
560.2988, 2.188019
560.7809, 2.912338
561.2630, 3.662872
561.7451, 4.354507
562.2272, 4.943756
562.7094, 5.410629
563.1915, 5.745010
563.6736, 5.854141
564.1557, 5.675583
564.6378, 5.542160
565.1199, 5.715195
565.6021, 6.136169
566.0842, 6.504303
566.5663, 6.861603
567.0484, 7.107483
567.5305, 7.187515
568.0126, 7.146332
568.4948, 7.044113
568.9769, 6.889603
569.4590, 6.638885
569.9411, 6.239975
570.4232, 5.700974
570.9053, 5.208801
571.3875, 4.707245
571.8696, 4.335907
572.3517, 4.120224
572.8338, 4.033188
573.3159, 4.149292
573.7980, 4.430374
574.2802, 4.578995
574.7623, 4.212921
575.2444, 3.484726
575.7265, 3.083817
576.2086, 3.111908
576.6907, 3.036880
577.1729, 2.502487
577.6550, 1.780197
578.1371, 1.287918
578.6192, 1.041779
579.1013, 0.9852450
579.5834, 1.328140
580.0656, 1.712662
580.5477, 1.624298
581.0298, 1.106262
581.5119, 0.6876530
581.9940, 0.7173610
582.4761, 1.062515
582.9583, 1.281235
583.4404, 1.524963
583.9225, 1.381882
584.4046, 0.5162660
584.8867, 0.4375610
585.3688, 1.073883
585.8510, 1.416534
586.3331, 1.692886
586.8152, 2.044083
587.2973, 2.418762
587.7794, 2.767960
588.2615, 3.143158
588.7437, 3.099167
589.2258, 2.235016
589.7079, 1.232620
590.1900, 0.8564150
590.6721, 0.9820860
591.1542, 0.8016510
591.6364, 0.1697540
592.1185, 1.334106
592.6006, 2.092834
593.0827, 2.611954
593.5648, 3.437042
594.0469, 4.773270
594.5291, 6.351868
595.0112, 7.818329
595.4933, 9.161591
595.9754, 10.45641
596.4575, 11.38049
596.9396, 12.60873
597.4218, 14.54617
597.9039, 16.88545
598.3860, 19.19598
598.8681, 21.33846
599.3502, 23.44865
599.8323, 25.64204
600.3145, 27.91521
600.7966, 30.42737
601.2787, 33.26254
601.7608, 36.21086
602.2429, 39.17577
602.7250, 42.14381
603.2072, 45.05280
603.6893, 47.92023
604.1714, 50.69049
604.6535, 53.54539
605.1356, 56.25380
605.6177, 58.48039
606.0999, 60.12567
606.5820, 61.10890
607.0641, 61.35718
607.5462, 61.05125
608.0283, 60.75885
608.5104, 60.87897
608.9926, 60.26012
609.4747, 58.74074
609.9568, 56.68369
610.4389, 54.17809
610.9210, 51.31027
611.4031, 48.26717
611.8853, 45.14655
612.3674, 42.01184
612.8495, 38.88776
613.3316, 35.73419
613.8137, 32.87007
614.2958, 30.39061
614.7780, 28.18651
615.2601, 26.14178
615.7422, 24.24785
616.2243, 22.54239
616.7064, 21.01335
617.1885, 19.69254
617.6707, 18.51811
618.1528, 17.58353
618.6349, 17.11409
619.1170, 17.16830
619.5991, 17.51965
620.0812, 17.89648
620.5634, 18.28520
621.0455, 18.93900
621.5276, 19.83858
622.0097, 21.06165
622.4918, 22.70085
622.9739, 24.61922
623.4561, 26.65475
623.9382, 28.77721
624.4203, 31.12860
624.9023, 33.85995
625.3845, 36.89285
625.8666, 40.02840
626.3487, 43.27394
626.8308, 46.59526
627.3129, 50.15648
627.7950, 53.63010
628.2772, 56.38089
628.7593, 58.35883
629.2414, 60.04625
629.7235, 61.86322
630.2056, 63.10451
630.6877, 63.46877
631.1699, 62.84424
631.6520, 61.00211
632.1341, 57.84500
632.6162, 53.74739
633.0983, 49.23758
633.5804, 44.19171
634.0626, 39.26439
634.5447, 34.40681
635.0268, 29.80846
635.5089, 25.31027
635.9910, 21.15851
636.4731, 17.79471
636.9553, 15.41812
637.4374, 13.51555
637.9195, 11.68454
638.4016, 10.10298
638.8837, 9.114487
639.3658, 8.763565
639.8480, 8.843216
640.3301, 9.239151
640.8122, 9.905029
641.2943, 10.72734
641.7764, 11.53665
642.2585, 12.77878
642.7407, 14.42986
643.2228, 16.50775
643.7049, 19.03488
644.1870, 22.00864
644.6691, 25.42888
645.1512, 29.27734
645.6334, 33.58855
646.1155, 38.32593
646.5976, 43.51640
647.0797, 49.57964
647.5618, 56.59427
648.0439, 64.36678
648.5261, 72.92204
649.0082, 82.15343
649.4903, 91.45541
649.9724, 100.6669
650.4545, 110.0551
650.9366, 119.7393
651.4188, 129.6178
651.9009, 139.3660
652.3830, 149.0519
652.8651, 159.1219
653.3472, 169.8566
653.8293, 181.3183
654.3115, 193.7990
654.7936, 207.0392
655.2757, 221.8578
655.7578, 238.5755
656.2399, 256.8377
656.7220, 276.3608
657.2042, 297.3507
657.6863, 320.2447
658.1684, 345.3651
658.6505, 372.3383
659.1326, 400.9342
659.6147, 431.0445
660.0969, 462.9331
660.5790, 496.5955
661.0611, 531.4384
661.5432, 567.4211
662.0253, 604.3599
662.5074, 639.4996
662.9896, 675.8937
663.4717, 706.2515
663.9538, 732.4968
664.4359, 750.6734
664.9180, 758.2768
665.4001, 754.9639
665.8823, 740.9245
666.3644, 715.3451
666.8465, 680.4763
667.3286, 638.2767
667.8107, 588.9410
668.2928, 538.9055
668.7750, 489.0121
669.2571, 440.6395
669.7392, 394.9868
670.2213, 352.3005
670.7034, 314.6873
671.1855, 283.8922
671.6677, 256.0781
672.1498, 230.4789
672.6319, 207.3191
673.1140, 187.0291
673.5961, 169.4879
674.0782, 153.8274
674.5604, 139.3908
675.0425, 126.1622
675.5246, 114.0655
676.0067, 103.2091
676.4888, 93.00127
676.9709, 82.97826
677.4531, 73.94839
677.9352, 66.80215
678.4173, 61.14629
678.8994, 55.64555
679.3815, 49.90608
679.8636, 44.36630
680.3458, 38.92328
680.8279, 33.98917
681.3100, 30.46550
681.7921, 28.36162
682.2742, 26.40410
682.7563, 23.50368
683.2385, 19.94487
683.7206, 17.14732
684.2027, 15.48924
684.6848, 13.77617
685.1669, 11.52419
685.6490, 9.480667
686.1312, 8.167191
686.6133, 7.434631
687.0954, 6.768585
687.5775, 5.934952
688.0596, 5.192688
688.5417, 4.951065
689.0239, 4.951447
689.5060, 4.548553
689.9881, 3.629684
690.4702, 2.578903
690.9523, 1.664276
691.4344, 0.8849030
691.9166, 0.2065280
692.3987, 0.4901730
692.8808, 0.8754430
693.3629, 0.6621250
693.8450, 0.4006500
694.3271, 0.4201510
694.8093, 0.6698000
695.2914, 0.9521940
695.7735, 1.186111
696.2556, 1.408707
696.7377, 1.742218
697.2198, 2.106262
697.7020, 2.196869
698.1841, 1.958252
698.6662, 1.567383
699.1483, 1.092682
699.6304, 0.5958400
700.1125, 0.3182980
700.5947, 0.4866490
701.0768, 0.5329440
701.5589, 0.3937840
702.0410, 0.1836090
702.5231, 5.5633999E-02
703.0052, 0.3067470
703.4874, 0.5453950
703.9695, 0.7567900
704.4516, 0.9900510
704.9337, 1.342010
705.4158, 1.776154
705.8979, 2.132095
706.3801, 2.402817
706.8622, 2.514893
707.3442, 2.330490
707.8264, 2.028458
708.3085, 2.074005
708.7906, 2.564255
709.2727, 3.130981
709.7548, 3.931686
710.2369, 4.629211
710.7191, 4.990036
711.2012, 5.113892
711.6833, 5.194916
712.1654, 5.305511
712.6475, 5.375809
713.1296, 5.287994
713.6118, 5.077179
714.0939, 4.907288
714.5760, 4.765213
715.0581, 4.819977
715.5402, 5.308121
716.0223, 5.872681
716.5045, 5.813522
716.9866, 4.986572
717.4687, 4.510345
717.9508, 4.647247
718.4329, 4.978271
718.9150, 5.498230
719.3972, 5.974823
719.8793, 6.030853
720.3614, 5.629913
720.8435, 5.169952
721.3256, 4.999939
721.8077, 5.099197
722.2899, 5.425095
722.7720, 6.005295
723.2541, 6.318420
723.7362, 6.144470
724.2183, 5.776276
724.7004, 5.499619
725.1826, 5.315903
725.6647, 5.238617
726.1468, 5.324738
726.6289, 5.400925
727.1110, 5.322968
727.5931, 5.286774
728.0753, 5.569473
728.5574, 6.117905
729.0395, 6.597763
729.5216, 6.781174
730.0037, 6.806961
730.4858, 6.980225
730.9680, 7.298325
731.4501, 7.411652
731.9322, 7.133286
732.4143, 7.040344
732.8964, 7.676483
733.3785, 8.812424
733.8607, 9.481659
734.3428, 9.327301
734.8249, 9.340607
735.3070, 9.768402
735.7891, 10.38715
736.2712, 11.07703
736.7534, 11.81282
737.2355, 12.59973
737.7176, 13.41383
738.1997, 14.20288
738.6818, 14.95250
739.1639, 15.68195
739.6461, 16.44017
740.1282, 17.20285
740.6103, 18.15312
741.0924, 19.41823
741.5745, 20.89029
742.0566, 22.32614
742.5388, 23.61551
743.0209, 25.24251
743.5030, 27.38204
743.9851, 29.72604
744.4672, 32.27702
744.9493, 34.88171
745.4315, 37.31892
745.9136, 39.49826
746.3957, 41.55628
746.8778, 43.53932
747.3599, 45.53227
747.8420, 47.93433
748.3242, 50.77049
748.8063, 53.16608
749.2884, 54.83545
749.7705, 55.96255
750.2526, 56.76762
750.7347, 57.24872
751.2169, 57.12692
751.6990, 56.04314
752.1811, 54.89177
752.6632, 53.78412
753.1453, 52.71173
753.6274, 51.68114
754.1096, 50.69186
754.5917, 49.69666
755.0738, 48.60240
755.5559, 47.64627
756.0380, 47.47540
756.5201, 47.78740
757.0023, 47.19174
757.4844, 45.43208
757.9665, 43.23691
758.4486, 41.11530
758.9307, 38.93153
759.4128, 36.20700
759.8950, 32.60989
760.3771, 29.04495
760.8592, 25.28722
761.3413, 21.79973
761.8234, 18.80685
762.3055, 16.23787
762.7877, 13.95114
763.2698, 11.91611
763.7519, 10.12875
764.2340, 8.609238
764.7161, 7.323616
765.1982, 6.278282
765.6804, 5.432686
766.1625, 4.620995
766.6446, 3.774330
767.1267, 2.922249
767.6088, 2.064445
768.0909, 1.176872
768.5731, 0.7859650
769.0552, 1.315376
769.5373, 1.649048
770.0194, 1.380615
770.5015, 0.9610370
770.9836, 0.7146610
771.4658, 0.6381070
771.9479, 0.5924530
772.4300, 0.5261690
772.9121, 0.4810560
773.3942, 0.5697710
773.8763, 0.6628340
774.3585, 0.4999470
774.8406, 9.3964003E-02
775.3227, 0.2894900
775.8048, 0.4845120
776.2869, 0.5094380
776.7690, 0.3483730
777.2512, 6.0653999E-02
777.7333, 0.2327350
778.2154, 7.2159000E-02
778.6975, 0.2129670
779.1796, 0.6690060
779.6617, 1.110207
780.1439, 1.171410
780.6260, 0.7430650
781.1081, 0.4385300
781.5902, 0.4592670
782.0723, 0.5940930
782.5544, 0.8118130
783.0366, 1.012405
783.5187, 0.9878160
784.0008, 0.7199330
784.4829, 0.5058140
784.9650, 0.6985470
785.4471, 1.104858
785.9293, 1.072449
786.4114, 0.5935360
786.8935, 0.2641450
787.3756, 0.2670140
787.8577, 0.3448560
788.3398, 0.2232210
788.8220, 4.7462001E-02
789.3040, 3.6217000E-02
789.7861, 0.7370530
790.2682, 1.087761
790.7504, 0.5859990
791.2325, 4.7989000E-02
791.7146, 0.3338320
792.1967, 0.3898700
792.6788, 0.6264800
793.1609, 1.237335
793.6431, 1.626022
794.1252, 0.9469760
794.6073, 0.1775890
795.0894, 0.5208440
795.5715, 0.1133420
796.0536, 0.3932040
796.5358, 0.7464070
797.0179, 0.9043430
797.5000, 0.7647320
797.9821, 0.3041530
798.4642, 7.3608004E-02
798.9464, 0.1655880
799.4285, 0.3142470
799.9106, 0.4882200
800.3927, 0.6682660
800.8748, 0.9384000
801.3569, 1.227676
801.8391, 1.191505
802.3212, 0.4339070
802.8033, 0.2164460
803.2854, 0.2920230
803.7675, 4.2975999E-02
804.2496, 0.2899400
804.7318, 0.6596530
805.2139, 1.114830
805.6960, 1.691963
806.1781, 2.190369
806.6602, 2.176392
807.1423, 1.705208
807.6245, 1.611702
808.1066, 2.035255
808.5887, 2.247986
809.0708, 1.753876
809.5529, 1.122238
810.0350, 1.278549
810.5172, 2.399025
810.9993, 3.160919
811.4814, 3.593536
811.9635, 3.634827
812.4456, 2.869026
812.9277, 1.987579
813.4099, 1.642731
813.8920, 1.828804
814.3741, 2.163094
814.8562, 2.489853
815.3383, 2.816948
815.8204, 3.168060
816.3026, 3.518105
816.7847, 3.787743
817.2668, 3.981125
817.7489, 4.248611
818.2310, 4.698700
818.7131, 5.131447
819.1953, 5.088341
819.6774, 4.434395
820.1595, 4.169525
820.6416, 4.447899
821.1237, 4.824699
821.6058, 5.299889
822.0880, 5.672173
822.5701, 5.637337
823.0522, 5.211823
823.5343, 4.929268
824.0164, 4.886269
824.4985, 5.015724
824.9807, 5.485077
825.4628, 5.982536
825.9449, 6.067947
826.4270, 5.820152
826.9091, 5.702209
827.3912, 5.977180
827.8734, 6.457649
828.3555, 6.984993
828.8376, 7.502937
829.3197, 7.681183
829.8018, 7.488113
830.2839, 7.466713
830.7661, 7.926994
831.2482, 8.578461
831.7303, 8.920670
832.2124, 8.875656
832.6945, 9.043427
833.1766, 9.616959
833.6588, 10.11843
834.1409, 10.44543
834.6230, 10.68327
835.1051, 10.90970
835.5872, 11.10323
836.0693, 11.20059
836.5515, 11.02602
837.0336, 10.97211
837.5157, 11.25161
837.9978, 11.80051
838.4799, 12.66897
838.9620, 13.73624
839.4442, 14.71563
839.9263, 15.47321
840.4084, 16.03748
840.8905, 16.37756
841.3726, 16.55571
841.8547, 16.83904
842.3369, 17.22211
842.8190, 17.77296
843.3011, 18.55748
843.7832, 19.39598
844.2653, 20.07066
844.7474, 20.57853
845.2296, 21.07539
845.7117, 21.31621
846.1938, 21.91416
846.6759, 23.34302
847.1580, 24.73668
847.6401, 25.48006
848.1223, 25.76778
848.6044, 26.06628
849.0865, 26.45581
849.5686, 26.98433
850.0507, 27.49818
850.5328, 28.31641
851.0150, 30.17930
851.4971, 32.53941
851.9792, 34.13203
852.4613, 34.55466
852.9434, 34.36861
853.4255, 34.01807
853.9077, 33.61612
854.3898, 33.61594
854.8719, 34.01215
855.3540, 34.02299
855.8361, 33.36758
856.3182, 32.85305
856.8004, 33.19656
857.2825, 34.07187
857.7646, 34.42747
858.2467, 34.08852
858.7288, 33.60202
859.2109, 32.88504
859.6931, 32.11885
860.1752, 31.34903
860.6573, 30.54030
861.1394, 29.65167
861.6215, 28.70586
862.1036, 27.86438
862.5858, 27.45573
863.0679, 26.87334
863.5500, 25.48399
864.0321, 23.80273
864.5142, 22.47809
864.9963, 21.57220
865.4785, 20.98048
865.9606, 20.68742
866.4427, 20.47621
866.9248, 19.93968
867.4069, 19.15257
867.8890, 18.63812
868.3712, 18.44696
868.8533, 17.98528
869.3354, 16.90002
869.8175, 15.77802
870.2996, 15.49977
870.7817, 16.08818
871.2639, 16.11543
871.7459, 15.07207
872.2280, 14.36858
872.7101, 14.32855
873.1923, 14.54367
873.6744, 15.00669
874.1565, 15.54688
874.6386, 15.72379
875.1207, 15.34805
875.6028, 14.97412
876.0850, 14.56914
876.5671, 14.43121
877.0492, 14.99047
877.5313, 15.88873
878.0134, 16.53409
878.4955, 16.78840
878.9777, 16.90430
879.4598, 17.01434
879.9419, 17.19259
880.4240, 17.57227
880.9061, 18.11193
881.3882, 18.70238
881.8704, 19.31608
882.3525, 19.95993
882.8346, 20.65154
883.3167, 21.35091
883.7988, 21.98177
884.2809, 22.49797
884.7631, 23.37054
885.2452, 24.89266
885.7273, 26.03090
886.2094, 26.17184
886.6915, 26.04520
887.1736, 26.35050
887.6558, 27.09553
888.1379, 28.37091
888.6200, 30.87445
889.1021, 32.92606
889.5842, 34.02274
890.0663, 34.79306
890.5485, 35.48070
891.0306, 36.22299
891.5127, 37.20355
891.9948, 38.48575
892.4769, 39.85966
892.9590, 41.19083
893.4412, 42.55145
893.9233, 44.09294
894.4054, 45.69885
894.8875, 47.11942
895.3696, 48.29546
895.8517, 49.36603
896.3339, 50.49638
896.8160, 51.33740
897.2981, 51.24165
897.7802, 50.21413
898.2623, 48.07173
898.7444, 44.69897
899.2266, 41.50714
899.7087, 39.22569
900.1908, 37.21953
900.6729, 34.44086
901.1550, 30.81538
901.6371, 28.07967
902.1193, 26.48035
902.6014, 25.29631
903.0835, 24.45216
903.5656, 23.93753
904.0477, 23.75104
904.5298, 23.88075
905.0120, 24.32620
905.4941, 25.16542
905.9762, 26.09601
906.4583, 26.94081
906.9404, 27.96477
907.4225, 29.57109
907.9047, 31.31488
908.3868, 32.51768
908.8689, 33.14034
909.3510, 33.83615
909.8331, 35.21646
910.3152, 36.45604
910.7974, 36.86798
911.2795, 36.47751
911.7616, 35.13283
912.2437, 32.98619
912.7258, 30.65111
913.2079, 28.41835
913.6901, 26.09502
914.1722, 23.28616
914.6543, 20.14415
915.1364, 17.46030
915.6185, 15.23697
916.1006, 13.38284
916.5828, 11.93253
917.0649, 10.48869
917.5470, 8.630753
918.0291, 6.583405
918.5112, 5.177170
918.9933, 4.628448
919.4755, 4.164795
919.9576, 3.963776
920.4397, 3.587769
920.9218, 2.615845
921.4039, 1.542862
921.8860, 0.9663390
922.3682, 0.8700260
922.8503, 0.6653140
923.3324, 0.1378330
923.8145, 0.3298650
924.2966, 0.6094060
924.7787, 0.8109130
925.2609, 1.049133
925.7430, 1.272278
926.2251, 1.316452
926.7072, 1.126740
927.1893, 1.008957
927.6714, 1.102554
928.1536, 1.419846
928.6357, 2.225800
929.1178, 3.175964
929.5999, 3.546158
930.0820, 3.301224
930.5641, 2.995346
931.0463, 2.969498
931.5284, 3.127594
932.0105, 3.407043
932.4926, 3.745712
932.9747, 3.871704
933.4568, 3.778687
933.9390, 3.615952
934.4211, 3.439911
934.9032, 3.206314
935.3853, 2.836655
935.8674, 2.386093
936.3495, 2.216156
936.8317, 2.414734
937.3138, 2.521103
937.7959, 2.530746
938.2780, 2.325577
938.7601, 1.737991
939.2422, 0.9734650
939.7244, 0.4446720
940.2065, 0.2618560
940.6886, 0.3295590
941.1707, 1.923508
941.6528, 3.102432
942.1349, 3.180771
942.6171, 3.133179
943.0992, 3.686813
943.5813, 4.692108
944.0634, 5.646683
944.5455, 6.401123
945.0276, 7.310745
945.5098, 8.478119
945.9919, 9.873810
946.4740, 11.65762
946.9561, 13.54219
947.4382, 15.05400
947.9203, 16.22301
948.4025, 17.61760
948.8846, 19.66061
949.3667, 21.72220
949.8488, 23.19353
950.3309, 24.31163
950.8130, 25.57913
951.2952, 26.84969
951.7773, 27.44518
952.2594, 27.18910
952.7415, 26.86696
953.2236, 27.42432
953.7057, 28.21034
954.1878, 27.40536
954.6699, 25.27251
955.1520, 23.37767
955.6342, 21.94054
956.1163, 21.34912
956.5984, 21.81668
957.0805, 23.20763
957.5626, 25.44328
958.0447, 28.51764
958.5269, 30.90390
959.0090, 32.23680
959.4911, 34.48235
959.9732, 38.04044
960.4553, 42.68863
960.9374, 48.58318
961.4196, 55.20726
961.9017, 61.09401
962.3838, 66.00462
962.8659, 70.88339
963.3480, 75.16467
963.8301, 80.16975
964.3123, 86.21111
964.7944, 93.10263
965.2765, 100.5696
965.7586, 108.7527
966.2407, 118.2589
966.7228, 129.4051
967.2050, 141.4283
967.6871, 153.5477
968.1692, 167.1940
968.6513, 183.0493
969.1334, 200.9662
969.6155, 220.4611
970.0977, 241.5826
970.5798, 264.9495
971.0619, 291.2454
971.5440, 319.0674
972.0261, 349.4560
972.5082, 379.4381
972.9904, 408.4044
973.4725, 433.4891
973.9546, 450.8054
974.4367, 458.6620
974.9188, 454.0259
975.4009, 432.1880
975.8831, 399.0037
976.3652, 358.0521
976.8473, 313.1697
977.3294, 271.0473
977.8115, 232.8843
978.2936, 199.6662
978.7758, 171.6441
979.2579, 148.8161
979.7400, 131.8152
980.2221, 119.6920
980.7042, 109.9287
981.1863, 102.4913
981.6685, 97.25244
982.1506, 94.21918
982.6327, 92.94931
983.1148, 93.21109
983.5969, 94.84125
984.0790, 97.45502
984.5612, 101.0531
985.0433, 106.5336
985.5254, 113.9852
986.0075, 122.7441
986.4896, 132.6714
986.9717, 143.7686
987.4539, 156.2614
987.9360, 169.8417
988.4181, 183.4671
988.9002, 197.0468
989.3823, 210.7190
989.8644, 224.6370
990.3466, 238.3413
990.8287, 251.7048
991.3108, 264.9102
991.7929, 277.7770
992.2750, 290.5663
992.7571, 304.6740
993.2393, 318.8958
993.7214, 336.5432
994.2035, 357.3295
994.6856, 382.0348
995.1677, 410.4058
995.6498, 443.1439
996.1320, 480.6336
996.6141, 523.1571
997.0962, 571.2821
997.5783, 623.5286
998.0604, 683.6989
998.5425, 751.4654
999.0247, 828.5217
999.5068, 916.0839
999.9889, 1012.948
1000.471, 1122.208
1000.953, 1241.371
1001.435, 1350.028
1001.917, 1455.010
1002.399, 1523.698
1002.882, 1543.940
1003.364, 1515.134
1003.846, 1423.767
1004.328, 1286.985
1004.810, 1126.099
1005.292, 950.6396
1005.774, 784.3288
1006.256, 636.9255
1006.739, 510.4052
1007.221, 409.7138
1007.703, 329.4962
1008.185, 265.0286
1008.667, 214.0244
1009.149, 174.1628
1009.631, 144.3405
1010.113, 120.7142
1010.595, 101.0558
1011.078, 84.68921
1011.560, 70.99576
1012.042, 59.75403
1012.524, 50.67673
1013.006, 43.52686
1013.488, 37.68318
1013.970, 32.81761
1014.452, 28.63126
1014.935, 24.75446
1015.417, 21.36583
1015.899, 18.94327
1016.381, 17.37958
1016.863, 16.29645
1017.345, 15.61182
1017.827, 15.09514
1018.309, 14.61926
1018.791, 14.40822
1019.274, 14.70816
1019.756, 15.55766
1020.238, 17.32202
1020.720, 19.95941
1021.202, 22.40193
1021.684, 24.43279
1022.166, 27.04585
1022.648, 30.88257
1023.130, 35.28128
1023.613, 39.15752
1024.095, 42.57440
1024.577, 46.42567
1025.059, 50.67584
1025.541, 55.53241
1026.023, 61.07132
1026.505, 67.10606
1026.987, 73.46030
1027.469, 80.38406
1027.952, 88.21353
1028.434, 96.98633
1028.916, 107.2321
1029.398, 119.3235
1029.880, 131.6465
1030.362, 143.7091
1030.844, 156.5509
1031.326, 171.1777
1031.809, 186.7332
1032.291, 201.7621
1032.773, 216.4615
1033.255, 229.0283
1033.737, 240.6588
1034.219, 247.6495
1034.701, 249.9674
1035.183, 246.4045
1035.666, 234.8570
1036.148, 217.6460
1036.630, 199.1364
1037.112, 178.7997
1037.594, 160.1783
1038.076, 142.7552
1038.558, 128.0783
1039.040, 116.9526
1039.522, 108.1410
1040.005, 101.1422
1040.487, 95.83040
1040.969, 92.01109
1041.451, 89.72858
1041.933, 88.62909
1042.415, 88.92422
1042.897, 90.08949
1043.379, 92.16147
1043.861, 94.94427
1044.344, 97.92813
1044.826, 101.6574
1045.308, 107.2637
1045.790, 114.9518
1046.272, 123.4068
1046.754, 132.1469
1047.236, 142.0979
1047.718, 153.8002
1048.201, 166.4379
1048.683, 180.0576
1049.165, 194.0013
1049.647, 207.8076
1050.129, 221.5418
1050.611, 232.6059
1051.093, 242.5048
1051.575, 246.8584
1052.057, 244.1568
1052.540, 235.6463
1053.022, 220.5257
1053.504, 200.9533
1053.986, 179.9380
1054.468, 157.7880
1054.950, 136.4555
1055.432, 115.3422
1055.914, 96.61685
1056.396, 81.51651
1056.879, 68.58371
1057.361, 56.89398
1057.843, 46.61870
1058.325, 38.30638
1058.807, 32.00986
1059.289, 26.46808
1059.771, 21.37741
1060.253, 16.82457
1060.736, 12.75807
1061.218, 9.310104
1061.700, 6.720612
1062.182, 4.727905
1062.664, 2.956146
1063.146, 1.335495
1063.628, 9.0255998E-02
1064.110, 1.312332
1064.593, 2.323013
1065.075, 3.071609
1065.557, 3.670532
1066.039, 4.277542
1066.521, 4.764572
1067.003, 4.894150
1067.485, 4.665573
1067.967, 4.327896
1068.449, 3.910187
1068.932, 3.469971
1069.414, 2.921478
1069.896, 2.441818
1070.378, 2.358917
1070.860, 2.324692
1071.342, 1.855301
1071.824, 0.9098660
1072.306, 0.2844850
1072.788, 1.761810
1073.271, 3.097839
1073.753, 3.802750
1074.235, 4.619995
1074.717, 6.166931
1075.199, 8.118546
1075.681, 10.09155
1076.163, 12.02695
1076.645, 13.93806
1077.127, 15.76659
1077.610, 17.71718
1078.092, 19.95621
1078.574, 22.29228
1079.056, 24.47734
1079.538, 26.78165
1080.020, 29.61534
1080.502, 32.90440
1080.984, 36.19803
1081.467, 39.26576
1081.949, 42.71332
1082.431, 46.89662
1082.913, 51.48898
1083.395, 56.18279
1083.877, 61.24951
1084.359, 67.60654
1084.841, 74.48898
1085.323, 80.11443
1085.806, 84.04114
1086.288, 86.30081
1086.770, 86.45135
1087.252, 85.50427
1087.734, 83.41061
1088.216, 80.95303
1088.698, 78.95102
1089.180, 77.12035
1089.662, 74.73151
1090.145, 71.61172
1090.627, 68.39336
1091.109, 65.33044
1091.591, 62.16284
1092.073, 58.84746
1092.555, 55.31285
1093.037, 51.31331
1093.519, 47.18105
1094.002, 43.48560
1094.484, 40.29005
1094.966, 37.11237
1095.448, 33.64934
1095.930, 30.43034
1096.412, 27.54686
1096.894, 25.05510
1097.376, 23.13593
1097.859, 21.51183
1098.341, 19.73438
1098.823, 17.85042
1099.305, 16.39835
1099.787, 15.62042
1100.269, 15.03156
1100.751, 14.55385
1101.233, 14.18549
1101.715, 14.08282
1102.198, 13.96411
1102.680, 13.35586
1103.162, 12.46063
1103.644, 12.10699
1104.126, 12.56798
1104.608, 13.07216
1105.090, 13.57042
1105.572, 13.97983
1106.054, 14.15379
1106.537, 14.33884
1107.019, 14.78111
1107.501, 15.38104
1107.983, 15.95506
1108.465, 16.57890
1108.947, 16.66919
1109.429, 15.84695
1109.911, 14.95700
1110.394, 13.91708
1110.876, 13.12422
1111.358, 13.13721
1111.840, 13.39392
1112.322, 12.90594
1112.804, 11.62109
1113.286, 10.50211
1113.768, 9.652786
1114.250, 8.797623
1114.733, 7.770248
1115.215, 6.946793
1115.697, 6.676559
1116.179, 6.514389
1116.661, 5.944839
1117.143, 5.012573
1117.625, 4.033539
1118.107, 2.891861
1118.589, 1.990204
1119.072, 1.343597
1119.554, 0.9371340
1120.036, 0.8863530
1120.518, 0.8739470
1121.000, 0.6162260
1121.482, 0.1914830
1121.964, 0.1862950
1122.446, 0.5322570
1122.929, 0.7689060
1123.411, 0.8531800
1123.893, 0.9976960
1124.375, 1.313950
1124.857, 1.440155
1125.339, 1.045578
1125.821, 0.5231930
1126.303, 0.5949250
1126.786, 1.217422
1127.268, 1.562607
1127.750, 1.588989
1128.232, 1.762863
1128.714, 2.170288
1129.196, 2.548615
1129.678, 2.811676
1130.160, 2.729828
1130.642, 1.960434
1131.125, 0.7883000
1131.607, 0.2855530
1132.089, 0.4074550
1132.571, 0.3466640
1133.053, 6.2683001E-02
1133.535, 6.5842003E-02
1134.017, 7.6263003E-02
1134.499, 0.1152950
1134.981, 0.2482910
1135.464, 0.8590550
1135.946, 1.454102
1136.428, 2.040634
1136.910, 2.749786
1137.392, 3.498535
1137.874, 3.736740
1138.356, 3.468719
1138.838, 3.551819
1139.321, 4.428955
1139.803, 5.344208
1140.285, 5.343597
1140.767, 4.922287
1141.249, 4.867035
1141.731, 5.155060
1142.213, 5.996506
1142.695, 7.125946
1143.177, 7.467819
1143.660, 6.841782
1144.142, 6.756485
1144.624, 8.508728
1145.106, 10.67926
1145.588, 12.02670
1146.070, 12.74049
1146.552, 12.73692
1147.034, 12.43776
1147.516, 12.46317
1147.999, 12.93727
1148.481, 13.82666
1148.963, 15.19231
1149.445, 16.49915
1149.927, 17.40825
1150.409, 18.14929
1150.891, 18.59489
1151.373, 19.20372
1151.856, 20.51247
1152.338, 22.36179
1152.820, 24.35307
1153.302, 26.39841
1153.784, 28.37627
1154.266, 30.24377
1154.748, 32.05278
1155.230, 33.53941
1155.713, 35.27385
1156.195, 37.91507
1156.677, 40.82887
1157.159, 43.19620
1157.641, 45.04103
1158.123, 46.83870
1158.605, 48.32281
1159.087, 50.46675
1159.569, 53.82687
1160.052, 57.17493
1160.534, 60.22488
1161.016, 63.13991
1161.498, 65.89117
1161.980, 68.66391
1162.462, 71.88445
1162.944, 75.59996
1163.426, 79.29742
1163.908, 83.05551
1164.391, 86.54440
1164.873, 89.67026
1165.355, 92.71298
1165.837, 96.02512
1166.319, 98.76753
1166.801, 99.95065
1167.283, 99.75179
1167.765, 99.05434
1168.247, 97.90298
1168.730, 94.69510
1169.212, 89.33115
1169.694, 83.43517
1170.176, 77.45657
1170.658, 71.52640
1171.140, 65.69597
1171.622, 60.26382
1172.104, 55.87752
1172.587, 52.20621
1173.069, 47.91943
1173.551, 43.30974
1174.033, 39.52142
1174.515, 36.62531
1174.997, 34.14456
1175.479, 31.86850
1175.961, 29.76970
1176.443, 27.84055
1176.926, 25.92967
1177.408, 23.64255
1177.890, 21.46347
1178.372, 20.27771
1178.854, 19.64349
1179.336, 18.59195
1179.818, 17.08461
1180.300, 15.78867
1180.782, 15.00450
1181.265, 14.28148
1181.747, 13.30830
1182.229, 12.33783
1182.711, 11.56898
1183.193, 10.91562
1183.675, 10.29517
1184.157, 9.658081
1184.639, 8.892731
1185.122, 8.029617
1185.604, 7.484619
1186.086, 7.711746
1186.568, 7.625366
1187.050, 6.707642
1187.532, 5.863876
1188.014, 5.489609
1188.496, 5.436295
1188.979, 5.684509
1189.461, 6.053207
1189.943, 6.076920
1190.425, 5.710800
1190.907, 5.389709
1191.389, 5.255142
1191.871, 4.630188
1192.353, 3.124786
1192.835, 2.063705
1193.318, 2.200317
1193.800, 2.799210
1194.282, 2.986908
1194.764, 2.876175
1195.246, 2.931473
1195.728, 3.128098
1196.210, 3.041412
1196.692, 2.682114
1197.174, 2.570633
1197.657, 2.827759
1198.139, 3.298019
1198.621, 3.880646
1199.103, 4.705307
1199.585, 6.549850
1200.067, 8.283554
1200.549, 7.068420
1201.031, 4.203217
1201.514, 2.330811
1201.996, 1.577179
1202.478, 1.407288
1202.960, 1.569534
1203.442, 1.650482
1203.924, 1.365433
1204.406, 1.065857
1204.888, 1.003708
1205.370, 1.054688
1205.853, 1.098495
1206.335, 1.210968
1206.817, 1.684937
1207.299, 2.272797
1207.781, 2.231735
1208.263, 1.366257
1208.745, 0.7886200
1209.227, 1.050323
1209.709, 1.195084
1210.192, 0.8631740
1210.674, 0.5565950
1211.156, 0.5679470
1211.638, 0.6807710
1212.120, 0.6213680
1212.602, 0.4937440
1213.084, 0.7641140
1213.566, 1.576340
1214.049, 1.884949
1214.531, 1.594284
1215.013, 1.270905
1215.495, 0.9997860
1215.977, 0.7779540
1216.459, 0.5749510
1216.941, 0.6427610
1217.423, 1.352890
1217.906, 2.351456
1218.388, 2.394989
1218.870, 1.686523
1219.352, 1.149811
1219.834, 0.8553770
1220.316, 0.9338990
1220.798, 1.336212
1221.280, 1.554779
1221.762, 1.308655
1222.245, 0.9872130
1222.727, 0.9224240
1223.209, 1.050842
1223.691, 1.440063
1224.173, 1.868713
1224.655, 2.117706
1225.137, 2.136124
1225.619, 1.764069
1226.101, 1.080017
1226.584, 0.6155400
1227.066, 0.6124110
1227.548, 0.7050780
1228.030, 0.9837650
1228.512, 1.058136
1228.994, 0.5709990
1229.476, 9.2160003E-03
1229.958, 0.3383180
1230.441, 0.4472810
1230.923, 0.2802890
1231.405, 0.1598210
1231.887, 0.6991270
1232.369, 1.582565
1232.851, 1.739624
1233.333, 0.8480530
1233.815, 0.2419430
1234.297, 0.3564450
1234.780, 0.7110750
1235.262, 0.9913020
1235.744, 1.173630
1236.226, 1.229111
1236.708, 1.144104
1237.190, 0.7042080
1237.672, 7.4767999E-02
1238.154, 2.5405999E-02
1238.636, 0.5420840
1239.119, 1.399765
1239.601, 2.416580
1240.083, 2.911255
1240.565, 2.358093
1241.047, 1.633774
1241.529, 1.728638
1242.011, 1.921753
1242.493, 1.376907
1242.975, 0.6107330
1243.458, 0.1059420
1243.940, 1.6630000E-03
1244.422, 0.5328830
1244.904, 1.666672
1245.386, 2.327866
1245.868, 1.940475
1246.350, 1.628113
1246.832, 1.273682
1247.315, 1.447311
1247.797, 3.101913
1248.279, 4.360535
1248.761, 3.622803
1249.243, 1.902206
1249.725, 0.8603820
1250.207, 0.4683990
1250.689, 0.4698030
1251.172, 0.9738310
1251.654, 1.119797
1252.136, 0.8031310
1252.618, 0.6665190
1253.100, 0.8975220
1253.582, 1.114243
1254.064, 1.086060
1254.546, 0.9538570
1255.028, 0.8298190
1255.510, 0.7380980
1255.993, 0.8160860
1256.475, 1.005890
1256.957, 1.210953
1257.439, 1.293671
1257.921, 1.103592
1258.403, 0.6656340
1258.885, 0.3293300
1259.367, 0.2154080
1259.850, 0.3170470
1260.332, 0.7978520
1260.814, 1.219894
1261.296, 1.441208
1261.778, 1.481476
1262.260, 1.138336
1262.742, 0.6768950
1263.224, 0.5282590
1263.707, 0.6569980
1264.189, 0.8228450
1264.671, 1.173309
1265.153, 1.216614
1265.635, 0.8036800
1266.117, 0.7294460
1266.599, 1.223633
1267.081, 1.685654
1267.563, 1.763123
1268.046, 1.784256
1268.528, 2.193359
1269.010, 2.597626
1269.492, 1.782867
1269.974, 0.3287810
1270.456, 0.4020230
1270.938, 0.4292300
1271.420, 0.1844020
1271.902, 1.154526
1272.385, 1.750748
1272.867, 1.684235
1273.349, 1.302780
1273.831, 0.3865970
1274.313, 0.1976780
1274.795, 0.1305240
1275.277, 0.7608340
1275.759, 1.536301
1276.242, 2.199066
1276.724, 2.434875
1277.206, 2.331085
1277.688, 1.829102
1278.170, 1.720016
1278.652, 1.455826
1279.134, 0.8787080
1279.616, 0.5173650
1280.099, 1.028885
1280.581, 1.272812
1281.063, 0.9310460
1281.545, 0.4999850
1282.027, 0.3561250
1282.509, 0.3386990
1282.991, 0.1820980
1283.473, 2.4110000E-03
1283.955, 0.0000000E+00
##END=



