##NAMES=Rruffite
##RRUFFID=R070431
##IDEAL CHEMISTRY=Ca_2_Cu^2+^(As^5+^O_4_)_2_&#183;2H_2_O
##LOCALITY=Maria Catalina mine, Pampa Larga Mining District, Tierra Amarilla, Copiapo Province, Chile
##OWNER=RRUFF
##SOURCE=Bob Jenkins
##DESCRIPTION=Pale blue blocky crystals associated with green conichalcite, R070430, and pale blue granular barahonite-(Al). This is the type sample.
##STATUS=The identification of this mineral is confirmed by single-crystal X-ray diffraction and chemical analysis.
##URL=rruff.info/R070431
##MEASURED CHEMISTRY=Ca_2.00_Cu_1.00_(As_1.00_O_4_)_2_ · 2H_2_O ; trace amounts of Fe, S, Al, Mg; H2O estimated by difference
143.5859, 0.0000000E+00
144.0681, 0.1334880
144.5502, 0.6585430
145.0323, 2.625229
145.5144, 3.010826
145.9965, 0.7336240
146.4786, 0.7878070
146.9608, 0.8872570
147.4429, 0.7148090
147.9250, 2.399010
148.4071, 3.469193
148.8892, 4.835564
149.3713, 7.812656
149.8535, 14.23030
150.3356, 20.47890
150.8177, 25.52361
151.2998, 28.63863
151.7819, 32.06304
152.2640, 35.30488
152.7462, 38.90978
153.2283, 43.77756
153.7104, 50.99113
154.1925, 58.63184
154.6746, 65.99303
155.1567, 72.62809
155.6389, 79.45930
156.1210, 86.64310
156.6031, 94.12852
157.0852, 101.8736
157.5673, 110.3544
158.0495, 118.7112
158.5316, 126.6023
159.0137, 133.7181
159.4958, 140.6162
159.9779, 147.0287
160.4600, 153.2744
160.9422, 160.3948
161.4243, 169.7585
161.9064, 179.5283
162.3885, 188.4205
162.8706, 195.7992
163.3527, 202.7869
163.8349, 210.1136
164.3170, 217.6040
164.7991, 224.4233
165.2812, 230.4890
165.7633, 235.5720
166.2454, 239.4850
166.7276, 242.7799
167.2097, 244.3242
167.6918, 242.7213
168.1739, 238.2987
168.6560, 233.7072
169.1381, 230.4192
169.6203, 227.7491
170.1024, 222.9277
170.5845, 216.0581
171.0666, 209.9045
171.5487, 205.9603
172.0309, 204.1141
172.5130, 203.1835
172.9951, 203.3544
173.4772, 203.7534
173.9593, 203.0021
174.4414, 200.6759
174.9236, 196.9341
175.4057, 191.8822
175.8878, 185.4986
176.3699, 178.1511
176.8520, 170.2132
177.3341, 161.5065
177.8163, 151.5781
178.2984, 139.6853
178.7805, 126.7467
179.2626, 113.5121
179.7447, 100.0613
180.2268, 87.87857
180.7090, 78.87211
181.1911, 72.54482
181.6732, 67.55843
182.1553, 64.30450
182.6374, 61.84184
183.1195, 57.94220
183.6017, 52.26584
184.0838, 46.55867
184.5659, 43.01982
185.0480, 41.28860
185.5301, 39.38643
186.0123, 36.01448
186.4944, 31.69980
186.9765, 28.20607
187.4586, 25.60349
187.9407, 23.63083
188.4228, 22.13603
188.9050, 21.07298
189.3871, 19.89803
189.8692, 18.20829
190.3513, 16.13912
190.8334, 14.30143
191.3155, 12.70966
191.7977, 11.41321
192.2798, 10.62685
192.7619, 10.34907
193.2440, 10.04842
193.7261, 9.160385
194.2082, 7.804771
194.6904, 7.498520
195.1725, 8.552826
195.6546, 10.22057
196.1367, 11.01582
196.6188, 10.88246
197.1009, 10.72846
197.5831, 11.12471
198.0652, 12.07197
198.5473, 12.66833
199.0294, 12.67869
199.5115, 12.57391
199.9937, 13.35957
200.4758, 15.09167
200.9579, 17.22309
201.4400, 19.39302
201.9221, 21.90112
202.4042, 23.79352
202.8864, 24.72858
203.3685, 25.27634
203.8506, 26.93803
204.3327, 29.90886
204.8148, 33.02092
205.2969, 35.76754
205.7791, 38.18452
206.2612, 40.23265
206.7433, 41.78418
207.2254, 42.96019
207.7075, 44.24446
208.1896, 45.81807
208.6718, 46.86496
209.1539, 46.84326
209.6360, 45.56410
210.1181, 44.56512
210.6002, 44.05971
211.0823, 43.61249
211.5645, 42.23641
212.0466, 39.84469
212.5287, 37.03036
213.0108, 33.85994
213.4929, 29.98470
213.9750, 26.91486
214.4572, 25.13101
214.9393, 24.02193
215.4214, 21.53330
215.9035, 16.91859
216.3856, 12.57523
216.8678, 9.975220
217.3499, 9.643974
217.8320, 9.228394
218.3141, 8.694878
218.7962, 7.986542
219.2783, 6.786522
219.7605, 4.640602
220.2426, 2.837624
220.7247, 2.174210
221.2068, 3.100906
221.6889, 3.863449
222.1710, 4.305466
222.6532, 4.554527
223.1353, 5.077263
223.6174, 6.269722
224.0995, 7.090569
224.5816, 6.817551
225.0637, 4.582932
225.5459, 3.536667
226.0280, 4.252312
226.5101, 6.111137
226.9922, 7.172501
227.4743, 7.082680
227.9564, 6.772507
228.4386, 6.681969
228.9207, 6.894127
229.4028, 7.110641
229.8849, 7.271492
230.3670, 7.444641
230.8492, 7.866417
231.3313, 8.713821
231.8134, 9.532951
232.2955, 10.06037
232.7776, 9.923080
233.2597, 10.35921
233.7419, 11.54128
234.2240, 13.26015
234.7061, 14.91766
235.1882, 16.35052
235.6703, 17.96624
236.1524, 20.01723
236.6346, 22.83659
237.1167, 25.28976
237.5988, 27.18204
238.0809, 28.78560
238.5630, 30.78127
239.0451, 33.30469
239.5273, 35.99190
240.0094, 38.65536
240.4915, 41.11639
240.9736, 43.99055
241.4557, 47.07117
241.9378, 50.66262
242.4200, 55.45888
242.9021, 62.05165
243.3842, 69.02460
243.8663, 76.09367
244.3484, 83.83521
244.8306, 89.89861
245.3127, 93.71696
245.7948, 96.11200
246.2769, 98.62515
246.7590, 101.7687
247.2411, 104.1238
247.7233, 105.1763
248.2054, 104.7653
248.6875, 103.6817
249.1696, 102.0668
249.6517, 99.70887
250.1338, 96.29243
250.6160, 91.87494
251.0981, 86.24781
251.5802, 79.02063
252.0623, 69.59279
252.5444, 61.50093
253.0265, 55.25203
253.5087, 49.97936
253.9908, 44.53513
254.4729, 38.53119
254.9550, 33.07249
255.4371, 28.53268
255.9192, 25.05278
256.4014, 21.61971
256.8835, 18.03098
257.3656, 14.68951
257.8477, 12.05261
258.3298, 10.39946
258.8120, 8.809441
259.2941, 7.014519
259.7762, 4.981087
260.2583, 3.157722
260.7404, 1.452393
261.2225, 4.5837000E-02
261.7047, 0.7830510
262.1868, 0.6711650
262.6689, 0.9738460
263.1510, 2.182503
263.6331, 4.248924
264.1152, 5.691628
264.5974, 6.405212
265.0795, 6.642807
265.5616, 6.511963
266.0437, 5.798180
266.5258, 5.462936
267.0079, 5.931328
267.4901, 7.025429
267.9722, 6.960609
268.4543, 5.231262
268.9364, 3.344292
269.4185, 2.676941
269.9006, 3.602249
270.3828, 4.118362
270.8649, 3.904716
271.3470, 3.056572
271.8291, 2.002060
272.3112, 0.7150040
272.7933, 0.7416460
273.2755, 2.357925
273.7576, 4.168228
274.2397, 5.895058
274.7218, 7.487411
275.2039, 8.967743
275.6860, 10.21203
276.1682, 11.01799
276.6503, 12.39561
277.1324, 15.34988
277.6145, 20.02766
278.0966, 23.87199
278.5787, 26.42908
279.0609, 28.35021
279.5430, 31.08669
280.0251, 34.69489
280.5072, 38.72401
280.9893, 43.04291
281.4715, 47.61672
281.9536, 52.11034
282.4357, 56.34476
282.9178, 60.81689
283.3999, 66.43986
283.8820, 73.24772
284.3642, 80.56110
284.8463, 88.22260
285.3284, 96.22458
285.8105, 104.0021
286.2926, 111.5008
286.7747, 119.0529
287.2569, 126.7552
287.7390, 134.6439
288.2211, 143.8175
288.7032, 155.3856
289.1853, 168.6993
289.6674, 181.2974
290.1496, 193.3038
290.6317, 204.2377
291.1138, 213.4980
291.5959, 221.1961
292.0780, 227.8687
292.5602, 234.3557
293.0423, 239.7802
293.5244, 241.6839
294.0065, 239.9942
294.4886, 236.1462
294.9707, 230.8299
295.4529, 224.2632
295.9350, 217.3134
296.4171, 209.9579
296.8992, 202.4788
297.3813, 195.4693
297.8634, 188.9343
298.3456, 182.5643
298.8277, 176.3915
299.3098, 170.2606
299.7919, 163.8963
300.2740, 157.3745
300.7561, 150.4355
301.2383, 142.6947
301.7204, 134.2412
302.2025, 125.9911
302.6846, 118.6898
303.1667, 111.8501
303.6488, 104.4651
304.1310, 96.26402
304.6131, 88.09988
305.0952, 80.87875
305.5773, 74.45324
306.0594, 68.45161
306.5415, 62.36508
307.0237, 56.71265
307.5058, 52.12129
307.9879, 48.79343
308.4700, 45.73208
308.9521, 41.73740
309.4343, 37.51700
309.9164, 34.21850
310.3985, 32.96468
310.8806, 32.39613
311.3627, 31.18796
311.8448, 29.28624
312.3270, 28.11784
312.8091, 29.03371
313.2912, 31.00697
313.7733, 32.79558
314.2554, 33.55241
314.7375, 34.44518
315.2197, 36.14764
315.7018, 38.60326
316.1839, 41.18236
316.6660, 43.65140
317.1481, 46.11388
317.6302, 48.58215
318.1124, 50.36017
318.5945, 53.02570
319.0766, 57.69515
319.5587, 63.79050
320.0408, 69.45956
320.5229, 73.20540
321.0051, 76.90843
321.4872, 81.67265
321.9693, 88.22878
322.4514, 94.83556
322.9335, 100.4719
323.4156, 106.0135
323.8978, 113.1406
324.3799, 123.2422
324.8620, 133.9257
325.3441, 144.1977
325.8262, 153.4200
326.3083, 164.0866
326.7905, 176.6377
327.2726, 190.6365
327.7547, 205.3552
328.2368, 221.4558
328.7189, 237.7703
329.2010, 254.1297
329.6832, 270.3658
330.1653, 287.0629
330.6474, 304.8480
331.1295, 322.5904
331.6116, 339.6927
332.0938, 356.9972
332.5759, 372.3331
333.0580, 385.4758
333.5401, 396.5008
334.0222, 405.1090
334.5043, 411.5922
334.9865, 415.2283
335.4686, 415.6439
335.9507, 412.6557
336.4328, 406.9893
336.9149, 397.9977
337.3970, 386.3850
337.8792, 374.5034
338.3613, 361.9705
338.8434, 350.0671
339.3255, 339.1669
339.8076, 329.2032
340.2898, 320.2347
340.7719, 312.4387
341.2540, 305.1923
341.7361, 297.5988
342.2182, 289.8333
342.7003, 281.0949
343.1825, 271.1402
343.6646, 259.9969
344.1467, 248.3501
344.6288, 236.0092
345.1109, 223.6149
345.5930, 211.7045
346.0752, 200.3402
346.5573, 188.6258
347.0394, 176.0825
347.5215, 163.1929
348.0036, 150.3933
348.4857, 137.7586
348.9679, 126.0539
349.4500, 115.9754
349.9321, 107.1792
350.4142, 98.74600
350.8963, 90.52598
351.3784, 82.53023
351.8606, 74.56068
352.3427, 66.86473
352.8248, 60.18999
353.3069, 55.73297
353.7890, 52.34409
354.2711, 48.20380
354.7533, 43.07503
355.2354, 38.26015
355.7175, 35.09160
356.1996, 33.02708
356.6817, 31.12104
357.1638, 29.14293
357.6460, 27.05383
358.1281, 24.63184
358.6102, 21.93494
359.0923, 19.53407
359.5744, 18.00250
360.0565, 16.83965
360.5387, 15.55749
361.0208, 13.91076
361.5029, 12.25304
361.9850, 10.73962
362.4671, 9.345222
362.9492, 8.013321
363.4314, 6.546638
363.9135, 5.266472
364.3956, 4.368111
364.8777, 3.971573
365.3598, 3.729034
365.8419, 3.906731
366.3241, 4.121735
366.8062, 3.795761
367.2883, 1.900314
367.7704, 0.3698730
368.2526, 8.9354999E-02
368.7347, 0.7967910
369.2168, 1.224091
369.6989, 0.6693880
370.1810, 4.7890000E-02
370.6631, 0.2410430
371.1453, 0.5968250
371.6274, 1.200714
372.1095, 1.331818
372.5916, 1.076424
373.0737, 1.006218
373.5558, 1.171608
374.0380, 1.444901
374.5201, 1.703911
375.0022, 1.801552
375.4843, 2.392014
375.9664, 3.621216
376.4485, 5.243233
376.9307, 6.917412
377.4128, 8.733002
377.8949, 10.14851
378.3770, 10.70130
378.8591, 10.46035
379.3412, 11.03264
379.8234, 12.60143
380.3055, 14.32278
380.7876, 15.19896
381.2697, 15.27567
381.7518, 15.24150
382.2339, 15.33322
382.7161, 15.39104
383.1982, 15.00630
383.6803, 14.19144
384.1624, 13.17499
384.6445, 11.95108
385.1266, 10.66620
385.6088, 9.839600
386.0909, 9.756287
386.5730, 9.501526
387.0551, 7.616608
387.5372, 4.633507
388.0193, 2.038528
388.5015, 0.6358340
388.9836, 2.7275000E-02
389.4657, 9.0019003E-02
389.9478, 0.8459550
390.4299, 1.260345
390.9120, 0.1943050
391.3942, 1.490181
391.8763, 2.711060
392.3584, 2.564842
392.8405, 2.374725
393.3226, 3.131042
393.8047, 4.543678
394.2869, 5.284805
394.7690, 3.985909
395.2511, 2.434746
395.7332, 1.812355
396.2154, 2.873940
396.6975, 3.668015
397.1796, 3.723854
397.6617, 3.269508
398.1438, 2.702644
398.6259, 2.176376
399.1081, 1.444550
399.5902, 0.2435990
400.0723, 1.595062
400.5544, 2.710396
401.0365, 2.509590
401.5186, 2.023354
402.0008, 2.103088
402.4829, 3.030090
402.9650, 4.008141
403.4471, 5.087685
403.9292, 6.153709
404.4113, 6.632980
404.8935, 6.288147
405.3756, 5.910095
405.8577, 5.871628
406.3398, 6.182159
406.8219, 6.815994
407.3040, 7.868347
407.7862, 9.068481
408.2683, 9.982391
408.7504, 10.59840
409.2325, 11.36839
409.7146, 12.47720
410.1967, 13.84560
410.6789, 15.33952
411.1610, 16.96765
411.6431, 18.54477
412.1252, 19.79778
412.6073, 20.85644
413.0894, 22.03763
413.5716, 23.29984
414.0537, 24.87596
414.5358, 27.34138
415.0179, 30.41320
415.5000, 33.25340
415.9821, 35.40103
416.4643, 37.04941
416.9464, 38.12442
417.4285, 38.55460
417.9106, 39.40273
418.3927, 41.47812
418.8748, 44.32121
419.3570, 47.34872
419.8391, 50.80977
420.3212, 54.01421
420.8033, 56.84380
421.2854, 59.23931
421.7675, 60.99925
422.2497, 61.22356
422.7318, 61.42731
423.2139, 62.53190
423.6960, 65.36182
424.1781, 67.50968
424.6602, 68.36173
425.1424, 68.47448
425.6245, 68.64486
426.1066, 69.32294
426.5887, 69.52711
427.0709, 68.81122
427.5530, 67.16414
428.0351, 66.08406
428.5172, 66.39137
428.9993, 66.19992
429.4814, 63.65405
429.9636, 57.71326
430.4457, 53.53652
430.9278, 52.03209
431.4099, 52.03561
431.8920, 50.90508
432.3741, 48.45312
432.8563, 46.23651
433.3384, 45.15241
433.8205, 44.99037
434.3026, 44.21316
434.7847, 42.72661
435.2668, 41.34126
435.7490, 40.99656
436.2311, 41.46593
436.7132, 41.93546
437.1953, 42.08712
437.6774, 42.29039
438.1595, 43.12433
438.6417, 44.48180
439.1238, 45.91826
439.6059, 46.83533
440.0880, 47.86446
440.5701, 49.78177
441.0522, 52.77390
441.5344, 55.99467
442.0165, 58.84259
442.4986, 61.63457
442.9807, 64.74548
443.4628, 68.54681
443.9449, 72.44741
444.4271, 76.18294
444.9092, 79.79918
445.3913, 83.60876
445.8734, 87.42755
446.3555, 91.56440
446.8376, 96.29748
447.3198, 102.6433
447.8019, 107.6776
448.2840, 111.0057
448.7661, 113.0733
449.2482, 114.3960
449.7303, 114.9790
450.2125, 114.9627
450.6946, 114.5024
451.1767, 113.4832
451.6588, 111.0435
452.1409, 107.0453
452.6230, 102.1695
453.1052, 96.57500
453.5873, 90.05460
454.0694, 84.10542
454.5515, 78.96858
455.0337, 74.31113
455.5158, 69.65191
455.9979, 64.97649
456.4800, 60.57158
456.9621, 56.54404
457.4442, 52.87663
457.9264, 49.13582
458.4085, 45.32629
458.8906, 42.33876
459.3727, 41.59991
459.8548, 42.02502
460.3369, 41.88000
460.8191, 40.64868
461.3012, 39.10720
461.7833, 37.53809
462.2654, 36.14187
462.7475, 35.33226
463.2296, 35.35593
463.7118, 35.95607
464.1939, 37.26628
464.6760, 39.30883
465.1581, 40.91104
465.6402, 41.25215
466.1223, 41.28912
466.6045, 41.68768
467.0866, 42.34114
467.5687, 43.60854
468.0508, 46.03523
468.5329, 49.00495
469.0150, 51.22115
469.4972, 52.20564
469.9793, 53.13740
470.4614, 54.27251
470.9435, 55.53442
471.4256, 57.51758
471.9077, 60.56695
472.3899, 63.74599
472.8720, 66.20359
473.3541, 67.92541
473.8362, 69.43679
474.3183, 70.66160
474.8004, 71.90020
475.2826, 74.13478
475.7647, 77.29703
476.2468, 80.07677
476.7289, 81.35733
477.2110, 81.81222
477.6931, 83.11177
478.1753, 85.30407
478.6574, 87.61526
479.1395, 89.23030
479.6216, 90.45570
480.1037, 91.86269
480.5858, 93.81582
481.0680, 95.78036
481.5501, 97.63264
482.0322, 99.09921
482.5143, 99.69501
482.9964, 98.09900
483.4786, 96.78641
483.9607, 97.24564
484.4428, 99.64160
484.9249, 101.1104
485.4070, 100.5399
485.8892, 99.31590
486.3713, 98.40351
486.8534, 98.53024
487.3355, 97.98133
487.8176, 96.69642
488.2997, 94.72797
488.7819, 92.00389
489.2640, 87.91512
489.7461, 84.43031
490.2282, 82.66280
490.7103, 82.41212
491.1924, 79.94183
491.6746, 74.72851
492.1567, 68.92548
492.6388, 64.41414
493.1209, 61.08317
493.6030, 58.37122
494.0851, 56.26890
494.5673, 54.33761
495.0494, 52.09219
495.5315, 49.52444
496.0136, 46.68082
496.4957, 43.11386
496.9778, 39.53265
497.4600, 36.71594
497.9421, 34.62199
498.4242, 32.65034
498.9063, 30.21890
499.3884, 27.85503
499.8705, 26.06825
500.3527, 25.28144
500.8348, 24.30658
501.3169, 22.51537
501.7990, 20.37045
502.2811, 18.50449
502.7632, 17.15373
503.2454, 15.97759
503.7275, 14.92874
504.2096, 14.00546
504.6917, 13.12899
505.1738, 12.34819
505.6559, 11.58493
506.1381, 10.79688
506.6202, 9.957054
507.1023, 9.125229
507.5844, 8.310066
508.0665, 7.510750
508.5486, 6.666771
509.0308, 5.765717
509.5129, 5.147499
509.9950, 4.995293
510.4771, 5.075638
510.9592, 4.801567
511.4413, 4.222908
511.9235, 3.782532
512.4056, 4.054695
512.8877, 4.512360
513.3698, 4.176216
513.8519, 2.912674
514.3340, 1.866417
514.8162, 2.308968
515.2983, 3.293800
515.7804, 3.667572
516.2625, 2.668526
516.7446, 1.526421
517.2267, 0.5751110
517.7089, 0.1517790
518.1910, 0.5610500
518.6731, 0.4304730
519.1552, 0.1730120
519.6373, 0.1474000
520.1194, 0.5597150
520.6016, 0.7132570
521.0837, 0.3931880
521.5658, 5.3695999E-02
522.0479, 7.2715998E-02
522.5300, 0.6203460
523.0121, 0.8862300
523.4943, 0.7550430
523.9764, 0.3998410
524.4585, 4.2785998E-02
524.9406, 0.3129960
525.4227, 0.4040530
525.9048, 7.2425999E-02
526.3870, 0.7749330
526.8691, 0.6895980
527.3513, 0.1273880
527.8334, 0.8226090
528.3155, 0.6216200
528.7976, 2.4147000E-02
529.2797, 0.5003510
529.7618, 0.7417140
530.2440, 0.7434230
530.7261, 0.2407460
531.2082, 0.4181140
531.6903, 0.7831190
532.1724, 0.3586500
532.6545, 6.0999999E-04
533.1367, 8.6868003E-02
533.6188, 0.4797970
534.1009, 0.6907650
534.5830, 0.2825320
535.0651, 3.9489999E-02
535.5472, 0.3476100
536.0294, 1.366440
536.5115, 1.739212
536.9936, 1.093979
537.4757, 0.3227160
537.9578, 0.2924040
538.4399, 1.199539
538.9221, 1.504723
539.4042, 0.8341060
539.8863, 0.1217120
540.3684, 0.1370240
540.8505, 1.472519
541.3326, 2.283928
541.8148, 1.666321
542.2969, 0.2845690
542.7790, 0.9502260
543.2611, 1.987900
543.7432, 2.478310
544.2253, 1.697769
544.7075, 0.5078960
545.1896, 0.2353210
545.6717, 0.3959430
546.1538, 0.2106480
546.6359, 0.7697910
547.1180, 1.804176
547.6002, 2.090195
548.0823, 0.3150250
548.5644, 0.9312590
549.0465, 0.8585430
549.5286, 8.9569002E-02
550.0107, 0.5942460
550.4929, 0.2248540
550.9750, 7.9208001E-02
551.4571, 0.6722180
551.9392, 2.011597
552.4213, 2.537994
552.9034, 2.061630
553.3856, 1.375481
553.8677, 1.143753
554.3498, 1.322449
554.8319, 1.350899
555.3140, 1.141289
555.7961, 0.8923650
556.2783, 0.8741380
556.7604, 1.033112
557.2425, 1.219856
557.7246, 1.415123
558.2067, 1.578209
558.6888, 1.515602
559.1710, 1.351761
559.6531, 1.515526
560.1352, 2.663895
560.6173, 3.836372
561.0994, 4.528206
561.5815, 4.706024
562.0637, 4.422356
562.5458, 2.798172
563.0279, 1.306007
563.5100, 1.049782
563.9921, 3.273300
564.4742, 4.515106
564.9564, 4.296089
565.4385, 3.382477
565.9206, 3.046631
566.4027, 3.374779
566.8848, 3.926697
567.3669, 4.801308
567.8491, 5.693169
568.3312, 5.261284
568.8133, 3.569405
569.2954, 2.200592
569.7775, 2.500809
570.2596, 3.745491
570.7418, 4.757996
571.2239, 5.485779
571.7060, 5.722916
572.1881, 4.881226
572.6702, 3.660210
573.1523, 2.839943
573.6345, 2.798027
574.1166, 2.891350
574.5987, 2.762100
575.0808, 2.592896
575.5629, 2.737656
576.0450, 3.924248
576.5272, 4.820900
577.0093, 5.135399
577.4914, 4.919411
577.9735, 4.575859
578.4556, 3.933907
578.9377, 3.606705
579.4199, 4.115753
579.9020, 5.486015
580.3841, 6.098511
580.8662, 5.873711
581.3483, 5.256187
581.8304, 4.492416
582.3126, 3.690872
582.7947, 3.252678
583.2768, 3.324554
583.7589, 3.618088
584.2410, 3.984070
584.7231, 4.307571
585.2053, 4.334587
585.6874, 3.526535
586.1696, 2.781250
586.6517, 2.668236
587.1338, 2.997757
587.6159, 3.131882
588.0980, 2.509598
588.5801, 1.994934
589.0623, 2.025711
589.5444, 2.730766
590.0265, 3.185699
590.5086, 3.260643
590.9907, 3.215103
591.4728, 3.262840
591.9550, 3.448837
592.4371, 3.544922
592.9192, 3.500755
593.4013, 3.449150
593.8834, 3.635223
594.3655, 4.017258
594.8477, 4.177841
595.3298, 3.744629
595.8119, 3.253273
596.2940, 3.780960
596.7761, 4.989769
597.2582, 5.656204
597.7404, 4.356766
598.2225, 2.795807
598.7046, 2.263527
599.1867, 2.858536
599.6688, 3.355309
600.1509, 3.329155
600.6331, 3.140839
601.1152, 2.984436
601.5973, 2.794182
602.0794, 2.817627
602.5615, 3.278389
603.0436, 3.702240
603.5258, 3.499733
604.0079, 2.532127
604.4900, 1.845360
604.9721, 1.572487
605.4542, 1.644341
605.9363, 2.128990
606.4185, 2.891975
606.9006, 3.349930
607.3827, 3.055145
607.8648, 2.409546
608.3469, 1.980583
608.8290, 1.747726
609.3112, 1.632332
609.7933, 1.510231
610.2754, 1.502884
610.7575, 1.774490
611.2396, 2.381042
611.7217, 2.862534
612.2039, 3.224106
612.6860, 3.322197
613.1681, 3.013733
613.6502, 1.803589
614.1323, 1.074539
614.6144, 1.048492
615.0966, 1.332214
615.5787, 1.344040
616.0608, 1.031502
616.5429, 0.7398910
617.0250, 0.4521410
617.5071, 0.3459470
617.9893, 1.195107
618.4714, 2.822304
618.9535, 3.831696
619.4356, 2.758049
619.9177, 1.078445
620.3998, 0.9333650
620.8820, 2.155518
621.3641, 3.068855
621.8462, 2.277069
622.3283, 1.158997
622.8104, 0.7725520
623.2925, 1.434410
623.7747, 2.045937
624.2568, 2.684250
624.7389, 3.015800
625.2210, 2.684158
625.7031, 1.031609
626.1852, 0.2183760
626.6674, 0.6600420
627.1495, 1.635735
627.6316, 1.948517
628.1137, 1.574326
628.5958, 1.200562
629.0779, 1.023964
629.5601, 0.9581070
630.0422, 0.9127880
630.5243, 0.8512340
631.0064, 0.6150590
631.4885, 0.2933960
631.9706, 1.131538
632.4528, 0.9517060
632.9349, 0.1557920
633.4170, 0.9384840
633.8991, 0.3927230
634.3812, 0.2974700
634.8633, 0.3591610
635.3455, 0.5832060
635.8276, 1.199104
636.3097, 1.361542
636.7918, 1.271271
637.2739, 0.9757610
637.7560, 0.2635570
638.2382, 0.3181690
638.7203, 1.489571
639.2024, 2.956841
639.6845, 3.502464
640.1666, 3.190765
640.6487, 2.526978
641.1309, 1.478210
641.6130, 0.4098430
642.0951, 0.1684340
642.5772, 0.3427510
643.0594, 0.3299710
643.5415, 0.4534380
644.0236, 0.2404940
644.5057, 1.013779
644.9879, 3.135551
645.4700, 4.398643
645.9521, 3.669312
646.4342, 2.660614
646.9163, 2.114990
647.3984, 2.098206
647.8806, 2.192169
648.3627, 2.567673
648.8448, 2.741470
649.3269, 2.177254
649.8090, 0.8775330
650.2911, 0.1092220
650.7733, 0.7129140
651.2554, 1.017059
651.7375, 1.056969
652.2196, 0.8794940
652.7017, 0.6069260
653.1838, 0.2890700
653.6660, 0.1353840
654.1481, 0.8427580
654.6302, 1.669319
655.1123, 2.336761
655.5944, 2.827530
656.0765, 3.046471
656.5587, 2.769562
657.0408, 2.147507
657.5229, 1.858467
658.0050, 2.004868
658.4871, 2.317223
658.9692, 2.801796
659.4514, 3.412971
659.9335, 3.571136
660.4156, 3.225723
660.8977, 2.857468
661.3798, 2.919022
661.8619, 3.209839
662.3441, 3.107269
662.8262, 2.564987
663.3083, 2.132240
663.7904, 2.480614
664.2725, 3.065735
664.7546, 3.264107
665.2368, 2.833870
665.7189, 2.328148
666.2010, 1.835922
666.6831, 1.411186
667.1652, 1.118271
667.6473, 0.9482880
668.1295, 0.9212880
668.6116, 1.050140
669.0937, 1.320915
669.5758, 1.800301
670.0579, 2.545601
670.5400, 2.916222
671.0222, 2.559235
671.5043, 1.884384
671.9864, 1.822922
672.4685, 2.262886
672.9506, 2.637955
673.4327, 2.423843
673.9149, 2.139549
674.3970, 2.427734
674.8791, 3.180611
675.3612, 3.563690
675.8433, 2.891655
676.3254, 2.083618
676.8076, 1.566444
677.2897, 1.375916
677.7718, 1.469910
678.2539, 2.053665
678.7360, 2.659859
679.2181, 2.918701
679.7003, 2.775230
680.1824, 2.839447
680.6645, 3.160004
681.1466, 3.575401
681.6287, 3.921844
682.1108, 4.212425
682.5930, 4.448982
683.0751, 4.603523
683.5572, 4.805542
684.0393, 5.310326
684.5214, 5.906479
685.0035, 6.279312
685.4857, 6.215477
685.9678, 6.029671
686.4499, 5.562607
686.9320, 5.058022
687.4141, 5.084831
687.8962, 6.104004
688.3784, 6.749825
688.8605, 6.540436
689.3426, 5.794334
689.8247, 5.789177
690.3068, 6.637924
690.7889, 7.438988
691.2711, 7.572929
691.7532, 7.370071
692.2353, 7.499733
692.7174, 7.959496
693.1995, 8.605774
693.6816, 9.298714
694.1638, 10.14539
694.6459, 11.40378
695.1280, 13.11383
695.6101, 14.34795
696.0922, 14.40237
696.5743, 14.29632
697.0565, 14.57483
697.5386, 15.37463
698.0207, 16.32556
698.5028, 17.47232
698.9849, 18.58904
699.4670, 19.52981
699.9492, 20.27891
700.4313, 20.63056
700.9135, 20.49612
701.3956, 20.59957
701.8777, 21.93569
702.3598, 23.91862
702.8419, 25.51617
703.3240, 26.36983
703.8062, 27.18089
704.2883, 28.42496
704.7704, 29.78184
705.2525, 30.78322
705.7346, 31.08626
706.2167, 31.38323
706.6989, 31.59366
707.1810, 31.92552
707.6631, 32.94212
708.1452, 34.73610
708.6273, 36.10843
709.1094, 36.58797
709.5916, 36.76929
710.0737, 38.26509
710.5558, 40.76534
711.0379, 42.71378
711.5200, 42.77928
712.0021, 42.13542
712.4843, 41.90935
712.9664, 42.04765
713.4485, 42.06627
713.9306, 41.53764
714.4127, 41.03593
714.8948, 40.89441
715.3770, 41.11639
715.8591, 41.39474
716.3412, 41.96641
716.8233, 42.12717
717.3054, 41.25006
717.7875, 39.39085
718.2697, 38.21564
718.7518, 37.75877
719.2339, 37.42181
719.7160, 36.73697
720.1981, 35.81927
720.6802, 34.80884
721.1624, 33.72208
721.6445, 32.64798
722.1266, 31.57381
722.6087, 30.58218
723.0908, 29.73370
723.5729, 28.94229
724.0551, 28.56004
724.5372, 29.03798
725.0193, 29.52512
725.5014, 29.06373
725.9835, 27.46852
726.4656, 26.01944
726.9478, 24.79316
727.4299, 23.85507
727.9120, 23.39298
728.3941, 23.30209
728.8762, 23.33221
729.3583, 23.59185
729.8405, 23.55835
730.3226, 22.52679
730.8047, 20.95860
731.2868, 19.64466
731.7689, 19.10233
732.2510, 18.50085
732.7332, 17.51158
733.2153, 16.37454
733.6974, 15.61418
734.1795, 15.45200
734.6616, 15.03258
735.1437, 14.01596
735.6259, 12.72855
736.1080, 12.07318
736.5901, 11.99173
737.0722, 11.97220
737.5543, 11.85370
738.0364, 11.60335
738.5186, 11.18108
739.0007, 10.59349
739.4828, 9.858353
739.9649, 8.806076
740.4470, 7.778168
740.9291, 6.833054
741.4113, 6.011932
741.8934, 5.621292
742.3755, 5.981186
742.8576, 6.193115
743.3397, 5.833252
743.8218, 4.985260
744.3040, 4.311722
744.7861, 3.819244
745.2682, 3.425964
745.7503, 3.206482
746.2324, 2.994888
746.7145, 2.371445
747.1967, 1.368134
747.6788, 0.6885530
748.1609, 1.294434
748.6430, 1.913620
749.1251, 1.545563
749.6072, 0.2176360
750.0894, 1.249084
750.5715, 1.115417
751.0536, 0.7235260
751.5357, 0.6354980
752.0178, 0.8802950
752.4999, 1.066299
752.9821, 1.202591
753.4642, 1.215271
753.9463, 0.7628330
754.4284, 0.2006680
754.9105, 0.4153900
755.3926, 1.610565
755.8748, 2.636673
756.3569, 2.642090
756.8390, 2.216385
757.3211, 1.838211
757.8032, 1.430954
758.2853, 1.495255
758.7675, 2.552017
759.2496, 3.579010
759.7318, 3.470856
760.2139, 1.998810
760.6960, 1.228745
761.1781, 1.438644
761.6602, 1.972198
762.1423, 2.041031
762.6245, 1.808243
763.1066, 1.665024
763.5887, 1.700836
764.0708, 1.821777
764.5529, 2.229431
765.0350, 2.576279
765.5172, 2.449997
765.9993, 0.9181060
766.4814, 6.9870003E-02
766.9635, 0.2968600
767.4456, 1.031616
767.9277, 1.677963
768.4099, 2.328552
768.8920, 2.153793
769.3741, 0.7503510
769.8562, 0.8418880
770.3383, 0.7515870
770.8204, 0.3847050
771.3026, 0.7718810
771.7847, 0.5653840
772.2668, 2.010056
772.7489, 2.326584
773.2310, 2.073898
773.7131, 2.122726
774.1953, 2.709534
774.6774, 3.607071
775.1595, 5.151352
775.6416, 6.772125
776.1237, 7.192078
776.6058, 6.178970
777.0880, 5.788239
777.5701, 6.616562
778.0522, 8.092072
778.5343, 9.440094
779.0164, 10.64880
779.4985, 11.67013
779.9807, 12.09608
780.4628, 12.78159
780.9449, 14.53224
781.4270, 16.88034
781.9091, 18.89893
782.3912, 19.52769
782.8734, 20.96405
783.3555, 24.01721
783.8376, 27.83379
784.3197, 29.95139
784.8018, 30.18961
785.2839, 31.16016
785.7661, 33.79657
786.2482, 37.40506
786.7303, 41.22380
787.2124, 45.05792
787.6945, 48.45920
788.1766, 50.56342
788.6588, 52.83293
789.1409, 56.13045
789.6230, 60.19968
790.1051, 64.41217
790.5872, 68.56888
791.0693, 73.03835
791.5515, 78.00580
792.0336, 83.25009
792.5157, 87.89999
792.9978, 91.95296
793.4799, 96.08624
793.9620, 100.4191
794.4442, 105.1764
794.9263, 111.1433
795.4084, 117.8994
795.8905, 124.3391
796.3726, 130.2342
796.8547, 135.4052
797.3369, 139.5212
797.8190, 142.8297
798.3011, 146.3252
798.7832, 150.3304
799.2653, 154.0043
799.7474, 157.2529
800.2296, 159.9562
800.7117, 161.9469
801.1938, 163.1789
801.6759, 163.1211
802.1580, 161.1321
802.6401, 158.2031
803.1223, 155.2138
803.6044, 152.1990
804.0865, 149.2972
804.5686, 146.8329
805.0507, 144.1732
805.5328, 141.1278
806.0150, 137.7495
806.4971, 133.8225
806.9792, 128.8837
807.4613, 124.8795
807.9434, 122.6604
808.4255, 121.4608
808.9077, 119.2622
809.3898, 116.2815
809.8719, 113.5659
810.3540, 111.6757
810.8361, 110.1397
811.3182, 108.4517
811.8004, 106.8752
812.2825, 105.9427
812.7646, 105.4429
813.2467, 105.9231
813.7288, 107.6026
814.2109, 110.3357
814.6931, 113.6259
815.1752, 117.5160
815.6573, 121.8234
816.1394, 126.4414
816.6215, 131.4753
817.1037, 136.9261
817.5858, 143.0534
818.0679, 150.5882
818.5500, 160.3070
819.0322, 170.8749
819.5143, 181.0441
819.9964, 191.5687
820.4785, 203.9892
820.9606, 218.6316
821.4427, 234.1736
821.9249, 250.2344
822.4070, 267.3092
822.8891, 285.9514
823.3712, 306.2549
823.8533, 329.1021
824.3354, 355.1875
824.8176, 383.1529
825.2997, 411.1734
825.7818, 439.9323
826.2639, 469.9796
826.7460, 503.6630
827.2281, 536.6251
827.7103, 568.0999
828.1924, 598.5523
828.6745, 628.7303
829.1566, 657.7562
829.6387, 689.1660
830.1208, 723.3435
830.6030, 759.7193
831.0851, 795.2601
831.5672, 831.3145
832.0493, 872.0094
832.5314, 918.1528
833.0135, 968.8278
833.4957, 1024.077
833.9778, 1082.471
834.4599, 1143.314
834.9420, 1206.850
835.4241, 1270.824
835.9063, 1335.265
836.3884, 1400.026
836.8705, 1467.405
837.3526, 1536.972
837.8347, 1592.343
838.3168, 1632.240
838.7990, 1657.069
839.2811, 1669.862
839.7632, 1667.648
840.2453, 1645.504
840.7274, 1600.129
841.2095, 1542.223
841.6917, 1470.555
842.1738, 1390.715
842.6559, 1305.848
843.1380, 1213.466
843.6201, 1124.323
844.1022, 1037.921
844.5844, 956.5134
845.0665, 882.7145
845.5486, 815.2776
846.0307, 751.8047
846.5128, 691.7224
846.9949, 636.9328
847.4771, 589.3854
847.9592, 547.1541
848.4413, 509.1020
848.9234, 475.5251
849.4055, 444.6110
849.8876, 416.4194
850.3698, 390.8218
850.8519, 368.3919
851.3340, 348.9355
851.8161, 330.8538
852.2982, 314.1011
852.7803, 298.7070
853.2625, 285.0410
853.7446, 272.6569
854.2267, 260.6917
854.7088, 249.1347
855.1909, 238.3831
855.6730, 228.7134
856.1552, 219.9901
856.6373, 212.2512
857.1194, 205.3530
857.6015, 198.4003
858.0836, 191.3154
858.5657, 185.1112
859.0479, 180.5384
859.5300, 176.7293
860.0121, 172.3576
860.4942, 167.4089
860.9763, 161.9596
861.4584, 155.1036
861.9406, 148.9373
862.4227, 144.8409
862.9048, 142.3617
863.3869, 139.7812
863.8690, 137.0047
864.3511, 134.0317
864.8333, 130.9371
865.3154, 127.5833
865.7975, 123.2036
866.2796, 118.0120
866.7617, 113.0019
867.2438, 108.4387
867.7260, 104.2904
868.2081, 100.4086
868.6902, 96.92332
869.1723, 93.94611
869.6544, 92.53375
870.1365, 90.06525
870.6187, 85.82697
871.1008, 81.05579
871.5829, 77.56886
872.0650, 75.30077
872.5471, 72.81177
873.0292, 69.83810
873.5114, 66.96727
873.9935, 64.83464
874.4756, 63.10031
874.9577, 61.37279
875.4399, 59.62509
875.9220, 57.63338
876.4041, 54.80374
876.8862, 52.18900
877.3683, 50.59964
877.8505, 50.24989
878.3326, 49.39465
878.8147, 47.97351
879.2968, 46.50063
879.7789, 45.45731
880.2610, 44.66057
880.7432, 43.87262
881.2253, 43.06454
881.7074, 42.03227
882.1895, 40.79008
882.6716, 39.19522
883.1537, 37.05708
883.6359, 34.42677
884.1180, 31.74274
884.6001, 28.83517
885.0822, 26.56982
885.5643, 25.87613
886.0464, 25.81958
886.5286, 23.71092
887.0107, 20.08614
887.4928, 17.13297
887.9749, 17.01277
888.4570, 16.91779
888.9391, 15.14221
889.4213, 12.24603
889.9034, 10.11140
890.3855, 8.977463
890.8676, 8.199173
891.3497, 7.728058
891.8318, 7.452072
892.3140, 7.172333
892.7961, 6.874268
893.2782, 6.490829
893.7603, 6.089752
894.2424, 5.607452
894.7245, 4.544159
895.2067, 3.402695
895.6888, 2.827988
896.1709, 3.586227
896.6530, 3.823959
897.1351, 3.401627
897.6172, 2.685043
898.0994, 1.871323
898.5815, 1.055695
899.0636, 0.9064330
899.5457, 1.511948
900.0278, 2.109650
900.5099, 1.919647
900.9921, 1.548523
901.4742, 1.668442
901.9563, 2.484177
902.4384, 2.747406
902.9205, 1.975372
903.4026, 1.170227
903.8848, 0.8131100
904.3669, 0.8503720
904.8490, 0.9445340
905.3311, 1.089478
905.8132, 0.8365780
906.2953, 0.6429750
906.7775, 2.227951
907.2596, 2.709473
907.7417, 2.339706
908.2238, 2.061356
908.7059, 2.459579
909.1880, 2.529068
909.6702, 1.866928
910.1523, 0.8721160
910.6344, 0.5483250
911.1165, 0.8788450
911.5986, 1.206970
912.0807, 1.338577
912.5629, 1.442062
913.0450, 1.893967
913.5271, 2.377045
914.0092, 2.374649
914.4913, 1.134216
914.9734, 0.5354460
915.4556, 1.350967
915.9377, 2.434998
916.4198, 2.784286
916.9019, 2.368729
917.3840, 1.602798
917.8661, 0.4400790
918.3483, 0.4481050
918.8304, 0.3933260
919.3125, 0.2413480
919.7946, 1.245712
920.2767, 2.592056
920.7589, 3.379044
921.2410, 2.832550
921.7231, 2.180435
922.2052, 1.955063
922.6873, 2.075623
923.1694, 1.753937
923.6516, 0.9777830
924.1337, 0.2803500
924.6158, 6.9595002E-02
925.0979, 0.1936800
925.5800, 0.1887360
926.0621, 8.6075000E-02
926.5443, 3.7078999E-02
927.0264, 0.5316620
927.5085, 0.5264280
927.9906, 0.5223080
928.4727, 1.884460
928.9548, 2.272385
929.4370, 1.652695
929.9191, 0.9668580
930.4012, 0.2850950
930.8833, 4.5929998E-03
931.3654, 0.9386750
931.8475, 2.397766
932.3297, 3.463486
932.8118, 3.892303
933.2939, 4.113876
933.7761, 4.017426
934.2582, 3.947754
934.7403, 4.119141
935.2224, 4.537064
935.7045, 4.862534
936.1866, 5.084915
936.6688, 5.553223
937.1509, 6.587219
937.6330, 7.950455
938.1151, 9.609024
938.5972, 11.43489
939.0793, 12.76817
939.5615, 13.27101
940.0436, 13.41292
940.5257, 13.22681
941.0078, 12.82272
941.4899, 12.60258
941.9720, 12.54416
942.4542, 11.96968
942.9363, 10.47868
943.4184, 8.892059
943.9005, 8.261978
944.3826, 8.037140
944.8647, 7.398407
945.3469, 5.737259
945.8290, 4.452988
946.3111, 3.671051
946.7932, 3.253555
947.2753, 3.225235
947.7574, 3.551758
948.2396, 3.413605
948.7217, 2.778992
949.2038, 2.340546
949.6859, 3.283295
950.1680, 4.184875
950.6501, 3.361954
951.1323, 0.8837430
951.6144, 0.4576420
952.0965, 0.3361510
952.5786, 1.106720
953.0607, 1.073822
953.5428, 0.6565550
954.0250, 1.444122
954.5071, 3.151077
954.9892, 4.024963
955.4713, 2.846420
955.9534, 1.530518
956.4355, 1.680313
956.9177, 2.533493
957.3998, 2.963821
957.8819, 2.332153
958.3640, 2.280655
958.8461, 3.072220
959.3282, 3.991287
959.8104, 4.294647
960.2925, 4.080704
960.7746, 3.483383
961.2567, 2.521561
961.7388, 2.050293
962.2209, 3.262024
962.7031, 4.575058
963.1852, 4.740372
963.6673, 3.801880
964.1494, 3.507706
964.6315, 3.950623
965.1136, 4.502823
965.5958, 5.007309
966.0779, 5.464676
966.5600, 5.965500
967.0421, 6.415634
967.5242, 6.529114
968.0063, 5.892944
968.4885, 5.291656
968.9706, 4.802612
969.4527, 4.610733
969.9348, 5.044357
970.4169, 6.332138
970.8990, 6.978592
971.3812, 6.793259
971.8633, 6.579391
972.3454, 7.406891
972.8275, 8.612564
973.3096, 9.205658
973.7917, 9.077499
974.2739, 8.730743
974.7560, 8.021011
975.2381, 7.577652
975.7202, 7.708450
976.2023, 8.279114
976.6844, 8.901550
977.1666, 9.516617
977.6487, 9.488724
978.1308, 8.181091
978.6129, 6.740982
979.0950, 6.504272
979.5771, 7.005859
980.0593, 7.440430
980.5414, 7.287643
981.0235, 7.562531
981.5056, 8.705429
981.9877, 9.781097
982.4698, 9.646423
982.9520, 8.495819
983.4341, 7.573318
983.9162, 6.959152
984.3983, 6.804382
984.8804, 7.623550
985.3625, 8.595169
985.8447, 9.230179
986.3268, 9.444168
986.8089, 9.329468
987.2910, 8.798492
987.7731, 8.118607
988.2552, 7.193222
988.7374, 6.393372
989.2195, 6.691147
989.7016, 7.749146
990.1837, 8.743866
990.6658, 9.485611
991.1479, 9.966736
991.6301, 10.09598
992.1122, 10.01033
992.5944, 9.829376
993.0765, 9.537460
993.5586, 9.237305
994.0407, 8.945663
994.5228, 8.568924
995.0049, 7.770233
995.4871, 6.942078
995.9692, 6.568970
996.4513, 6.674347
996.9334, 7.207504
997.4155, 8.771210
997.8976, 10.00574
998.3798, 10.66006
998.8619, 10.73453
999.3440, 9.910034
999.8261, 8.331451
1000.308, 7.458710
1000.790, 7.811340
1001.272, 8.499542
1001.755, 9.125763
1002.237, 9.504181
1002.719, 9.304367
1003.201, 8.093826
1003.683, 7.694901
1004.165, 8.426590
1004.647, 9.159470
1005.129, 9.363968
1005.612, 8.975647
1006.094, 7.205872
1006.576, 4.469589
1007.058, 2.670151
1007.540, 3.562622
1008.022, 4.793304
1008.504, 5.518585
1008.986, 5.837723
1009.468, 6.109467
1009.951, 6.524185
1010.433, 6.258179
1010.915, 5.008514
1011.397, 3.769440
1011.879, 4.085358
1012.361, 4.961929
1012.843, 5.054901
1013.325, 4.039398
1013.807, 3.089859
1014.290, 2.249557
1014.772, 1.896057
1015.254, 2.453720
1015.736, 3.521378
1016.218, 3.218903
1016.700, 1.851120
1017.182, 1.074020
1017.664, 2.361221
1018.147, 3.481125
1018.629, 2.378555
1019.111, 0.4507290
1019.593, 2.4780000E-02
1020.075, 1.886398
1020.557, 2.627823
1021.039, 1.800522
1021.521, 0.7271580
1022.003, 0.7996060
1022.486, 1.470490
1022.968, 1.727966
1023.450, 1.547943
1023.932, 1.413513
1024.414, 1.575745
1024.896, 1.752396
1025.378, 1.896820
1025.860, 1.968948
1026.343, 1.745972
1026.825, 1.268280
1027.307, 1.110657
1027.789, 1.529373
1028.271, 1.998016
1028.753, 1.846329
1029.235, 1.589203
1029.717, 1.935226
1030.199, 3.432388
1030.682, 3.748047
1031.164, 2.374298
1031.646, 1.222382
1032.128, 2.013062
1032.610, 3.698074
1033.092, 3.168274
1033.574, 1.041397
1034.056, 0.4070890
1034.539, 0.2212680
1035.021, 1.297913
1035.503, 2.979050
1035.985, 4.361908
1036.467, 3.936081
1036.949, 1.718094
1037.431, 0.8662410
1037.913, 1.862595
1038.396, 2.873505
1038.878, 1.769836
1039.360, 0.2590030
1039.842, 0.1014710
1040.324, 1.443634
1040.806, 2.330765
1041.288, 2.532837
1041.770, 2.598495
1042.252, 2.748489
1042.734, 2.813736
1043.217, 2.243927
1043.699, 1.317154
1044.181, 0.7734530
1044.663, 0.9370120
1045.145, 1.259583
1045.627, 1.865112
1046.109, 2.255524
1046.591, 1.819336
1047.074, 0.4713440
1047.556, 0.7580570
1048.038, 2.691864
1048.520, 4.070190
1049.002, 2.599762
1049.484, 0.6687160
1049.966, 0.6466830
1050.448, 1.826126
1050.931, 2.076630
1051.413, 0.5349880
1051.895, 0.4399570
1052.377, 0.4935610
1052.859, 0.1565860
1053.341, 2.8930999E-02
1053.823, 7.2940001E-03
1054.305, 0.1744380
1054.787, 0.5463710
1055.270, 0.8430330
1055.752, 0.8917080
1056.234, 0.8870240
1056.716, 0.8003080
1057.198, 0.7545470
1057.680, 1.557465
1058.162, 3.097397
1058.644, 3.582855
1059.126, 2.016647
1059.609, 0.3536380
1060.091, 0.6321110
1060.573, 1.626816
1061.055, 1.909393
1061.537, 0.9096370
1062.019, 0.6811680
1062.501, 1.471878
1062.983, 2.215424
1063.466, 2.118088
1063.948, 1.550720
1064.430, 1.126587
1064.912, 0.8170470
1065.394, 0.5487060
1065.876, 0.2883150
1066.358, 4.7974002E-02
1066.840, 0.3248900
1067.323, 0.5082860
1067.805, 1.9455001E-02
1068.287, 1.147568
1068.769, 2.153244
1069.251, 2.975983
1069.733, 3.388077
1070.215, 2.756943
1070.697, 2.077164
1071.179, 2.303238
1071.661, 3.089310
1072.144, 2.683090
1072.626, 0.7946170
1073.108, 0.1976780
1073.590, 0.5153050
1074.072, 1.750320
1074.554, 2.324524
1075.036, 2.358429
1075.518, 1.874023
1076.001, 0.6453860
1076.483, 0.1312870
1076.965, 0.5917510
1077.447, 1.057770
1077.929, 1.091766
1078.411, 0.8946380
1078.893, 1.145050
1079.375, 1.688828
1079.858, 2.030212
1080.340, 1.762665
1080.822, 1.544693
1081.304, 1.732162
1081.786, 1.965302
1082.268, 1.867676
1082.750, 1.366409
1083.232, 1.220673
1083.714, 1.443924
1084.197, 1.780670
1084.679, 2.193985
1085.161, 2.520721
1085.643, 2.784103
1086.125, 2.846863
1086.607, 2.236771
1087.089, 0.5646360
1087.571, 0.3767400
1088.054, 0.2796020
1088.536, 0.4260560
1089.018, 1.827713
1089.500, 3.217850
1089.982, 3.391449
1090.464, 2.154251
1090.946, 1.160904
1091.428, 0.9976500
1091.911, 0.6132660
1092.393, 0.5302120
1092.875, 1.815750
1093.357, 1.421890
1093.839, 0.1095730
1094.321, 1.054565
1094.803, 0.7701870
1095.285, 0.3673400
1095.767, 0.2746280
1096.250, 0.3438420
1096.732, 0.5031430
1097.214, 0.7394260
1097.696, 0.9313050
1098.178, 1.088089
1098.660, 1.207062
1099.142, 1.231461
1099.624, 1.286926
1100.106, 1.500229
1100.589, 1.797714
1101.071, 2.084015
1101.553, 2.431961
1102.035, 2.506653
1102.517, 2.288589
1102.999, 1.895523
1103.481, 1.009048
1103.963, 0.2775880
1104.446, 1.016937
1104.928, 2.780869
1105.410, 3.659958
1105.892, 2.603088
1106.374, 1.618866
1106.856, 0.8144840
1107.338, 0.4551850
1107.820, 1.427185
1108.302, 3.008987
1108.785, 3.250671
1109.267, 1.929474
1109.749, 0.9764100
1110.231, 1.849045
1110.713, 2.550674
1111.195, 2.171417
1111.677, 1.202728
1112.159, 1.146286
1112.641, 1.827988
1113.124, 2.137497
1113.606, 1.749466
1114.088, 1.164505
1114.570, 0.4419560
1115.052, 0.1067660
1115.534, 0.1713410
1116.016, 0.2152250
1116.498, 0.6025240
1116.981, 1.004608
1117.463, 1.017410
1117.945, 0.1138610
1118.427, 0.6690220
1118.909, 0.1970370
1119.391, 0.9974670
1119.873, 2.256088
1120.355, 3.806717
1120.838, 4.407715
1121.320, 3.917557
1121.802, 3.072556
1122.284, 1.988220
1122.766, 1.119263
1123.248, 1.518066
1123.730, 2.688156
1124.212, 3.287186
1124.694, 2.297272
1125.177, 1.612930
1125.659, 1.464676
1126.141, 1.538681
1126.623, 1.455017
1127.105, 1.358109
1127.587, 1.785248
1128.069, 2.665665
1128.551, 3.278641
1129.033, 3.213348
1129.516, 2.906937
1129.998, 2.329773
1130.480, 1.753998
1130.962, 1.750977
1131.444, 2.203201
1131.926, 2.493378
1132.408, 2.543533
1132.890, 2.134674
1133.373, 0.2719730
1133.855, 1.210205
1134.337, 1.010010
1134.819, 0.3288270
1135.301, 0.9459380
1135.783, 0.8582610
1136.265, 0.6144870
1136.747, 0.2364350
1137.229, 0.2485350
1137.712, 2.001373
1138.194, 3.682007
1138.676, 3.075485
1139.158, 0.1879580
1139.640, 0.3593600
1140.122, 1.724442
1140.604, 3.241394
1141.086, 2.623383
1141.569, 1.378784
1142.051, 0.8588560
1142.533, 0.9338840
1143.015, 1.569473
1143.497, 3.171860
1143.979, 3.689423
1144.461, 2.821732
1144.943, 2.043503
1145.426, 2.634537
1145.908, 3.542328
1146.390, 2.673462
1146.872, 0.8329320
1147.354, 0.2793430
1147.836, 0.4098210
1148.318, 1.017975
1148.800, 1.522018
1149.282, 1.874573
1149.765, 2.073975
1150.247, 2.043411
1150.729, 1.363098
1151.211, 0.3663020
1151.693, 4.5990001E-02
1152.175, 1.158356
1152.657, 2.269867
1153.139, 3.269318
1153.621, 3.992981
1154.104, 4.215668
1154.586, 4.003326
1155.068, 3.459030
1155.550, 2.627090
1156.032, 1.916214
1156.514, 1.345688
1156.996, 1.188766
1157.478, 1.780411
1157.961, 2.591644
1158.443, 2.725296
1158.925, 2.351883
1159.407, 2.045517
1159.889, 1.879959
1160.371, 1.953705
1160.853, 2.352966
1161.335, 3.009125
1161.818, 4.192657
1162.300, 5.483566
1162.782, 5.625107
1163.264, 4.548874
1163.746, 3.169266
1164.228, 1.602448
1164.710, 0.3936770
1165.192, 9.7049996E-03
1165.674, 8.0231003E-02
1166.156, 0.5263520
1166.639, 1.255066
1167.121, 2.039322
1167.603, 2.870605
1168.085, 3.201431
1168.567, 2.689011
1169.049, 2.132355
1169.531, 2.294739
1170.013, 2.700150
1170.496, 2.832031
1170.978, 2.663071
1171.460, 2.814743
1171.942, 3.308121
1172.424, 3.696655
1172.906, 3.742249
1173.388, 3.645676
1173.870, 3.699127
1174.353, 3.688889
1174.835, 3.239395
1175.317, 2.162521
1175.799, 1.741592
1176.281, 2.013504
1176.763, 2.342834
1177.245, 2.337097
1177.727, 2.141266
1178.209, 1.855957
1178.692, 1.538483
1179.174, 1.250076
1179.656, 0.7549740
1180.138, 1.131317
1180.620, 2.612686
1181.102, 3.766525
1181.584, 3.131042
1182.066, 1.901337
1182.548, 1.398285
1183.031, 1.529877
1183.513, 2.123688
1183.995, 3.665329
1184.477, 4.418777
1184.959, 4.235580
1185.441, 3.589493
1185.923, 2.556793
1186.405, 1.548264
1186.888, 1.153091
1187.370, 1.291870
1187.852, 1.673279
1188.334, 2.550110
1188.816, 2.972626
1189.298, 2.773804
1189.780, 2.371567
1190.262, 2.199600
1190.745, 2.097000
1191.227, 1.576675
1191.709, 0.7323910
1192.191, 0.7267760
1192.673, 2.676819
1193.155, 3.699142
1193.637, 3.204315
1194.119, 2.270294
1194.601, 2.178406
1195.084, 2.514252
1195.566, 2.598251
1196.048, 2.407150
1196.530, 2.361420
1197.012, 2.662155
1197.494, 2.824432
1197.976, 2.790497
1198.458, 2.685440
1198.941, 2.794220
1199.423, 2.954391
1199.905, 2.860046
1200.387, 2.486832
1200.869, 2.101685
1201.351, 1.698364
1201.833, 1.398773
1202.315, 1.229294
1202.797, 1.191315
1203.280, 1.367081
1203.762, 1.643738
1204.244, 1.852921
1204.726, 1.970139
1205.208, 1.900864
1205.690, 1.530838
1206.172, 1.327087
1206.654, 1.474380
1207.136, 1.785904
1207.619, 1.886734
1208.101, 1.933350
1208.583, 2.373901
1209.065, 3.433823
1209.547, 3.524200
1210.029, 1.835495
1210.511, 0.5460970
1210.993, 0.5437320
1211.476, 1.169907
1211.958, 1.212814
1212.440, 1.001236
1212.922, 1.284775
1213.404, 2.498138
1213.886, 2.493225
1214.368, 0.3533170
1214.850, 1.238373
1215.333, 1.043671
1215.815, 0.1465000
1216.297, 1.406952
1216.779, 2.440842
1217.261, 2.540024
1217.743, 1.103333
1218.225, 0.7595520
1218.707, 2.382385
1219.189, 3.193146
1219.672, 1.237244
1220.154, 1.439835
1220.636, 0.5126800
1221.118, 2.254272
1221.600, 3.659546
1222.082, 2.386841
1222.564, 1.437820
1223.046, 0.9241940
1223.528, 0.8201900
1224.011, 1.204590
1224.493, 1.866821
1224.975, 2.735809
1225.457, 3.525146
1225.939, 3.718231
1226.421, 2.937958
1226.903, 2.129044
1227.385, 1.149719
1227.868, 0.7112430
1228.350, 1.593628
1228.832, 2.813782
1229.314, 2.659546
1229.796, 1.833969
1230.278, 1.547668
1230.760, 2.245255
1231.242, 2.997345
1231.724, 3.946426
1232.207, 4.310776
1232.689, 3.261017
1233.171, 1.896637
1233.653, 1.726410
1234.135, 2.203186
1234.617, 2.412903
1235.099, 2.218719
1235.581, 1.794754
1236.063, 1.099548
1236.546, 0.4968720
1237.028, 0.1856230
1237.510, 0.1177060
1237.992, 0.2632750
1238.474, 0.6125790
1238.956, 1.219284
1239.438, 2.271652
1239.920, 2.680969
1240.403, 2.394806
1240.885, 2.067764
1241.367, 2.298096
1241.849, 2.469315
1242.331, 1.471939
1242.813, 0.3582610
1243.295, 0.9359890
1243.777, 3.866547
1244.260, 4.513474
1244.742, 2.885803
1245.224, 1.483780
1245.706, 2.251709
1246.188, 3.367325
1246.670, 3.817581
1247.152, 3.735672
1247.634, 3.334305
1248.116, 2.586563
1248.599, 1.661087
1249.081, 0.6235660
1249.563, 0.3525090
1250.045, 2.303864
1250.527, 4.088089
1251.009, 4.332474
1251.491, 3.818878
1251.973, 3.182144
1252.455, 2.444016
1252.938, 2.214462
1253.420, 2.452713
1253.902, 2.790787
1254.384, 3.261749
1254.866, 3.489059
1255.348, 3.154388
1255.830, 2.710342
1256.313, 2.552750
1256.795, 2.642166
1257.277, 2.778214
1257.759, 2.936462
1258.241, 3.002274
1258.723, 2.929520
1259.205, 2.557114
1259.687, 2.155197
1260.169, 1.779221
1260.651, 1.632935
1261.134, 1.669357
1261.616, 1.603622
1262.098, 1.662766
1262.580, 1.917908
1263.062, 2.700104
1263.544, 3.075043
1264.026, 2.782944
1264.508, 2.509537
1264.991, 3.018829
1265.473, 3.835907
1265.955, 4.064545
1266.437, 3.836060
1266.919, 3.512268
1267.401, 3.136963
1267.883, 2.781479
1268.365, 2.486435
1268.848, 2.064346
1269.330, 0.8895570
1269.812, 0.1121980
1270.294, 0.7286070
1270.776, 2.560562
1271.258, 3.399734
1271.740, 2.632141
1272.222, 2.455185
1272.704, 2.963470
1273.187, 3.421494
1273.669, 3.226242
1274.151, 2.846649
1274.633, 2.535660
1275.115, 2.391968
1275.597, 2.662430
1276.079, 3.522171
1276.561, 3.265274
1277.043, 1.936142
1277.526, 1.077728
1278.008, 2.449799
1278.490, 3.641449
1278.972, 2.516113
1279.454, 3.739243
1279.936, 1.503143
1280.418, 3.812469
1280.900, 4.258499
1281.383, 3.141052
1281.865, 2.393356
1282.347, 3.633484
1282.829, 4.441879
1283.311, 3.655075
1283.793, 2.575882
1284.275, 2.208603
1284.757, 2.348694
1285.240, 2.128311
1285.722, 1.662949
1286.204, 1.338455
1286.686, 1.490005
1287.168, 1.431671
1287.650, 1.019974
1288.132, 0.5257870
1288.614, 0.1290440
1289.096, 0.5390630
1289.578, 0.5013730
1290.061, 2.342606
1290.543, 3.681610
1291.025, 4.237518
1291.507, 3.864258
1291.989, 2.264145
1292.471, 1.129227
1292.953, 1.678879
1293.435, 2.870529
1293.918, 3.947983
1294.400, 4.617371
1294.882, 4.256683
1295.364, 2.729980
1295.846, 1.671753
1296.328, 0.9255520
1296.810, 0.8342900
1297.292, 1.114517
1297.775, 1.500961
1298.257, 2.079666
1298.739, 2.448639
1299.221, 2.194427
1299.703, 1.417969
1300.185, 0.7542720
1300.667, 0.2165990
1301.149, 1.8219000E-02
1301.631, 0.1180730
1302.114, 0.1009670
1302.596, 0.0000000E+00
##END=



