##NAMES=Schrockingerite
##RRUFFID=R050565
##IDEAL CHEMISTRY=NaCa_3_(UO_2_)(SO_4_)(CO_3_)_3_F&#183;10H_2_O
##LOCALITY=Lost Creek, Sweetwater County, Wyoming, USA
##OWNER=RRUFF
##SOURCE=Dave Bunk Minerals
##DESCRIPTION=Scaly aggregate of pale green micaceous crystals
##STATUS=The identification of this mineral has been confirmed by X-ray diffraction and chemical analysis
##URL=rruff.info/R050565
##MEASURED CHEMISTRY=Na_1.00_Ca_3.00_(U_1.00_O_2_)(S_1.00_O_4_)(CO_3_)_3_F_1.00_·12H_2_O ; C and H not measured but estimated by stoichiometry
118.5818, 0.0000000E+00
119.0639, 0.9835820
119.5461, 1.793564
120.0282, 0.3591160
120.5103, 0.3105160
120.9924, 0.3162540
121.4745, 1.783646
121.9566, 3.126465
122.4388, 4.344772
122.9209, 5.207291
123.4030, 5.483292
123.8851, 5.300507
124.3672, 5.125259
124.8493, 5.375366
125.3315, 6.088181
125.8136, 6.624237
126.2957, 6.389984
126.7778, 6.373093
127.2599, 7.291153
127.7420, 9.066116
128.2242, 10.87831
128.7063, 11.55792
129.1884, 10.44344
129.6705, 9.475464
130.1526, 8.371765
130.6347, 7.560257
131.1169, 7.436325
131.5990, 8.110901
132.0811, 9.319031
132.5632, 10.48743
133.0453, 11.79468
133.5274, 12.83510
134.0096, 13.32623
134.4917, 13.58705
134.9738, 14.12363
135.4559, 15.22349
135.9380, 16.64470
136.4201, 17.51140
136.9023, 17.30081
137.3844, 17.34113
137.8665, 18.51836
138.3486, 20.56963
138.8307, 22.27448
139.3128, 22.80920
139.7950, 22.55956
140.2771, 22.53575
140.7592, 22.85838
141.2413, 23.34709
141.7234, 23.85370
142.2055, 24.37833
142.6877, 24.87323
143.1698, 25.13916
143.6519, 25.39882
144.1340, 25.96033
144.6161, 27.06213
145.0982, 28.47148
145.5803, 29.52600
146.0625, 29.82581
146.5446, 30.42120
147.0267, 31.93039
147.5088, 33.90341
147.9909, 35.65933
148.4730, 36.73459
148.9552, 37.16039
149.4373, 37.54906
149.9194, 37.41135
150.4015, 37.71176
150.8836, 39.04659
151.3657, 41.08589
151.8479, 43.06076
152.3300, 44.25182
152.8121, 44.51288
153.2942, 44.91135
153.7763, 45.89615
154.2584, 46.61972
154.7406, 46.57278
155.2227, 45.76976
155.7048, 44.59814
156.1869, 43.39221
156.6690, 42.01929
157.1511, 41.36127
157.6333, 42.01846
158.1154, 43.03668
158.5975, 43.57518
159.0796, 43.45230
159.5617, 43.00951
160.0438, 42.67107
160.5260, 42.29878
161.0081, 42.23843
161.4902, 42.88966
161.9723, 43.43269
162.4544, 43.35303
162.9365, 42.06940
163.4187, 40.23001
163.9008, 38.86385
164.3829, 38.24196
164.8650, 37.47728
165.3471, 36.35416
165.8292, 34.98721
166.3113, 33.59998
166.7935, 31.95010
167.2756, 30.60622
167.7577, 30.18945
168.2398, 30.67885
168.7219, 31.15465
169.2040, 30.76707
169.6862, 29.45003
170.1683, 27.72215
170.6504, 25.02025
171.1325, 22.35878
171.6146, 20.23369
172.0967, 18.76285
172.5789, 17.79567
173.0610, 17.20912
173.5431, 17.29463
174.0252, 17.08888
174.5073, 16.42801
174.9894, 15.56952
175.4716, 14.59541
175.9537, 13.56552
176.4358, 12.58615
176.9179, 12.00861
177.4000, 12.41635
177.8821, 12.43265
178.3643, 11.68314
178.8464, 10.71773
179.3285, 10.08385
179.8106, 10.01299
180.2927, 10.24649
180.7748, 10.07590
181.2570, 8.972229
181.7391, 8.122925
182.2212, 7.842316
182.7033, 7.862671
183.1854, 7.763870
183.6675, 7.331345
184.1497, 6.708557
184.6318, 6.361618
185.1139, 6.352051
185.5960, 6.434616
186.0781, 6.644730
186.5602, 6.902451
187.0423, 6.977615
187.5245, 6.750565
188.0066, 6.264343
188.4887, 5.641006
188.9708, 4.722427
189.4529, 3.943420
189.9350, 3.587204
190.4172, 3.636185
190.8993, 3.921753
191.3814, 4.676117
191.8635, 5.442017
192.3456, 5.556213
192.8277, 4.769089
193.3099, 3.689270
193.7920, 2.811401
194.2741, 2.118668
194.7562, 1.748169
195.2383, 2.202881
195.7204, 2.824890
196.2026, 3.010468
196.6847, 2.526825
197.1668, 1.794647
197.6489, 1.448669
198.1310, 1.589554
198.6131, 1.850082
199.0953, 2.538788
199.5774, 3.103546
200.0595, 2.882629
200.5416, 1.558899
201.0237, 0.2564090
201.5058, 1.106308
201.9880, 0.1674650
202.4701, 0.2557370
202.9522, 0.7986760
203.4343, 2.261826
203.9164, 2.953049
204.3985, 2.318710
204.8807, 0.9002530
205.3628, 0.3575590
205.8449, 1.744720
206.3270, 2.673477
206.8091, 2.702560
207.2912, 2.219269
207.7733, 1.572235
208.2555, 0.9239810
208.7376, 0.3730320
209.2197, 0.2945100
209.7018, 1.856598
210.1839, 2.570877
210.6660, 1.515701
211.1482, 0.4022520
211.6303, 1.964050
212.1124, 2.549103
212.5945, 2.324783
213.0766, 1.930954
213.5587, 0.8652340
214.0409, 0.2232360
214.5230, 0.2994840
215.0051, 0.9383390
215.4872, 1.972458
215.9693, 3.416458
216.4514, 5.039291
216.9336, 5.902420
217.4157, 5.682938
217.8978, 5.333786
218.3799, 5.102066
218.8620, 4.969620
219.3441, 4.883759
219.8263, 4.818253
220.3084, 4.795349
220.7905, 4.890350
221.2726, 5.259766
221.7547, 5.477325
222.2368, 5.130234
222.7190, 4.385864
223.2011, 3.944763
223.6832, 4.196701
224.1653, 4.869385
224.6474, 5.374115
225.1295, 5.647171
225.6117, 5.908020
226.0938, 6.470367
226.5759, 7.258972
227.0580, 7.544876
227.5401, 6.522995
228.0222, 5.287125
228.5043, 5.332474
228.9865, 7.024445
229.4686, 8.822800
229.9507, 9.228317
230.4328, 8.254700
230.9149, 7.675598
231.3970, 8.538391
231.8792, 9.645355
232.3613, 9.923355
232.8434, 9.210129
233.3255, 8.204712
233.8076, 7.450882
234.2897, 6.934036
234.7719, 6.855133
235.2540, 7.896317
235.7361, 8.972153
236.2182, 9.457245
236.7003, 9.254974
237.1824, 8.552963
237.6646, 7.193832
238.1467, 4.852478
238.6288, 3.663055
239.1109, 5.231628
239.5930, 7.132172
240.0751, 8.033096
240.5573, 7.816986
241.0394, 7.340271
241.5215, 7.740356
242.0036, 9.403503
242.4857, 10.35110
242.9678, 9.789322
243.4500, 9.041901
243.9321, 8.670258
244.4142, 8.769501
244.8963, 9.179520
245.3784, 9.740021
245.8605, 10.46170
246.3427, 11.30380
246.8248, 11.89680
247.3069, 12.89877
247.7890, 15.34853
248.2711, 18.84674
248.7532, 21.63335
249.2354, 21.56165
249.7175, 17.55363
250.1996, 15.34297
250.6817, 15.98108
251.1638, 17.23064
251.6459, 18.45383
252.1281, 19.40465
252.6102, 19.85510
253.0923, 19.52657
253.5744, 18.26936
254.0565, 17.14969
254.5386, 16.10321
255.0208, 15.21632
255.5029, 14.67610
255.9850, 14.36823
256.4671, 13.93932
256.9492, 13.06163
257.4313, 11.69173
257.9135, 10.38402
258.3956, 8.594376
258.8777, 7.346542
259.3598, 7.589920
259.8419, 8.909988
260.3240, 9.788651
260.8062, 8.963730
261.2883, 6.412415
261.7704, 4.758469
262.2525, 4.290237
262.7346, 4.323502
263.2167, 4.767578
263.6989, 5.392456
264.1810, 5.901169
264.6631, 6.151855
265.1452, 6.175476
265.6273, 6.030533
266.1094, 5.355042
266.5916, 4.932419
267.0737, 5.170654
267.5558, 5.799896
268.0379, 6.377792
268.5200, 6.737106
269.0021, 6.940689
269.4843, 7.132568
269.9664, 7.334763
270.4485, 7.510773
270.9306, 7.664536
271.4127, 7.829712
271.8948, 7.951187
272.3770, 7.960266
272.8591, 8.012009
273.3412, 8.478424
273.8233, 9.654251
274.3054, 10.63120
274.7875, 10.97662
275.2697, 10.90567
275.7518, 10.87111
276.2339, 11.06053
276.7160, 11.28772
277.1981, 11.13313
277.6802, 10.48633
278.1623, 9.982971
278.6444, 9.692993
279.1266, 9.667419
279.6087, 10.13806
280.0908, 11.29538
280.5729, 12.52153
281.0550, 12.77873
281.5371, 12.04311
282.0193, 11.55153
282.5014, 12.08382
282.9835, 12.95715
283.4656, 13.00165
283.9477, 11.90335
284.4298, 10.71658
284.9120, 10.69020
285.3941, 11.66968
285.8762, 12.61076
286.3583, 13.28862
286.8404, 13.78270
287.3225, 14.10860
287.8047, 14.34187
288.2868, 14.87796
288.7689, 16.49457
289.2510, 18.75209
289.7331, 20.02637
290.2152, 18.82584
290.6974, 17.22470
291.1795, 17.65182
291.6616, 20.21849
292.1437, 22.77318
292.6258, 23.91270
293.1079, 24.10683
293.5901, 24.54193
294.0722, 25.49849
294.5543, 26.57106
295.0364, 27.27501
295.5185, 27.60951
296.0006, 28.31978
296.4828, 30.12892
296.9649, 32.38376
297.4470, 33.83560
297.9291, 34.17984
298.4112, 34.36125
298.8933, 34.97057
299.3755, 35.95071
299.8576, 37.14372
300.3397, 38.76770
300.8218, 40.31265
301.3039, 40.99875
301.7860, 40.69193
302.2682, 40.54375
302.7503, 41.36194
303.2324, 42.87073
303.7145, 44.18224
304.1966, 45.18158
304.6787, 45.80855
305.1609, 45.98640
305.6430, 45.75795
306.1251, 45.31784
306.6072, 44.70393
307.0893, 43.93790
307.5714, 43.15871
308.0536, 42.51662
308.5357, 41.48393
309.0178, 39.12242
309.4999, 35.94107
309.9820, 33.34486
310.4641, 32.33737
310.9463, 31.96689
311.4284, 30.73686
311.9105, 28.46428
312.3926, 26.18651
312.8747, 24.53383
313.3568, 23.36458
313.8390, 22.53268
314.3211, 22.44220
314.8032, 22.23344
315.2853, 20.84122
315.7674, 18.23892
316.2495, 15.56476
316.7317, 13.16228
317.2138, 11.09079
317.6959, 9.410126
318.1780, 8.165955
318.6601, 7.203384
319.1422, 6.438873
319.6243, 5.863724
320.1064, 5.465668
320.5886, 5.287613
321.0707, 5.249969
321.5528, 5.328934
322.0349, 5.554993
322.5170, 5.533585
322.9991, 4.833618
323.4813, 3.700516
323.9634, 2.837112
324.4455, 2.389130
324.9276, 2.208923
325.4097, 2.324234
325.8918, 2.659195
326.3740, 2.761887
326.8561, 2.404831
327.3382, 1.741913
327.8203, 0.8561710
328.3024, 0.3589480
328.7845, 1.230469
329.2667, 0.8364870
329.7488, 0.3020780
330.2309, 0.8788760
330.7130, 0.1125180
331.1951, 0.9324800
331.6772, 1.118484
332.1594, 0.4618230
332.6415, 0.1933900
333.1236, 0.4791410
333.6057, 0.4209140
334.0878, 0.1041720
334.5699, 0.7136990
335.0521, 1.338455
335.5342, 1.113998
336.0163, 0.2504580
336.4984, 0.3247380
336.9805, 0.2024540
337.4626, 0.2424010
337.9448, 0.4986110
338.4269, 0.6188200
338.9090, 0.3794710
339.3911, 0.8117520
339.8732, 2.337219
340.3553, 2.855988
340.8375, 1.938339
341.3196, 0.6770320
341.8017, 0.4590760
342.2838, 1.164948
342.7659, 1.347763
343.2480, 0.1462400
343.7302, 1.808456
344.2123, 1.630348
344.6944, 0.5108180
345.1765, 2.505760
345.6586, 2.676834
346.1407, 1.207817
346.6229, 0.2548830
347.1050, 3.0144000E-02
347.5871, 0.1554490
348.0692, 0.6300580
348.5513, 1.324364
349.0334, 1.735771
349.5156, 1.548737
349.9977, 0.9820710
350.4798, 0.6627880
350.9619, 0.7667390
351.4440, 0.7252040
351.9261, 2.7824000E-02
352.4083, 0.8558650
352.8904, 1.043320
353.3725, 0.2139210
353.8546, 0.9896700
354.3367, 1.667198
354.8188, 1.735435
355.3010, 1.589844
355.7831, 0.8662260
356.2652, 0.1898650
356.7473, 0.2643280
357.2294, 1.113914
357.7115, 2.047668
358.1937, 2.475296
358.6758, 2.364738
359.1579, 2.186798
359.6400, 1.580124
360.1221, 1.256340
360.6042, 1.807953
361.0863, 2.951622
361.5685, 3.951645
362.0506, 4.414452
362.5327, 4.396408
363.0148, 4.097740
363.4969, 3.017227
363.9790, 2.300987
364.4612, 2.321655
364.9433, 2.715446
365.4254, 3.081543
365.9075, 3.286034
366.3896, 3.364082
366.8717, 3.364494
367.3539, 3.277077
367.8360, 3.119400
368.3181, 2.555099
368.8002, 2.180229
369.2823, 2.618271
369.7644, 3.750076
370.2466, 4.841957
370.7287, 5.221306
371.2108, 4.852730
371.6929, 4.284119
372.1750, 2.862724
372.6571, 1.946289
373.1393, 2.275986
373.6214, 3.337036
374.1035, 4.233063
374.5856, 4.463615
375.0677, 4.224113
375.5498, 4.139633
376.0320, 4.233284
376.5141, 4.472954
376.9962, 4.985283
377.4783, 5.552452
377.9604, 6.153419
378.4425, 6.715958
378.9247, 6.884331
379.4068, 5.936455
379.8889, 3.257950
380.3710, 1.628967
380.8531, 1.706612
381.3352, 2.243195
381.8174, 3.026566
382.2995, 3.850899
382.7816, 4.349464
383.2637, 4.166412
383.7458, 3.418152
384.2279, 2.879082
384.7101, 2.483673
385.1922, 2.432930
385.6743, 2.939163
386.1564, 3.660309
386.6385, 4.294731
387.1206, 4.831688
387.6028, 5.205978
388.0849, 5.074837
388.5670, 4.246010
389.0491, 3.590218
389.5312, 3.447762
390.0133, 3.612709
390.4955, 3.959099
390.9776, 4.438339
391.4597, 5.020355
391.9418, 6.045837
392.4239, 7.255310
392.9060, 7.141808
393.3882, 4.905449
393.8703, 2.757309
394.3524, 2.203674
394.8345, 2.706116
395.3166, 3.227165
395.7987, 3.484184
396.2809, 3.526756
396.7630, 3.344986
397.2451, 2.951859
397.7272, 2.699448
398.2093, 2.906197
398.6914, 3.235100
399.1736, 3.084457
399.6557, 2.253342
400.1378, 1.605499
400.6199, 1.996872
401.1020, 2.903992
401.5841, 2.797035
402.0662, 1.207100
402.5483, 0.4825290
403.0305, 0.7931670
403.5126, 0.1508710
403.9947, 1.221008
404.4768, 2.680695
404.9589, 3.873718
405.4410, 3.906456
405.9232, 2.876076
406.4053, 1.980438
406.8874, 2.056229
407.3695, 2.880135
407.8516, 3.282524
408.3337, 2.831131
408.8159, 2.530457
409.2980, 3.023102
409.7801, 3.758980
410.2622, 3.752571
410.7443, 2.704460
411.2264, 1.299835
411.7086, 0.5152740
412.1907, 0.5604780
412.6728, 0.6488880
413.1549, 0.7547150
413.6370, 0.9087220
414.1191, 1.199379
414.6013, 1.599434
415.0834, 1.928093
415.5655, 1.995926
416.0476, 1.820526
416.5297, 1.837929
417.0118, 2.427399
417.4940, 2.769394
417.9761, 2.602509
418.4582, 2.169083
418.9403, 1.731316
419.4224, 1.389633
419.9045, 1.133575
420.3867, 0.9636610
420.8688, 0.9438860
421.3509, 0.8343120
421.8330, 0.2084500
422.3151, 0.1463240
422.7972, 0.4679260
423.2794, 1.824615
423.7615, 3.018532
424.2436, 3.252937
424.7257, 2.695702
425.2078, 2.562874
425.6899, 3.351074
426.1721, 3.670685
426.6542, 2.536697
427.1363, 0.9151760
427.6184, 3.7308000E-02
428.1005, 7.8452997E-02
428.5826, 0.7351840
429.0648, 1.481796
429.5469, 2.328964
430.0290, 2.725922
430.5111, 2.231606
430.9932, 1.608398
431.4753, 1.517380
431.9575, 1.914581
432.4396, 2.436920
432.9217, 3.011726
433.4038, 3.566864
433.8859, 4.040466
434.3680, 4.450165
434.8502, 4.557114
435.3323, 4.061607
435.8144, 3.164749
436.2965, 2.455215
436.7786, 1.801376
437.2607, 1.526192
437.7429, 2.174026
438.2250, 3.326881
438.7071, 3.992668
439.1892, 3.834496
439.6713, 3.283287
440.1534, 2.858330
440.6356, 2.514755
441.1177, 2.565338
441.5998, 3.524300
442.0819, 4.487923
442.5640, 4.687119
443.0461, 4.237968
443.5282, 3.808243
444.0103, 3.865479
444.4925, 4.320503
444.9746, 4.702324
445.4567, 4.953255
445.9388, 5.168770
446.4209, 5.332047
446.9030, 5.487976
447.3852, 5.637527
447.8673, 5.804871
448.3494, 6.065598
448.8315, 6.555183
449.3136, 7.359818
449.7957, 7.941933
450.2779, 8.143272
450.7600, 8.274368
451.2421, 8.514503
451.7242, 8.746193
452.2063, 8.696098
452.6884, 8.156204
453.1706, 7.422997
453.6527, 7.256409
454.1348, 7.857216
454.6169, 8.388367
455.0990, 8.446259
455.5811, 8.493568
456.0633, 8.915878
456.5454, 9.727707
457.0275, 10.53996
457.5096, 11.05418
457.9917, 11.32846
458.4738, 11.53775
458.9560, 11.67693
459.4381, 11.80842
459.9202, 11.89175
460.4023, 11.97211
460.8844, 12.17572
461.3665, 12.64088
461.8487, 13.16864
462.3308, 13.64546
462.8129, 14.07204
463.2950, 14.51821
463.7771, 15.02892
464.2592, 15.59100
464.7414, 16.05395
465.2235, 16.37798
465.7056, 16.77585
466.1877, 17.40002
466.6698, 18.00818
467.1519, 18.46069
467.6341, 18.72997
468.1162, 18.74945
468.5983, 18.44828
469.0804, 17.90443
469.5625, 17.49988
470.0446, 17.28206
470.5268, 17.16023
471.0089, 17.44130
471.4910, 17.63684
471.9731, 17.04438
472.4552, 15.67176
472.9373, 14.43653
473.4195, 14.54780
473.9016, 16.20109
474.3837, 16.53257
474.8658, 14.29968
475.3479, 12.03732
475.8300, 10.16632
476.3122, 8.791862
476.7943, 8.115799
477.2764, 8.299042
477.7585, 8.720886
478.2406, 8.338226
478.7227, 7.042389
479.2049, 5.947540
479.6870, 5.345413
480.1691, 4.907433
480.6512, 4.465897
481.1333, 3.998352
481.6154, 3.427216
482.0976, 2.434509
482.5797, 1.442024
483.0618, 1.280365
483.5439, 1.981354
484.0260, 2.522194
484.5081, 2.359581
484.9902, 1.751114
485.4724, 1.249779
485.9545, 0.8515170
486.4366, 0.5768360
486.9187, 0.4038390
487.4008, 0.3646770
487.8829, 0.5503690
488.3651, 0.9609380
488.8472, 1.436073
489.3293, 1.868164
489.8114, 2.257889
490.2935, 2.361450
490.7756, 1.911057
491.2578, 1.542114
491.7399, 1.629616
492.2220, 1.830254
492.7041, 1.543434
493.1862, 0.6088490
493.6683, 0.3807070
494.1505, 0.4559330
494.6326, 0.7596510
495.1147, 1.398079
495.5968, 0.8512730
496.0789, 0.3064800
496.5610, 0.1917040
497.0432, 0.3979190
497.5253, 0.6720200
498.0074, 0.8987960
498.4895, 1.086227
498.9716, 1.309341
499.4537, 1.622414
499.9359, 1.606392
500.4180, 0.8922580
500.9001, 4.7928002E-02
501.3822, 0.4939040
501.8643, 0.7355190
502.3464, 0.8000180
502.8286, 0.6619340
503.3107, 0.4213180
503.7928, 0.3086850
504.2749, 0.3292920
504.7570, 3.3821002E-02
505.2391, 1.026695
505.7213, 2.412582
506.2034, 2.922409
506.6855, 2.269890
507.1676, 1.548920
507.6497, 0.9377820
508.1318, 0.4659960
508.6140, 0.2007450
509.0961, 0.1362460
509.5782, 0.1765980
510.0603, 0.2528230
510.5424, 0.3607100
511.0245, 0.4178390
511.5067, 0.2511140
511.9888, 0.2441250
512.4709, 0.7314760
512.9530, 1.274971
513.4351, 1.222160
513.9172, 0.4681930
514.3994, 0.2073750
514.8815, 0.4327160
515.3636, 2.582458
515.8457, 3.354004
516.3278, 1.266472
516.8099, 0.1853260
517.2921, 1.417938
517.7742, 4.276054
518.2563, 5.410828
518.7384, 3.499649
519.2205, 0.7986530
519.7026, 0.1103060
520.1848, 0.5266040
520.6669, 0.6872480
521.1490, 0.3277050
521.6311, 1.351158
522.1132, 0.9311290
522.5953, 0.6649550
523.0775, 1.925293
523.5596, 2.497856
524.0417, 2.734894
524.5238, 2.777527
525.0059, 2.680260
525.4880, 2.531410
525.9702, 2.359268
526.4523, 2.208229
526.9344, 2.166321
527.4165, 2.331940
527.8986, 2.344040
528.3807, 2.048805
528.8629, 1.757416
529.3450, 1.631752
529.8271, 1.651207
530.3092, 1.763153
530.7913, 1.953110
531.2734, 2.130966
531.7556, 2.015327
532.2377, 1.409088
532.7198, 1.071945
533.2019, 1.494217
533.6840, 1.901726
534.1661, 1.683357
534.6483, 1.001976
535.1304, 0.6335980
535.6125, 1.206009
536.0946, 2.244232
536.5767, 2.969955
537.0588, 3.383980
537.5410, 3.431625
538.0231, 2.967194
538.5052, 2.235367
538.9873, 1.532730
539.4694, 0.7972790
539.9515, 0.4622730
540.4337, 0.9492870
540.9158, 1.688599
541.3979, 2.204201
541.8800, 2.445091
542.3621, 2.371269
542.8442, 1.884941
543.3264, 1.207527
543.8085, 1.100082
544.2906, 2.207176
544.7726, 3.005989
545.2548, 3.433296
545.7369, 3.584785
546.2190, 3.387161
546.7011, 2.951920
547.1832, 2.599586
547.6653, 2.602890
548.1475, 2.854851
548.6296, 2.915733
549.1117, 2.702095
549.5938, 2.518166
550.0759, 2.237129
550.5580, 2.166458
551.0402, 2.776573
551.5223, 4.025856
552.0044, 4.959190
552.4865, 4.872589
552.9686, 4.171951
553.4507, 3.585098
553.9329, 3.142944
554.4150, 2.601517
554.8971, 1.733070
555.3792, 0.7610860
555.8613, 0.2860870
556.3434, 0.3946380
556.8256, 0.6600720
557.3077, 1.164360
557.7898, 1.678223
558.2719, 1.914253
558.7540, 1.922829
559.2361, 2.050865
559.7183, 2.607201
560.2004, 3.399826
560.6825, 3.576767
561.1646, 2.733727
561.6467, 1.946663
562.1288, 0.9712300
562.6110, 0.3504030
563.0931, 0.8061680
563.5752, 2.095497
564.0573, 2.997887
564.5394, 2.423431
565.0215, 0.9876480
565.5037, 0.2795260
565.9858, 0.3752520
566.4679, 0.7009430
566.9500, 1.158981
567.4321, 1.656685
567.9142, 2.178337
568.3964, 2.758850
568.8785, 2.898712
569.3606, 2.056122
569.8427, 0.9475940
570.3248, 0.1891020
570.8069, 0.1681290
571.2891, 6.4902999E-02
571.7712, 0.6235810
572.2533, 1.510292
572.7354, 1.626686
573.2175, 0.1074220
573.6996, 0.6717990
574.1818, 0.2324980
574.6639, 0.4627840
575.1460, 0.9833370
575.6281, 1.267044
576.1102, 1.319077
576.5923, 1.099747
577.0745, 0.7979660
577.5566, 0.9534610
578.0387, 1.753960
578.5208, 2.018272
579.0029, 1.067261
579.4850, 8.3610997E-02
579.9672, 0.5809100
580.4493, 0.4926070
580.9314, 0.2859040
581.4135, 0.1490250
581.8956, 4.3419000E-02
582.3777, 0.3981860
582.8599, 0.9029920
583.3420, 1.643829
583.8241, 2.744408
584.3062, 3.612114
584.7883, 3.277946
585.2704, 1.302223
585.7526, 0.5496670
586.2347, 2.055931
586.7168, 3.516296
587.1989, 3.941154
587.6810, 3.702026
588.1631, 3.393120
588.6453, 3.243645
589.1274, 3.178665
589.6095, 3.046188
590.0916, 2.805489
590.5737, 2.909996
591.0558, 3.752602
591.5380, 4.371979
592.0201, 4.011185
592.5022, 3.278015
592.9843, 3.134850
593.4664, 3.927406
593.9485, 4.897079
594.4307, 5.650757
594.9128, 6.120651
595.3949, 6.082962
595.8770, 5.490082
596.3591, 4.634918
596.8412, 3.601875
597.3234, 2.500404
597.8055, 2.164017
598.2876, 3.359581
598.7697, 4.229858
599.2518, 4.203041
599.7339, 3.893539
600.2161, 3.835678
600.6982, 4.155334
601.1803, 4.664017
601.6624, 5.253510
602.1445, 5.861389
602.6266, 6.215416
603.1088, 6.222244
603.5909, 6.240379
604.0730, 6.530533
604.5551, 6.738937
605.0372, 6.341522
605.5193, 5.454544
606.0015, 5.140457
606.4836, 6.317482
606.9657, 8.002182
607.4478, 9.330147
607.9299, 10.25059
608.4120, 9.764252
608.8942, 7.136284
609.3763, 4.249718
609.8584, 4.418266
610.3405, 9.148689
610.8226, 11.50587
611.3047, 9.640869
611.7869, 7.455734
612.2690, 6.433685
612.7511, 6.404236
613.2332, 7.007866
613.7153, 8.083351
614.1974, 9.246101
614.6796, 10.09881
615.1617, 10.66328
615.6438, 10.40591
616.1259, 8.718910
616.6080, 7.231567
617.0901, 6.967155
617.5723, 7.344635
618.0544, 7.547699
618.5365, 7.374626
619.0186, 7.279083
619.5007, 7.703842
619.9828, 8.299805
620.4650, 8.398941
620.9471, 7.976028
621.4292, 7.700676
621.9113, 8.090775
622.3934, 8.892227
622.8755, 9.121628
623.3577, 8.278786
623.8398, 7.556694
624.3219, 7.054070
624.8040, 6.608582
625.2861, 6.070251
625.7682, 5.495773
626.2504, 5.030052
626.7325, 4.722160
627.2145, 4.670135
627.6967, 5.257759
628.1788, 6.533531
628.6609, 7.305908
629.1430, 7.366020
629.6251, 6.875137
630.1072, 5.470444
630.5894, 3.511185
631.0715, 2.397560
631.5536, 2.818314
632.0357, 3.577408
632.5178, 4.159889
632.9999, 4.599419
633.4821, 4.966995
633.9642, 5.279320
634.4463, 5.562096
634.9284, 5.900024
635.4105, 6.246727
635.8926, 5.866768
636.3748, 4.215767
636.8569, 2.695755
637.3390, 1.278893
637.8211, 0.2386470
638.3032, 2.2887999E-02
638.7853, 0.5470120
639.2675, 1.086838
639.7496, 1.172630
640.2317, 1.011078
640.7138, 0.9860760
641.1959, 1.074318
641.6780, 0.9247060
642.1602, 0.3329540
642.6423, 0.3367690
643.1244, 0.6598590
643.6065, 0.6165620
644.0886, 0.1567690
644.5707, 1.524452
645.0529, 2.728127
645.5350, 2.393150
646.0171, 1.296654
646.4992, 0.5227970
646.9813, 0.3805920
647.4634, 0.4828410
647.9456, 0.3558430
648.4277, 5.1658999E-02
648.9098, 0.3083420
649.3919, 1.472832
649.8740, 2.287491
650.3561, 1.956337
650.8383, 1.215225
651.3204, 0.8919530
651.8025, 1.047836
652.2846, 1.190674
652.7667, 1.196449
653.2488, 1.056572
653.7310, 0.5682370
654.2131, 9.4260998E-02
654.6952, 0.3271330
655.1773, 0.1362840
655.6594, 0.9173360
656.1415, 1.472282
656.6237, 1.854469
657.1058, 1.753479
657.5879, 0.4338380
658.0700, 0.5631940
658.5521, 0.6989520
659.0342, 0.3394470
659.5164, 0.1478730
659.9985, 0.6662670
660.4806, 1.000992
660.9627, 0.8631740
661.4448, 0.4391860
661.9269, 0.1897280
662.4091, 0.1384580
662.8912, 4.1466001E-02
663.3733, 0.6415100
663.8554, 1.259430
664.3375, 0.9770360
664.8196, 0.8457030
665.3018, 1.685074
665.7839, 0.3940960
666.2660, 0.7930760
666.7481, 0.3677520
667.2302, 0.9132610
667.7123, 1.571304
668.1945, 1.072807
668.6766, 0.2230450
669.1587, 5.0864998E-02
669.6408, 0.5081020
670.1229, 0.8272860
670.6050, 0.9178010
671.0872, 1.087357
671.5693, 1.620758
672.0514, 2.250893
672.5335, 2.517570
673.0156, 2.357399
673.4977, 2.117668
673.9799, 1.747070
674.4620, 1.460808
674.9441, 1.526306
675.4262, 1.831528
675.9083, 2.045105
676.3904, 2.020210
676.8726, 1.891060
677.3547, 1.893456
677.8368, 2.069687
678.3189, 2.088562
678.8010, 1.811081
679.2831, 1.578346
679.7653, 1.636345
680.2474, 1.757881
680.7295, 1.584671
681.2116, 1.024391
681.6937, 0.6494600
682.1758, 1.026680
682.6580, 1.617432
683.1401, 1.601135
683.6222, 1.081375
684.1043, 0.7728580
684.5864, 1.005394
685.0685, 1.623779
685.5507, 2.414703
686.0328, 3.515671
686.5149, 4.228828
686.9970, 4.179070
687.4791, 4.151855
687.9612, 4.504402
688.4434, 4.943893
688.9255, 4.981133
689.4076, 4.520676
689.8897, 4.250832
690.3718, 5.027740
690.8539, 6.245087
691.3361, 6.484192
691.8182, 5.780251
692.3003, 5.639656
692.7824, 6.881310
693.2645, 8.540230
693.7466, 8.990982
694.2288, 7.744789
694.7109, 7.329651
695.1930, 8.190094
695.6751, 9.295471
696.1572, 10.56764
696.6393, 11.75844
697.1215, 12.49934
697.6036, 12.73688
698.0857, 12.81538
698.5678, 13.04024
699.0499, 13.34155
699.5320, 13.42241
700.0142, 13.25774
700.4963, 13.35871
700.9784, 13.91962
701.4605, 14.90516
701.9426, 16.46471
702.4247, 18.74947
702.9069, 20.14138
703.3890, 19.81316
703.8711, 19.53702
704.3532, 20.06551
704.8353, 20.97826
705.3174, 21.91409
705.7996, 22.70940
706.2817, 23.03409
706.7638, 22.63469
707.2459, 21.56383
707.7280, 19.70584
708.2101, 16.88145
708.6923, 14.64832
709.1743, 13.70824
709.6564, 13.14341
710.1385, 11.77613
710.6207, 9.699409
711.1028, 8.128754
711.5849, 7.015045
712.0670, 6.554955
712.5491, 7.341354
713.0313, 8.610847
713.5134, 9.472733
713.9955, 9.800270
714.4776, 9.817001
714.9597, 9.576149
715.4418, 9.274086
715.9240, 9.579300
716.4061, 10.64684
716.8882, 11.23565
717.3703, 10.80141
717.8524, 10.30209
718.3345, 10.58061
718.8167, 11.45560
719.2988, 12.33439
719.7809, 13.33211
720.2630, 14.07346
720.7451, 14.20986
721.2272, 14.14011
721.7094, 14.11050
722.1915, 14.33086
722.6736, 15.18253
723.1557, 16.81396
723.6378, 18.91162
724.1199, 20.73708
724.6021, 22.34692
725.0842, 24.38298
725.5663, 27.08121
726.0484, 29.72953
726.5305, 31.86639
727.0126, 33.64674
727.4948, 35.34886
727.9769, 36.96983
728.4590, 38.53387
728.9411, 39.99854
729.4232, 41.45117
729.9053, 42.99490
730.3875, 44.57151
730.8696, 45.97385
731.3517, 47.12004
731.8338, 48.28717
732.3159, 49.85558
732.7980, 51.82327
733.2802, 54.01987
733.7623, 56.39838
734.2444, 59.17136
734.7265, 62.79747
735.2086, 66.60186
735.6907, 69.60625
736.1729, 71.74657
736.6550, 73.86346
737.1371, 75.99847
737.6192, 78.30070
738.1013, 81.16561
738.5834, 84.15733
739.0656, 86.77406
739.5477, 88.82261
740.0298, 90.00463
740.5119, 90.04531
740.9940, 88.99567
741.4761, 87.14165
741.9583, 84.58996
742.4404, 80.53074
742.9225, 74.12778
743.4046, 67.02402
743.8867, 60.60376
744.3688, 54.82761
744.8510, 49.60210
745.3331, 44.95351
745.8152, 40.81511
746.2973, 37.20424
746.7794, 34.06880
747.2615, 31.55479
747.7437, 29.50188
748.2258, 27.31050
748.7079, 24.57384
749.1900, 21.77280
749.6721, 19.95708
750.1542, 19.10261
750.6364, 17.78615
751.1185, 15.66772
751.6006, 13.67442
752.0827, 12.51915
752.5648, 11.83710
753.0469, 10.53029
753.5291, 8.156326
754.0112, 6.384758
754.4933, 5.833420
754.9754, 5.536720
755.4575, 4.965988
755.9396, 4.198502
756.4218, 3.358353
756.9039, 2.507462
757.3860, 1.923401
757.8681, 2.199150
758.3502, 2.974907
758.8323, 2.832909
759.3145, 1.725067
759.7966, 0.7188110
760.2787, 0.1942900
760.7608, 3.9429002E-02
761.2429, 0.2172620
761.7250, 0.3462600
762.2072, 0.3151250
762.6893, 8.7996997E-02
763.1714, 0.3673320
763.6535, 0.4833300
764.1356, 0.3720630
764.6177, 0.2978440
765.0999, 1.310410
765.5820, 1.791534
766.0641, 1.080841
766.5462, 8.1284001E-02
767.0283, 0.8589480
767.5104, 1.272224
767.9926, 1.349030
768.4747, 1.091637
768.9568, 0.5988620
769.4389, 0.1306230
769.9210, 0.9483720
770.4031, 1.325386
770.8853, 0.9382930
771.3674, 0.7438960
771.8495, 0.9999470
772.3316, 1.161629
772.8137, 1.027542
773.2958, 0.6387710
773.7780, 1.7464001E-02
774.2601, 0.9643170
774.7422, 1.747131
775.2243, 2.027504
775.7064, 2.014229
776.1885, 1.783440
776.6707, 1.481308
777.1528, 1.672333
777.6349, 2.551666
778.1170, 3.471954
778.5991, 3.627213
779.0812, 3.060326
779.5634, 2.625679
780.0455, 2.265854
780.5276, 2.175369
781.0097, 2.749901
781.4918, 3.293266
781.9739, 2.999809
782.4561, 2.157059
782.9382, 2.011909
783.4203, 3.323479
783.9024, 4.666862
784.3845, 5.287529
784.8666, 5.626495
785.3488, 6.289322
785.8309, 7.193565
786.3130, 7.718468
786.7951, 7.495659
787.2772, 7.051453
787.7593, 7.375343
788.2415, 8.442345
788.7236, 9.192482
789.2057, 9.528221
789.6878, 9.686470
790.1699, 9.561913
790.6520, 9.516075
791.1342, 10.23755
791.6162, 11.84572
792.0983, 13.44221
792.5804, 15.01361
793.0626, 16.52512
793.5447, 17.84444
794.0268, 19.17168
794.5089, 20.62172
794.9910, 22.28978
795.4731, 24.44655
795.9553, 27.33284
796.4374, 30.71434
796.9195, 34.04395
797.4016, 37.51529
797.8837, 41.89992
798.3658, 47.35358
798.8480, 53.74237
799.3301, 61.23725
799.8122, 69.23277
800.2943, 75.45600
800.7764, 78.75977
801.2585, 82.80081
801.7407, 88.23700
802.2228, 93.72701
802.7049, 98.57693
803.1870, 103.2299
803.6691, 108.3238
804.1512, 113.9645
804.6334, 119.7030
805.1155, 125.0711
805.5976, 130.5954
806.0797, 136.6553
806.5618, 143.2583
807.0439, 150.5701
807.5261, 158.5533
808.0082, 166.8327
808.4903, 174.9532
808.9724, 183.1327
809.4545, 192.2829
809.9366, 202.6212
810.4188, 212.7160
810.9009, 222.2659
811.3830, 231.5688
811.8651, 241.2757
812.3472, 250.8389
812.8293, 258.6131
813.3115, 265.4928
813.7936, 268.7068
814.2757, 267.6611
814.7578, 263.0262
815.2399, 254.8983
815.7220, 243.5832
816.2042, 228.8554
816.6863, 210.8689
817.1684, 191.9365
817.6505, 173.8508
818.1326, 156.5579
818.6147, 139.5612
819.0969, 123.1121
819.5790, 108.6798
820.0611, 96.71354
820.5432, 86.36575
821.0253, 76.80421
821.5074, 68.07939
821.9896, 60.72127
822.4717, 55.07488
822.9538, 49.77014
823.4359, 44.56303
823.9180, 39.96944
824.4001, 36.41006
824.8823, 33.54999
825.3644, 30.92968
825.8465, 28.53586
826.3286, 26.19435
826.8107, 23.43098
827.2928, 21.03758
827.7750, 19.80331
828.2571, 19.39236
828.7392, 19.29314
829.2213, 19.24079
829.7034, 18.78394
830.1855, 17.29889
830.6677, 15.29656
831.1498, 14.29609
831.6319, 14.28422
832.1140, 14.18246
832.5961, 13.72520
833.0782, 13.29855
833.5604, 13.30145
834.0425, 13.55318
834.5246, 13.23702
835.0067, 11.43365
835.4888, 10.65085
835.9709, 11.79503
836.4531, 12.90240
836.9352, 13.08461
837.4173, 12.70736
837.8994, 12.27696
838.3815, 11.88729
838.8636, 11.69157
839.3458, 11.87949
839.8279, 12.19315
840.3100, 12.30974
840.7921, 12.40075
841.2742, 13.04741
841.7563, 14.22050
842.2385, 14.87502
842.7206, 14.03297
843.2027, 12.42435
843.6848, 12.03953
844.1669, 12.91111
844.6490, 13.37299
845.1312, 13.18987
845.6133, 12.68330
846.0954, 11.99219
846.5775, 11.14422
847.0596, 10.14108
847.5417, 8.760040
848.0239, 7.951233
848.5060, 8.143204
848.9881, 8.360603
849.4702, 8.385345
849.9523, 8.212784
850.4344, 7.746857
850.9166, 7.054276
851.3987, 6.532440
851.8808, 6.691055
852.3629, 6.623154
852.8450, 5.105682
853.3271, 3.077034
853.8093, 2.141899
854.2914, 2.318542
854.7735, 2.606400
855.2556, 2.454620
855.7377, 2.188591
856.2198, 2.491089
856.7020, 2.290039
857.1841, 2.046028
857.6662, 2.389771
858.1483, 1.743729
858.6304, 2.042122
859.1125, 2.622414
859.5947, 2.735771
860.0768, 2.379417
860.5589, 1.853584
861.0410, 0.7155080
861.5231, 4.8126001E-02
862.0052, 0.2080760
862.4874, 0.6276090
862.9695, 1.088676
863.4516, 1.490608
863.9337, 1.631775
864.4158, 1.349915
864.8979, 1.038551
865.3801, 0.9264300
865.8622, 0.8973160
866.3443, 0.7441250
866.8264, 0.5869220
867.3085, 0.8701170
867.7906, 1.635590
868.2728, 2.139557
868.7549, 1.529022
869.2370, 0.3307190
869.7191, 0.2490390
870.2012, 1.271263
870.6833, 1.681465
871.1655, 1.101837
871.6476, 0.3377760
872.1297, 8.5029997E-02
872.6118, 0.2988510
873.0939, 0.6646420
873.5760, 1.378906
874.0581, 1.475502
874.5402, 0.5647810
875.0223, 0.3799440
875.5045, 1.407951
875.9866, 2.191536
876.4687, 2.195168
876.9508, 1.505745
877.4329, 1.047615
877.9150, 1.447960
878.3972, 1.730492
878.8793, 1.122742
879.3614, 0.2996220
879.8435, 5.2994002E-02
880.3256, 0.3127370
880.8077, 0.6379090
881.2899, 0.8157500
881.7720, 0.8288730
882.2541, 0.5301210
882.7362, 8.7081999E-02
883.2183, 1.6364999E-02
883.7004, 0.2951130
884.1826, 0.4547350
884.6647, 0.3195040
885.1468, 0.1327440
885.6289, 7.4515998E-02
886.1110, 0.1972430
886.5931, 0.9293440
887.0753, 2.733589
887.5574, 3.760323
888.0395, 3.520195
888.5216, 2.972580
889.0037, 2.240921
889.4858, 1.704399
889.9680, 2.184601
890.4501, 3.987625
890.9322, 5.147408
891.4143, 4.947075
891.8964, 4.515472
892.3785, 4.173546
892.8607, 3.970192
893.3428, 3.900757
893.8249, 3.974098
894.3070, 4.266205
894.7891, 4.906242
895.2712, 5.488266
895.7534, 5.584663
896.2355, 5.421669
896.7176, 5.358658
897.1997, 5.377853
897.6818, 5.186012
898.1639, 4.694267
898.6461, 4.421272
899.1282, 5.072395
899.6103, 6.379219
900.0924, 7.186974
900.5745, 7.477844
901.0566, 7.603096
901.5388, 7.601768
902.0209, 7.550026
902.5030, 7.447235
902.9851, 7.390289
903.4672, 7.704781
903.9493, 8.733559
904.4315, 9.157921
904.9136, 8.447685
905.3957, 7.809059
905.8778, 7.856270
906.3599, 7.966927
906.8420, 7.378220
907.3242, 6.176857
907.8063, 5.325859
908.2884, 5.400032
908.7705, 5.389275
909.2526, 4.907799
909.7347, 4.188583
910.2169, 3.156929
910.6990, 2.118866
911.1811, 1.760971
911.6632, 2.301674
912.1453, 2.871834
912.6274, 2.644844
913.1096, 2.073540
913.5917, 1.811035
914.0738, 1.785324
914.5559, 1.795929
915.0380, 1.785545
915.5201, 1.676659
916.0023, 1.388123
916.4844, 1.071053
916.9665, 1.163841
917.4486, 1.658577
917.9307, 1.559586
918.4128, 0.6658400
918.8950, 0.1522060
919.3771, 0.6535640
919.8592, 1.354446
920.3413, 1.146851
920.8234, 6.4240001E-02
921.3055, 0.3192440
921.7877, 0.4477310
922.2698, 1.117577
922.7519, 1.762192
923.2340, 2.064789
923.7161, 1.456322
924.1982, 0.5276340
924.6804, 0.4562840
925.1625, 1.542160
925.6446, 2.241005
926.1267, 1.898300
926.6088, 1.400200
927.0909, 1.069077
927.5731, 0.8992160
928.0552, 0.9306950
928.5373, 1.101624
929.0194, 1.260635
929.5015, 1.401283
929.9836, 1.274361
930.4658, 0.3140790
930.9479, 0.8380430
931.4300, 1.341949
931.9121, 1.191216
932.3942, 0.4277800
932.8763, 0.8073960
933.3585, 1.938126
933.8406, 2.430511
934.3227, 2.466095
934.8048, 2.442490
935.2869, 2.364426
935.7690, 2.318466
936.2512, 2.327324
936.7333, 2.079109
937.2154, 1.352501
937.6975, 0.4595790
938.1796, 9.4192997E-02
938.6617, 0.3036120
939.1439, 0.2525020
939.6260, 0.2734070
940.1081, 0.4377520
940.5902, 0.2534560
941.0723, 0.9129410
941.5544, 0.7434460
942.0366, 3.8379999E-03
942.5187, 0.3972780
943.0008, 0.2454070
943.4829, 0.2927470
943.9650, 0.9364850
944.4471, 1.341667
944.9293, 0.8998340
945.4114, 0.2700500
945.8935, 0.2918240
946.3756, 0.8727190
946.8577, 1.062042
947.3398, 0.2921370
947.8220, 0.4246520
948.3041, 0.7141420
948.7862, 0.6402660
949.2683, 0.1678920
949.7504, 0.5957340
950.2325, 1.629616
950.7147, 2.860306
951.1968, 3.732826
951.6789, 3.460342
952.1610, 2.873726
952.6431, 3.095032
953.1252, 3.721634
953.6074, 3.778442
954.0895, 3.281258
954.5716, 3.078087
955.0537, 3.602066
955.5358, 4.260468
956.0179, 4.202194
956.5000, 3.582207
956.9821, 3.015236
957.4642, 2.510529
957.9464, 2.371681
958.4285, 2.678276
958.9106, 3.302055
959.3927, 4.220032
959.8748, 5.211105
960.3569, 5.596199
960.8391, 5.202492
961.3212, 5.171860
961.8033, 5.577003
962.2854, 6.185890
962.7675, 6.994492
963.2496, 7.835312
963.7318, 8.515953
964.2139, 9.058228
964.6960, 9.662704
965.1781, 10.16492
965.6602, 10.93192
966.1423, 11.56014
966.6245, 12.91101
967.1066, 15.73188
967.5887, 19.24402
968.0708, 22.47598
968.5529, 25.39017
969.0350, 28.51911
969.5172, 31.99772
969.9993, 35.67838
970.4814, 39.96007
970.9635, 44.00056
971.4456, 47.01662
971.9277, 49.31959
972.4099, 51.50410
972.8920, 53.72155
973.3741, 55.96034
973.8562, 57.87015
974.3383, 60.16222
974.8204, 63.54809
975.3026, 67.62846
975.7847, 71.74850
976.2668, 75.89965
976.7489, 80.32525
977.2310, 85.12750
977.7131, 90.34358
978.1953, 96.17050
978.6774, 102.3267
979.1595, 108.1916
979.6416, 114.1338
980.1237, 121.3533
980.6058, 129.8505
981.0880, 137.8178
981.5701, 144.2440
982.0522, 148.2505
982.5343, 148.5764
983.0164, 145.1449
983.4985, 136.7542
983.9807, 123.5500
984.4628, 108.5750
984.9449, 92.61943
985.4270, 76.78352
985.9091, 61.73913
986.3912, 48.13286
986.8734, 38.06073
987.3555, 31.85099
987.8376, 26.55733
988.3197, 22.04221
988.8018, 18.48098
989.2839, 16.21005
989.7661, 14.55612
990.2482, 12.77937
990.7303, 10.95494
991.2124, 9.578110
991.6945, 8.825836
992.1766, 8.088188
992.6588, 7.189476
993.1409, 6.526283
993.6230, 6.389114
994.1051, 6.490143
994.5872, 6.456436
995.0693, 6.290466
995.5515, 6.215385
996.0336, 6.738586
996.5157, 6.570961
996.9978, 4.796265
997.4799, 3.184486
997.9620, 2.692932
998.4442, 2.865883
998.9263, 3.159348
999.4084, 3.559799
999.8905, 3.801529
1000.373, 3.813965
1000.855, 3.560562
1001.337, 2.483063
1001.819, 1.662102
1002.301, 2.435493
1002.783, 3.945702
1003.265, 4.360474
1003.747, 3.278542
1004.230, 2.264999
1004.712, 2.285995
1005.194, 2.369308
1005.676, 1.673416
1006.158, 0.8115690
1006.640, 0.6395030
1007.122, 0.9564440
1007.604, 0.8475490
1008.086, 2.8175000E-02
1008.569, 0.6373440
1009.051, 0.2194600
1009.533, 1.388023
1010.015, 1.530830
1010.497, 1.120834
1010.979, 0.9259490
1011.461, 1.045113
1011.943, 1.378487
1012.426, 1.882690
1012.908, 2.209503
1013.390, 1.787521
1013.872, 1.050987
1014.354, 0.7777180
1014.836, 0.8760990
1015.318, 1.140900
1015.800, 1.490944
1016.282, 1.751595
1016.765, 1.825966
1017.247, 1.732025
1017.729, 1.464012
1018.211, 1.052017
1018.693, 0.4768830
1019.175, 0.1810000
1019.657, 0.2647170
1020.139, 0.3310850
1020.622, 0.7048490
1021.104, 0.2171940
1021.586, 0.7012710
1022.068, 0.3132100
1022.550, 0.7331090
1023.032, 1.089645
1023.514, 0.7443080
1023.996, 0.4987870
1024.478, 0.5471730
1024.961, 0.7165760
1025.443, 0.8878170
1025.925, 1.085442
1026.407, 1.442093
1026.889, 1.359077
1027.371, 1.930099
1027.853, 1.135689
1028.335, 0.4444960
1028.818, 1.8250000E-02
1029.300, 3.3859000E-02
1029.782, 0.4785230
1030.264, 1.278221
1030.746, 1.654289
1031.228, 1.602158
1031.710, 1.039597
1032.192, 0.4427720
1032.674, 1.186394
1033.156, 0.4962310
1033.639, 0.5803910
1034.121, 1.350647
1034.603, 1.778778
1035.085, 1.720718
1035.567, 1.011848
1036.049, 0.4146350
1036.531, 0.2277910
1037.013, 0.4290770
1037.496, 0.2569200
1037.978, 1.018867
1038.460, 1.188118
1038.942, 0.9278790
1039.424, 0.7325740
1039.906, 0.5910720
1040.388, 0.5534290
1040.870, 0.7016370
1041.353, 0.8350220
1041.835, 0.9760970
1042.317, 1.018890
1042.799, 0.7252040
1043.281, 0.2799450
1043.763, 0.2605820
1044.245, 0.8463970
1044.727, 1.333832
1045.209, 1.739998
1045.692, 1.985283
1046.174, 2.118782
1046.656, 2.020027
1047.138, 1.293602
1047.620, 0.2986680
1048.102, 6.0272001E-02
1048.584, 0.9216920
1049.066, 1.533821
1049.548, 1.459244
1050.031, 1.454788
1050.513, 1.980217
1050.995, 2.476334
1051.477, 2.413025
1051.959, 1.967201
1052.441, 1.614792
1052.923, 1.409340
1053.405, 1.357834
1053.888, 1.720375
1054.370, 1.902977
1054.852, 1.446213
1055.334, 0.9303590
1055.816, 0.8691250
1056.298, 1.134300
1056.780, 1.399780
1057.262, 1.635742
1057.745, 1.664757
1058.227, 1.193626
1058.709, 0.8202970
1059.191, 0.9364700
1059.673, 1.125854
1060.155, 0.9567640
1060.637, 0.5972520
1061.119, 0.4249270
1061.601, 0.4811100
1062.083, 0.9357830
1062.566, 2.436928
1063.048, 3.654877
1063.530, 3.775085
1064.012, 3.555099
1064.494, 3.617455
1064.976, 3.862335
1065.458, 3.898094
1065.940, 3.645515
1066.423, 3.652649
1066.905, 4.534431
1067.387, 5.352432
1067.869, 5.803604
1068.351, 5.989555
1068.833, 5.765320
1069.315, 5.293472
1069.797, 4.608253
1070.280, 3.798882
1070.762, 4.068794
1071.244, 7.311020
1071.726, 9.913521
1072.208, 9.527023
1072.690, 8.449486
1073.172, 8.299706
1073.654, 8.897484
1074.136, 9.797035
1074.619, 10.86411
1075.101, 11.83247
1075.583, 12.11013
1076.065, 13.10759
1076.547, 16.04886
1077.029, 19.34988
1077.511, 21.56292
1077.993, 23.52860
1078.475, 26.45267
1078.958, 30.51044
1079.440, 35.46594
1079.922, 42.05595
1080.404, 47.69711
1080.886, 50.10023
1081.368, 52.15388
1081.850, 56.40936
1082.332, 61.35867
1082.814, 64.80401
1083.297, 66.76744
1083.779, 68.67219
1084.261, 70.74017
1084.743, 73.63922
1085.225, 78.15587
1085.707, 83.05341
1086.189, 87.47279
1086.671, 91.86184
1087.154, 96.70695
1087.636, 102.0709
1088.118, 107.9093
1088.600, 114.2324
1089.082, 120.9931
1089.564, 128.2299
1090.046, 135.9214
1090.528, 145.0940
1091.010, 153.9072
1091.493, 161.5188
1091.975, 166.8529
1092.457, 168.1383
1092.939, 165.0502
1093.421, 157.0539
1093.903, 142.4509
1094.385, 124.8528
1094.867, 102.7447
1095.349, 81.37034
1095.832, 64.55311
1096.314, 51.89159
1096.796, 42.32835
1097.278, 35.66035
1097.760, 30.10383
1098.242, 25.06693
1098.724, 21.12181
1099.206, 18.81219
1099.689, 17.23907
1100.171, 16.10797
1100.653, 15.11628
1101.135, 14.10225
1101.617, 13.03902
1102.099, 11.92538
1102.581, 10.46349
1103.063, 9.472725
1103.546, 9.484795
1104.028, 9.614731
1104.510, 9.569405
1104.992, 9.274216
1105.474, 8.470863
1105.956, 7.331131
1106.438, 6.678520
1106.920, 6.939850
1107.402, 6.911850
1107.885, 6.142517
1108.367, 5.395050
1108.849, 5.009361
1109.331, 4.699791
1109.813, 4.121094
1110.295, 3.426773
1110.777, 3.089157
1111.259, 3.231644
1111.741, 3.339134
1112.224, 3.503067
1112.706, 3.451622
1113.188, 2.811363
1113.670, 2.266495
1114.152, 2.380455
1114.634, 2.828201
1115.116, 3.063271
1115.598, 3.082214
1116.081, 2.929588
1116.563, 2.628174
1117.045, 2.106621
1117.527, 1.160622
1118.009, 0.2586820
1118.491, 0.6055300
1118.973, 1.089157
1119.455, 0.5353550
1119.938, 0.8788450
1120.420, 1.460114
1120.902, 0.7237400
1121.384, 0.3631900
1121.866, 0.5795590
1122.348, 0.8273160
1122.830, 0.9007950
1123.312, 1.006569
1123.794, 1.479233
1124.276, 2.018158
1124.759, 1.524475
1125.241, 0.3755190
1125.723, 1.139446
1126.205, 0.5837860
1126.687, 0.5929410
1127.169, 2.632629
1127.651, 3.760445
1128.133, 2.490135
1128.616, 0.2765880
1129.098, 0.2069240
1129.580, 0.9290310
1130.062, 1.828773
1130.544, 2.500557
1131.026, 2.757881
1131.508, 2.562485
1131.990, 2.017120
1132.473, 1.115700
1132.955, 0.2278750
1133.437, 0.2248760
1133.919, 0.2429810
1134.401, 0.1267780
1134.883, 0.8328860
1135.365, 1.120003
1135.847, 0.9538730
1136.329, 0.6659850
1136.812, 0.3647840
1137.294, 8.7211996E-02
1137.776, 0.1858290
1138.258, 0.1692620
1138.740, 1.031685
1139.222, 2.856323
1139.704, 3.271538
1140.186, 2.573097
1140.668, 2.038612
1141.151, 1.937695
1141.633, 2.226883
1142.115, 2.870056
1142.597, 3.391579
1143.079, 3.090652
1143.561, 2.479816
1144.043, 2.627800
1144.525, 3.011375
1145.008, 2.312405
1145.490, 0.8513790
1145.972, 9.8270001E-03
1146.454, 0.1198390
1146.936, 0.6405980
1147.418, 1.284332
1147.900, 1.833076
1148.382, 2.007042
1148.865, 2.033142
1149.347, 2.206211
1149.829, 2.412437
1150.311, 2.413944
1150.793, 2.208439
1151.275, 1.950787
1151.757, 1.686543
1152.239, 1.462685
1152.721, 1.230709
1153.203, 1.136086
1153.686, 1.364666
1154.168, 1.703903
1154.650, 1.923607
1155.132, 2.076954
1155.614, 2.496449
1156.096, 3.251198
1156.578, 3.222794
1157.060, 0.7510070
1157.543, 0.5695150
1158.025, 1.438026
1158.507, 3.491283
1158.989, 3.491169
1159.471, 2.646000
1159.953, 2.444695
1160.435, 2.862251
1160.917, 3.215874
1161.400, 3.532227
1161.882, 3.644562
1162.364, 3.464211
1162.846, 3.211403
1163.328, 2.862919
1163.810, 2.558716
1164.292, 2.370689
1164.774, 2.320850
1165.256, 2.495121
1165.739, 2.916740
1166.221, 3.121231
1166.703, 3.025803
1167.185, 3.003700
1167.667, 3.071102
1168.149, 3.416859
1168.631, 4.294106
1169.113, 4.848904
1169.595, 3.949661
1170.078, 4.666153
1170.560, 2.375954
1171.042, 4.256927
1171.524, 4.475430
1172.006, 2.970272
1172.488, 2.101997
1172.970, 2.458935
1173.452, 2.997494
1173.934, 3.051956
1174.417, 2.885651
1174.899, 2.959827
1175.381, 3.062500
1175.863, 2.366196
1176.345, 2.408772
1176.827, 2.229298
1177.309, 1.721451
1177.791, 2.007523
1178.274, 1.474064
1178.756, 1.010399
1179.238, 1.375057
1179.720, 1.019852
1180.202, 1.657730
1180.684, 1.194172
1181.166, 1.210209
1181.648, 1.563240
1182.130, 2.023144
1182.613, 2.484936
1183.095, 2.838257
1183.577, 3.071228
1184.059, 2.891685
1184.541, 1.467789
1185.023, 0.3630260
1185.505, 0.5369570
1185.987, 1.307446
1186.469, 2.684929
1186.952, 3.935825
1187.434, 3.773235
1187.916, 2.169998
1188.398, 0.9601900
1188.880, 0.5147970
1189.362, 0.3247450
1189.844, 0.7004590
1190.326, 0.8403240
1190.809, 6.1096001E-02
1191.291, 0.5975300
1191.773, 0.1509360
1192.255, 1.011040
1192.737, 1.969212
1193.219, 2.748596
1193.701, 2.939995
1194.183, 2.399101
1194.666, 1.779556
1195.148, 1.121048
1195.630, 0.5435750
1196.112, 7.6145001E-02
1196.594, 3.9051000E-02
1197.076, 0.8918610
1197.558, 0.3651080
1198.040, 1.851727
1198.522, 0.3946880
1199.005, 3.7799999E-02
1199.487, 0.5368040
1199.969, 1.529037
1200.451, 2.694553
1200.933, 3.076630
1201.415, 2.133461
1201.897, 1.021515
1202.379, 1.066586
1202.861, 1.696999
1203.344, 2.201759
1203.826, 2.505573
1204.308, 2.427792
1204.790, 2.080921
1205.272, 1.674847
1205.754, 1.311550
1206.236, 1.222843
1206.718, 1.593742
1207.201, 1.983101
1207.683, 2.067120
1208.165, 2.138409
1208.647, 2.614365
1209.129, 2.989864
1209.611, 2.518093
1210.093, 1.614334
1210.575, 1.244576
1211.057, 1.550735
1211.540, 1.920929
1212.022, 2.534073
1212.504, 2.787037
1212.986, 2.485874
1213.468, 1.972366
1213.950, 1.237289
1214.432, 0.4668730
1214.914, 0.3325460
1215.396, 0.9618420
1215.879, 0.5392990
1216.361, 1.019909
1216.843, 1.795910
1217.325, 1.670231
1217.807, 1.557396
1218.289, 1.599918
1218.771, 1.601742
1219.253, 1.469341
1219.736, 1.324898
1220.218, 1.300594
1220.700, 1.328789
1221.182, 1.198368
1221.664, 1.012589
1222.146, 1.242432
1222.628, 1.719345
1223.110, 1.696835
1223.593, 1.198738
1224.075, 1.110153
1224.557, 1.809155
1225.039, 2.289791
1225.521, 1.374443
1226.003, 0.3750230
1226.485, 0.7158090
1226.967, 1.6852999E-02
1227.449, 0.8393940
1227.932, 3.6975998E-02
1228.414, 8.1809998E-02
1228.896, 0.6349450
1229.378, 0.9858780
1229.860, 0.4912610
1230.342, 0.3591690
1230.824, 1.179790
1231.306, 1.953972
1231.788, 2.798717
1232.271, 3.029179
1232.753, 1.715054
1233.235, 8.0605000E-02
1233.717, 0.1408120
1234.199, 0.7893140
1234.681, 1.073845
1235.163, 0.4472010
1235.645, 0.6584780
1236.128, 2.012196
1236.610, 2.168568
1237.092, 0.3961490
1237.574, 0.8207280
1238.056, 5.0560001E-02
1238.538, 1.735638
1239.020, 2.627430
1239.502, 2.923443
1239.984, 2.583771
1240.467, 1.889660
1240.949, 1.655064
1241.431, 1.885708
1241.913, 2.688961
1242.395, 3.836712
1242.877, 4.137962
1243.359, 2.967552
1243.841, 1.654568
1244.323, 0.8496170
1244.806, 0.6714590
1245.288, 1.874649
1245.770, 3.115948
1246.252, 2.871574
1246.734, 1.921467
1247.216, 1.734722
1247.698, 2.306374
1248.180, 2.352631
1248.662, 1.270439
1249.145, 0.7128910
1249.627, 0.9169650
1250.109, 1.437809
1250.591, 2.433617
1251.073, 3.128845
1251.555, 3.379459
1252.037, 3.401524
1252.519, 3.481579
1253.002, 3.528629
1253.484, 2.977112
1253.966, 1.851284
1254.448, 1.401203
1254.930, 1.625019
1255.412, 1.695690
1255.894, 1.456760
1256.376, 1.365181
1256.859, 1.663776
1257.341, 2.144550
1257.823, 2.841377
1258.305, 3.259941
1258.787, 2.175484
1259.269, 0.7711070
1259.751, 0.7393680
1260.233, 1.487694
1260.715, 2.132633
1261.198, 2.389702
1261.680, 2.029827
1262.162, 0.6314240
1262.644, 0.1640090
1263.126, 2.142967
1263.608, 3.400406
1264.090, 2.257351
1264.572, 1.056667
1265.054, 1.170723
1265.537, 1.719692
1266.019, 1.776161
1266.501, 1.533730
1266.983, 1.667767
1267.465, 2.243313
1267.947, 2.449032
1268.429, 2.263187
1268.911, 2.040257
1269.394, 1.836205
1269.876, 1.486694
1270.358, 0.9225230
1270.840, 0.4022180
1271.322, 0.1245920
1271.804, 0.1391870
1272.286, 0.7661740
1272.768, 1.559925
1273.250, 1.674427
1273.733, 1.436169
1274.215, 1.448582
1274.697, 1.674683
1275.179, 1.848877
1275.661, 1.873741
1276.143, 1.671326
1276.625, 0.9947740
1277.107, 0.5153880
1277.589, 0.5854530
1278.072, 0.7233280
1278.554, 0.4467200
1279.036, 0.4291950
1279.518, 1.721519
1280.000, 3.259998
1280.482, 2.994785
1280.964, 3.361118
1281.446, 3.308617
1281.929, 2.206455
1282.411, 2.331097
1282.893, 0.9055710
1283.375, 2.9921999E-02
1283.857, 2.4848999E-02
1284.339, 0.7256930
1284.821, 2.136570
1285.303, 2.308800
1285.786, 1.667656
1286.268, 0.0000000E+00
##END=



