##NAMES=Senegalite
##RRUFFID=R050239
##IDEAL CHEMISTRY=Al_2_PO_4_(OH)_3_&#183;H_2_O
##LOCALITY=Kourondicko iron ore (magnetite) deposit, Faleme River Basin, Senegal
##OWNER=RRUFF
##SOURCE=Marcus Origlieri
##DESCRIPTION=Colorless prismatic crystals
##STATUS=The identification of this mineral has been confirmed by X-ray diffraction and chemical analysis
##URL=rruff.info/R050239
##MEASURED CHEMISTRY=Al_2.00_P_1.00_O_4_(OH)_3_·H_2_O
123.1552, 0.0000000E+00
123.6373, 2.303894
124.1194, 0.1877440
124.6016, 1.055725
125.0837, 0.4884640
125.5658, 1.907715
126.0479, 6.030457
126.5300, 11.70599
127.0121, 19.33002
127.4943, 28.92896
127.9764, 40.52838
128.4585, 54.77252
128.9406, 70.84479
129.4227, 89.74445
129.9048, 113.0977
130.3869, 140.8958
130.8691, 172.8876
131.3512, 211.3534
131.8333, 255.0707
132.3154, 297.0536
132.7975, 336.7008
133.2796, 372.7404
133.7618, 397.6583
134.2439, 408.4351
134.7260, 402.4256
135.2081, 382.1668
135.6902, 350.7349
136.1723, 317.6565
136.6545, 286.3457
137.1366, 256.8795
137.6187, 230.4879
138.1008, 206.7729
138.5829, 186.1810
139.0650, 169.6364
139.5472, 157.4814
140.0293, 147.5110
140.5114, 138.2993
140.9935, 129.4526
141.4756, 122.8790
141.9577, 118.4551
142.4399, 116.2784
142.9220, 117.0120
143.4041, 121.3498
143.8862, 127.2438
144.3683, 134.0905
144.8504, 143.5693
145.3326, 150.0439
145.8147, 153.5452
146.2968, 153.9038
146.7789, 148.2251
147.2610, 133.1132
147.7431, 115.4076
148.2253, 99.55225
148.7074, 84.90094
149.1895, 73.08459
149.6716, 65.05908
150.1537, 60.85175
150.6358, 56.82544
151.1180, 52.44745
151.6001, 48.53400
152.0822, 45.79480
152.5643, 45.14215
153.0464, 44.63715
153.5285, 43.99854
154.0107, 43.18530
154.4928, 42.54089
154.9749, 42.39026
155.4570, 42.31927
155.9391, 41.91797
156.4212, 40.18311
156.9034, 39.02429
157.3855, 39.33630
157.8676, 41.57458
158.3497, 43.01538
158.8318, 41.87756
159.3139, 40.00476
159.7961, 39.74634
160.2782, 42.08997
160.7603, 45.80273
161.2424, 50.44006
161.7245, 55.96814
162.2066, 62.22742
162.6888, 67.71436
163.1709, 74.02747
163.6530, 83.76733
164.1351, 98.86182
164.6172, 116.9331
165.0993, 138.0830
165.5815, 164.8845
166.0636, 187.1327
166.5457, 203.9276
167.0278, 212.9424
167.5099, 209.2656
167.9920, 181.0355
168.4742, 144.6356
168.9563, 112.3384
169.4384, 85.75171
169.9205, 64.46582
170.4026, 49.26514
170.8847, 39.23376
171.3669, 32.12390
171.8490, 27.62854
172.3311, 25.02429
172.8132, 23.57056
173.2953, 23.13184
173.7774, 23.78723
174.2596, 25.63562
174.7417, 28.63208
175.2238, 32.63940
175.7059, 38.99744
176.1880, 45.89343
176.6701, 50.58887
177.1523, 51.89417
177.6344, 51.58215
178.1165, 51.42749
178.5986, 51.38843
179.0807, 51.21680
179.5628, 50.30457
180.0450, 49.16370
180.5271, 48.85608
181.0092, 49.02869
181.4913, 49.97949
181.9734, 51.13782
182.4555, 52.50061
182.9377, 53.73083
183.4198, 53.62488
183.9019, 53.05005
184.3840, 54.84167
184.8661, 61.29553
185.3482, 69.26282
185.8304, 72.58557
186.3125, 71.21875
186.7946, 68.32568
187.2767, 66.02100
187.7588, 64.33655
188.2409, 63.36975
188.7231, 62.61597
189.2052, 62.84900
189.6873, 66.32214
190.1694, 73.18152
190.6515, 81.79761
191.1336, 91.28357
191.6158, 101.4956
192.0979, 111.4192
192.5800, 121.2761
193.0621, 130.6235
193.5442, 138.4489
194.0263, 144.8910
194.5085, 148.1417
194.9906, 145.0472
195.4727, 136.0134
195.9548, 128.2681
196.4369, 123.6582
196.9190, 121.8809
197.4012, 121.6350
197.8833, 122.7941
198.3654, 125.5889
198.8475, 129.8727
199.3296, 135.5619
199.8117, 144.2627
200.2939, 156.7130
200.7760, 172.6495
201.2581, 190.4984
201.7402, 210.1262
202.2223, 231.8667
202.7044, 258.0725
203.1866, 289.6583
203.6687, 316.7067
204.1508, 338.8240
204.6329, 355.4396
205.1150, 355.3240
205.5971, 336.2087
206.0793, 305.3553
206.5614, 268.5922
207.0435, 224.5784
207.5256, 182.8276
208.0077, 145.2941
208.4898, 111.9874
208.9720, 84.48560
209.4541, 63.47266
209.9362, 47.03333
210.4183, 32.91882
210.9004, 21.01208
211.3825, 12.27710
211.8647, 7.626953
212.3468, 7.136597
212.8289, 5.822876
213.3110, 3.246948
213.7931, 0.4926760
214.2752, 1.087891
214.7574, 1.223267
215.2395, 0.9730220
215.7216, 0.6495360
216.2037, 0.2747800
216.6858, 0.9378660
217.1679, 3.405518
217.6500, 6.208740
218.1322, 7.904907
218.6143, 7.486328
219.0964, 8.635010
219.5785, 12.87891
220.0606, 20.49976
220.5427, 25.68579
221.0249, 27.21387
221.5070, 27.62073
221.9891, 29.63464
222.4712, 33.34253
222.9533, 38.56738
223.4354, 45.56824
223.9176, 54.59509
224.3997, 62.59680
224.8818, 69.08459
225.3639, 75.17627
225.8460, 82.28101
226.3281, 90.80737
226.8103, 99.34058
227.2924, 106.7725
227.7745, 112.9961
228.2566, 122.9417
228.7387, 138.5640
229.2208, 155.8414
229.7030, 170.2146
230.1851, 180.6965
230.6672, 190.5194
231.1493, 200.2900
231.6314, 210.0177
232.1135, 219.4308
232.5957, 229.0887
233.0778, 237.8395
233.5599, 244.7841
234.0420, 251.2761
234.5241, 253.2732
235.0062, 249.5286
235.4884, 240.0709
235.9705, 227.9738
236.4526, 211.7983
236.9347, 194.3243
237.4168, 177.6490
237.8989, 160.4792
238.3811, 146.6881
238.8632, 137.4242
239.3453, 132.6273
239.8274, 129.3965
240.3095, 128.5583
240.7916, 128.3123
241.2738, 127.3705
241.7559, 126.4344
242.2380, 123.3794
242.7201, 117.5289
243.2022, 108.9929
243.6843, 100.1282
244.1665, 91.03784
244.6486, 81.47864
245.1307, 71.10742
245.6128, 59.14221
246.0949, 47.99792
246.5770, 37.90955
247.0592, 28.88452
247.5413, 20.99841
248.0234, 14.68188
248.5055, 9.033936
248.9876, 3.491211
249.4697, 2.153198
249.9519, 7.447876
250.4340, 12.93518
250.9161, 18.21887
251.3982, 20.45740
251.8803, 17.85889
252.3624, 14.74866
252.8446, 14.03967
253.3267, 17.04883
253.8088, 19.34399
254.2909, 20.67712
254.7730, 21.04407
255.2551, 20.37476
255.7373, 18.36633
256.2194, 15.80078
256.7015, 13.00354
257.1836, 9.611816
257.6657, 6.872803
258.1478, 4.917358
258.6299, 3.622437
259.1121, 2.673828
259.5942, 2.460693
260.0763, 1.858521
260.5584, 0.1566160
261.0405, 3.092407
261.5226, 5.992310
262.0048, 8.504272
262.4869, 10.64404
262.9690, 12.35327
263.4511, 13.12500
263.9332, 14.51514
264.4153, 17.33179
264.8975, 22.03589
265.3796, 26.37061
265.8617, 30.08154
266.3438, 33.67407
266.8259, 38.27991
267.3080, 44.09131
267.7902, 50.26807
268.2723, 55.87915
268.7544, 60.54163
269.2365, 68.08752
269.7186, 78.70972
270.2007, 91.94531
270.6829, 106.9854
271.1650, 123.8015
271.6471, 142.4379
272.1292, 162.9045
272.6113, 185.2501
273.0934, 208.1635
273.5756, 232.4779
274.0577, 255.4932
274.5398, 274.8915
275.0219, 291.0134
275.5040, 301.0883
275.9861, 304.2686
276.4683, 300.6432
276.9504, 290.6420
277.4325, 273.3225
277.9146, 252.0844
278.3967, 228.8116
278.8788, 202.9299
279.3610, 181.1943
279.8431, 165.7169
280.3252, 155.9249
280.8073, 148.0911
281.2894, 142.0121
281.7715, 138.7296
282.2537, 139.7668
282.7358, 145.1909
283.2179, 151.6614
283.7000, 158.5786
284.1821, 166.1251
284.6642, 174.4152
285.1464, 183.3813
285.6285, 193.9426
286.1106, 206.8231
286.5927, 221.9734
287.0748, 238.6672
287.5569, 256.5996
288.0391, 276.3730
288.5212, 298.8036
289.0033, 323.9713
289.4854, 351.8435
289.9675, 383.2990
290.4496, 417.9567
290.9318, 453.2606
291.4139, 490.1436
291.8960, 525.5217
292.3781, 555.2382
292.8602, 579.3925
293.3423, 596.0140
293.8245, 605.7935
294.3066, 607.5708
294.7887, 596.1974
295.2708, 570.4481
295.7529, 536.3876
296.2350, 498.3243
296.7172, 457.4241
297.1993, 418.6469
297.6814, 382.6025
298.1635, 350.1239
298.6456, 323.6226
299.1277, 303.0410
299.6099, 287.3093
300.0920, 276.9624
300.5741, 270.9277
301.0562, 266.9454
301.5383, 266.1843
302.0204, 265.8159
302.5026, 262.0542
302.9847, 254.9004
303.4668, 244.9235
303.9489, 230.8541
304.4310, 214.5275
304.9131, 198.4969
305.3953, 182.9740
305.8774, 168.8826
306.3595, 156.9481
306.8416, 147.3246
307.3237, 140.4010
307.8058, 137.9941
308.2880, 138.0505
308.7701, 138.0610
309.2522, 137.3842
309.7343, 137.5380
310.2164, 139.3290
310.6985, 142.6249
311.1807, 147.1167
311.6628, 154.5358
312.1449, 162.3173
312.6270, 167.9529
313.1091, 170.8969
313.5912, 172.8198
314.0734, 173.9331
314.5555, 174.7637
315.0376, 176.3199
315.5197, 179.1418
316.0018, 182.5861
316.4839, 186.1805
316.9661, 189.8650
317.4482, 193.7250
317.9303, 197.3983
318.4124, 201.4657
318.8945, 206.6632
319.3766, 212.9049
319.8588, 220.3928
320.3409, 229.7438
320.8230, 240.9683
321.3051, 251.6985
321.7872, 260.6486
322.2693, 269.1973
322.7515, 278.4369
323.2336, 287.1520
323.7157, 298.1378
324.1978, 312.4904
324.6799, 329.7637
325.1620, 348.0907
325.6442, 367.6584
326.1263, 387.8298
326.6084, 408.2970
327.0905, 429.4827
327.5726, 450.2821
328.0547, 472.9631
328.5369, 495.2307
329.0190, 511.7352
329.5011, 523.1162
329.9832, 528.0090
330.4653, 525.8838
330.9474, 516.3481
331.4296, 500.8353
331.9117, 478.2180
332.3938, 450.1301
332.8759, 418.5121
333.3580, 380.3824
333.8401, 343.0273
334.3223, 308.0728
334.8044, 275.2800
335.2865, 246.2523
335.7686, 221.4193
336.2507, 199.6016
336.7328, 180.2909
337.2150, 163.3276
337.6971, 149.6183
338.1792, 139.7074
338.6613, 133.0702
339.1434, 126.3792
339.6255, 119.1310
340.1076, 113.0493
340.5898, 109.4713
341.0719, 108.6504
341.5540, 107.5029
342.0361, 106.2903
342.5182, 104.5643
343.0003, 100.5145
343.4825, 93.93750
343.9646, 85.77795
344.4467, 75.80176
344.9288, 64.43005
345.4109, 54.59448
345.8930, 46.65576
346.3752, 39.81982
346.8573, 32.91028
347.3394, 25.95349
347.8215, 20.20874
348.3036, 16.42126
348.7857, 14.21960
349.2679, 12.85657
349.7500, 12.39172
350.2321, 11.78540
350.7142, 9.309570
351.1963, 5.817261
351.6784, 3.822266
352.1606, 4.480835
352.6427, 6.542603
353.1248, 8.659790
353.6069, 10.79663
354.0890, 12.56689
354.5711, 13.25366
355.0533, 13.55176
355.5354, 14.41162
356.0175, 15.96973
356.4996, 18.25635
356.9817, 21.65942
357.4638, 25.86609
357.9460, 30.11816
358.4281, 33.65588
358.9102, 37.33691
359.3923, 42.05957
359.8744, 48.04370
360.3565, 53.74536
360.8387, 56.66748
361.3208, 59.21094
361.8029, 64.33215
362.2850, 76.95251
362.7671, 88.79163
363.2492, 95.23206
363.7314, 96.67090
364.2135, 99.06238
364.6956, 105.5974
365.1777, 113.0201
365.6598, 119.1008
366.1419, 124.4448
366.6241, 127.1893
367.1062, 125.6066
367.5883, 120.9945
368.0704, 117.1329
368.5525, 115.5952
369.0346, 113.9586
369.5168, 111.2560
369.9989, 106.9825
370.4810, 102.7833
370.9631, 98.96155
371.4452, 95.08215
371.9273, 90.41296
372.4095, 83.55591
372.8916, 78.05273
373.3737, 75.01843
373.8558, 74.54077
374.3379, 73.23718
374.8200, 70.04285
375.3022, 67.44531
375.7843, 68.07263
376.2664, 73.43542
376.7485, 76.93799
377.2306, 77.40674
377.7127, 75.59473
378.1949, 73.99109
378.6770, 72.78857
379.1591, 71.02844
379.6412, 67.62939
380.1233, 62.53564
380.6054, 59.39111
381.0876, 58.89563
381.5697, 58.93457
382.0518, 56.09058
382.5339, 50.53577
383.0160, 44.82507
383.4981, 39.61755
383.9803, 35.08313
384.4624, 32.23193
384.9445, 31.11780
385.4266, 30.23572
385.9087, 28.21680
386.3908, 25.38489
386.8730, 22.57434
387.3551, 20.06958
387.8372, 17.55493
388.3193, 14.57532
388.8014, 11.22388
389.2835, 7.847290
389.7657, 4.636597
390.2478, 1.521484
390.7299, 1.528809
391.2120, 4.508789
391.6941, 7.475586
392.1762, 11.37122
392.6584, 15.11243
393.1405, 17.04028
393.6226, 14.43994
394.1047, 11.61890
394.5868, 11.19971
395.0689, 13.18127
395.5511, 14.74365
396.0332, 14.63135
396.5153, 13.84094
396.9974, 13.13745
397.4795, 13.75269
397.9616, 13.21106
398.4438, 9.829346
398.9259, 4.762695
399.4080, 1.639404
399.8901, 3.125854
400.3722, 4.571655
400.8543, 4.320557
401.3365, 1.999756
401.8186, 1.054077
402.3007, 6.363647
402.7828, 11.47156
403.2649, 13.03076
403.7470, 8.597656
404.2292, 5.264160
404.7113, 4.781372
405.1934, 6.878052
405.6755, 8.404053
406.1576, 9.082520
406.6397, 9.783691
407.1219, 11.25818
407.6040, 13.64514
408.0861, 15.64966
408.5682, 17.00183
409.0503, 18.18433
409.5324, 20.19543
410.0146, 23.06458
410.4967, 26.37830
410.9788, 29.98926
411.4609, 33.86743
411.9430, 38.13062
412.4251, 42.83777
412.9073, 47.57581
413.3894, 52.21045
413.8715, 56.65576
414.3536, 60.54187
414.8357, 63.40686
415.3178, 66.09314
415.8000, 69.79309
416.2821, 74.32007
416.7642, 78.67810
417.2463, 81.98596
417.7284, 84.94800
418.2105, 88.44897
418.6927, 92.95886
419.1748, 96.82568
419.6569, 98.73254
420.1390, 99.51221
420.6211, 100.3699
421.1032, 100.1293
421.5854, 101.6288
422.0675, 107.2581
422.5496, 116.8843
423.0317, 125.0243
423.5138, 128.7852
423.9959, 131.5841
424.4781, 135.7186
424.9602, 141.5413
425.4423, 148.4854
425.9244, 157.5253
426.4065, 167.6360
426.8886, 176.4796
427.3708, 182.4027
427.8529, 189.2435
428.3350, 198.3340
428.8171, 209.9771
429.2992, 221.8397
429.7813, 234.1179
430.2635, 246.3258
430.7456, 257.9830
431.2277, 268.7590
431.7098, 280.0985
432.1919, 292.2152
432.6740, 305.0547
433.1562, 318.4425
433.6383, 332.3499
434.1204, 346.8726
434.6025, 361.6670
435.0846, 376.9467
435.5667, 394.4889
436.0489, 414.8757
436.5310, 435.9119
437.0131, 454.3108
437.4952, 470.9218
437.9773, 488.4615
438.4594, 509.1125
438.9415, 530.3210
439.4236, 548.8042
439.9058, 564.8108
440.3879, 579.3127
440.8700, 594.2634
441.3521, 607.6676
441.8342, 617.1509
442.3163, 621.6791
442.7985, 624.1807
443.2806, 626.2975
443.7627, 627.4900
444.2448, 626.9451
444.7269, 625.5656
445.2090, 621.2615
445.6912, 612.6642
446.1733, 599.7241
446.6554, 585.2938
447.1375, 568.9351
447.6196, 551.9781
448.1017, 535.2133
448.5839, 518.0833
449.0660, 501.8510
449.5481, 486.8782
450.0302, 472.7587
450.5123, 458.9233
450.9944, 445.9894
451.4766, 433.0623
451.9587, 419.4132
452.4408, 404.6768
452.9229, 392.1747
453.4050, 382.1914
453.8871, 373.5853
454.3693, 365.1062
454.8514, 356.6782
455.3335, 349.1522
455.8156, 342.4441
456.2977, 337.2834
456.7798, 334.5593
457.2620, 334.1646
457.7441, 336.2625
458.2262, 342.3003
458.7083, 350.9354
459.1904, 359.0586
459.6725, 366.4661
460.1547, 374.3716
460.6368, 383.5819
461.1189, 394.4349
461.6010, 407.2069
462.0831, 421.8206
462.5652, 438.0967
463.0474, 456.1172
463.5295, 475.8895
464.0116, 496.9106
464.4937, 518.8442
464.9758, 541.7059
465.4579, 565.2150
465.9401, 589.1738
466.4222, 614.0688
466.9043, 640.2349
467.3864, 667.2031
467.8685, 694.5051
468.3506, 723.6875
468.8328, 751.0480
469.3149, 775.5349
469.7970, 797.9199
470.2791, 821.3639
470.7612, 846.8010
471.2433, 871.0212
471.7255, 892.3121
472.2076, 910.2551
472.6897, 930.1565
473.1718, 953.0469
473.6539, 976.0868
474.1360, 995.8176
474.6182, 1012.030
475.1003, 1029.618
475.5824, 1049.965
476.0645, 1072.053
476.5466, 1094.203
477.0287, 1116.318
477.5109, 1136.069
477.9930, 1153.739
478.4751, 1167.627
478.9572, 1175.577
479.4393, 1177.740
479.9214, 1170.339
480.4036, 1150.168
480.8857, 1118.411
481.3678, 1076.634
481.8499, 1022.593
482.3320, 961.7375
482.8141, 895.2866
483.2963, 824.6093
483.7784, 754.4448
484.2605, 683.8845
484.7426, 617.3745
485.2247, 557.3529
485.7068, 505.3601
486.1890, 456.7678
486.6711, 409.7957
487.1532, 366.7458
487.6353, 329.2782
488.1174, 299.4789
488.5995, 273.1940
489.0817, 250.1003
489.5638, 230.3060
490.0459, 213.6831
490.5280, 200.5374
491.0101, 189.6531
491.4922, 180.5472
491.9744, 173.1520
492.4565, 167.3790
492.9386, 163.4265
493.4207, 159.8525
493.9028, 154.9749
494.3849, 148.9849
494.8671, 143.5164
495.3492, 139.0126
495.8313, 134.9178
496.3134, 130.1071
496.7955, 124.9108
497.2776, 120.4460
497.7598, 118.7858
498.2419, 117.4352
498.7240, 113.3900
499.2061, 106.5227
499.6882, 99.78979
500.1703, 95.28064
500.6525, 91.58923
501.1346, 87.33838
501.6167, 81.13708
502.0988, 75.90259
502.5809, 73.32166
503.0630, 72.15857
503.5452, 69.90405
504.0273, 65.51038
504.5094, 60.62939
504.9915, 55.27124
505.4736, 49.36218
505.9557, 44.83020
506.4379, 42.23132
506.9200, 40.24719
507.4021, 38.01196
507.8842, 35.44714
508.3663, 32.99792
508.8484, 30.84082
509.3306, 28.60925
509.8127, 25.72058
510.2948, 22.22327
510.7769, 18.19141
511.2590, 13.12207
511.7411, 7.888550
512.2233, 4.830200
512.7054, 3.811890
513.1875, 3.372314
513.6696, 2.611816
514.1517, 1.723877
514.6339, 1.023071
515.1160, 0.5974120
515.5981, 4.2969000E-02
516.0802, 1.498901
516.5623, 3.208252
517.0444, 3.984375
517.5266, 1.757324
518.0087, 0.3247070
518.4908, 1.951782
518.9729, 5.836548
519.4550, 8.244507
519.9371, 6.888916
520.4193, 5.434082
520.9014, 5.409424
521.3835, 7.263916
521.8656, 8.619385
522.3477, 9.432739
522.8298, 9.788940
523.3120, 9.606689
523.7941, 8.674438
524.2762, 8.248169
524.7583, 8.697388
525.2404, 9.502319
525.7225, 9.177246
526.2047, 7.724243
526.6868, 6.836304
527.1689, 8.276001
527.6510, 10.70312
528.1331, 10.09766
528.6152, 6.525513
529.0974, 3.058594
529.5795, 2.855591
530.0616, 3.950195
530.5437, 3.283691
531.0258, 0.5681150
531.5079, 3.878784
531.9901, 2.908813
532.4722, 0.2630620
532.9543, 2.2583000E-02
533.4364, 6.190552
533.9185, 12.04395
534.4006, 14.57080
534.8828, 14.18188
535.3649, 15.60938
535.8470, 20.42615
536.3291, 25.94727
536.8112, 31.29883
537.2933, 36.79578
537.7755, 40.54810
538.2576, 41.60986
538.7397, 42.16406
539.2218, 44.82068
539.7039, 49.75793
540.1860, 54.50952
540.6682, 58.70544
541.1503, 62.27893
541.6324, 64.97900
542.1145, 66.86060
542.5966, 68.58557
543.0787, 70.80225
543.5609, 72.97351
544.0430, 74.02502
544.5251, 74.00671
545.0072, 73.92957
545.4893, 74.34668
545.9714, 75.16553
546.4536, 76.50488
546.9357, 78.95520
547.4178, 80.45593
547.8999, 78.98718
548.3820, 76.40601
548.8641, 75.27454
549.3463, 78.16504
549.8284, 80.19312
550.3105, 79.50269
550.7926, 76.85986
551.2747, 76.46655
551.7568, 79.46960
552.2390, 82.84875
552.7211, 85.62268
553.2032, 87.89734
553.6853, 87.86279
554.1674, 84.91199
554.6495, 81.54407
555.1317, 80.32080
555.6138, 81.04736
556.0959, 82.14478
556.5780, 83.39294
557.0601, 84.85889
557.5422, 87.03088
558.0244, 89.57239
558.5065, 91.47681
558.9886, 92.11121
559.4707, 92.01941
559.9528, 91.16138
560.4349, 89.74841
560.9171, 89.04224
561.3992, 90.07788
561.8813, 91.63147
562.3634, 92.95398
562.8455, 93.91431
563.3276, 94.69263
563.8098, 95.12891
564.2919, 95.42200
564.7740, 95.79199
565.2561, 96.48999
565.7382, 96.63489
566.2203, 95.96741
566.7025, 94.78406
567.1846, 93.81750
567.6667, 93.08887
568.1488, 92.54089
568.6309, 92.42480
569.1130, 92.48071
569.5952, 91.42078
570.0773, 89.28528
570.5594, 87.41772
571.0415, 87.15833
571.5236, 87.72034
572.0057, 87.76270
572.4879, 87.06067
572.9700, 86.30127
573.4521, 86.39441
573.9342, 86.48035
574.4163, 85.54211
574.8984, 81.06494
575.3806, 78.31982
575.8627, 80.01733
576.3448, 84.31958
576.8269, 86.46814
577.3090, 84.19763
577.7911, 82.34363
578.2733, 82.14722
578.7554, 83.48560
579.2375, 84.74487
579.7196, 85.97974
580.2017, 87.11353
580.6838, 87.72864
581.1660, 87.86572
581.6481, 89.80688
582.1302, 93.94067
582.6123, 98.40283
583.0944, 100.7100
583.5765, 101.5872
584.0587, 102.9091
584.5408, 104.9493
585.0229, 107.7941
585.5050, 112.4683
585.9871, 118.3160
586.4692, 123.3691
586.9513, 126.2145
587.4334, 128.3529
587.9155, 129.5593
588.3976, 130.1714
588.8798, 133.6406
589.3619, 143.7576
589.8440, 153.9241
590.3261, 160.6368
590.8082, 162.3735
591.2903, 165.7152
591.7725, 171.4324
592.2546, 177.6003
592.7367, 182.0668
593.2188, 184.6410
593.7009, 187.2729
594.1830, 190.3695
594.6652, 193.4528
595.1473, 195.8517
595.6294, 197.6212
596.1115, 199.0245
596.5936, 200.1753
597.0757, 201.0590
597.5579, 201.4222
598.0400, 201.4191
598.5221, 201.7936
599.0042, 203.6709
599.4863, 205.5687
599.9684, 206.4683
600.4506, 206.1586
600.9327, 205.5659
601.4148, 204.2473
601.8969, 203.1820
602.3790, 203.1610
602.8611, 204.8124
603.3433, 206.4099
603.8254, 208.0526
604.3075, 209.4945
604.7896, 210.0221
605.2717, 209.3899
605.7538, 209.5386
606.2360, 211.1384
606.7181, 213.5925
607.2002, 215.4977
607.6823, 216.8336
608.1644, 218.0559
608.6465, 218.6597
609.1287, 219.8401
609.6108, 223.6179
610.0929, 229.8257
610.5750, 235.6909
611.0571, 239.0513
611.5392, 241.8248
612.0214, 245.4519
612.5035, 250.2512
612.9856, 255.7827
613.4677, 262.4384
613.9498, 269.6302
614.4319, 276.8324
614.9141, 284.2068
615.3962, 291.4044
615.8783, 298.1760
616.3604, 304.9181
616.8425, 312.4580
617.3246, 320.8334
617.8068, 329.2788
618.2889, 337.8516
618.7710, 345.8973
619.2531, 351.0155
619.7352, 353.5637
620.2173, 356.2543
620.6995, 362.9709
621.1816, 369.6506
621.6637, 370.9084
622.1458, 366.3716
622.6279, 360.9733
623.1100, 357.5581
623.5922, 354.1692
624.0743, 349.1486
624.5564, 341.1238
625.0385, 333.6442
625.5206, 327.5481
626.0027, 321.9580
626.4849, 315.9305
626.9670, 309.2438
627.4491, 302.9100
627.9312, 297.4872
628.4133, 292.2402
628.8954, 284.8812
629.3776, 275.3365
629.8597, 266.1871
630.3418, 258.5964
630.8239, 251.9342
631.3060, 244.8402
631.7881, 237.5929
632.2703, 231.3127
632.7524, 227.4202
633.2345, 224.0739
633.7166, 219.8271
634.1987, 214.6031
634.6808, 208.7355
635.1630, 201.9523
635.6451, 194.8011
636.1272, 187.6202
636.6093, 180.2418
637.0914, 173.2493
637.5735, 166.5250
638.0557, 160.3485
638.5378, 155.5417
639.0199, 152.5105
639.5020, 148.3411
639.9841, 142.3563
640.4662, 135.2040
640.9484, 127.2549
641.4305, 118.8540
641.9126, 111.9642
642.3947, 108.0300
642.8768, 105.6021
643.3589, 102.8733
643.8411, 100.0177
644.3232, 97.87146
644.8053, 98.01111
645.2874, 98.01965
645.7695, 96.20300
646.2516, 92.24988
646.7338, 88.57141
647.2159, 85.97449
647.6980, 83.36316
648.1801, 80.15332
648.6622, 76.05212
649.1443, 72.11230
649.6265, 68.41589
650.1086, 64.66406
650.5907, 60.93384
651.0728, 57.10608
651.5549, 51.41541
652.0370, 42.87097
652.5192, 34.22375
653.0013, 30.31250
653.4834, 29.41724
653.9655, 27.50244
654.4476, 21.07886
654.9297, 14.99939
655.4119, 13.17896
655.8940, 14.27063
656.3761, 14.10547
656.8582, 10.43628
657.3403, 6.378174
657.8224, 2.577148
658.3046, 0.9027100
658.7867, 3.070190
659.2688, 3.440552
659.7509, 3.445190
660.2330, 3.778198
660.7151, 4.445679
661.1973, 5.297241
661.6794, 6.367065
662.1615, 7.394653
662.6436, 8.230835
663.1257, 8.831787
663.6078, 9.170654
664.0900, 9.296143
664.5721, 8.847778
665.0542, 7.022217
665.5363, 4.659180
666.0184, 2.808594
666.5005, 2.574707
666.9827, 1.804321
667.4648, 0.6527100
667.9469, 3.825439
668.4290, 5.714722
668.9111, 4.844604
669.3932, 5.488770
669.8754, 8.836548
670.3575, 14.05261
670.8396, 18.52710
671.3217, 22.21204
671.8038, 25.65308
672.2859, 29.62170
672.7681, 33.27539
673.2502, 34.24646
673.7323, 32.92493
674.2144, 32.14148
674.6965, 35.41138
675.1786, 38.93738
675.6608, 38.88672
676.1429, 34.71558
676.6250, 31.37512
677.1071, 31.83789
677.5892, 32.57336
678.0714, 31.09558
678.5535, 26.28894
679.0356, 22.38159
679.5177, 19.84692
679.9998, 17.60449
680.4819, 14.16870
680.9641, 9.434448
681.4462, 6.555542
681.9283, 6.300293
682.4104, 6.840942
682.8925, 5.688843
683.3746, 3.370972
683.8568, 1.310303
684.3389, 8.8013001E-02
684.8210, 0.9461670
685.3031, 2.615479
685.7852, 4.344604
686.2673, 5.129761
686.7495, 4.119751
687.2316, 2.699585
687.7137, 0.6876220
688.1958, 1.533569
688.6779, 2.120117
689.1600, 7.9590000E-02
689.6422, 1.381226
690.1243, 1.040283
690.6064, 0.9150390
691.0885, 3.677734
691.5706, 7.311768
692.0527, 10.11328
692.5349, 9.848755
693.0170, 8.400391
693.4991, 9.005371
693.9812, 11.86475
694.4633, 15.34253
694.9454, 19.26660
695.4276, 22.85071
695.9097, 25.23694
696.3918, 25.29358
696.8739, 26.35522
697.3560, 29.58386
697.8381, 33.76843
698.3203, 38.16040
698.8024, 43.14038
699.2845, 47.17859
699.7666, 49.86548
700.2487, 51.73877
700.7308, 53.97449
701.2130, 56.55554
701.6951, 58.99524
702.1772, 61.12817
702.6593, 63.34216
703.1414, 66.54590
703.6235, 70.11719
704.1057, 72.75024
704.5878, 73.15637
705.0699, 73.31482
705.5520, 74.13843
706.0341, 75.36755
706.5162, 76.12158
706.9984, 75.92834
707.4805, 75.98218
707.9626, 77.01929
708.4447, 78.43115
708.9268, 77.19897
709.4089, 73.02393
709.8911, 68.75354
710.3732, 65.73279
710.8553, 63.71313
711.3374, 62.37988
711.8195, 61.62659
712.3016, 60.64087
712.7838, 58.81323
713.2659, 56.59265
713.7480, 54.17859
714.2301, 51.54272
714.7122, 49.33191
715.1943, 48.85132
715.6765, 47.94849
716.1586, 45.22522
716.6407, 39.79102
717.1228, 35.11755
717.6049, 31.27771
718.0870, 28.30310
718.5692, 26.33936
719.0513, 25.32922
719.5334, 25.03809
720.0155, 25.63733
720.4976, 25.87537
720.9797, 24.14600
721.4619, 21.22314
721.9440, 18.30371
722.4261, 15.49719
722.9082, 13.49292
723.3903, 13.19434
723.8724, 13.62170
724.3546, 13.44031
724.8367, 11.83423
725.3188, 10.59314
725.8009, 9.507690
726.2830, 8.877319
726.7651, 9.689453
727.2473, 12.19116
727.7294, 13.53125
728.2115, 12.58374
728.6936, 10.63770
729.1757, 9.931030
729.6578, 10.25378
730.1400, 10.87805
730.6221, 11.89966
731.1042, 12.72363
731.5863, 13.16199
732.0684, 13.10071
732.5505, 12.14880
733.0327, 8.981567
733.5148, 6.257324
733.9969, 4.736938
734.4790, 4.338379
734.9611, 4.674072
735.4432, 6.175903
735.9254, 6.971924
736.4075, 5.682373
736.8896, 3.024048
737.3717, 2.066650
737.8538, 2.698853
738.3359, 3.279053
738.8181, 2.083374
739.3002, 0.6470950
739.7823, 1.012207
740.2644, 3.239746
740.7465, 4.522217
741.2286, 2.023560
741.7108, 0.3444820
742.1929, 2.7222000E-02
742.6750, 3.833496
743.1571, 6.123047
743.6392, 6.441895
744.1213, 6.135986
744.6035, 6.507813
745.0856, 7.448608
745.5677, 6.822144
746.0498, 4.365723
746.5319, 1.936157
747.0140, 1.312866
747.4962, 1.776489
747.9783, 2.620605
748.4604, 4.054565
748.9425, 4.752075
749.4246, 3.072998
749.9067, 0.9031980
750.3889, 2.5269000E-02
750.8710, 1.958984
751.3531, 2.811768
751.8352, 2.379883
752.3173, 1.176147
752.7994, 0.7584230
753.2816, 3.490601
753.7637, 3.821167
754.2458, 0.7320560
754.7279, 2.733276
755.2100, 2.317749
755.6921, 0.4605710
756.1743, 2.669434
756.6564, 3.768066
757.1385, 3.476196
757.6206, 0.1838380
758.1027, 4.760376
758.5848, 6.583374
759.0670, 2.149902
759.5491, 0.7895510
760.0312, 1.127563
760.5133, 1.9531000E-02
760.9954, 0.5513920
761.4775, 0.4293210
761.9597, 0.4882810
762.4418, 1.049072
762.9239, 1.707031
763.4060, 1.788208
763.8881, 1.414551
764.3702, 0.9210210
764.8524, 0.2742920
765.3345, 0.8167720
765.8166, 0.6390380
766.2987, 3.296265
766.7808, 5.125488
767.2629, 5.816528
767.7451, 5.536011
768.2272, 3.745728
768.7093, 1.171143
769.1914, 0.2456050
769.6735, 1.132446
770.1556, 1.859253
770.6378, 1.523438
771.1199, 0.7020260
771.6020, 0.6119380
772.0841, 1.016113
772.5662, 1.056519
773.0483, 0.5518800
773.5305, 1.896362
774.0126, 1.443359
774.4947, 0.4245610
774.9768, 1.559448
775.4589, 1.064575
775.9410, 0.5985110
776.4232, 0.7347410
776.9053, 1.299561
777.3874, 1.042969
777.8695, 0.1286620
778.3516, 0.8850100
778.8337, 0.2114260
779.3159, 1.201416
779.7980, 2.170898
780.2801, 2.686035
780.7622, 2.722412
781.2443, 1.726440
781.7264, 0.7176510
782.2086, 7.2021000E-02
782.6907, 0.1497800
783.1728, 0.7208250
783.6548, 3.586792
784.1370, 6.248535
784.6191, 7.995972
785.1012, 8.825195
785.5833, 8.478394
786.0654, 6.824219
786.5475, 5.890869
787.0297, 7.813354
787.5118, 10.95569
787.9939, 12.58459
788.4760, 12.72949
788.9581, 11.95032
789.4402, 9.845825
789.9224, 7.508423
790.4045, 5.296631
790.8866, 3.219727
791.3687, 2.584351
791.8508, 4.278320
792.3329, 5.971924
792.8151, 6.441162
793.2972, 5.855347
793.7793, 6.019653
794.2614, 6.952637
794.7435, 7.753784
795.2256, 7.359009
795.7078, 6.736206
796.1899, 7.139038
796.6720, 8.551392
797.1541, 10.28003
797.6362, 13.07971
798.1183, 15.36731
798.6005, 15.95825
799.0826, 14.67688
799.5647, 13.00806
800.0468, 10.63171
800.5289, 9.071655
801.0110, 9.056885
801.4932, 10.45874
801.9753, 12.98962
802.4574, 16.60266
802.9395, 19.57556
803.4216, 20.79834
803.9037, 20.65076
804.3859, 18.99939
804.8680, 15.93237
805.3501, 13.55798
805.8322, 12.15723
806.3143, 12.04822
806.7964, 13.52295
807.2786, 16.61597
807.7607, 20.09827
808.2428, 24.49036
808.7249, 27.45959
809.2070, 25.60303
809.6891, 21.13159
810.1713, 22.42688
810.6534, 28.98523
811.1355, 34.36060
811.6176, 33.68494
812.0997, 31.07214
812.5818, 28.47961
813.0640, 25.96191
813.5461, 26.19104
814.0282, 32.50415
814.5103, 38.18201
814.9924, 40.19165
815.4745, 38.87512
815.9567, 38.34192
816.4388, 38.53125
816.9209, 39.25085
817.4030, 40.82678
817.8851, 42.68103
818.3672, 43.48596
818.8494, 43.32227
819.3315, 43.44739
819.8136, 45.18335
820.2957, 46.90588
820.7778, 47.51892
821.2599, 46.95569
821.7421, 46.94690
822.2242, 47.88354
822.7063, 48.59143
823.1884, 48.44617
823.6705, 47.74756
824.1526, 47.51978
824.6348, 47.71753
825.1169, 47.98267
825.5990, 47.94946
826.0811, 47.92212
826.5632, 48.57959
827.0453, 49.68616
827.5275, 49.82214
828.0096, 47.07434
828.4917, 44.74670
828.9738, 44.30762
829.4559, 45.43823
829.9380, 45.50903
830.4202, 44.22644
830.9023, 43.49170
831.3844, 44.77563
831.8665, 46.91626
832.3486, 46.54272
832.8307, 44.19897
833.3129, 42.55298
833.7950, 44.88330
834.2771, 46.65015
834.7592, 43.99146
835.2413, 38.09875
835.7234, 35.04944
836.2056, 36.92993
836.6877, 38.76062
837.1698, 39.45654
837.6519, 39.02893
838.1340, 36.97058
838.6161, 33.39185
839.0983, 30.87244
839.5804, 31.02600
840.0625, 32.14954
840.5446, 32.27368
841.0267, 31.78967
841.5089, 31.62769
841.9910, 33.14929
842.4731, 33.80603
842.9552, 32.14734
843.4373, 29.36426
843.9194, 28.05408
844.4016, 28.67944
844.8837, 28.74084
845.3658, 27.60583
845.8479, 25.74792
846.3300, 23.55676
846.8121, 21.31323
847.2943, 19.81274
847.7764, 19.57495
848.2585, 19.80334
848.7406, 20.60376
849.2227, 21.40503
849.7048, 21.22925
850.1870, 18.96838
850.6691, 17.54443
851.1512, 17.38318
851.6333, 17.87732
852.1154, 18.39795
852.5975, 18.86499
853.0797, 18.40344
853.5618, 16.62781
854.0439, 14.76343
854.5260, 13.92004
855.0081, 13.79102
855.4902, 13.95605
855.9724, 14.24414
856.4545, 14.98816
856.9366, 16.77222
857.4187, 18.58704
857.9008, 19.62769
858.3829, 19.86316
858.8651, 19.05542
859.3472, 16.91431
859.8293, 14.98145
860.3114, 15.41431
860.7935, 16.99182
861.2756, 17.57361
861.7578, 16.87939
862.2399, 15.56909
862.7220, 13.36243
863.2041, 10.94043
863.6862, 8.739380
864.1683, 6.722900
864.6505, 5.674194
865.1326, 6.132324
865.6147, 6.207397
866.0968, 3.869629
866.5789, 6.1039999E-03
867.0610, 1.786255
867.5432, 1.465698
868.0253, 0.2730710
868.5074, 1.820068
868.9895, 3.729126
869.4716, 4.656006
869.9537, 4.571533
870.4359, 3.721802
870.9180, 0.5095210
871.4001, 0.8505860
871.8822, 2.114136
872.3643, 8.141113
872.8464, 10.39514
873.3286, 9.082886
873.8107, 7.303955
874.2928, 6.497559
874.7749, 6.140747
875.2570, 5.468384
875.7391, 4.690430
876.2213, 4.482422
876.7034, 6.812134
877.1855, 8.202515
877.6676, 7.006592
878.1497, 4.034302
878.6318, 2.103882
879.1140, 1.411987
879.5961, 1.103149
880.0782, 1.019043
880.5603, 1.126465
881.0424, 1.527466
881.5245, 2.101074
882.0067, 2.626221
882.4888, 3.251587
882.9709, 3.537720
883.4530, 2.780396
883.9351, 1.861694
884.4172, 1.817993
884.8994, 2.671021
885.3815, 4.593994
885.8636, 8.074585
886.3457, 11.04993
886.8278, 10.16711
887.3099, 6.901245
887.7921, 4.830078
888.2742, 4.632690
888.7563, 4.989258
889.2384, 5.259644
889.7205, 5.652710
890.2026, 6.191040
890.6848, 6.642822
891.1669, 8.584473
891.6490, 12.90479
892.1311, 16.57202
892.6132, 16.91125
893.0953, 14.96790
893.5775, 13.97546
894.0596, 13.78040
894.5417, 13.19775
895.0238, 10.12158
895.5059, 7.452515
895.9880, 8.037476
896.4702, 11.75647
896.9523, 13.92371
897.4344, 13.48657
897.9165, 12.77600
898.3986, 12.69824
898.8807, 12.96204
899.3629, 12.22156
899.8450, 10.65405
900.3271, 9.686768
900.8092, 10.66467
901.2913, 11.87720
901.7734, 11.55811
902.2556, 10.26868
902.7377, 9.183228
903.2198, 8.820435
903.7019, 8.341797
904.1840, 7.477417
904.6661, 6.743774
905.1483, 7.292603
905.6304, 9.232178
906.1125, 10.54175
906.5946, 10.65491
907.0767, 10.29016
907.5588, 10.10168
908.0410, 9.854736
908.5231, 9.177368
909.0052, 7.739014
909.4873, 6.841919
909.9694, 6.646362
910.4515, 6.817139
910.9337, 7.144653
911.4158, 7.625977
911.8979, 8.650146
912.3800, 10.27393
912.8621, 11.36023
913.3442, 10.12000
913.8264, 8.359375
914.3085, 8.775146
914.7906, 11.29565
915.2727, 12.31812
915.7548, 8.710693
916.2369, 5.656982
916.7191, 5.378662
917.2012, 7.141968
917.6833, 6.714355
918.1654, 4.120117
918.6475, 1.628540
919.1296, 0.1141360
919.6118, 0.7933350
920.0939, 0.8951420
920.5760, 3.936768
921.0581, 5.922729
921.5402, 5.119141
922.0223, 4.332031
922.5045, 4.139771
922.9866, 4.241821
923.4687, 4.241455
923.9508, 4.128662
924.4329, 3.745728
924.9150, 2.935425
925.3972, 2.233887
925.8793, 2.357666
926.3614, 2.857178
926.8435, 2.988159
927.3256, 2.365845
927.8077, 2.310913
928.2899, 4.182373
928.7720, 5.820435
929.2541, 5.865845
929.7362, 4.242188
930.2183, 2.650024
930.7004, 1.037231
931.1826, 0.4157710
931.6647, 2.857056
932.1468, 5.958008
932.6289, 6.768555
933.1110, 5.399536
933.5931, 2.861328
934.0753, 3.633301
934.5574, 7.412842
935.0395, 5.620850
935.5216, 1.5259000E-02
936.0037, 4.174927
936.4858, 6.929321
936.9680, 7.541260
937.4501, 5.068115
937.9322, 1.791748
938.4143, 1.7821999E-02
938.8964, 0.4481200
939.3785, 0.1737060
939.8607, 2.749756
940.3428, 4.773438
940.8249, 5.779907
941.3070, 6.065063
941.7891, 5.490234
942.2712, 3.948120
942.7534, 4.283813
943.2355, 6.841431
943.7176, 9.302734
944.1997, 9.862061
944.6818, 9.114136
945.1639, 7.347046
945.6461, 4.616089
946.1282, 2.427856
946.6103, 1.137451
947.0924, 0.5689700
947.5745, 0.8604740
948.0566, 1.871582
948.5388, 3.326538
949.0209, 5.132690
949.5030, 5.166748
949.9851, 0.8437500
950.4672, 3.921509
950.9493, 5.123901
951.4315, 3.898438
951.9136, 2.478149
952.3957, 0.6304930
952.8778, 0.1625980
953.3599, 0.7686770
953.8420, 2.136597
954.3242, 1.934692
954.8063, 0.4320070
955.2884, 0.3533940
955.7705, 0.1113280
956.2526, 0.6876220
956.7347, 3.094971
957.2169, 4.939697
957.6990, 3.492188
958.1811, 2.617676
958.6632, 5.627808
959.1453, 4.156128
959.6274, 1.818726
960.1096, 5.0415002E-02
960.5917, 1.031616
961.0738, 1.0132000E-02
961.5559, 2.594482
962.0380, 3.635376
962.5201, 1.068481
963.0023, 5.392700
963.4844, 5.090942
963.9665, 1.645386
964.4486, 1.014648
964.9307, 3.121216
965.4128, 3.275879
965.8950, 0.6641850
966.3771, 2.601196
966.8592, 3.401489
967.3413, 2.425659
967.8234, 1.419312
968.3055, 0.6932370
968.7877, 9.1918997E-02
969.2698, 0.3928220
969.7519, 0.8670650
970.2340, 1.565552
970.7161, 2.630493
971.1982, 2.663208
971.6804, 1.571167
972.1625, 3.6132999E-02
972.6446, 2.533325
973.1267, 4.959473
973.6088, 5.505981
974.0909, 4.403931
974.5731, 2.493042
975.0552, 0.7687990
975.5373, 3.724243
976.0194, 6.106934
976.5015, 7.698364
976.9836, 7.569092
977.4658, 5.552368
977.9479, 5.777710
978.4300, 9.440918
978.9121, 13.43774
979.3942, 14.22961
979.8763, 13.40796
980.3585, 13.00928
980.8406, 13.44604
981.3226, 14.25769
981.8047, 16.24426
982.2869, 17.46655
982.7690, 13.68372
983.2511, 20.13354
983.7332, 24.32715
984.2153, 26.39136
984.6974, 19.91101
985.1796, 24.45898
985.6617, 24.58423
986.1438, 24.54065
986.6259, 30.65479
987.1080, 25.42297
987.5901, 31.44226
988.0723, 32.97021
988.5544, 36.50745
989.0365, 35.56702
989.5186, 36.07800
990.0007, 41.04297
990.4828, 43.54309
990.9650, 42.17163
991.4471, 45.89465
991.9292, 40.20203
992.4113, 42.26086
992.8934, 47.88220
993.3755, 46.65393
993.8577, 50.46802
994.3398, 52.39746
994.8219, 45.75867
995.3040, 48.39026
995.7861, 50.63940
996.2682, 55.08337
996.7504, 60.91309
997.2325, 65.82715
997.7146, 67.04919
998.1967, 69.70984
998.6788, 76.68127
999.1609, 84.33875
999.6431, 86.34595
1000.125, 82.75500
1000.607, 82.50195
1001.089, 86.93774
1001.572, 93.25696
1002.054, 99.91772
1002.536, 106.4741
1003.018, 112.4967
1003.500, 117.7522
1003.982, 123.3822
1004.464, 129.6345
1004.946, 135.6910
1005.428, 140.5634
1005.911, 145.3317
1006.393, 153.7911
1006.875, 165.2751
1007.357, 176.3925
1007.839, 185.0939
1008.321, 193.7574
1008.803, 205.1294
1009.285, 217.0673
1009.768, 225.8501
1010.250, 229.5548
1010.732, 238.4026
1011.214, 253.6116
1011.696, 269.5168
1012.178, 279.9883
1012.660, 287.7976
1013.142, 297.0347
1013.624, 307.9100
1014.107, 318.7551
1014.589, 328.7826
1015.071, 338.6094
1015.553, 348.1652
1016.035, 358.0613
1016.517, 370.4479
1016.999, 384.9342
1017.481, 397.5564
1017.964, 405.4845
1018.446, 414.3018
1018.928, 430.1837
1019.410, 449.3678
1019.892, 467.2876
1020.374, 482.8921
1020.856, 497.9712
1021.338, 512.8597
1021.820, 527.4937
1022.303, 540.4432
1022.785, 552.9629
1023.267, 568.6072
1023.749, 587.0652
1024.231, 606.0205
1024.713, 625.5979
1025.195, 644.3494
1025.677, 661.2994
1026.160, 677.1256
1026.642, 693.6260
1027.124, 710.8578
1027.606, 727.2949
1028.088, 742.5125
1028.570, 757.7009
1029.052, 776.0214
1029.534, 794.1627
1030.016, 808.3817
1030.499, 817.5286
1030.981, 825.6182
1031.463, 834.8027
1031.945, 840.1821
1032.427, 838.5927
1032.909, 831.6201
1033.391, 825.2517
1033.873, 818.5273
1034.355, 807.3679
1034.838, 786.4581
1035.320, 764.5234
1035.802, 747.0076
1036.284, 729.9768
1036.766, 708.5570
1037.248, 682.5112
1037.730, 653.5442
1038.212, 621.7432
1038.695, 588.9802
1039.177, 556.7949
1039.659, 525.1697
1040.141, 494.2035
1040.623, 463.9904
1041.105, 435.7889
1041.587, 408.9819
1042.069, 385.2395
1042.552, 365.7091
1043.034, 348.4329
1043.516, 328.4244
1043.998, 306.2810
1044.480, 285.4314
1044.962, 266.0908
1045.444, 249.3352
1045.926, 237.4506
1046.408, 227.2578
1046.891, 215.8976
1047.373, 202.9893
1047.855, 192.1172
1048.337, 183.4429
1048.819, 175.9717
1049.301, 169.6135
1049.783, 163.9163
1050.265, 157.2600
1050.747, 150.5081
1051.230, 146.2086
1051.712, 147.9064
1052.194, 148.6213
1052.676, 147.4940
1053.158, 145.3387
1053.640, 142.8082
1054.122, 140.4128
1054.604, 139.7864
1055.087, 140.8644
1055.569, 142.7991
1056.051, 146.6738
1056.533, 150.0590
1057.015, 150.1583
1057.497, 148.5314
1057.979, 152.9619
1058.461, 163.8788
1058.943, 173.3004
1059.426, 178.5762
1059.908, 182.7689
1060.390, 189.1296
1060.872, 196.4199
1061.354, 203.2371
1061.836, 209.3988
1062.318, 214.8264
1062.800, 219.3456
1063.282, 223.7003
1063.765, 228.4812
1064.247, 233.5096
1064.729, 238.8633
1065.211, 244.0492
1065.693, 246.8706
1066.175, 246.7256
1066.657, 243.4114
1067.139, 234.7874
1067.622, 224.1877
1068.104, 216.1085
1068.586, 210.7220
1069.068, 203.8971
1069.550, 195.2386
1070.032, 185.1501
1070.514, 171.4860
1070.996, 157.8309
1071.479, 147.7853
1071.961, 141.3208
1072.443, 133.6698
1072.925, 124.1550
1073.407, 114.9871
1073.889, 106.3024
1074.371, 98.98083
1074.853, 95.07019
1075.335, 93.15686
1075.818, 90.15259
1076.300, 84.46960
1076.782, 80.84509
1077.264, 83.12732
1077.746, 84.83167
1078.228, 81.49231
1078.710, 74.32422
1079.192, 71.64746
1079.674, 72.92712
1080.156, 74.22852
1080.639, 73.73401
1081.121, 72.37366
1081.603, 70.25305
1082.085, 67.75098
1082.567, 65.42969
1083.049, 63.19470
1083.531, 61.70081
1084.013, 61.06201
1084.496, 60.41016
1084.978, 58.83118
1085.460, 56.91907
1085.942, 55.56677
1086.424, 54.61438
1086.906, 52.74487
1087.388, 48.92419
1087.870, 45.97742
1088.353, 44.75867
1088.835, 44.13794
1089.317, 42.18591
1089.799, 39.39941
1090.281, 36.80408
1090.763, 34.52136
1091.245, 32.94421
1091.727, 33.66687
1092.209, 33.49438
1092.692, 30.09058
1093.174, 24.59839
1093.656, 23.74585
1094.138, 26.92407
1094.620, 28.78296
1095.102, 26.46655
1095.584, 23.60950
1096.066, 23.08618
1096.548, 23.29651
1097.031, 22.27820
1097.513, 19.70557
1097.995, 17.28162
1098.477, 14.99915
1098.959, 13.02710
1099.441, 11.30774
1099.923, 10.12561
1100.405, 10.32922
1100.888, 11.32336
1101.370, 11.38086
1101.852, 9.546753
1102.334, 7.777100
1102.816, 6.177856
1103.298, 4.798096
1103.780, 3.858643
1104.262, 3.105591
1104.745, 1.728027
1105.227, 0.2871090
1105.709, 1.764282
1106.191, 1.482910
1106.673, 1.519897
1107.155, 3.021362
1107.637, 4.927979
1108.119, 4.023926
1108.601, 0.9216310
1109.083, 0.1663820
1109.566, 2.063477
1110.048, 4.321411
1110.530, 3.698364
1111.012, 2.811279
1111.494, 4.301514
1111.976, 7.889160
1112.458, 7.985718
1112.940, 4.422729
1113.423, 1.157227
1113.905, 0.4226070
1114.387, 0.5661620
1114.869, 1.883301
1115.351, 4.993896
1115.833, 5.694580
1116.315, 1.920532
1116.797, 0.9779050
1117.280, 3.690063
1117.762, 6.187744
1118.244, 5.241211
1118.726, 2.559692
1119.208, 0.7121580
1119.690, 0.4324950
1120.172, 1.311646
1120.654, 2.109619
1121.136, 2.493774
1121.619, 2.180908
1122.101, 1.872437
1122.583, 2.361084
1123.065, 3.481445
1123.547, 4.947021
1124.029, 6.661743
1124.511, 7.979736
1124.993, 9.109009
1125.475, 9.061401
1125.958, 7.397461
1126.440, 4.589478
1126.922, 0.8896480
1127.404, 3.380493
1127.886, 5.424438
1128.368, 4.599365
1128.850, 2.794922
1129.332, 0.8939210
1129.815, 1.111328
1130.297, 3.384277
1130.779, 5.827759
1131.261, 8.095215
1131.743, 10.22534
1132.225, 10.78516
1132.707, 8.689819
1133.189, 6.453003
1133.672, 6.467896
1134.154, 7.710449
1134.636, 9.112793
1135.118, 10.54285
1135.600, 12.04053
1136.082, 13.55371
1136.564, 15.48352
1137.046, 18.73132
1137.528, 21.81543
1138.010, 21.31226
1138.493, 19.38562
1138.975, 20.04968
1139.457, 27.14526
1139.939, 32.17957
1140.421, 34.56726
1140.903, 36.09949
1141.385, 37.76758
1141.867, 39.83020
1142.350, 43.05933
1142.832, 47.25806
1143.314, 51.77124
1143.796, 56.68713
1144.278, 61.39465
1144.760, 65.92468
1145.242, 70.03333
1145.724, 72.77539
1146.207, 74.80408
1146.689, 78.56921
1147.171, 84.16187
1147.653, 90.68298
1148.135, 98.58142
1148.617, 106.0756
1149.099, 112.9242
1149.581, 118.8043
1150.063, 122.5298
1150.546, 124.4858
1151.028, 128.0103
1151.510, 133.7772
1151.992, 138.6063
1152.474, 141.0359
1152.956, 141.0830
1153.438, 137.2123
1153.920, 131.0789
1154.402, 130.5081
1154.885, 135.2881
1155.367, 136.3290
1155.849, 130.3242
1156.331, 122.6396
1156.813, 116.9285
1157.295, 112.3196
1157.777, 108.4569
1158.259, 105.2764
1158.742, 100.5392
1159.224, 94.20422
1159.706, 87.55566
1160.188, 80.95117
1160.670, 74.61292
1161.152, 68.47192
1161.634, 62.87134
1162.116, 58.42981
1162.599, 55.49731
1163.081, 52.01660
1163.563, 47.64355
1164.045, 44.07837
1164.527, 42.93604
1165.009, 42.44946
1165.491, 40.33008
1165.973, 37.30750
1166.455, 34.66187
1166.938, 32.42395
1167.420, 30.30200
1167.902, 28.13806
1168.384, 26.70715
1168.866, 27.51147
1169.348, 28.71094
1169.830, 26.95605
1170.312, 23.19775
1170.794, 20.16992
1171.277, 18.60986
1171.759, 17.56604
1172.241, 16.60706
1172.723, 16.59827
1173.205, 20.09595
1173.687, 24.76965
1174.169, 25.73096
1174.651, 22.96448
1175.134, 19.69934
1175.616, 16.20874
1176.098, 13.77759
1176.580, 12.65308
1177.062, 12.72095
1177.544, 14.44775
1178.026, 17.05481
1178.508, 19.13440
1178.990, 20.50159
1179.473, 20.20068
1179.955, 15.34583
1180.437, 11.98376
1180.919, 12.34839
1181.401, 14.48413
1181.883, 14.39380
1182.365, 12.75635
1182.847, 11.66382
1183.329, 11.50818
1183.812, 11.58813
1184.294, 11.92493
1184.776, 12.03662
1185.258, 11.47595
1185.740, 10.55603
1186.222, 10.17493
1186.704, 10.16809
1187.186, 9.491089
1187.669, 7.551636
1188.151, 5.995117
1188.633, 5.400269
1189.115, 5.733398
1189.597, 7.206421
1190.079, 9.498169
1190.561, 11.27246
1191.043, 12.55969
1191.526, 13.47156
1192.008, 13.97107
1192.490, 14.20837
1192.972, 14.49548
1193.454, 14.23108
1193.936, 12.70166
1194.418, 10.15881
1194.900, 9.120728
1195.382, 9.430298
1195.865, 10.03369
1196.347, 11.02380
1196.829, 11.35461
1197.311, 9.786255
1197.793, 7.984619
1198.275, 7.300659
1198.757, 7.742310
1199.239, 9.114380
1199.721, 11.24414
1200.204, 12.69556
1200.686, 12.29468
1201.168, 11.52490
1201.650, 10.58789
1202.132, 9.990601
1202.614, 10.45166
1203.096, 11.95654
1203.578, 12.68958
1204.061, 12.67505
1204.543, 12.92175
1205.025, 14.70630
1205.507, 16.15564
1205.989, 15.58447
1206.471, 14.49426
1206.953, 15.04138
1207.435, 17.17529
1207.917, 18.36096
1208.400, 18.46716
1208.882, 18.01111
1209.364, 16.39001
1209.846, 15.24854
1210.328, 16.06433
1210.810, 17.69421
1211.292, 18.34778
1211.774, 18.11377
1212.256, 18.89929
1212.739, 20.68420
1213.221, 21.80859
1213.703, 20.13696
1214.185, 18.73181
1214.667, 19.81006
1215.149, 22.10144
1215.631, 23.53040
1216.113, 24.09949
1216.596, 23.49390
1217.078, 21.62732
1217.560, 20.18311
1218.042, 20.73169
1218.524, 21.57715
1219.006, 22.13342
1219.488, 22.12024
1219.970, 20.23608
1220.453, 16.76965
1220.935, 15.50513
1221.417, 17.19446
1221.899, 18.83374
1222.381, 18.17188
1222.863, 17.22729
1223.345, 17.41809
1223.827, 18.08130
1224.309, 17.02966
1224.792, 14.55054
1225.274, 13.00488
1225.756, 12.87915
1226.238, 13.24231
1226.720, 13.50806
1227.202, 14.16248
1227.684, 15.90271
1228.166, 17.94189
1228.648, 17.41187
1229.131, 14.79102
1229.613, 12.56763
1230.095, 11.20398
1230.577, 10.89172
1231.059, 13.67761
1231.541, 15.32727
1232.023, 13.15271
1232.505, 8.627686
1232.988, 6.352051
1233.470, 6.036499
1233.952, 6.894409
1234.434, 9.280884
1234.916, 10.33459
1235.398, 7.744873
1235.880, 4.455566
1236.362, 1.696289
1236.844, 0.5562740
1237.327, 1.881226
1237.809, 2.458740
1238.291, 2.891235
1238.773, 3.351563
1239.255, 3.586182
1239.737, 3.528687
1240.219, 3.153320
1240.701, 2.452759
1241.183, 1.433350
1241.666, 0.1104740
1242.148, 1.550293
1242.630, 3.932983
1243.112, 8.037476
1243.594, 9.702759
1244.076, 6.364990
1244.558, 3.213135
1245.040, 2.746948
1245.523, 4.157593
1246.005, 6.068359
1246.487, 8.100708
1246.969, 9.424927
1247.451, 9.655762
1247.933, 9.530396
1248.415, 8.835693
1248.897, 8.560913
1249.380, 9.546021
1249.862, 10.96680
1250.344, 11.00940
1250.826, 10.19592
1251.308, 9.468384
1251.790, 8.997925
1252.272, 8.813110
1252.754, 8.765747
1253.236, 9.515991
1253.719, 12.00195
1254.201, 14.88086
1254.683, 16.85046
1255.165, 17.43359
1255.647, 15.40588
1256.129, 8.505127
1256.611, 5.477295
1257.093, 7.068481
1257.575, 8.890015
1258.058, 8.207031
1258.540, 6.776367
1259.022, 5.764282
1259.504, 5.801392
1259.986, 8.586182
1260.468, 15.45789
1260.950, 17.79187
1261.432, 15.22290
1261.915, 12.43323
1262.397, 12.47998
1262.879, 12.84021
1263.361, 9.918213
1263.843, 6.742310
1264.325, 8.047119
1264.807, 14.89160
1265.289, 15.71814
1265.771, 10.39807
1266.254, 5.585205
1266.736, 5.638672
1267.218, 6.711548
1267.700, 7.456787
1268.182, 7.348999
1268.664, 5.033691
1269.146, 0.3541260
1269.628, 1.549683
1270.110, 0.6572270
1270.593, 2.048950
1271.075, 8.684082
1271.557, 13.27124
1272.039, 10.33264
1272.521, 6.698975
1273.003, 8.038086
1273.485, 13.28101
1273.967, 15.67188
1274.450, 15.65039
1274.932, 15.01611
1275.414, 14.62817
1275.896, 13.48999
1276.378, 10.54028
1276.860, 7.910889
1277.342, 7.298096
1277.824, 8.047974
1278.306, 8.772095
1278.789, 9.226074
1279.271, 8.956543
1279.753, 6.484131
1280.235, 5.870483
1280.717, 8.174438
1281.199, 10.48889
1281.681, 9.652954
1282.163, 8.174683
1282.646, 8.891968
1283.128, 10.20801
1283.610, 9.839844
1284.092, 5.463745
1284.574, 4.592041
1285.056, 8.001099
1285.538, 10.83569
1286.020, 9.256348
1286.502, 6.446411
1286.984, 6.426514
1287.467, 7.336182
1287.949, 5.867310
1288.431, 0.7404790
1288.913, 0.4251710
1289.395, 5.039307
1289.877, 8.784424
1290.359, 8.056641
1290.841, 5.819214
1291.324, 2.420410
1291.806, 0.1169430
1292.288, 0.2196040
1292.770, 2.151733
1293.252, 0.0000000E+00
##END=



