##NAMES=Si3N4-beta
##RRUFFID=R120129
##IDEAL CHEMISTRY=Si_3_N_4_
##LOCALITY=Synthetic
##OWNER=RRUFF
##SOURCE=H.C. Stark
##DESCRIPTION=White powder
##STATUS=The identification of this mineral is not yet confirmed.
##URL=rruff.info/R120129
161.1065, 0.0000000E+00
161.5886, 2.978516
162.0707, 6.036621
162.5528, 8.174316
163.0349, 10.79980
163.5170, 5.937988
163.9991, 4.8827998E-02
164.4813, 3.389160
164.9634, 0.3632810
165.4455, 6.695801
165.9276, 12.18896
166.4097, 14.78076
166.8918, 16.12744
167.3740, 17.66992
167.8561, 19.18115
168.3382, 21.78076
168.8203, 25.82520
169.3024, 31.33545
169.7845, 38.73975
170.2667, 48.49023
170.7488, 60.01172
171.2309, 72.01172
171.7130, 84.33350
172.1951, 97.51416
172.6772, 111.0098
173.1594, 125.5527
173.6415, 142.4844
174.1236, 162.9634
174.6057, 186.4048
175.0878, 208.7480
175.5699, 226.9272
176.0521, 247.7607
176.5342, 272.5840
177.0163, 301.2666
177.4984, 332.7139
177.9805, 365.7842
178.4626, 400.5137
178.9448, 443.9580
179.4269, 498.0771
179.9090, 558.8423
180.3911, 631.7529
180.8732, 711.5029
181.3553, 788.7007
181.8375, 858.9492
182.3196, 926.2173
182.8017, 937.1055
183.2838, 879.8750
183.7659, 791.5771
184.2480, 673.9590
184.7301, 535.8115
185.2123, 402.3398
185.6944, 296.1689
186.1765, 221.2402
186.6586, 163.9043
187.1407, 130.6758
187.6228, 109.8193
188.1050, 94.75000
188.5871, 84.52441
189.0692, 77.85596
189.5513, 73.53760
190.0334, 71.82520
190.5155, 74.44336
190.9977, 82.32568
191.4798, 94.36182
191.9619, 109.6143
192.4440, 128.1533
192.9261, 149.3447
193.4082, 173.1724
193.8904, 199.2700
194.3725, 227.5083
194.8546, 258.3130
195.3367, 291.2622
195.8188, 325.2715
196.3009, 359.4854
196.7831, 396.7056
197.2652, 438.3613
197.7473, 484.2817
198.2294, 534.0293
198.7115, 583.5327
199.1936, 635.9258
199.6758, 702.8877
200.1579, 781.0635
200.6400, 882.7095
201.1221, 1009.758
201.6042, 1160.816
202.0863, 1332.166
202.5685, 1536.161
203.0506, 1769.075
203.5327, 1964.217
204.0148, 2181.677
204.4969, 2282.689
204.9790, 2187.277
205.4612, 1933.101
205.9433, 1605.892
206.4254, 1253.300
206.9075, 869.4805
207.3896, 575.5430
207.8717, 428.2139
208.3539, 325.2554
208.8360, 250.9858
209.3181, 197.8428
209.8002, 159.6582
210.2823, 131.9873
210.7644, 115.8354
211.2466, 103.2998
211.7287, 93.91357
212.2108, 88.18213
212.6929, 87.71777
213.1750, 91.57227
213.6571, 96.82812
214.1393, 101.0063
214.6214, 103.8721
215.1035, 107.4492
215.5856, 110.4170
216.0677, 115.0703
216.5498, 122.3979
217.0320, 132.4531
217.5141, 145.0938
217.9962, 160.4429
218.4783, 178.9023
218.9604, 196.2676
219.4425, 211.2627
219.9247, 227.2471
220.4068, 244.9956
220.8889, 265.0557
221.3710, 289.3955
221.8531, 319.4165
222.3352, 355.9121
222.8174, 398.3696
223.2995, 449.1646
223.7816, 503.7827
224.2637, 568.9316
224.7458, 642.8359
225.2279, 696.9243
225.7100, 709.3359
226.1922, 677.7207
226.6743, 615.3081
227.1564, 493.4106
227.6385, 359.1895
228.1206, 253.9570
228.6027, 180.0083
229.0849, 126.4663
229.5670, 92.80859
230.0491, 74.90918
230.5312, 60.74170
231.0133, 49.71436
231.4954, 40.97705
231.9776, 33.80566
232.4597, 28.27734
232.9418, 23.83252
233.4239, 20.09375
233.9060, 17.24316
234.3881, 15.91016
234.8703, 17.34229
235.3524, 19.33154
235.8345, 18.24609
236.3166, 13.10742
236.7987, 8.792969
237.2808, 8.416016
237.7630, 10.04199
238.2451, 12.04346
238.7272, 14.59619
239.2093, 16.30957
239.6914, 14.19482
240.1735, 6.636230
240.6557, 0.4106450
241.1378, 1.012695
241.6199, 0.2377930
242.1020, 0.4008790
242.5841, 3.2715000E-02
243.0662, 0.4086910
243.5484, 0.8159180
244.0305, 4.525879
244.5126, 7.640137
244.9947, 9.410645
245.4768, 10.30469
245.9589, 10.29541
246.4410, 9.302246
246.9232, 8.112305
247.4053, 8.300781
247.8874, 11.11426
248.3695, 12.24512
248.8516, 8.699707
249.3337, 4.561523
249.8159, 3.123047
250.2980, 5.338867
250.7801, 9.439941
251.2622, 12.72852
251.7443, 15.48438
252.2264, 16.54297
252.7086, 14.79688
253.1907, 12.33887
253.6728, 10.09668
254.1549, 8.516113
254.6370, 7.962402
255.1191, 9.155762
255.6013, 13.29053
256.0834, 16.70654
256.5655, 17.70166
257.0476, 19.23682
257.5297, 24.73535
258.0118, 34.06787
258.4940, 42.91846
258.9761, 45.28809
259.4582, 39.09961
259.9403, 31.95703
260.4224, 21.61670
260.9045, 11.89551
261.3867, 4.796875
261.8688, 0.6147460
262.3509, 1.104492
262.8330, 0.8154300
263.3151, 2.775879
263.7972, 3.987793
264.2794, 0.3349610
264.7615, 2.858398
265.2436, 2.252930
265.7257, 1.646484
266.2078, 5.674805
266.6899, 6.572754
267.1721, 3.318359
267.6542, 2.727051
268.1363, 7.499023
268.6184, 11.72070
269.1005, 11.83643
269.5826, 8.677734
270.0648, 5.825195
270.5469, 6.412109
271.0290, 10.58008
271.5111, 12.08105
271.9932, 9.177246
272.4753, 6.084961
272.9575, 4.151855
273.4396, 3.501953
273.9217, 4.117676
274.4038, 6.111328
274.8859, 9.253418
275.3680, 11.96289
275.8501, 16.11328
276.3322, 18.33838
276.8144, 15.78613
277.2965, 10.45508
277.7786, 6.887695
278.2607, 7.918945
278.7428, 12.21240
279.2249, 13.63379
279.7071, 9.232422
280.1892, 6.027344
280.6713, 6.261719
281.1534, 8.859375
281.6355, 12.28857
282.1176, 16.16162
282.5998, 19.61572
283.0819, 20.16211
283.5640, 16.93799
284.0461, 13.05859
284.5282, 8.441406
285.0103, 3.777832
285.4925, 8.9844003E-02
285.9746, 2.280273
286.4567, 3.669922
286.9388, 4.682617
287.4209, 5.520996
287.9030, 5.219727
288.3852, 2.382324
288.8673, 1.295410
289.3494, 3.899414
289.8315, 5.039551
290.3136, 4.910645
290.7957, 3.202637
291.2779, 0.3051760
291.7600, 1.996094
292.2421, 0.3461910
292.7242, 2.335449
293.2063, 3.876465
293.6884, 4.165527
294.1706, 4.514648
294.6527, 6.394531
295.1348, 9.411621
295.6169, 10.49707
296.0990, 8.470703
296.5811, 6.356445
297.0633, 7.316895
297.5454, 11.13379
298.0275, 13.84619
298.5096, 12.32373
298.9917, 7.128906
299.4738, 3.107910
299.9560, 0.2031250
300.4381, 1.542969
300.9202, 1.448730
301.4023, 0.1069340
301.8844, 1.154297
302.3665, 0.2744140
302.8487, 1.546875
303.3308, 1.203613
303.8129, 3.121582
304.2950, 6.408203
304.7771, 5.046387
305.2592, 0.8271480
305.7414, 1.299316
306.2235, 1.041504
306.7056, 5.393066
307.1877, 6.877441
307.6698, 5.041992
308.1519, 3.107422
308.6341, 2.219238
309.1162, 1.900879
309.5983, 1.117676
310.0804, 0.5649410
310.5625, 1.882324
311.0446, 0.3520510
311.5268, 4.200684
312.0089, 6.920898
312.4910, 5.142578
312.9731, 1.807617
313.4552, 0.4487300
313.9373, 1.607910
314.4195, 3.628906
314.9016, 5.581055
315.3837, 7.264160
315.8658, 6.905273
316.3479, 1.330078
316.8300, 4.139648
317.3121, 4.142090
317.7943, 0.9340820
318.2764, 5.406250
318.7585, 5.104980
319.2406, 1.244629
319.7227, 1.8555000E-02
320.2048, 4.468262
320.6870, 8.365234
321.1691, 7.187988
321.6512, 2.096680
322.1333, 2.178711
322.6154, 3.193359
323.0975, 2.269531
323.5797, 3.010742
324.0618, 6.697266
324.5439, 8.992676
325.0260, 7.290039
325.5081, 3.461426
325.9902, 0.9355470
326.4724, 0.9257810
326.9545, 2.100098
327.4366, 2.636230
327.9187, 2.657227
328.4008, 1.774902
328.8829, 1.308594
329.3651, 4.743164
329.8472, 6.175293
330.3293, 5.184082
330.8114, 3.236328
331.2935, 1.296387
331.7756, 0.6411130
332.2578, 0.5590820
332.7399, 4.180176
333.2220, 8.980957
333.7041, 9.499023
334.1862, 6.214355
334.6683, 3.838867
335.1505, 5.970215
335.6326, 11.90479
336.1147, 15.93457
336.5968, 18.33496
337.0789, 18.98730
337.5610, 16.72314
338.0432, 12.48584
338.5253, 8.833008
339.0074, 6.972656
339.4895, 6.415527
339.9716, 5.943359
340.4537, 5.516113
340.9359, 5.296875
341.4180, 5.739258
341.9001, 6.269531
342.3822, 5.861816
342.8643, 4.227539
343.3464, 2.515137
343.8286, 2.335938
344.3107, 4.348145
344.7928, 6.195313
345.2749, 9.022461
345.7570, 10.90088
346.2391, 9.354004
346.7213, 4.726074
347.2034, 0.5712890
347.6855, 0.5253910
348.1676, 4.913574
348.6497, 6.177734
349.1318, 1.008789
349.6140, 3.389160
350.0961, 2.528320
350.5782, 1.668457
351.0603, 3.929199
351.5424, 0.7773440
352.0245, 5.702148
352.5067, 6.454590
352.9888, 6.464844
353.4709, 15.25391
353.9530, 15.10059
354.4351, 10.72217
354.9172, 7.299805
355.3994, 6.671387
355.8815, 7.804688
356.3636, 8.933105
356.8457, 9.577637
357.3278, 11.21094
357.8099, 14.89111
358.2920, 18.57666
358.7741, 20.75391
359.2563, 21.45557
359.7384, 21.75195
360.2205, 22.64209
360.7026, 24.07959
361.1847, 26.19775
361.6668, 31.02979
362.1490, 34.44824
362.6311, 34.62646
363.1132, 32.40820
363.5953, 29.21387
364.0774, 25.88086
364.5595, 22.71582
365.0417, 21.26904
365.5238, 22.56787
366.0059, 24.31641
366.4880, 26.40625
366.9701, 28.68799
367.4522, 31.60059
367.9344, 35.08301
368.4165, 37.67236
368.8986, 36.71729
369.3807, 30.27881
369.8628, 25.53564
370.3449, 23.95361
370.8271, 23.01123
371.3092, 21.42041
371.7913, 19.21875
372.2734, 17.05908
372.7555, 15.70166
373.2376, 15.12793
373.7198, 13.72803
374.2019, 9.642090
374.6840, 6.887695
375.1661, 8.774902
375.6482, 13.06738
376.1303, 15.41797
376.6125, 13.54346
377.0946, 9.280762
377.5767, 6.311523
378.0588, 4.450195
378.5409, 4.971680
379.0230, 11.28760
379.5052, 18.19189
379.9873, 21.22949
380.4694, 19.75000
380.9515, 16.51660
381.4336, 12.75879
381.9157, 8.338379
382.3979, 7.958496
382.8800, 15.84912
383.3621, 24.29297
383.8442, 28.20801
384.3263, 28.02441
384.8084, 26.06396
385.2906, 22.09326
385.7727, 17.56787
386.2548, 16.32764
386.7369, 19.47949
387.2190, 22.50098
387.7011, 22.43848
388.1833, 20.58301
388.6654, 18.53125
389.1475, 16.29297
389.6296, 14.36572
390.1117, 13.58154
390.5938, 14.04053
391.0760, 14.53613
391.5581, 14.73535
392.0402, 14.68066
392.5223, 14.80615
393.0044, 15.42236
393.4865, 14.82178
393.9687, 10.31982
394.4508, 4.773438
394.9329, 3.380859
395.4150, 7.155762
395.8971, 11.76172
396.3792, 12.89795
396.8614, 11.01123
397.3435, 11.61816
397.8256, 18.16504
398.3077, 24.36719
398.7898, 25.11084
399.2719, 21.72070
399.7540, 19.39062
400.2361, 20.91699
400.7183, 24.68164
401.2004, 26.03711
401.6825, 23.44678
402.1646, 21.76709
402.6467, 22.16748
403.1288, 23.72949
403.6110, 26.04736
404.0931, 28.82080
404.5752, 30.35498
405.0573, 28.35449
405.5394, 21.95850
406.0215, 17.93457
406.5037, 16.36572
406.9858, 16.27441
407.4679, 18.04932
407.9500, 21.29688
408.4321, 24.83301
408.9142, 27.73145
409.3964, 29.64795
409.8785, 29.89209
410.3606, 27.47754
410.8427, 26.09229
411.3248, 25.19092
411.8069, 24.82471
412.2891, 25.13916
412.7712, 26.14453
413.2533, 27.72510
413.7354, 30.01758
414.2175, 33.59766
414.6996, 35.48779
415.1818, 34.64648
415.6639, 33.09766
416.1460, 31.07373
416.6281, 28.88623
417.1102, 26.96143
417.5923, 25.21729
418.0745, 24.24170
418.5566, 26.62402
419.0387, 34.00488
419.5208, 40.36230
420.0029, 44.56787
420.4850, 46.89404
420.9672, 47.45654
421.4493, 45.91602
421.9314, 43.05371
422.4135, 40.37598
422.8956, 37.87744
423.3777, 35.01172
423.8599, 30.82275
424.3420, 27.57861
424.8241, 27.64648
425.3062, 30.17188
425.7883, 32.00879
426.2704, 31.15039
426.7526, 29.20410
427.2347, 28.57080
427.7168, 29.20020
428.1989, 30.28760
428.6810, 31.29980
429.1631, 32.62842
429.6453, 35.12891
430.1274, 39.61719
430.6095, 43.39307
431.0916, 44.48877
431.5737, 43.98193
432.0558, 43.90381
432.5380, 44.72363
433.0201, 46.28809
433.5022, 48.66016
433.9843, 52.12158
434.4664, 54.25879
434.9485, 51.92188
435.4307, 49.73975
435.9128, 52.29150
436.3949, 58.59766
436.8770, 64.28271
437.3591, 66.69092
437.8412, 66.19971
438.3234, 64.38477
438.8055, 57.81787
439.2876, 54.45654
439.7697, 55.38916
440.2518, 59.36963
440.7339, 66.49561
441.2160, 76.06592
441.6982, 85.64160
442.1803, 92.09521
442.6624, 94.85059
443.1445, 97.15381
443.6266, 96.47070
444.1087, 98.27734
444.5909, 105.8145
445.0730, 116.4648
445.5551, 126.5571
446.0372, 134.4146
446.5193, 139.9756
447.0014, 143.1265
447.4836, 144.3535
447.9657, 142.1064
448.4478, 134.0454
448.9299, 123.2886
449.4120, 110.5073
449.8941, 96.42285
450.3763, 84.06738
450.8584, 76.95410
451.3405, 73.71338
451.8226, 68.31543
452.3047, 59.26221
452.7868, 51.32520
453.2690, 48.20166
453.7511, 47.80273
454.2332, 47.50098
454.7153, 46.72852
455.1974, 45.96777
455.6795, 45.99609
456.1617, 46.48389
456.6438, 45.62842
457.1259, 42.28613
457.6080, 38.79053
458.0901, 38.94043
458.5722, 42.74609
459.0544, 45.03662
459.5365, 44.02441
460.0186, 41.82715
460.5007, 40.46338
460.9828, 39.81152
461.4649, 38.28418
461.9471, 34.65869
462.4292, 29.66553
462.9113, 26.18213
463.3934, 25.78809
463.8755, 24.74121
464.3576, 21.53662
464.8398, 18.00146
465.3219, 15.83789
465.8040, 15.41260
466.2861, 16.39307
466.7682, 18.60840
467.2503, 22.24072
467.7325, 25.03369
468.2146, 27.37939
468.6967, 28.33350
469.1788, 26.56592
469.6609, 23.48584
470.1430, 21.24756
470.6252, 20.82568
471.1073, 21.19385
471.5894, 20.40576
472.0715, 18.08643
472.5536, 16.44238
473.0357, 17.18799
473.5179, 17.55566
474.0000, 15.85693
474.4821, 12.35889
474.9642, 8.284668
475.4463, 3.046875
475.9284, 1.766113
476.4106, 1.453125
476.8927, 5.159180
477.3748, 9.312500
477.8569, 3.918945
478.3390, 4.709961
478.8211, 5.947266
479.3033, 2.818848
479.7854, 10.81836
480.2675, 11.41064
480.7496, 7.870605
481.2317, 6.341797
481.7138, 7.948242
482.1959, 9.862305
482.6780, 9.529297
483.1602, 6.935547
483.6423, 4.642090
484.1244, 1.653320
484.6065, 8.3010001E-03
485.0886, 1.723145
485.5707, 5.076172
486.0529, 7.003906
486.5350, 6.370605
487.0171, 4.438477
487.4992, 3.305176
487.9813, 3.389648
488.4634, 3.101074
488.9456, 1.940430
489.4277, 0.9770510
489.9098, 1.630859
490.3919, 2.903809
490.8740, 2.074707
491.3561, 2.978027
491.8383, 9.756348
492.3204, 10.82471
492.8025, 3.722168
493.2846, 2.333984
493.7667, 5.563965
494.2488, 6.980469
494.7310, 6.624512
495.2131, 4.752930
495.6952, 2.636719
496.1773, 0.5922850
496.6594, 0.9716800
497.1415, 0.1147460
497.6237, 4.040527
498.1058, 6.436523
498.5879, 2.711914
499.0700, 4.039063
499.5521, 7.644531
500.0342, 6.709961
500.5164, 5.373535
500.9985, 6.243652
501.4806, 7.962402
501.9627, 7.739258
502.4448, 4.971191
502.9269, 1.987793
503.4091, 0.9277340
503.8912, 1.870117
504.3733, 3.370605
504.8554, 7.777344
505.3375, 10.05273
505.8196, 6.602539
506.3018, 0.3969730
506.7839, 4.062988
507.2660, 5.169922
507.7481, 4.484863
508.2302, 4.193359
508.7123, 4.057617
509.1945, 5.166504
509.6766, 10.37109
510.1587, 13.94873
510.6408, 12.19482
511.1229, 7.394043
511.6050, 4.041992
512.0872, 4.489746
512.5693, 7.044922
513.0514, 8.633789
513.5335, 9.056152
514.0156, 10.13184
514.4977, 13.00098
514.9799, 15.88574
515.4620, 17.74902
515.9441, 18.48877
516.4262, 17.66016
516.9083, 13.41943
517.3904, 8.417969
517.8726, 5.925293
518.3547, 5.908203
518.8368, 7.498535
519.3189, 10.90039
519.8010, 14.93066
520.2831, 16.82520
520.7653, 16.37988
521.2474, 14.97412
521.7295, 12.12549
522.2116, 8.902344
522.6937, 5.683105
523.1758, 2.886719
523.6580, 1.676758
524.1401, 3.042969
524.6222, 6.522461
525.1043, 9.792480
525.5864, 13.94434
526.0685, 16.19287
526.5507, 15.52393
527.0328, 13.54785
527.5149, 10.97168
527.9970, 8.262207
528.4791, 6.468262
528.9612, 7.008789
529.4434, 9.359863
529.9255, 10.21143
530.4076, 9.198730
530.8897, 7.583008
531.3718, 4.805664
531.8539, 2.273926
532.3361, 1.658691
532.8182, 3.420410
533.3003, 5.732422
533.7824, 8.365234
534.2645, 10.51953
534.7466, 9.099121
535.2288, 3.179199
535.7109, 1.592285
536.1930, 0.7402340
536.6751, 4.969238
537.1572, 9.093750
537.6393, 9.229004
538.1215, 10.04932
538.6036, 13.68262
539.0857, 18.33936
539.5678, 22.01953
540.0499, 24.20361
540.5320, 24.98682
541.0142, 24.04102
541.4963, 21.21240
541.9784, 21.40283
542.4604, 28.09473
542.9426, 33.71973
543.4247, 36.51904
543.9068, 37.45605
544.3889, 37.29053
544.8710, 36.31299
545.3531, 35.39551
545.8353, 35.63477
546.3174, 36.91748
546.7995, 38.10400
547.2816, 39.15918
547.7637, 40.05371
548.2458, 40.46582
548.7280, 40.75000
549.2101, 41.39941
549.6922, 42.75439
550.1743, 43.82715
550.6564, 44.16064
551.1385, 43.92871
551.6207, 43.49561
552.1028, 42.98877
552.5849, 42.54297
553.0670, 42.25879
553.5491, 42.14941
554.0313, 42.48096
554.5134, 43.00342
554.9955, 44.22705
555.4776, 47.18945
555.9597, 50.47070
556.4418, 51.80371
556.9240, 50.68896
557.4061, 49.68506
557.8882, 52.69385
558.3703, 60.00439
558.8524, 62.72510
559.3345, 57.49219
559.8167, 52.23047
560.2988, 49.18066
560.7809, 47.83838
561.2630, 47.58496
561.7451, 48.24219
562.2272, 49.42334
562.7094, 51.14990
563.1915, 53.11182
563.6736, 54.29541
564.1557, 54.59668
564.6378, 54.04639
565.1199, 52.64209
565.6021, 50.50635
566.0842, 48.25879
566.5663, 45.15186
567.0484, 43.07861
567.5305, 43.79639
568.0126, 45.44678
568.4948, 45.89648
568.9769, 44.72656
569.4590, 42.16162
569.9411, 38.22070
570.4232, 33.03662
570.9053, 29.31885
571.3875, 28.25488
571.8696, 27.12500
572.3517, 24.38525
572.8338, 22.07031
573.3159, 22.68213
573.7980, 26.27197
574.2802, 29.92480
574.7623, 30.48291
575.2444, 28.90869
575.7265, 29.72998
576.2086, 33.79395
576.6907, 36.54346
577.1729, 34.06836
577.6550, 30.04932
578.1371, 31.11621
578.6192, 38.96338
579.1013, 44.70020
579.5834, 42.92627
580.0656, 38.50391
580.5477, 36.89453
581.0298, 38.33447
581.5119, 40.33203
581.9940, 41.21436
582.4761, 41.65723
582.9583, 43.99268
583.4404, 49.74658
583.9225, 55.08008
584.4046, 61.77783
584.8867, 66.45703
585.3688, 64.93555
585.8510, 59.13867
586.3331, 55.36719
586.8152, 58.09131
587.2973, 64.27295
587.7794, 66.51709
588.2615, 64.00000
588.7437, 63.23242
589.2258, 67.21143
589.7079, 71.84082
590.1900, 73.49268
590.6721, 72.46191
591.1542, 70.40381
591.6364, 67.25342
592.1185, 63.82520
592.6006, 60.87061
593.0827, 58.31689
593.5648, 55.64355
594.0469, 52.68506
594.5291, 50.15283
595.0112, 49.04443
595.4933, 49.65967
595.9754, 50.59570
596.4575, 52.95117
596.9396, 54.45801
597.4218, 53.74512
597.9039, 51.91113
598.3860, 50.33984
598.8681, 49.52051
599.3502, 49.48389
599.8323, 50.53906
600.3145, 52.60107
600.7966, 53.86523
601.2787, 53.27539
601.7608, 53.86426
602.2429, 59.16504
602.7250, 66.15088
603.2072, 69.88379
603.6893, 68.67236
604.1714, 67.41211
604.6535, 68.67725
605.1356, 71.32373
605.6177, 73.76514
606.0999, 75.80811
606.5820, 77.92529
607.0641, 80.45068
607.5462, 83.35596
608.0283, 86.48047
608.5104, 89.81396
608.9926, 93.46191
609.4747, 98.44287
609.9568, 102.9678
610.4389, 105.1553
610.9210, 105.6382
611.4031, 107.0693
611.8853, 111.8569
612.3674, 117.4248
612.8495, 117.8516
613.3316, 112.7041
613.8137, 107.2661
614.2958, 102.0259
614.7780, 97.93799
615.2601, 97.29102
615.7422, 99.23096
616.2243, 98.20996
616.7064, 90.10205
617.1885, 81.65674
617.6707, 77.67236
618.1528, 76.37842
618.6349, 73.92725
619.1170, 69.19141
619.5991, 63.88574
620.0812, 59.86523
620.5634, 57.06250
621.0455, 56.09521
621.5276, 59.07568
622.0097, 61.31738
622.4918, 61.92529
622.9739, 61.35303
623.4561, 59.84814
623.9382, 57.71875
624.4203, 55.33643
624.9023, 52.64307
625.3845, 50.21289
625.8666, 49.99756
626.3487, 52.31201
626.8308, 53.09668
627.3129, 49.69873
627.7950, 44.52148
628.2772, 42.50244
628.7593, 44.61426
629.2414, 44.37793
629.7235, 36.95898
630.2056, 30.43164
630.6877, 31.68018
631.1699, 38.50293
631.6520, 45.01465
632.1341, 48.47656
632.6162, 49.23340
633.0983, 47.34863
633.5804, 41.92432
634.0626, 37.83545
634.5447, 35.77686
635.0268, 34.79395
635.5089, 33.86768
635.9910, 33.86035
636.4731, 36.88281
636.9553, 44.33203
637.4374, 50.06787
637.9195, 48.33252
638.4016, 42.40234
638.8837, 37.95459
639.3658, 35.73584
639.8480, 35.20068
640.3301, 36.26074
640.8122, 38.46631
641.2943, 40.06006
641.7764, 40.66406
642.2585, 40.13525
642.7407, 37.43066
643.2228, 35.28516
643.7049, 35.01367
644.1870, 36.28076
644.6691, 38.38037
645.1512, 41.10400
645.6334, 43.66699
646.1155, 44.57666
646.5976, 44.00000
647.0797, 44.76709
647.5618, 48.25635
648.0439, 50.04297
648.5261, 44.87354
649.0082, 35.54492
649.4903, 30.88623
649.9724, 33.81689
650.4545, 37.67090
650.9366, 41.33350
651.4188, 43.77441
651.9009, 43.32129
652.3830, 40.14307
652.8651, 35.97803
653.3472, 31.90820
653.8293, 28.19287
654.3115, 25.61865
654.7936, 23.49658
655.2757, 24.27246
655.7578, 32.90234
656.2399, 40.43359
656.7220, 40.62549
657.2042, 35.46729
657.6863, 31.72803
658.1684, 32.89795
658.6505, 34.91211
659.1326, 33.46094
659.6147, 29.76270
660.0969, 27.53076
660.5790, 27.63135
661.0611, 27.80713
661.5432, 25.87256
662.0253, 22.14355
662.5074, 20.03906
662.9896, 21.51758
663.4717, 22.09473
663.9538, 20.06055
664.4359, 18.04053
664.9180, 18.12598
665.4001, 20.26611
665.8823, 23.46045
666.3644, 27.81592
666.8465, 31.65869
667.3286, 31.01123
667.8107, 26.04688
668.2928, 22.79541
668.7750, 22.90771
669.2571, 24.32080
669.7392, 25.46436
670.2213, 26.28809
670.7034, 26.70166
671.1855, 26.56104
671.6677, 26.12451
672.1498, 25.25000
672.6319, 24.22461
673.1140, 23.05713
673.5961, 21.93848
674.0782, 21.64648
674.5604, 22.99561
675.0425, 25.20068
675.5246, 25.54736
676.0067, 23.62988
676.4888, 21.74023
676.9709, 20.22900
677.4531, 19.01318
677.9352, 18.10742
678.4173, 17.47168
678.8994, 16.99512
679.3815, 18.23730
679.8636, 17.66650
680.3458, 10.81836
680.8279, 1.755859
681.3100, 2.819336
681.7921, 1.998047
682.2742, 0.3588870
682.7563, 1.177246
683.2385, 0.8115230
683.7206, 1.107910
684.2027, 2.662109
684.6848, 3.522461
685.1669, 1.823730
685.6490, 0.7519530
686.1312, 3.666504
686.6133, 8.798340
687.0954, 10.66455
687.5775, 5.944824
688.0596, 0.3720700
688.5417, 4.525391
689.0239, 6.746582
689.5060, 7.456543
689.9881, 6.736328
690.4702, 4.684570
690.9523, 1.000977
691.4344, 3.685059
691.9166, 6.120605
692.3987, 4.963379
692.8808, 3.644043
693.3629, 1.542969
693.8450, 8.2030997E-02
694.3271, 0.6079100
694.8093, 2.428711
695.2914, 3.851074
695.7735, 4.195801
696.2556, 3.561523
696.7377, 1.769043
697.2198, 0.9560550
697.7020, 4.411621
698.1841, 8.709473
698.6662, 11.08496
699.1483, 8.857910
699.6304, 3.666992
700.1125, 1.746582
700.5947, 6.316406
701.0768, 9.203613
701.5589, 9.568359
702.0410, 8.829590
702.5231, 7.104004
703.0052, 5.022461
703.4874, 4.126953
703.9695, 5.282227
704.4516, 5.699219
704.9337, 0.1201170
705.4158, 10.16992
705.8979, 13.53516
706.3801, 8.254883
706.8622, 2.809082
707.3442, 1.767090
707.8264, 4.030273
708.3085, 7.133789
708.7906, 11.75586
709.2727, 15.31006
709.7548, 15.64014
710.2369, 16.70020
710.7191, 22.94092
711.2012, 30.97705
711.6833, 33.91064
712.1654, 29.35645
712.6475, 23.27295
713.1296, 22.86768
713.6118, 27.11523
714.0939, 30.51953
714.5760, 33.07422
715.0581, 33.76465
715.5402, 30.64746
716.0223, 26.99121
716.5045, 29.09717
716.9866, 38.16504
717.4687, 45.09180
717.9508, 48.91650
718.4329, 50.67969
718.9150, 48.34277
719.3972, 45.32373
719.8793, 47.17090
720.3614, 54.82617
720.8435, 63.23096
721.3256, 67.24854
721.8077, 68.00293
722.2899, 70.10449
722.7720, 73.73291
723.2541, 77.11230
723.7362, 79.34180
724.2183, 81.60986
724.7004, 86.18506
725.1826, 92.99365
725.6647, 96.33057
726.1468, 93.77246
726.6289, 90.31152
727.1110, 87.17822
727.5931, 84.44922
728.0753, 82.71436
728.5574, 81.66895
729.0395, 79.77539
729.5216, 75.78027
730.0037, 70.46240
730.4858, 65.03857
730.9680, 59.45801
731.4501, 55.95020
731.9322, 55.38330
732.4143, 55.87354
732.8964, 56.25635
733.3785, 56.45410
733.8607, 56.17090
734.3428, 54.43066
734.8249, 53.68066
735.3070, 55.90381
735.7891, 58.04492
736.2712, 57.39258
736.7534, 54.41406
737.2355, 50.93604
737.7176, 47.74219
738.1997, 45.09814
738.6818, 43.71338
739.1639, 43.27100
739.6461, 41.92041
740.1282, 39.08301
740.6103, 37.85400
741.0924, 41.21826
741.5745, 46.55615
742.0566, 47.48340
742.5388, 42.25049
743.0209, 38.89355
743.5030, 38.73340
743.9851, 40.04639
744.4672, 43.72949
744.9493, 47.58496
745.4315, 47.35742
745.9136, 42.20898
746.3957, 37.52881
746.8778, 40.32422
747.3599, 47.75537
747.8420, 50.67676
748.3242, 49.08984
748.8063, 46.83252
749.2884, 44.84277
749.7705, 43.04736
750.2526, 41.52734
750.7347, 40.29199
751.2169, 38.62744
751.6990, 36.77002
752.1811, 34.30029
752.6632, 29.38574
753.1453, 25.06348
753.6274, 24.79199
754.1096, 27.94043
754.5917, 30.92383
755.0738, 31.93506
755.5559, 31.12402
756.0380, 27.75879
756.5201, 22.72119
757.0023, 19.81006
757.4844, 19.81543
757.9665, 20.97803
758.4486, 21.95703
758.9307, 22.83545
759.4128, 23.74219
759.8950, 25.66504
760.3771, 25.95557
760.8592, 23.53223
761.3413, 20.66553
761.8234, 17.31006
762.3055, 14.50244
762.7877, 14.66309
763.2698, 18.39795
763.7519, 21.50000
764.2340, 19.90332
764.7161, 16.20215
765.1982, 15.12549
765.6804, 16.34521
766.1625, 16.02588
766.6446, 12.54443
767.1267, 8.818848
767.6088, 8.967285
768.0909, 13.20361
768.5731, 15.60498
769.0552, 15.12305
769.5373, 14.45654
770.0194, 14.18506
770.5015, 13.86963
770.9836, 13.28369
771.4658, 12.40527
771.9479, 11.17041
772.4300, 9.224609
772.9121, 7.348145
773.3942, 5.256836
773.8763, 3.968750
774.3585, 6.051270
774.8406, 11.17090
775.3227, 15.66357
775.8048, 17.17383
776.2869, 16.29590
776.7690, 14.01221
777.2512, 9.989258
777.7333, 6.894531
778.2154, 4.301270
778.6975, 3.847656
779.1796, 8.208008
779.6617, 14.54883
780.1439, 17.97217
780.6260, 17.79053
781.1081, 17.45117
781.5902, 17.62646
782.0723, 17.98389
782.5544, 18.30566
783.0366, 18.60889
783.5187, 18.68848
784.0008, 18.62109
784.4829, 19.32520
784.9650, 22.02783
785.4471, 25.90771
785.9293, 28.67383
786.4114, 30.31641
786.8935, 30.88477
787.3756, 30.45068
787.8577, 28.64551
788.3398, 24.30176
788.8220, 18.06592
789.3040, 15.49414
789.7861, 20.59619
790.2682, 23.47070
790.7504, 21.83350
791.2325, 19.24219
791.7146, 16.96582
792.1967, 15.75488
792.6788, 17.19629
793.1609, 22.23340
793.6431, 26.64990
794.1252, 25.79541
794.6073, 22.16748
795.0894, 20.49072
795.5715, 20.73145
796.0536, 20.74756
796.5358, 19.59424
797.0179, 18.26709
797.5000, 18.51025
797.9821, 20.49072
798.4642, 18.65332
798.9464, 9.441406
799.4285, 2.861816
799.9106, 4.303223
800.3927, 6.977051
800.8748, 5.467285
801.3569, 0.5756840
801.8391, 3.085449
802.3212, 4.169922
802.8033, 3.916992
803.2854, 2.802246
803.7675, 0.7089840
804.2496, 3.597656
804.7318, 9.196777
805.2139, 12.78076
805.6960, 12.46680
806.1781, 10.25684
806.6602, 8.945801
807.1423, 8.539063
807.6245, 9.664063
808.1066, 12.91699
808.5887, 14.59717
809.0708, 12.53076
809.5529, 8.735840
810.0350, 5.928223
810.5172, 4.045410
810.9993, 3.801758
811.4814, 7.605957
811.9635, 10.02490
812.4456, 8.435059
812.9277, 5.625000
813.4099, 3.287109
813.8920, 2.201660
814.3741, 4.192871
814.8562, 11.95117
815.3383, 19.37500
815.8204, 19.05908
816.3026, 13.83496
816.7847, 9.366699
817.2668, 6.471680
817.7489, 4.998535
818.2310, 4.843262
818.7131, 5.830078
819.1953, 8.035645
819.6774, 11.80176
820.1595, 14.61523
820.6416, 15.89307
821.1237, 16.89941
821.6058, 18.09375
822.0880, 19.44434
822.5701, 20.65527
823.0522, 21.77002
823.5343, 23.76270
824.0164, 29.17188
824.4985, 32.21875
824.9807, 27.32324
825.4628, 20.99805
825.9449, 22.08301
826.4270, 29.31689
826.9091, 34.02832
827.3912, 31.10205
827.8734, 24.92334
828.3555, 21.18164
828.8376, 19.51758
829.3197, 18.41699
829.8018, 17.84570
830.2839, 18.54932
830.7661, 20.97559
831.2482, 23.24023
831.7303, 22.44727
832.2124, 17.97363
832.6945, 15.35791
833.1766, 14.64941
833.6588, 15.84521
834.1409, 21.53369
834.6230, 26.86963
835.1051, 26.72852
835.5872, 22.25488
836.0693, 20.04297
836.5515, 23.63721
837.0336, 27.48926
837.5157, 28.97461
837.9978, 28.90723
838.4799, 27.75244
838.9620, 25.93506
839.4442, 23.68604
839.9263, 21.13428
840.4084, 19.27686
840.8905, 19.80566
841.3726, 22.34033
841.8547, 24.78906
842.3369, 27.12646
842.8190, 29.32568
843.3011, 31.36328
843.7832, 33.13330
844.2653, 34.17139
844.7474, 34.52539
845.2296, 36.91699
845.7117, 44.02832
846.1938, 49.15283
846.6759, 50.79443
847.1580, 51.15137
847.6401, 50.75830
848.1223, 50.31445
848.6044, 50.98438
849.0865, 52.92578
849.5686, 56.59473
850.0507, 63.53809
850.5328, 71.35107
851.0150, 77.59473
851.4971, 82.71045
851.9792, 88.27979
852.4613, 94.67822
852.9434, 100.7686
853.4255, 105.2305
853.9077, 110.3076
854.3898, 112.8774
854.8719, 117.9937
855.3540, 121.8750
855.8361, 124.0068
856.3182, 125.1021
856.8004, 125.5205
857.2825, 125.3560
857.7646, 125.1309
858.2467, 126.7710
858.7288, 124.0288
859.2109, 113.7793
859.6931, 102.8140
860.1752, 93.10498
860.6573, 84.35840
861.1394, 75.69873
861.6215, 67.14990
862.1036, 60.58252
862.5858, 59.81836
863.0679, 57.94482
863.5500, 47.29053
864.0321, 34.18213
864.5142, 28.29395
864.9963, 29.58154
865.4785, 31.58301
865.9606, 30.55518
866.4427, 28.29834
866.9248, 28.03467
867.4069, 25.86523
867.8890, 27.34180
868.3712, 22.44678
868.8533, 18.45996
869.3354, 17.13525
869.8175, 17.13428
870.2996, 16.62500
870.7817, 15.57422
871.2639, 16.03418
871.7459, 19.93848
872.2280, 21.96680
872.7101, 20.92676
873.1923, 18.08643
873.6744, 13.10059
874.1565, 7.005859
874.6386, 2.059570
875.1207, 1.300781
875.6028, 3.544434
876.0850, 4.270508
876.5671, 4.437500
877.0492, 5.054199
877.5313, 5.493652
878.0134, 4.358398
878.4955, 1.529785
878.9777, 1.398926
879.4598, 3.626465
879.9419, 4.712891
880.4240, 2.522949
880.9061, 1.488770
881.3882, 1.140137
881.8704, 4.281250
882.3525, 9.279785
882.8346, 10.35791
883.3167, 8.998535
883.7988, 8.184570
884.2809, 7.987305
884.7631, 7.902344
885.2452, 8.303223
885.7273, 7.842773
886.2094, 5.890137
886.6915, 3.015625
887.1736, 1.058105
887.6558, 6.079102
888.1379, 8.208984
888.6200, 5.482422
889.1021, 2.520508
889.5842, 0.7944340
890.0663, 3.244141
890.5485, 2.816406
891.0306, 1.226563
891.5127, 2.165039
891.9948, 6.759766
892.4769, 11.19873
892.9590, 14.23779
893.4412, 14.94727
893.9233, 10.45166
894.4054, 3.383301
894.8875, 1.181152
895.3696, 2.008789
895.8517, 0.3740230
896.3339, 6.162109
896.8160, 12.88281
897.2981, 15.17188
897.7802, 13.44141
898.2623, 11.67529
898.7444, 10.16309
899.2266, 9.205078
899.7087, 8.713867
900.1908, 9.547852
900.6729, 13.55811
901.1550, 21.04053
901.6371, 24.57373
902.1193, 21.71826
902.6014, 19.40186
903.0835, 18.70703
903.5656, 19.14697
904.0477, 21.27002
904.5298, 24.19922
905.0120, 25.52441
905.4941, 24.41309
905.9762, 23.45361
906.4583, 22.27783
906.9404, 22.52832
907.4225, 26.82080
907.9047, 32.35840
908.3868, 35.08887
908.8689, 34.66260
909.3510, 33.99561
909.8331, 34.43652
910.3152, 35.96289
910.7974, 39.04248
911.2795, 42.97656
911.7616, 46.44971
912.2437, 49.41260
912.7258, 52.22266
913.2079, 55.02441
913.6901, 58.76709
914.1722, 65.64746
914.6543, 69.32617
915.1364, 73.73926
915.6185, 80.25781
916.1006, 82.84717
916.5828, 89.33887
917.0649, 96.62256
917.5470, 102.5566
918.0291, 106.9795
918.5112, 108.9087
918.9933, 105.7988
919.4755, 107.0630
919.9576, 118.1626
920.4397, 125.8799
920.9218, 121.1553
921.4039, 113.0308
921.8860, 112.5947
922.3682, 119.5137
922.8503, 121.8916
923.3324, 113.3809
923.8145, 106.5493
924.2966, 105.4443
924.7787, 106.8398
925.2609, 108.4419
925.7430, 110.4170
926.2251, 114.2217
926.7072, 120.3291
927.1893, 125.2480
927.6714, 125.6558
928.1536, 124.6499
928.6357, 125.3877
929.1178, 127.0586
929.5999, 127.9668
930.0820, 127.8457
930.5641, 127.3955
931.0463, 127.1626
931.5284, 126.3862
932.0105, 124.1211
932.4926, 120.3286
932.9747, 114.0332
933.4568, 105.3765
933.9390, 97.50391
934.4211, 91.64111
934.9032, 86.43457
935.3853, 80.55176
935.8674, 74.17578
936.3495, 67.49219
936.8317, 60.02246
937.3138, 53.83398
937.7959, 48.89014
938.2780, 45.86621
938.7601, 45.85449
939.2422, 47.30859
939.7244, 47.40479
940.2065, 45.95996
940.6886, 43.11523
941.1707, 36.33350
941.6528, 31.54639
942.1349, 31.14844
942.6171, 31.91406
943.0992, 32.01514
943.5813, 31.28955
944.0634, 29.57520
944.5455, 26.50342
945.0276, 23.72314
945.5098, 22.21436
945.9919, 20.60303
946.4740, 17.62891
946.9561, 14.59570
947.4382, 13.58203
947.9203, 14.40527
948.4025, 15.09375
948.8846, 14.40771
949.3667, 13.88867
949.8488, 15.62158
950.3309, 17.84668
950.8130, 17.72607
951.2952, 15.68799
951.7773, 13.57129
952.2594, 12.10791
952.7415, 11.73633
953.2236, 13.41895
953.7057, 16.14844
954.1878, 16.95068
954.6699, 16.04199
955.1520, 14.94092
955.6342, 13.83887
956.1163, 12.15576
956.5984, 9.371582
957.0805, 6.796387
957.5626, 6.617676
958.0447, 8.827148
958.5269, 12.03857
959.0090, 17.42432
959.4911, 18.12451
959.9732, 10.12598
960.4553, 3.182129
960.9374, 5.890137
961.4196, 14.31445
961.9017, 17.17383
962.3838, 12.17529
962.8659, 8.463867
963.3480, 5.916016
963.8301, 4.764648
964.3123, 5.486816
964.7944, 7.176270
965.2765, 9.815430
965.7586, 12.83887
966.2407, 13.81152
966.7228, 10.84863
967.2050, 9.040039
967.6871, 11.16748
968.1692, 12.92871
968.6513, 11.56348
969.1334, 8.579590
969.6155, 5.540527
970.0977, 2.997070
970.5798, 2.234375
971.0619, 5.401855
971.5440, 8.027344
972.0261, 6.264160
972.5082, 3.384277
972.9904, 2.664063
973.4725, 3.838867
973.9546, 6.120605
974.4367, 8.991699
974.9188, 10.37500
975.4009, 7.387207
975.8831, 3.307129
976.3652, 2.284668
976.8473, 3.556152
977.3294, 6.193848
977.8115, 9.576660
978.2936, 11.82324
978.7758, 12.04736
979.2579, 11.54980
979.7400, 12.08936
980.2221, 13.18945
980.7042, 13.08057
981.1863, 11.96240
981.6685, 11.71875
982.1506, 12.74219
982.6327, 12.14307
983.1148, 7.763184
983.5969, 2.107422
984.0790, 0.2348630
984.5612, 2.203125
985.0433, 2.614746
985.5254, 1.133789
986.0075, 4.8340000E-02
986.4896, 0.6147460
986.9717, 5.5663999E-02
987.4539, 2.860352
987.9360, 6.882324
988.4181, 9.342773
988.9002, 10.12939
989.3823, 9.540527
989.8644, 6.757324
990.3466, 3.979004
990.8287, 0.9580080
991.3108, 0.7397460
991.7929, 1.329590
992.2750, 6.313477
992.7571, 8.978027
993.2393, 7.281738
993.7214, 7.023926
994.2035, 9.945801
994.6856, 12.42676
995.1677, 13.80322
995.6498, 13.50000
996.1320, 9.581055
996.6141, 3.029785
997.0962, 0.7583010
997.5783, 7.662109
998.0604, 12.79297
998.5425, 11.66260
999.0247, 9.746094
999.5068, 10.65332
999.9889, 12.79102
1000.471, 13.29297
1000.953, 11.99756
1001.435, 11.73096
1001.917, 15.48438
1002.399, 17.70801
1002.882, 13.31738
1003.364, 7.882324
1003.846, 6.595215
1004.328, 8.439453
1004.810, 11.09277
1005.292, 13.52539
1005.774, 13.19873
1006.256, 6.084473
1006.739, 1.191895
1007.221, 1.324219
1007.703, 1.649902
1008.185, 2.367188
1008.667, 0.7973630
1009.149, 1.209473
1009.631, 2.852539
1010.113, 3.954102
1010.595, 4.246582
1011.078, 3.996094
1011.560, 3.743164
1012.042, 3.145020
1012.524, 1.641602
1013.006, 0.4311520
1013.488, 2.833008
1013.970, 5.604004
1014.452, 7.975098
1014.935, 8.903809
1015.417, 8.875488
1015.899, 8.979004
1016.381, 9.275391
1016.863, 10.82715
1017.345, 13.46973
1017.827, 13.42480
1018.309, 8.613770
1018.791, 2.933105
1019.274, 1.785156
1019.756, 4.304688
1020.238, 6.727051
1020.720, 9.029297
1021.202, 9.662109
1021.684, 8.260254
1022.166, 7.678223
1022.648, 9.721680
1023.130, 12.60938
1023.613, 13.18408
1024.095, 15.00488
1024.577, 16.88721
1025.059, 16.76660
1025.541, 19.26221
1026.023, 19.21680
1026.505, 17.95410
1026.987, 15.62109
1027.469, 13.97607
1027.952, 16.76660
1028.434, 24.26855
1028.916, 29.58691
1029.398, 32.67139
1029.880, 33.37500
1030.362, 30.17188
1030.844, 28.20361
1031.326, 31.18652
1031.809, 37.34863
1032.291, 43.39404
1032.773, 49.60352
1033.255, 53.42236
1033.737, 52.68066
1034.219, 54.50684
1034.701, 61.62256
1035.183, 69.59131
1035.666, 75.32129
1036.148, 79.98145
1036.630, 86.28955
1037.112, 94.92676
1037.594, 101.0801
1038.076, 103.9463
1038.558, 105.5088
1039.040, 106.8320
1039.522, 105.9497
1040.005, 101.4302
1040.487, 93.82227
1040.969, 83.50586
1041.451, 69.07666
1041.933, 58.42773
1042.415, 54.81201
1042.897, 50.64502
1043.379, 43.60156
1043.861, 36.60596
1044.344, 32.21191
1044.826, 29.07227
1045.308, 24.31885
1045.790, 17.54932
1046.272, 11.39014
1046.754, 5.093750
1047.236, 2.033691
1047.718, 4.854980
1048.201, 8.331055
1048.683, 9.076172
1049.165, 8.080078
1049.647, 6.427246
1050.129, 4.063477
1050.611, 2.893066
1051.093, 4.620605
1051.575, 5.608887
1052.057, 2.368164
1052.540, 0.2060550
1053.022, 5.625977
1053.504, 13.84766
1053.986, 14.79541
1054.468, 6.786133
1054.950, 1.993652
1055.432, 7.263672
1055.914, 11.42139
1056.396, 9.584961
1056.879, 6.297852
1057.361, 4.134766
1057.843, 3.393555
1058.325, 4.391602
1058.807, 7.142090
1059.289, 9.776855
1059.771, 13.59668
1060.253, 14.65674
1060.736, 8.665527
1061.218, 2.094238
1061.700, 0.5073240
1062.182, 7.4707001E-02
1062.664, 1.994629
1063.146, 5.175293
1063.628, 6.982910
1064.110, 5.829590
1064.593, 3.994141
1065.075, 1.690430
1065.557, 6.4452998E-02
1066.039, 0.3950200
1066.521, 1.598145
1067.003, 1.967285
1067.485, 1.254883
1067.967, 0.2524410
1068.449, 0.7387700
1068.932, 1.856934
1069.414, 4.586914
1069.896, 5.996582
1070.378, 2.509766
1070.860, 3.007813
1071.342, 5.911621
1071.824, 6.107422
1072.306, 7.661621
1072.788, 13.52002
1073.271, 17.48584
1073.753, 14.55176
1074.235, 10.88525
1074.717, 11.90381
1075.199, 14.34570
1075.681, 12.77588
1076.163, 7.780273
1076.645, 5.146973
1077.127, 7.465820
1077.610, 10.43652
1078.092, 12.22998
1078.574, 13.83887
1079.056, 16.49756
1079.538, 18.98291
1080.020, 20.14307
1080.502, 19.75928
1080.984, 17.31494
1081.467, 12.00195
1081.949, 7.977051
1082.431, 8.460938
1082.913, 9.204590
1083.395, 7.041992
1083.877, 4.218750
1084.359, 3.123047
1084.841, 3.573730
1085.323, 4.464355
1085.806, 5.546387
1086.288, 6.505371
1086.770, 6.494141
1087.252, 7.181152
1087.734, 10.28955
1088.216, 13.72998
1088.698, 16.10840
1089.180, 17.05566
1089.662, 15.62256
1090.145, 11.59863
1090.627, 8.946289
1091.109, 10.17871
1091.591, 11.71436
1092.073, 12.75586
1092.555, 12.81592
1093.037, 10.14014
1093.519, 6.877441
1094.002, 7.465332
1094.484, 12.07080
1094.966, 14.11621
1095.448, 7.873535
1095.930, 4.179688
1096.412, 11.02539
1096.894, 16.72461
1097.376, 10.66162
1097.859, 0.8764650
1098.341, 0.7958980
1098.823, 5.455566
1099.305, 9.962402
1099.787, 10.46777
1100.269, 9.172363
1100.751, 4.112793
1101.233, 0.3823240
1101.715, 1.930176
1102.198, 4.957520
1102.680, 6.392090
1103.162, 5.687500
1103.644, 1.433594
1104.126, 9.055176
1104.608, 15.10840
1105.090, 13.00684
1105.572, 8.467285
1106.054, 0.4716800
1106.537, 6.444824
1107.019, 8.107910
1107.501, 6.033691
1107.983, 3.567871
1108.465, 0.2851560
1108.947, 0.4843750
1109.429, 8.975586
1109.911, 14.57080
1110.394, 12.32617
1110.876, 9.407715
1111.358, 10.69385
1111.840, 13.52930
1112.322, 12.83154
1112.804, 8.242676
1113.286, 6.742188
1113.768, 10.98975
1114.250, 13.87158
1114.733, 14.71777
1115.215, 14.41162
1115.697, 12.95605
1116.179, 10.89453
1116.661, 8.193848
1117.143, 5.307617
1117.625, 5.712891
1118.107, 12.26904
1118.589, 15.25537
1119.072, 13.35889
1119.554, 10.23193
1120.036, 6.494629
1120.518, 3.201660
1121.000, 0.5283200
1121.482, 0.7255860
1121.964, 2.437500
1122.446, 11.46143
1122.929, 15.66553
1123.411, 13.61182
1123.893, 11.23340
1124.375, 9.530273
1124.857, 8.308105
1125.339, 7.154297
1125.821, 7.063965
1126.303, 10.38867
1126.786, 10.66797
1127.268, 11.77588
1127.750, 14.86279
1128.232, 14.13330
1128.714, 17.71191
1129.196, 20.42285
1129.678, 19.93701
1130.160, 17.97461
1130.642, 16.24561
1131.125, 15.01562
1131.607, 15.52637
1132.089, 17.66553
1132.571, 19.57471
1133.053, 21.14990
1133.535, 21.50781
1134.017, 20.38037
1134.499, 20.61621
1134.981, 21.44434
1135.464, 29.22949
1135.946, 23.13135
1136.428, 25.21436
1136.910, 25.00146
1137.392, 20.25977
1137.874, 24.08936
1138.356, 20.31104
1138.838, 17.16895
1139.321, 18.86182
1139.803, 22.25244
1140.285, 24.16650
1140.767, 25.17480
1141.249, 26.55127
1141.731, 27.77197
1142.213, 27.35352
1142.695, 25.69043
1143.177, 24.50439
1143.660, 24.31738
1144.142, 24.25098
1144.624, 23.41895
1145.106, 23.15674
1145.588, 25.22607
1146.070, 28.42773
1146.552, 32.05713
1147.034, 35.26807
1147.516, 36.56738
1147.999, 36.01855
1148.481, 34.97217
1148.963, 33.94385
1149.445, 32.81592
1149.927, 30.40674
1150.409, 29.04736
1150.891, 31.23584
1151.373, 34.61719
1151.856, 36.89209
1152.338, 38.12354
1152.820, 39.27246
1153.302, 40.50146
1153.784, 40.42334
1154.266, 37.64404
1154.748, 34.88770
1155.230, 31.57422
1155.713, 30.13281
1156.195, 34.28467
1156.677, 39.93750
1157.159, 41.09033
1157.641, 38.21631
1158.123, 36.96387
1158.605, 39.19092
1159.087, 40.24609
1159.569, 37.92090
1160.052, 37.20215
1160.534, 41.10889
1161.016, 45.14600
1161.498, 46.00391
1161.980, 44.12646
1162.462, 41.62305
1162.944, 38.93994
1163.426, 36.77686
1163.908, 34.91602
1164.391, 34.69629
1164.873, 37.08496
1165.355, 38.50830
1165.837, 36.59619
1166.319, 34.75146
1166.801, 37.18701
1167.283, 42.87500
1167.765, 48.58789
1168.247, 54.48340
1168.730, 53.51904
1169.212, 45.22314
1169.694, 37.74707
1170.176, 33.25391
1170.658, 33.49072
1171.140, 40.12354
1171.622, 49.08350
1172.104, 54.44141
1172.587, 56.53809
1173.069, 55.65088
1173.551, 52.53711
1174.033, 49.91699
1174.515, 48.13135
1174.997, 46.71338
1175.479, 45.49268
1175.961, 44.53955
1176.443, 43.48242
1176.926, 43.50635
1177.408, 47.24756
1177.890, 52.15820
1178.372, 55.33887
1178.854, 56.42871
1179.336, 54.88428
1179.818, 51.05078
1180.300, 45.97168
1180.782, 39.63721
1181.265, 35.93506
1181.747, 40.28955
1182.229, 44.45508
1182.711, 41.67236
1183.193, 37.61035
1183.675, 38.06055
1184.157, 40.57178
1184.639, 40.39795
1185.122, 37.13525
1185.604, 35.69141
1186.086, 39.77295
1186.568, 40.64697
1187.050, 31.28955
1187.532, 25.08496
1188.014, 31.97070
1188.496, 41.09570
1188.979, 41.12158
1189.461, 45.32715
1189.943, 47.57471
1190.425, 45.23340
1190.907, 48.48975
1191.389, 43.88623
1191.871, 43.01367
1192.353, 49.44336
1192.835, 54.24072
1193.318, 52.59277
1193.800, 48.27734
1194.282, 45.64990
1194.764, 44.46826
1195.246, 44.05615
1195.728, 44.35303
1196.210, 43.02295
1196.692, 40.19727
1197.174, 41.73291
1197.657, 48.71143
1198.139, 52.65723
1198.621, 48.05859
1199.103, 41.53027
1199.585, 42.14258
1200.067, 46.68848
1200.549, 49.88428
1201.031, 51.52588
1201.514, 50.90186
1201.996, 48.39893
1202.478, 44.71875
1202.960, 40.36816
1203.442, 37.37500
1203.924, 37.18750
1204.406, 38.10449
1204.888, 40.34863
1205.370, 41.49951
1205.853, 39.16357
1206.335, 34.95020
1206.817, 29.19775
1207.299, 23.73682
1207.781, 23.21387
1208.263, 28.94971
1208.745, 32.42822
1209.227, 29.83643
1209.709, 27.41455
1210.192, 25.30518
1210.674, 24.99219
1211.156, 28.90674
1211.638, 33.44629
1212.120, 35.88818
1212.602, 35.75732
1213.084, 30.42285
1213.566, 17.25537
1214.049, 12.54980
1214.531, 18.45264
1215.013, 24.70605
1215.495, 29.97314
1215.977, 32.52246
1216.459, 31.22949
1216.941, 27.78369
1217.423, 23.78613
1217.906, 20.04590
1218.388, 19.65576
1218.870, 21.82959
1219.352, 22.32471
1219.834, 21.34180
1220.316, 21.12793
1220.798, 22.16504
1221.280, 24.16943
1221.762, 27.06641
1222.245, 28.66260
1222.727, 25.73877
1223.209, 21.33398
1223.691, 17.19922
1224.173, 15.00732
1224.655, 19.68457
1225.137, 26.95410
1225.619, 27.30957
1226.101, 20.42969
1226.584, 15.14844
1227.066, 15.68311
1227.548, 15.97949
1228.030, 13.16748
1228.512, 11.06201
1228.994, 12.16797
1229.476, 13.76611
1229.958, 13.27637
1230.441, 12.05469
1230.923, 12.99414
1231.405, 12.71436
1231.887, 12.17236
1232.369, 13.44434
1232.851, 11.72803
1233.333, 11.77441
1233.815, 12.60107
1234.297, 14.20312
1234.780, 15.07471
1235.262, 14.10742
1235.744, 11.62744
1236.226, 7.254395
1236.708, 2.357910
1237.190, 4.093750
1237.672, 10.58057
1238.154, 13.91602
1238.636, 13.48047
1239.119, 10.43115
1239.601, 5.559082
1240.083, 0.8193360
1240.565, 2.943848
1241.047, 3.942871
1241.529, 3.685547
1242.011, 10.61523
1242.493, 5.023926
1242.975, 4.502441
1243.458, 8.146484
1243.940, 6.460938
1244.422, 1.682129
1244.904, 5.242188
1245.386, 8.609863
1245.868, 5.224609
1246.350, 1.413574
1246.832, 3.711426
1247.315, 6.448730
1247.797, 4.296387
1248.279, 1.042480
1248.761, 9.2770001E-03
1249.243, 1.007324
1249.725, 6.995117
1250.207, 17.31006
1250.689, 22.21826
1251.172, 21.18359
1251.654, 19.36768
1252.136, 17.04004
1252.618, 16.33691
1253.100, 17.87598
1253.582, 19.66113
1254.064, 20.36621
1254.546, 20.03711
1255.028, 18.50977
1255.510, 16.24414
1255.993, 13.36084
1256.475, 10.91748
1256.957, 10.48145
1257.439, 12.59912
1257.921, 20.50391
1258.403, 32.67920
1258.885, 37.59326
1259.367, 27.93311
1259.850, 20.15918
1260.332, 25.40674
1260.814, 29.30225
1261.296, 22.82959
1261.778, 15.54688
1262.260, 14.73730
1262.742, 16.61377
1263.224, 20.43359
1263.707, 23.04590
1264.189, 21.89844
1264.671, 21.63818
1265.153, 20.66797
1265.635, 16.09375
1266.117, 11.70557
1266.599, 12.26318
1267.081, 12.70264
1267.563, 10.53516
1268.046, 8.445801
1268.528, 10.82568
1269.010, 15.87256
1269.492, 20.05713
1269.974, 22.68652
1270.456, 20.77246
1270.938, 16.51465
1271.420, 16.95654
1271.902, 21.26465
1272.385, 22.79248
1272.867, 19.47168
1273.349, 15.14844
1273.831, 13.16260
1274.313, 12.21143
1274.795, 9.931152
1275.277, 9.638184
1275.759, 17.36035
1276.242, 25.71240
1276.724, 26.64404
1277.206, 21.87842
1277.688, 18.19092
1278.170, 15.79834
1278.652, 11.95020
1279.134, 5.006836
1279.616, 3.857422
1280.099, 10.84961
1280.581, 16.08496
1281.063, 15.95508
1281.545, 12.25439
1282.027, 5.567871
1282.509, 0.2680660
1282.991, 2.269531
1283.473, 4.508301
1283.955, 0.0000000E+00
##END=



