##NAMES=Siderite
##RRUFFID=R050262
##IDEAL CHEMISTRY=FeCO_3_
##LOCALITY=Panasqueira mine, Barroca Grande, Beira Baixa, Portugal
##OWNER=RRUFF
##SOURCE=Marcus Origlieri
##DESCRIPTION=Group of yellowish brown flattened twinned crystals
##STATUS=The identification of this mineral has been confirmed by X-ray diffraction and chemical analysis
##URL=rruff.info/R050262
##MEASURED CHEMISTRY=(Fe_0.71_Mg_0.24_Mn_0.05_)_Σ=1_CO_3_ ; light :  (Fe_0.60_Mg_0.36_Mn_0.04_)_Σ=1_CO_3_ ; intermediate : (Fe_0.54_Mg_0.42_Mn_0.04_)_Σ=1_CO_3_ ; darker :  (Mg_0.54_Fe_0.42_Mn_0.04_)_Σ=1_CO_3_ darkest = magnesite
151.0090, 0.0000000E+00
151.4911, 1.5038000E-02
151.9732, 0.6361310
152.4553, 1.127449
152.9374, 0.6281590
153.4196, 0.1121060
153.9017, 0.3275150
154.3838, 5.7617001E-02
154.8659, 0.7097020
155.3480, 1.587997
155.8301, 2.697800
156.3122, 4.205582
156.7944, 6.195099
157.2765, 8.201370
157.7586, 9.131088
158.2407, 8.593536
158.7228, 8.684464
159.2049, 10.40181
159.6871, 13.17744
160.1692, 15.66020
160.6513, 17.20929
161.1334, 18.55431
161.6155, 20.80328
162.0976, 24.05716
162.5798, 27.49855
163.0619, 30.63956
163.5440, 33.49065
164.0261, 36.20767
164.5082, 38.51105
164.9903, 40.92783
165.4725, 43.98544
165.9546, 47.78154
166.4367, 51.91951
166.9188, 55.76500
167.4009, 59.14067
167.8830, 62.99107
168.3652, 67.48909
168.8473, 72.50415
169.3294, 78.23546
169.8115, 84.75661
170.2936, 91.48029
170.7757, 97.31110
171.2579, 101.7438
171.7400, 106.0731
172.2221, 110.0745
172.7042, 114.2581
173.1863, 119.1686
173.6684, 125.0468
174.1506, 131.6242
174.6327, 138.0720
175.1148, 144.5953
175.5969, 150.7518
176.0790, 156.1914
176.5611, 161.3164
177.0433, 166.8579
177.5254, 173.2609
178.0075, 180.1178
178.4896, 185.3473
178.9717, 187.2969
179.4538, 189.6723
179.9360, 193.3343
180.4181, 198.0399
180.9002, 203.5782
181.3823, 210.1392
181.8644, 217.0343
182.3465, 222.8165
182.8287, 227.3474
183.3108, 231.1729
183.7929, 235.2531
184.2750, 239.9356
184.7571, 244.3926
185.2392, 249.0261
185.7214, 253.4324
186.2035, 257.0880
186.6856, 260.5075
187.1677, 263.3153
187.6498, 265.5493
188.1319, 267.1493
188.6141, 267.6773
189.0962, 268.0254
189.5783, 267.9778
190.0604, 266.8852
190.5425, 264.6780
191.0246, 260.6824
191.5068, 254.5045
191.9889, 245.8988
192.4710, 237.1002
192.9531, 229.4988
193.4352, 222.1628
193.9173, 214.0864
194.3995, 204.8986
194.8816, 194.7291
195.3637, 183.5527
195.8458, 170.5869
196.3279, 158.1323
196.8100, 147.1151
197.2922, 136.7701
197.7743, 126.1734
198.2564, 114.7355
198.7385, 102.9098
199.2206, 92.47675
199.7027, 84.56042
200.1849, 76.70650
200.6670, 68.13287
201.1491, 59.45621
201.6312, 51.44688
202.1133, 44.57759
202.5954, 38.79883
203.0776, 33.84653
203.5597, 30.20034
204.0418, 27.00041
204.5239, 24.50316
205.0060, 22.32866
205.4881, 19.87433
205.9703, 16.71480
206.4524, 13.00755
206.9345, 10.27010
207.4166, 9.198692
207.8987, 8.212067
208.3808, 6.957344
208.8630, 5.552666
209.3451, 4.091759
209.8272, 2.650925
210.3093, 1.248222
210.7914, 4.0215001E-02
211.2735, 1.240776
211.7557, 2.118858
212.2378, 2.227325
212.7199, 1.732353
213.2020, 1.135582
213.6841, 0.7063220
214.1662, 0.4227600
214.6484, 0.1321950
215.1305, 0.7934570
215.6126, 1.141670
216.0947, 0.3314590
216.5768, 3.310562
217.0589, 5.711990
217.5411, 6.221786
218.0232, 5.350746
218.5053, 4.786224
218.9874, 4.811516
219.4695, 4.825577
219.9516, 4.176964
220.4338, 2.883461
220.9159, 1.889381
221.3980, 1.892685
221.8801, 2.364868
222.3622, 2.511169
222.8443, 2.094109
223.3265, 1.587074
223.8086, 1.675934
224.2907, 2.474785
224.7728, 2.765076
225.2549, 1.230423
225.7370, 0.6834950
226.2192, 1.622650
226.7013, 1.172287
227.1834, 9.0003997E-02
227.6655, 0.7139360
228.1476, 1.182083
228.6297, 1.619972
229.1119, 2.502090
229.5940, 3.179459
230.0761, 3.023163
230.5582, 1.827538
231.0403, 0.1948930
231.5224, 0.8094020
232.0046, 0.6843720
232.4867, 1.456871
232.9688, 4.794151
233.4509, 8.326881
233.9330, 10.28632
234.4151, 10.19083
234.8973, 8.913971
235.3794, 7.722595
235.8615, 6.423737
236.3436, 5.697952
236.8257, 5.409996
237.3078, 5.721527
237.7900, 7.112869
238.2721, 9.583267
238.7542, 12.25021
239.2363, 13.59394
239.7184, 12.79194
240.2005, 12.23585
240.6827, 11.56879
241.1648, 11.38303
241.6469, 12.27601
242.1290, 14.29903
242.6111, 16.90878
243.0932, 19.41802
243.5754, 22.70461
244.0575, 23.85981
244.5396, 20.65728
245.0217, 17.10431
245.5038, 16.34435
245.9859, 18.83443
246.4681, 22.58160
246.9502, 24.94141
247.4323, 25.30260
247.9144, 25.58453
248.3965, 25.48596
248.8786, 25.51599
249.3608, 26.02284
249.8429, 27.06645
250.3250, 28.53189
250.8071, 30.34029
251.2892, 32.63585
251.7713, 34.71557
252.2535, 36.63274
252.7356, 38.29417
253.2177, 39.39218
253.6998, 39.97751
254.1819, 40.72412
254.6640, 42.35421
255.1462, 45.04520
255.6283, 47.62259
256.1104, 50.26178
256.5925, 52.65348
257.0746, 54.40023
257.5567, 55.53600
258.0388, 56.63580
258.5210, 57.98711
259.0031, 59.71308
259.4852, 62.63231
259.9673, 68.15431
260.4494, 73.83338
260.9315, 77.40699
261.4137, 78.97282
261.8958, 80.90791
262.3779, 84.96952
262.8600, 90.99735
263.3421, 96.90926
263.8242, 102.5057
264.3064, 108.0919
264.7885, 113.6435
265.2706, 119.2103
265.7527, 125.3875
266.2348, 132.6208
266.7169, 140.6921
267.1991, 148.7579
267.6812, 156.3456
268.1633, 164.3893
268.6454, 173.5409
269.1275, 183.7289
269.6096, 194.6476
270.0918, 206.3549
270.5739, 218.7513
271.0560, 231.3094
271.5381, 243.6648
272.0202, 257.0486
272.5023, 272.5648
272.9845, 290.0836
273.4666, 308.0766
273.9487, 326.1123
274.4308, 344.2128
274.9129, 362.4971
275.3951, 380.9869
275.8772, 400.0076
276.3593, 419.1403
276.8414, 438.6111
277.3235, 460.3210
277.8056, 485.5261
278.2878, 512.3831
278.7699, 538.8434
279.2520, 565.0465
279.7341, 590.6539
280.2162, 614.9516
280.6983, 638.4537
281.1805, 663.1276
281.6626, 689.7055
282.1447, 716.7314
282.6268, 742.8247
283.1089, 768.3445
283.5910, 794.3955
284.0732, 821.7516
284.5553, 849.9957
285.0374, 878.0453
285.5195, 905.9620
286.0016, 933.2797
286.4837, 960.4411
286.9659, 986.8943
287.4480, 1011.419
287.9301, 1032.931
288.4122, 1052.364
288.8943, 1072.182
289.3764, 1093.333
289.8586, 1112.580
290.3407, 1128.954
290.8228, 1142.755
291.3049, 1154.345
291.7870, 1163.711
292.2691, 1171.020
292.7513, 1177.237
293.2334, 1183.488
293.7155, 1185.072
294.1976, 1178.287
294.6797, 1167.225
295.1618, 1155.324
295.6440, 1143.814
296.1261, 1131.224
296.6082, 1115.826
297.0903, 1097.841
297.5724, 1075.959
298.0545, 1047.413
298.5367, 1015.991
299.0188, 983.7521
299.5009, 951.0569
299.9830, 917.6631
300.4651, 883.0673
300.9472, 846.9592
301.4294, 810.4332
301.9115, 772.6870
302.3936, 735.1537
302.8757, 697.9130
303.3578, 661.1767
303.8399, 626.1243
304.3221, 594.1055
304.8042, 565.2404
305.2863, 535.9428
305.7684, 504.7426
306.2505, 474.4595
306.7326, 446.1307
307.2148, 419.7809
307.6969, 395.2837
308.1790, 372.7418
308.6611, 352.0569
309.1432, 332.3452
309.6253, 314.0477
310.1075, 296.2614
310.5896, 278.1363
311.0717, 260.4154
311.5538, 244.2852
312.0359, 230.6498
312.5180, 218.8083
313.0002, 206.6127
313.4823, 193.3797
313.9644, 181.2701
314.4465, 170.6759
314.9286, 161.3053
315.4107, 153.0818
315.8929, 146.0004
316.3750, 139.4671
316.8571, 132.4076
317.3392, 124.3672
317.8213, 117.1196
318.3034, 111.1103
318.7856, 105.9159
319.2677, 101.5809
319.7498, 97.95696
320.2319, 94.49060
320.7140, 90.58215
321.1961, 86.17274
321.6783, 81.79571
322.1604, 77.21611
322.6425, 72.94313
323.1246, 69.10441
323.6067, 65.79000
324.0888, 63.22566
324.5710, 61.96999
325.0531, 61.65628
325.5352, 60.32704
326.0173, 57.11902
326.4994, 53.95595
326.9815, 51.96078
327.4637, 50.52966
327.9458, 48.64936
328.4279, 45.66631
328.9100, 42.11898
329.3921, 39.57829
329.8742, 38.54205
330.3564, 37.68042
330.8385, 36.63052
331.3206, 35.33514
331.8027, 33.74951
332.2848, 31.85800
332.7669, 30.02759
333.2491, 28.55859
333.7312, 27.29856
334.2133, 26.24918
334.6954, 25.78918
335.1775, 25.57112
335.6596, 25.27270
336.1418, 24.74743
336.6239, 24.13142
337.1060, 23.77538
337.5881, 23.74988
338.0702, 23.30869
338.5523, 22.12576
339.0345, 20.73046
339.5166, 19.25182
339.9987, 17.80676
340.4808, 16.80595
340.9629, 16.83354
341.4450, 17.54095
341.9272, 17.37654
342.4093, 15.80641
342.8914, 14.53778
343.3735, 14.58571
343.8556, 15.31503
344.3377, 15.78006
344.8199, 15.48869
345.3020, 14.88120
345.7841, 14.89841
346.2662, 15.85048
346.7483, 16.39269
347.2304, 15.49173
347.7126, 14.07683
348.1947, 13.01100
348.6768, 12.55070
349.1589, 11.98106
349.6410, 10.06807
350.1231, 6.848938
350.6053, 5.103119
351.0874, 6.455894
351.5695, 8.555252
352.0516, 9.575188
352.5337, 9.579201
353.0158, 9.181168
353.4980, 8.180099
353.9801, 6.775688
354.4622, 6.239380
354.9443, 7.195015
355.4264, 8.142639
355.9085, 7.492874
356.3907, 6.029015
356.8728, 5.510506
357.3549, 7.483162
357.8370, 10.16004
358.3191, 10.59889
358.8012, 8.567390
359.2834, 6.750008
359.7655, 6.497192
360.2476, 7.163589
360.7297, 7.886993
361.2118, 8.945099
361.6939, 9.503983
362.1761, 8.129051
362.6582, 5.204109
363.1403, 3.395683
363.6224, 4.057922
364.1045, 5.610741
364.5866, 5.720062
365.0688, 4.269905
365.5509, 3.072075
366.0330, 3.433510
366.5151, 4.366577
366.9972, 3.727707
367.4793, 0.8813630
367.9615, 1.776291
368.4436, 1.577446
368.9257, 0.9656300
369.4078, 2.730682
369.8899, 2.747192
370.3720, 2.221527
370.8542, 2.244308
371.3363, 2.751152
371.8184, 2.854095
372.3005, 1.774704
372.7826, 9.3993999E-02
373.2647, 0.2149200
373.7469, 1.883530
374.2290, 3.595169
374.7111, 3.629982
375.1932, 2.535156
375.6753, 1.127075
376.1574, 0.4436040
376.6396, 1.585327
377.1217, 1.084976
377.6038, 1.679893
378.0859, 3.644264
378.5680, 4.049538
379.0501, 3.809776
379.5323, 3.904533
380.0144, 4.365723
380.4965, 4.210762
380.9786, 2.256187
381.4607, 1.569031
381.9428, 3.005417
382.4250, 0.5127640
382.9071, 3.419487
383.3892, 2.637505
383.8713, 0.4725490
384.3534, 2.859703
384.8355, 2.905739
385.3177, 1.343086
385.7998, 0.3188780
386.2819, 6.0431998E-02
386.7640, 0.1071010
387.2461, 0.9391170
387.7282, 1.802177
388.2104, 1.754890
388.6925, 0.6937330
389.1746, 0.4133150
389.6567, 0.2477800
390.1388, 1.789642
390.6209, 2.683571
391.1031, 1.200317
391.5852, 5.1041000E-02
392.0673, 0.5376050
392.5494, 2.356247
393.0315, 3.716461
393.5136, 3.425659
393.9958, 1.758026
394.4779, 0.3078610
394.9600, 1.302963
395.4421, 2.120773
395.9242, 1.558762
396.4063, 0.4037700
396.8885, 0.6667710
397.3706, 1.407608
397.8527, 1.791023
398.3348, 1.620369
398.8169, 0.5829010
399.2990, 0.1043470
399.7812, 1.000351
400.2633, 1.863865
400.7454, 1.975994
401.2275, 1.413971
401.7096, 0.6653290
402.1917, 1.5930001E-02
402.6739, 0.5840680
403.1560, 0.6996080
403.6381, 2.2315999E-02
404.1202, 0.5125690
404.6023, 0.5552750
405.0844, 0.2675820
405.5666, 0.2466660
406.0487, 1.037884
406.5308, 1.740108
407.0129, 1.813469
407.4950, 1.216217
407.9771, 0.5839650
408.4593, 0.2941130
408.9414, 0.2143520
409.4235, 1.869144
409.9056, 4.565292
410.3877, 6.318695
410.8698, 5.372860
411.3520, 2.694492
411.8341, 0.6852870
412.3162, 0.4581870
412.7983, 1.013611
413.2804, 0.7025990
413.7625, 3.1962998E-02
414.2447, 0.1193470
414.7268, 1.357162
415.2089, 2.751320
415.6910, 2.256638
416.1731, 0.2838060
416.6552, 0.8194160
417.1374, 0.2348980
417.6195, 2.118111
418.1016, 2.097164
418.5837, 0.2969320
419.0658, 1.946842
419.5479, 1.305283
420.0301, 0.2020610
420.5122, 0.6427270
420.9943, 0.2365420
421.4764, 1.068226
421.9585, 0.4850690
422.4406, 1.543804
422.9228, 2.723160
423.4049, 2.414169
423.8870, 1.994411
424.3691, 2.035896
424.8512, 2.420338
425.3333, 2.933479
425.8155, 3.465107
426.2976, 3.875645
426.7797, 3.757477
427.2618, 2.430504
427.7439, 1.515118
428.2260, 1.025452
428.7082, 0.9225460
429.1903, 1.381157
429.6724, 2.282654
430.1545, 3.105015
430.6366, 3.290710
431.1187, 2.812813
431.6009, 2.815346
432.0830, 4.133343
432.5651, 5.046600
433.0472, 4.792068
433.5293, 4.037678
434.0114, 3.684212
434.4936, 4.097191
434.9757, 5.051655
435.4578, 6.218517
435.9399, 7.883492
436.4220, 8.698589
436.9041, 7.521370
437.3863, 6.203114
437.8684, 5.803703
438.3505, 6.275230
438.8326, 6.891376
439.3147, 7.064453
439.7968, 6.850658
440.2790, 6.811245
440.7611, 6.632412
441.2432, 6.863396
441.7253, 8.241528
442.2074, 9.868145
442.6895, 10.96915
443.1717, 11.41855
443.6538, 11.39681
444.1359, 10.69795
444.6180, 9.491810
445.1001, 8.975601
445.5822, 9.731468
446.0644, 10.84138
446.5465, 11.29977
447.0286, 11.15845
447.5107, 10.75650
447.9928, 9.659603
448.4749, 8.552547
448.9571, 8.268490
449.4392, 8.794308
449.9213, 9.712685
450.4034, 10.98993
450.8855, 12.34939
451.3676, 12.67241
451.8498, 11.43173
452.3319, 10.36397
452.8140, 9.753113
453.2961, 9.518238
453.7782, 9.717926
454.2603, 10.33295
454.7425, 10.99755
455.2246, 11.32001
455.7067, 11.16005
456.1888, 11.71848
456.6709, 13.95433
457.1530, 15.86649
457.6352, 16.15815
458.1173, 15.51477
458.5994, 15.50680
459.0815, 17.01747
459.5636, 19.16578
460.0457, 19.48225
460.5279, 16.29792
461.0100, 14.64770
461.4921, 15.83932
461.9742, 17.63342
462.4563, 18.77737
462.9384, 19.15214
463.4205, 19.19534
463.9026, 19.23869
464.3848, 19.23200
464.8669, 18.80916
465.3490, 17.24613
465.8311, 16.66066
466.3132, 18.78389
466.7953, 21.87912
467.2775, 23.98230
467.7596, 24.52388
468.2417, 24.07074
468.7238, 22.67218
469.2059, 20.69392
469.6880, 20.29722
470.1702, 22.54088
470.6523, 25.06020
471.1344, 25.12603
471.6165, 23.35252
472.0986, 22.43145
472.5807, 23.52916
473.0629, 25.46092
473.5450, 27.54922
474.0271, 29.60685
474.5092, 30.96140
474.9913, 31.38963
475.4734, 31.10541
475.9556, 30.43349
476.4377, 28.81889
476.9198, 27.92757
477.4019, 28.82015
477.8840, 30.34038
478.3661, 31.28222
478.8483, 31.48215
479.3304, 31.46756
479.8125, 31.76833
480.2946, 32.41130
480.7767, 32.95575
481.2589, 32.78732
481.7410, 33.25063
482.2231, 35.35366
482.7052, 37.83280
483.1873, 39.20363
483.6694, 39.08633
484.1516, 38.31602
484.6337, 37.81155
485.1158, 37.47159
485.5979, 38.02714
486.0800, 40.62943
486.5621, 42.89994
487.0443, 43.98993
487.5264, 44.10600
488.0085, 43.51991
488.4906, 42.09476
488.9727, 40.66451
489.4548, 40.95962
489.9370, 43.15614
490.4191, 44.11967
490.9012, 41.60241
491.3833, 39.06800
491.8654, 40.56760
492.3475, 45.72870
492.8297, 49.70941
493.3118, 49.90769
493.7939, 48.11354
494.2760, 45.95139
494.7581, 43.59795
495.2402, 42.95641
495.7224, 45.80318
496.2045, 50.60496
496.6866, 52.57376
497.1687, 50.41323
497.6508, 48.58537
498.1329, 48.21657
498.6151, 48.63021
499.0972, 49.26199
499.5793, 49.94684
500.0614, 50.45449
500.5435, 50.48772
501.0256, 50.06058
501.5078, 50.39488
501.9899, 53.36750
502.4720, 54.86301
502.9541, 52.52915
503.4362, 49.01214
503.9183, 47.65417
504.4005, 49.32999
504.8826, 51.91939
505.3647, 52.61384
505.8468, 51.14868
506.3289, 49.82417
506.8110, 48.27791
507.2932, 47.37462
507.7753, 47.80206
508.2574, 49.00727
508.7395, 50.07412
509.2216, 50.69024
509.7037, 50.93094
510.1859, 50.67773
510.6680, 49.97648
511.1501, 49.77980
511.6322, 50.66222
512.1143, 51.62046
512.5964, 51.46085
513.0786, 50.33795
513.5607, 49.23591
514.0428, 48.11178
514.5249, 47.34189
515.0070, 47.65805
515.4891, 48.75821
515.9713, 49.28081
516.4534, 48.53263
516.9355, 46.98439
517.4176, 45.61676
517.8997, 44.24488
518.3818, 43.48446
518.8640, 43.52852
519.3461, 44.03913
519.8282, 45.28556
520.3103, 46.85532
520.7924, 47.50832
521.2745, 46.27020
521.7567, 43.73872
522.2388, 42.53661
522.7209, 43.82638
523.2030, 44.33027
523.6851, 43.09081
524.1672, 41.39382
524.6494, 40.16581
525.1315, 39.47149
525.6136, 38.80678
526.0957, 37.59951
526.5778, 36.10944
527.0599, 35.37305
527.5421, 35.64967
528.0242, 35.91990
528.5063, 35.50379
528.9884, 34.79102
529.4705, 34.64569
529.9526, 35.38264
530.4348, 35.49068
530.9169, 33.39223
531.3990, 30.38473
531.8811, 28.98827
532.3632, 29.52196
532.8453, 30.55231
533.3275, 31.14327
533.8096, 31.16888
534.2917, 30.59499
534.7738, 28.51150
535.2559, 27.26023
535.7380, 28.08776
536.2202, 29.54710
536.7023, 30.09614
537.1844, 29.46436
537.6665, 28.35716
538.1486, 27.51065
538.6307, 26.91977
539.1129, 25.86809
539.5950, 23.62778
540.0771, 21.91615
540.5592, 21.27267
541.0413, 21.28465
541.5234, 21.65589
542.0056, 22.28539
542.4877, 22.75901
542.9698, 22.50980
543.4519, 21.65437
543.9340, 21.17898
544.4161, 21.48289
544.8983, 21.35857
545.3804, 19.02377
545.8625, 15.87628
546.3446, 14.81596
546.8267, 17.45579
547.3088, 20.01575
547.7910, 19.92922
548.2731, 18.23409
548.7552, 17.06989
549.2373, 16.91868
549.7194, 16.84837
550.2015, 15.80135
550.6837, 13.72968
551.1658, 12.86214
551.6479, 14.39946
552.1300, 15.51444
552.6121, 15.07087
553.0942, 13.88548
553.5764, 13.31491
554.0585, 13.67757
554.5406, 14.28082
555.0227, 14.22504
555.5048, 13.41815
555.9869, 12.41280
556.4691, 10.94942
556.9512, 9.666763
557.4333, 8.760258
557.9154, 8.198135
558.3975, 7.885834
558.8796, 7.751427
559.3618, 7.722187
559.8439, 7.874966
560.3260, 8.155415
560.8081, 8.279884
561.2902, 8.168400
561.7723, 8.070415
562.2545, 8.286709
562.7366, 8.706604
563.2187, 8.708164
563.7008, 7.982727
564.1829, 7.185387
564.6650, 6.408932
565.1472, 5.781303
565.6293, 5.574280
566.1114, 5.804554
566.5935, 6.082367
567.0756, 6.004505
567.5577, 5.619297
568.0399, 5.279968
568.5220, 5.214725
569.0041, 5.087406
569.4862, 4.173267
569.9683, 3.342934
570.4504, 3.850948
570.9326, 5.732426
571.4147, 7.369007
571.8968, 7.001049
572.3789, 4.966496
572.8610, 3.194096
573.3431, 1.556103
573.8253, 0.5783880
574.3074, 0.9539680
574.7895, 1.986835
575.2716, 2.707420
575.7537, 2.970211
576.2358, 3.118122
576.7180, 3.680473
577.2001, 4.120659
577.6822, 3.288834
578.1643, 1.215256
578.6464, 0.5734600
579.1285, 1.032768
579.6107, 0.3754350
580.0928, 0.4883380
580.5749, 2.177441
581.0570, 3.254948
581.5391, 3.194599
582.0212, 2.834660
582.5034, 3.015106
582.9855, 3.625832
583.4676, 3.753422
583.9497, 2.510147
584.4318, 0.3589210
584.9139, 1.145721
585.3961, 2.053211
585.8782, 2.080641
586.3603, 8.0800001E-03
586.8424, 2.035286
587.3245, 1.937683
587.8066, 5.5096000E-02
588.2888, 1.430637
588.7709, 0.1334360
589.2530, 1.703659
589.7351, 1.132469
590.2172, 1.404568
590.6993, 3.046644
591.1815, 2.526924
591.6636, 1.038235
592.1457, 0.5191590
592.6278, 1.418522
593.1099, 1.835690
593.5920, 1.345808
594.0742, 0.8076690
594.5563, 0.7053450
595.0384, 0.8644830
595.5205, 0.9276870
596.0026, 0.7384280
596.4847, 0.3899940
596.9669, 7.8999996E-03
597.4490, 0.4716490
597.9311, 0.8637850
598.4132, 1.112955
598.8953, 1.360300
599.3774, 1.745037
599.8596, 2.164499
600.3417, 2.469862
600.8238, 2.678040
601.3059, 2.606855
601.7880, 1.857447
602.2701, 0.7449460
602.7523, 8.8486001E-02
603.2344, 4.0833998E-02
603.7165, 0.1323700
604.1986, 3.7571002E-02
604.6807, 0.4002110
605.1628, 0.3830320
605.6450, 2.9132999E-02
606.1271, 0.7013840
606.6092, 1.761553
607.0913, 2.994659
607.5734, 4.674770
608.0555, 6.468956
608.5377, 7.005907
609.0198, 4.796623
609.5019, 0.8129410
609.9840, 0.6667790
610.4661, 1.460743
610.9482, 2.867434
611.4304, 1.520758
611.9125, 0.2117820
612.3946, 0.3389680
612.8767, 1.009710
613.3588, 2.121210
613.8409, 2.219221
614.3231, 1.739172
614.8052, 0.8510590
615.2873, 0.2725470
615.7694, 0.7963030
616.2515, 0.3483070
616.7336, 0.4929260
617.2158, 0.9211250
617.6979, 0.8327370
618.1800, 0.8257810
618.6621, 1.109076
619.1442, 1.240034
619.6263, 0.7498260
620.1085, 9.8632999E-02
620.5906, 0.1851580
621.0727, 1.246017
621.5548, 2.371433
622.0369, 2.322325
622.5190, 1.166044
623.0012, 0.3925550
623.4833, 6.2050000E-02
623.9654, 5.8851000E-02
624.4475, 1.894125
624.9296, 3.927021
625.4117, 3.832081
625.8939, 0.9383070
626.3760, 1.708204
626.8581, 2.928745
627.3402, 3.075016
627.8223, 2.128901
628.3044, 0.3467430
628.7866, 1.035122
629.2687, 1.256882
629.7508, 0.8238640
630.2329, 1.092934
630.7150, 2.909256
631.1971, 3.666389
631.6793, 2.593544
632.1614, 1.362217
632.6435, 0.3998370
633.1256, 1.9912999E-02
633.6077, 0.6982980
634.0898, 3.014723
634.5720, 5.473183
635.0541, 5.984301
635.5362, 4.763996
636.0183, 3.741549
636.5004, 3.210434
636.9825, 2.755232
637.4647, 1.882364
637.9468, 0.8663060
638.4289, 0.8266200
638.9110, 2.955215
639.3931, 4.196922
639.8752, 2.740952
640.3574, 0.4422300
640.8395, 0.7458420
641.3216, 0.6674730
641.8037, 0.1318230
642.2858, 0.3065050
642.7679, 0.6566890
643.2501, 0.9983120
643.7322, 1.259954
644.2143, 1.905037
644.6964, 3.548773
645.1785, 4.960356
645.6606, 5.413010
646.1428, 5.010387
646.6249, 4.350374
647.1070, 3.410763
647.5891, 2.528990
648.0712, 2.077217
648.5533, 1.855679
649.0355, 1.433529
649.5176, 0.7060950
649.9997, 0.2175240
650.4818, 0.5447180
650.9639, 1.639242
651.4460, 2.387028
651.9282, 2.493000
652.4103, 2.631851
652.8924, 3.163240
653.3745, 3.568142
653.8566, 3.213547
654.3387, 2.219721
654.8209, 1.327608
655.3030, 0.9973300
655.7851, 1.178465
656.2672, 2.015747
656.7493, 3.621668
657.2314, 4.447392
657.7136, 3.745468
658.1957, 2.652706
658.6778, 2.316591
659.1599, 2.612469
659.6420, 2.942776
660.1241, 3.560310
660.6063, 3.820215
661.0884, 3.110142
661.5705, 1.967976
662.0526, 1.016359
662.5347, 0.4449730
663.0168, 0.5153060
663.4990, 1.628563
663.9811, 3.549631
664.4632, 4.435148
664.9453, 3.658333
665.4274, 3.168612
665.9095, 3.696447
666.3917, 4.417700
666.8738, 4.825554
667.3559, 4.900681
667.8380, 4.725494
668.3201, 4.356932
668.8022, 3.958195
669.2844, 3.764606
669.7665, 3.687923
670.2486, 3.655836
670.7307, 3.704193
671.2128, 3.684259
671.6949, 3.488333
672.1771, 3.115854
672.6592, 2.595856
673.1413, 1.326120
673.6234, 0.5949550
674.1055, 1.123669
674.5876, 2.001196
675.0698, 2.507610
675.5519, 2.515615
676.0340, 2.089552
676.5161, 0.9285510
676.9982, 0.2778760
677.4803, 7.6041996E-02
677.9625, 1.857962
678.4446, 2.855579
678.9267, 2.336182
679.4088, 1.278992
679.8909, 0.5858610
680.3730, 0.2716520
680.8552, 0.3225920
681.3373, 1.244589
681.8194, 1.930580
682.3015, 2.002249
682.7836, 1.721731
683.2657, 1.257345
683.7479, 0.7226750
684.2300, 0.3035980
684.7121, 0.3449690
685.1942, 0.7856520
685.6763, 1.510483
686.1584, 2.730673
686.6406, 3.033226
687.1227, 1.195881
687.6048, 0.6075650
688.0869, 0.2866100
688.5690, 3.122421
689.0511, 4.701797
689.5333, 3.584471
690.0154, 2.191261
690.4975, 1.442327
690.9796, 1.133284
691.4617, 1.163357
691.9438, 1.434343
692.4260, 1.616436
692.9081, 1.406975
693.3902, 2.152596
693.8723, 1.612682
694.3544, 3.508137
694.8365, 4.997038
695.3187, 5.899498
695.8008, 6.190342
696.2829, 5.462902
696.7650, 4.203176
697.2471, 3.718075
697.7292, 4.863646
698.2114, 5.902567
698.6935, 5.473909
699.1756, 4.356611
699.6577, 3.670500
700.1398, 3.567719
700.6219, 3.764746
701.1041, 4.091074
701.5862, 4.495268
702.0683, 4.833172
702.5504, 5.109552
703.0325, 5.289822
703.5146, 4.954620
703.9968, 4.933250
704.4789, 5.843489
704.9610, 7.311829
705.4431, 8.567270
705.9252, 9.332685
706.4073, 9.992525
706.8895, 10.88667
707.3716, 11.85337
707.8537, 12.59222
708.3358, 13.11914
708.8179, 13.60098
709.3000, 14.06674
709.7822, 14.64980
710.2643, 15.73415
710.7464, 17.68452
711.2285, 19.28951
711.7106, 20.60608
712.1927, 21.53461
712.6749, 21.32790
713.1570, 20.95196
713.6391, 22.18242
714.1212, 25.59961
714.6033, 28.75142
715.0854, 29.01842
715.5676, 27.87635
716.0497, 28.41877
716.5318, 30.67492
717.0139, 32.67648
717.4960, 33.32497
717.9781, 33.88698
718.4603, 36.79888
718.9424, 43.21161
719.4245, 47.19710
719.9066, 46.70310
720.3887, 46.35600
720.8708, 47.59698
721.3530, 49.72681
721.8351, 51.81915
722.3172, 53.71479
722.7993, 55.97533
723.2814, 59.61146
723.7635, 63.61842
724.2457, 66.07124
724.7278, 67.10491
725.2099, 67.62140
725.6920, 67.80138
726.1741, 68.13733
726.6563, 69.36543
727.1384, 71.56429
727.6205, 72.71140
728.1026, 71.75320
728.5847, 71.14221
729.0668, 71.60392
729.5490, 72.33670
730.0311, 72.79030
730.5132, 72.89857
730.9953, 72.80681
731.4774, 72.57787
731.9595, 72.23502
732.4417, 71.80997
732.9238, 71.29099
733.4059, 70.67630
733.8880, 69.98708
734.3701, 69.04652
734.8522, 67.74881
735.3344, 66.17718
735.8165, 64.46180
736.2986, 61.81507
736.7807, 60.16585
737.2628, 60.88018
737.7449, 61.38580
738.2271, 59.97475
738.7092, 57.04732
739.1913, 53.74084
739.6734, 50.36270
740.1555, 47.75046
740.6376, 47.06475
741.1198, 47.69075
741.6019, 48.29050
742.0840, 48.72178
742.5661, 48.41231
743.0482, 46.94224
743.5303, 44.80445
744.0125, 42.92717
744.4946, 41.18099
744.9767, 40.13651
745.4588, 40.82944
745.9409, 40.97609
746.4230, 39.27239
746.9052, 36.85554
747.3873, 35.25668
747.8694, 34.70389
748.3515, 33.87989
748.8336, 31.44974
749.3157, 28.43893
749.7979, 26.25291
750.2800, 24.87884
750.7621, 24.52476
751.2442, 25.37033
751.7263, 25.88284
752.2084, 24.23014
752.6906, 20.49139
753.1727, 17.66979
753.6548, 16.16238
754.1369, 15.00377
754.6190, 13.91129
755.1011, 13.22723
755.5833, 13.78300
756.0654, 15.01481
756.5475, 15.05170
757.0296, 12.68795
757.5117, 9.838730
757.9938, 8.023159
758.4760, 6.969706
758.9581, 6.197758
759.4402, 5.639170
759.9223, 5.393293
760.4044, 5.561838
760.8865, 5.966162
761.3687, 6.200527
761.8508, 6.350645
762.3329, 6.039209
762.8150, 4.529770
763.2971, 3.489458
763.7792, 4.074924
764.2614, 5.259903
764.7435, 5.568705
765.2256, 4.711866
765.7077, 3.937607
766.1898, 3.876644
766.6719, 4.120483
767.1541, 4.405354
767.6362, 4.657040
768.1183, 4.687281
768.6004, 4.456598
769.0825, 4.273592
769.5646, 4.569891
770.0468, 5.224440
770.5289, 5.049034
771.0110, 3.647688
771.4931, 2.688889
771.9752, 3.005669
772.4573, 3.427208
772.9395, 2.506939
773.4216, 0.7334020
773.9037, 0.2188660
774.3858, 2.584806
774.8679, 4.391342
775.3500, 3.585854
775.8322, 2.036057
776.3143, 1.822857
776.7964, 2.762768
777.2785, 3.416658
777.7606, 2.995367
778.2427, 2.032221
778.7249, 1.255966
779.2070, 0.6754360
779.6891, 0.4275550
780.1712, 0.4718990
780.6533, 1.167736
781.1354, 3.236443
781.6176, 5.543343
782.0997, 5.895195
782.5818, 3.775021
783.0639, 2.225052
783.5460, 1.538946
784.0281, 1.257105
784.5103, 1.645260
784.9924, 2.081131
785.4745, 1.480850
785.9566, 4.6410002E-02
786.4387, 0.8270530
786.9208, 0.8439410
787.4030, 3.283758
787.8851, 3.536144
788.3672, 2.043461
788.8493, 1.192863
789.3314, 1.521931
789.8135, 1.824789
790.2957, 1.050404
790.7778, 0.4279060
791.2599, 1.050732
791.7420, 0.3265820
792.2241, 0.3346560
792.7062, 0.9855370
793.1884, 1.488731
793.6705, 2.151995
794.1526, 2.491098
794.6347, 1.398016
795.1168, 1.529338
795.5989, 3.864088
796.0811, 3.773100
796.5632, 2.649674
797.0453, 2.020803
797.5274, 1.734462
798.0095, 0.9486580
798.4916, 0.5682430
798.9738, 1.914274
799.4559, 2.024607
799.9380, 1.093077
800.4201, 0.5203480
800.9022, 0.2509630
801.3843, 0.6164280
801.8665, 2.289793
802.3486, 3.869827
802.8307, 3.958719
803.3128, 2.992943
803.7949, 2.315914
804.2770, 2.244457
804.7592, 2.115629
805.2413, 1.415794
805.7234, 0.8669640
806.2055, 1.193096
806.6876, 2.141092
807.1697, 3.197971
807.6519, 4.146614
808.1340, 4.582182
808.6161, 3.517078
809.0982, 1.597181
809.5803, 1.329908
810.0624, 2.753628
810.5446, 3.692440
811.0267, 3.314058
811.5088, 2.290815
811.9909, 1.265713
812.4730, 0.2279340
812.9551, 4.9562000E-02
813.4373, 1.429159
813.9194, 2.702497
814.4015, 4.005976
814.8836, 4.869638
815.3657, 4.730934
815.8478, 3.889114
816.3300, 3.168225
816.8121, 2.813683
817.2942, 2.682405
817.7763, 2.885113
818.2584, 3.129630
818.7405, 2.952177
819.2227, 2.425774
819.7048, 1.847161
820.1869, 1.346609
820.6690, 1.224220
821.1511, 2.130674
821.6332, 3.962075
822.1154, 4.492140
822.5975, 3.253057
823.0796, 2.491032
823.5617, 3.053098
824.0438, 4.132488
824.5259, 5.196443
825.0081, 6.158804
825.4902, 6.200167
825.9723, 4.302019
826.4544, 2.831148
826.9365, 2.641438
827.4186, 2.754384
827.9008, 2.196252
828.3829, 1.319436
828.8650, 1.238830
829.3471, 2.450285
829.8292, 3.765249
830.3113, 3.925391
830.7935, 3.388593
831.2756, 2.993538
831.7577, 2.802541
832.2398, 3.008475
832.7219, 3.720764
833.2040, 4.305140
833.6861, 3.801056
834.1682, 2.345458
834.6503, 2.782883
835.1324, 6.824641
835.6146, 8.761506
836.0967, 5.325371
836.5788, 1.783393
837.0609, 2.419919
837.5430, 5.761402
838.0251, 7.610617
838.5073, 6.841309
838.9894, 5.893869
839.4715, 5.575499
839.9536, 5.397718
840.4357, 4.800772
840.9178, 4.079119
841.4000, 3.997030
841.8821, 4.721200
842.3642, 5.479560
842.8463, 5.448112
843.3284, 4.895695
843.8105, 4.361902
844.2927, 3.857585
844.7748, 3.847589
845.2569, 4.435565
845.7390, 5.342480
846.2211, 6.494896
846.7032, 7.645913
847.1854, 7.554489
847.6675, 5.170462
848.1496, 4.182800
848.6317, 5.621048
849.1138, 6.972239
849.5959, 7.327819
850.0781, 7.056938
850.5602, 6.437819
851.0423, 5.443100
851.5244, 5.268719
852.0065, 7.140514
852.4886, 9.124473
852.9708, 9.884554
853.4529, 9.747485
853.9350, 9.488482
854.4171, 9.297372
854.8992, 8.923724
855.3813, 8.119419
855.8635, 7.244700
856.3456, 6.803428
856.8277, 6.761003
857.3098, 7.236385
857.7919, 8.266650
858.2740, 9.288574
858.7562, 10.02341
859.2383, 10.46967
859.7204, 10.56341
860.2025, 10.17191
860.6846, 10.20462
861.1667, 11.06904
861.6489, 11.74129
862.1310, 11.64255
862.6131, 11.52278
863.0952, 12.29396
863.5773, 13.67065
864.0594, 14.17572
864.5416, 12.70182
865.0237, 11.52731
865.5058, 12.04037
865.9879, 12.98539
866.4700, 13.07491
866.9521, 12.54891
867.4343, 12.31515
867.9164, 12.70953
868.3985, 13.26508
868.8806, 13.70275
869.3627, 13.84828
869.8448, 12.87190
870.3270, 10.97151
870.8091, 10.10727
871.2912, 10.90387
871.7733, 11.89818
872.2554, 11.78595
872.7375, 10.71834
873.2197, 9.298594
873.7018, 7.134789
874.1839, 5.796948
874.6660, 6.121325
875.1481, 6.296059
875.6302, 4.583054
876.1124, 2.514812
876.5945, 2.680099
877.0766, 5.628811
877.5587, 7.221655
878.0408, 5.193890
878.5229, 3.344852
879.0051, 3.846468
879.4872, 5.204488
879.9693, 5.704235
880.4514, 5.244000
880.9335, 4.557888
881.4156, 3.919521
881.8978, 3.578266
882.3799, 4.223882
882.8620, 5.309509
883.3441, 5.511230
883.8262, 4.903003
884.3083, 4.602426
884.7905, 5.101511
885.2726, 5.769708
885.7547, 5.777012
886.2368, 5.185506
886.7189, 4.385149
887.2010, 3.148905
887.6832, 3.020447
888.1653, 5.068179
888.6474, 6.820473
889.1295, 5.956270
889.6116, 3.328776
890.0938, 1.966071
890.5759, 2.590005
891.0580, 3.045025
891.5401, 3.164953
892.0222, 3.183836
892.5043, 3.276069
892.9865, 3.364119
893.4686, 3.171067
893.9507, 2.746975
894.4328, 2.773426
894.9149, 3.940038
895.3970, 5.223145
895.8792, 6.200033
896.3613, 6.669646
896.8434, 6.186890
897.3255, 4.911325
897.8076, 3.281964
898.2897, 1.458460
898.7719, 0.1734670
899.2540, 0.9779060
899.7361, 0.1860110
900.2182, 0.2709100
900.7003, 1.518292
901.1824, 1.261895
901.6646, 3.756027
902.1467, 6.149320
902.6288, 5.477831
903.1109, 2.491339
903.5930, 1.232183
904.0751, 2.800528
904.5573, 2.762385
905.0394, 0.6588730
905.5215, 3.514751
906.0036, 3.417024
906.4857, 1.758197
906.9678, 0.6681680
907.4500, 0.2720480
907.9321, 0.5983200
908.4142, 3.273417
908.8963, 4.940865
909.3784, 3.681703
909.8605, 1.727814
910.3427, 1.002851
910.8248, 1.486377
911.3069, 2.469718
911.7890, 3.911469
912.2711, 4.930917
912.7532, 4.216901
913.2354, 3.176518
913.7175, 4.132555
914.1996, 6.191213
914.6817, 6.499328
915.1638, 4.480777
915.6459, 2.525701
916.1281, 2.876209
916.6102, 4.535458
917.0923, 4.932992
917.5744, 4.091878
918.0565, 3.495511
918.5386, 3.354758
919.0208, 2.958200
919.5029, 1.845916
919.9850, 0.5947900
920.4671, 0.5142980
920.9492, 1.757751
921.4313, 2.190032
921.9135, 1.197255
922.3956, 0.8589280
922.8777, 2.219556
923.3598, 3.503098
923.8419, 2.932621
924.3240, 1.290412
924.8062, 0.9425830
925.2883, 2.846732
925.7704, 3.990771
926.2525, 3.449178
926.7346, 2.609553
927.2167, 1.955914
927.6989, 1.530956
928.1810, 1.275941
928.6631, 1.221045
929.1452, 1.605874
929.6273, 3.053819
930.1094, 4.236285
930.5916, 3.535289
931.0737, 2.197605
931.5558, 2.571283
932.0379, 4.101802
932.5200, 4.372354
933.0021, 2.527901
933.4843, 0.5938460
933.9664, 0.9222220
934.4485, 2.439386
934.9306, 2.555043
935.4127, 1.600448
935.8948, 1.565050
936.3770, 2.822567
936.8591, 3.841091
937.3412, 3.546439
937.8233, 2.454137
938.3054, 1.416453
938.7875, 0.2962160
939.2697, 1.095873
939.7518, 4.755742
940.2339, 6.934505
940.7160, 5.611278
941.1981, 3.122684
941.6802, 1.583220
942.1624, 0.9789180
942.6445, 0.9367730
943.1266, 1.537745
943.6087, 2.167247
944.0908, 2.962687
944.5729, 3.695603
945.0551, 4.700273
945.5372, 5.328669
946.0193, 4.337875
946.5014, 1.705726
946.9835, 4.0869001E-02
947.4656, 0.4318200
947.9478, 1.034676
948.4299, 0.5562740
948.9120, 8.2772002E-02
949.3941, 1.030938
949.8762, 2.779260
950.3583, 3.538627
950.8405, 2.748713
951.3226, 1.981617
951.8047, 2.076996
952.2868, 2.657149
952.7689, 3.757869
953.2510, 4.839304
953.7332, 4.605985
954.2153, 3.087571
954.6974, 1.656438
955.1795, 1.130396
955.6616, 1.519711
956.1437, 3.475865
956.6259, 6.257555
957.1080, 7.028764
957.5901, 5.876319
958.0722, 4.966081
958.5543, 4.981766
959.0364, 5.032448
959.5186, 4.231073
960.0007, 2.974666
960.4828, 2.722230
960.9649, 3.610465
961.4470, 4.289228
961.9291, 4.646783
962.4113, 4.864170
962.8934, 4.922890
963.3755, 4.745515
963.8576, 4.528895
964.3397, 4.375868
964.8218, 4.559992
965.3040, 5.554218
965.7861, 5.900044
966.2682, 5.129610
966.7503, 3.975523
967.2324, 2.304135
967.7145, 0.7213890
968.1967, 0.3634530
968.6788, 1.434910
969.1609, 2.205625
969.6430, 2.234055
970.1251, 2.202874
970.6072, 2.559641
971.0894, 2.742171
971.5715, 2.048062
972.0536, 0.8431680
972.5357, 7.0887998E-02
973.0178, 2.8104000E-02
973.4999, 4.4119999E-02
973.9821, 0.6637330
974.4642, 0.9679210
974.9463, 0.8368290
975.4284, 3.102904
975.9105, 3.042048
976.3926, 0.9851500
976.8748, 0.2020850
977.3569, 1.037519
977.8390, 2.728232
978.3211, 3.237408
978.8032, 2.835712
979.2853, 1.240626
979.7675, 0.8671110
980.2496, 1.468131
980.7317, 0.2251000
981.2138, 1.324861
981.6959, 2.097573
982.1780, 2.264132
982.6602, 1.821204
983.1423, 1.044872
983.6244, 1.220970
984.1065, 2.321884
984.5886, 2.957008
985.0707, 2.602652
985.5529, 2.079265
986.0350, 2.321829
986.5171, 2.923566
986.9992, 1.978553
987.4813, 0.7105790
987.9634, 1.541727
988.4456, 0.2122610
988.9277, 1.702000
989.4098, 1.589684
989.8919, 0.6674020
990.3740, 0.1441230
990.8561, 0.8194550
991.3383, 0.7577970
991.8204, 0.5558110
992.3025, 1.347679
992.7846, 1.184461
993.2667, 0.8004370
993.7488, 0.3675720
994.2310, 0.1386240
994.7131, 0.7218540
995.1952, 2.317481
995.6773, 2.882968
996.1594, 1.572268
996.6415, 0.4199750
997.1237, 0.5840070
997.6058, 0.9823520
998.0879, 0.3011880
998.5700, 2.082008
999.0521, 1.874643
999.5342, 0.9153670
1000.016, 2.650194
1000.498, 2.203175
1000.981, 1.119064
1001.463, 0.8852170
1001.945, 2.564866
1002.427, 2.475294
1002.909, 1.312681
1003.391, 0.9865440
1003.873, 2.113997
1004.355, 2.648955
1004.838, 0.8996370
1005.320, 0.8700600
1005.802, 1.338075
1006.284, 1.025180
1006.766, 3.5231002E-02
1007.248, 1.168845
1007.730, 1.055395
1008.212, 1.178782
1008.694, 2.867398
1009.177, 1.022049
1009.659, 1.443912
1010.141, 1.199290
1010.623, 0.5121540
1011.105, 1.682538
1011.587, 1.864768
1012.069, 0.9592740
1012.551, 1.193947
1013.034, 3.298321
1013.516, 3.902733
1013.998, 3.601589
1014.480, 3.297391
1014.962, 2.957056
1015.444, 2.112500
1015.926, 0.8574100
1016.408, 0.4059980
1016.890, 1.606034
1017.373, 3.457458
1017.855, 4.651382
1018.337, 5.252534
1018.819, 5.347898
1019.301, 5.000301
1019.783, 4.402615
1020.265, 3.645516
1020.747, 3.387693
1021.229, 4.223516
1021.712, 5.393017
1022.194, 5.088970
1022.676, 3.579463
1023.158, 3.227394
1023.640, 4.089833
1024.122, 5.398028
1024.604, 7.000605
1025.086, 7.976669
1025.569, 7.445547
1026.051, 5.963921
1026.533, 4.960522
1027.015, 4.419816
1027.497, 4.100342
1027.979, 3.952793
1028.461, 4.396434
1028.943, 5.666413
1029.426, 7.216386
1029.908, 8.686066
1030.390, 9.843340
1030.872, 9.836062
1031.354, 8.293604
1031.836, 7.465849
1032.318, 7.611103
1032.800, 7.950037
1033.282, 8.158264
1033.765, 8.242706
1034.247, 8.095510
1034.729, 7.839708
1035.211, 8.284033
1035.693, 9.707228
1036.175, 10.78455
1036.657, 11.31022
1037.139, 11.89441
1037.621, 12.57604
1038.104, 13.44898
1038.586, 14.88414
1039.068, 16.61062
1039.550, 17.56193
1040.032, 17.48294
1040.514, 17.20897
1040.996, 16.22895
1041.478, 15.81096
1041.961, 16.69878
1042.443, 17.96913
1042.925, 18.65409
1043.407, 18.99362
1043.889, 20.04817
1044.371, 22.22226
1044.853, 24.19172
1045.335, 26.05965
1045.818, 27.43554
1046.300, 27.52695
1046.782, 27.82790
1047.264, 30.48540
1047.746, 34.56565
1048.228, 36.43775
1048.710, 34.60001
1049.192, 33.86988
1049.674, 35.76621
1050.156, 37.64354
1050.639, 37.91329
1051.121, 38.35385
1051.603, 41.19193
1052.085, 45.55026
1052.567, 48.27728
1053.049, 48.30714
1053.531, 48.97058
1054.013, 50.74991
1054.496, 53.48221
1054.978, 58.12848
1055.460, 62.78962
1055.942, 65.50333
1056.424, 66.83079
1056.906, 68.71466
1057.388, 71.46568
1057.870, 74.62695
1058.353, 78.59352
1058.835, 82.66820
1059.317, 86.58522
1059.799, 90.31965
1060.281, 93.83792
1060.763, 97.23671
1061.245, 100.5472
1061.727, 103.5697
1062.209, 107.8836
1062.692, 115.2154
1063.174, 122.3841
1063.656, 127.5888
1064.138, 132.3370
1064.620, 137.6195
1065.102, 143.6393
1065.584, 150.8746
1066.066, 159.5527
1066.548, 167.3823
1067.031, 172.4326
1067.513, 178.2051
1067.995, 186.0065
1068.477, 195.5716
1068.959, 206.9449
1069.441, 219.7142
1069.923, 233.0728
1070.405, 246.8116
1070.888, 262.1654
1071.370, 280.0758
1071.852, 299.0270
1072.334, 317.0194
1072.816, 336.8118
1073.298, 360.9085
1073.780, 388.3537
1074.262, 416.8693
1074.745, 445.9959
1075.227, 477.4201
1075.709, 511.4595
1076.191, 548.1414
1076.673, 588.8322
1077.155, 630.7935
1077.637, 671.5748
1078.119, 712.3658
1078.601, 755.3004
1079.083, 800.7017
1079.566, 847.6882
1080.048, 896.1715
1080.530, 946.2002
1081.012, 997.7815
1081.494, 1051.346
1081.976, 1107.459
1082.458, 1165.486
1082.940, 1225.158
1083.422, 1285.563
1083.905, 1342.296
1084.387, 1394.358
1084.869, 1441.773
1085.351, 1486.705
1085.833, 1524.374
1086.315, 1555.035
1086.797, 1574.365
1087.279, 1577.580
1087.762, 1564.662
1088.244, 1538.049
1088.726, 1498.421
1089.208, 1446.160
1089.690, 1378.245
1090.172, 1301.161
1090.654, 1214.567
1091.136, 1123.905
1091.619, 1032.501
1092.101, 941.9827
1092.583, 853.6063
1093.065, 767.4376
1093.547, 687.9930
1094.029, 617.7637
1094.511, 554.1580
1094.993, 497.6681
1095.475, 446.6244
1095.958, 399.7863
1096.440, 357.1947
1096.922, 318.7231
1097.404, 284.5502
1097.886, 255.0135
1098.368, 231.5829
1098.850, 211.2121
1099.332, 193.5842
1099.814, 177.7316
1100.297, 163.4088
1100.779, 150.1411
1101.261, 137.3572
1101.743, 124.9417
1102.225, 113.2990
1102.707, 102.0513
1103.189, 92.24185
1103.671, 84.01723
1104.154, 77.42321
1104.636, 73.58976
1105.118, 70.74961
1105.600, 66.77603
1106.082, 61.69123
1106.564, 56.65643
1107.046, 51.05935
1107.528, 47.31828
1108.010, 47.78419
1108.493, 47.83875
1108.975, 45.39728
1109.457, 41.89440
1109.939, 38.19432
1110.421, 34.64676
1110.903, 32.11866
1111.385, 31.09209
1111.867, 29.77791
1112.349, 27.83103
1112.832, 25.42436
1113.314, 21.74933
1113.796, 18.62130
1114.278, 17.66678
1114.760, 17.99851
1115.242, 17.98807
1115.724, 17.64998
1116.206, 16.65728
1116.689, 14.43611
1117.171, 12.47653
1117.653, 10.69912
1118.135, 9.532692
1118.617, 9.549854
1119.099, 10.00985
1119.581, 9.811871
1120.063, 10.01680
1120.546, 8.952936
1121.028, 10.11385
1121.510, 10.66137
1121.992, 10.61115
1122.474, 9.711216
1122.956, 7.466255
1123.438, 4.913425
1123.920, 2.799192
1124.402, 1.307913
1124.885, 1.274845
1125.367, 3.278984
1125.849, 4.126631
1126.331, 3.463411
1126.813, 2.802021
1127.295, 2.486664
1127.777, 2.357012
1128.259, 2.378683
1128.741, 2.339920
1129.224, 1.632208
1129.706, 0.2909160
1130.188, 0.8884140
1130.670, 3.848936
1131.152, 5.063410
1131.634, 3.678549
1132.116, 2.294148
1132.598, 2.229675
1133.081, 2.594638
1133.563, 2.275778
1134.045, 1.463413
1134.527, 0.8518720
1135.009, 0.4442300
1135.491, 0.4379810
1135.973, 0.8363040
1136.455, 1.344406
1136.938, 1.863918
1137.420, 2.225434
1137.902, 2.271829
1138.384, 2.127848
1138.866, 2.050009
1139.348, 1.989666
1139.830, 1.679250
1140.312, 1.195428
1140.794, 1.023805
1141.276, 1.193952
1141.759, 0.8731680
1142.241, 0.4131620
1142.723, 1.410626
1143.205, 8.4578998E-02
1143.687, 0.8736700
1144.169, 1.794541
1144.651, 0.4054800
1145.133, 0.7177710
1145.616, 0.6857190
1146.098, 1.919279
1146.580, 2.274935
1147.062, 1.624170
1147.544, 0.7538980
1148.026, 2.841484
1148.508, 1.719325
1148.990, 0.3231870
1149.473, 0.1970380
1149.955, 1.247974
1150.437, 2.240121
1150.919, 2.426190
1151.401, 2.049183
1151.883, 1.086721
1152.365, 0.2710680
1152.847, 0.5370610
1153.329, 0.5935360
1153.812, 1.127683
1154.294, 3.082742
1154.776, 3.385984
1155.258, 2.498203
1155.740, 1.894465
1156.222, 1.902887
1156.704, 1.693099
1157.186, 0.4469170
1157.668, 0.3049560
1158.151, 0.2868440
1158.633, 1.166492
1159.115, 2.048994
1159.597, 2.570091
1160.079, 2.068917
1160.561, 0.6986320
1161.043, 0.2660650
1161.525, 0.4559280
1162.008, 0.7435100
1162.490, 1.476914
1162.972, 1.906073
1163.454, 1.761050
1163.936, 1.317532
1164.418, 0.6738390
1164.900, 6.2398002E-02
1165.382, 0.5821960
1165.865, 0.8015060
1166.347, 1.850415
1166.829, 4.451336
1167.311, 5.683650
1167.793, 4.943811
1168.275, 3.283621
1168.757, 0.7247840
1169.239, 1.237923
1169.721, 0.6444340
1170.203, 1.747708
1170.686, 2.676744
1171.168, 2.081295
1171.650, 2.091560
1172.132, 2.807375
1172.614, 3.545117
1173.096, 4.132517
1173.578, 4.288904
1174.060, 3.797655
1174.543, 2.980678
1175.025, 2.239837
1175.507, 1.616296
1175.989, 1.093797
1176.471, 0.8042260
1176.953, 1.660363
1177.435, 3.413379
1177.917, 4.215336
1178.400, 3.477673
1178.882, 2.639859
1179.364, 2.933128
1179.846, 2.406324
1180.328, 3.105062
1180.810, 2.439999
1181.292, 2.472638
1181.774, 3.010986
1182.256, 3.859557
1182.739, 4.720430
1183.221, 4.637356
1183.703, 3.079038
1184.185, 2.054344
1184.667, 3.616137
1185.149, 5.080961
1185.631, 4.206125
1186.113, 2.943362
1186.595, 3.503272
1187.078, 4.853010
1187.560, 4.912245
1188.042, 3.563154
1188.524, 2.721193
1189.006, 2.915735
1189.488, 3.459969
1189.970, 5.059197
1190.452, 5.941277
1190.935, 4.823523
1191.417, 3.234225
1191.899, 2.316445
1192.381, 2.004083
1192.863, 2.148555
1193.345, 2.777398
1193.827, 3.740588
1194.309, 5.363743
1194.792, 6.404026
1195.274, 6.723517
1195.756, 6.253438
1196.238, 4.716928
1196.720, 3.127916
1197.202, 2.677548
1197.684, 1.923372
1198.166, 2.796493
1198.648, 2.107367
1199.130, 2.630008
1199.613, 4.205421
1200.095, 3.883364
1200.577, 1.150708
1201.059, 0.4799220
1201.541, 0.8476840
1202.023, 3.363682
1202.505, 5.018139
1202.987, 6.016515
1203.470, 6.834251
1203.952, 7.300368
1204.434, 6.810434
1204.916, 5.754185
1205.398, 5.309517
1205.880, 5.586859
1206.362, 5.871537
1206.844, 5.622278
1207.327, 5.545462
1207.809, 6.559881
1208.291, 7.478761
1208.773, 7.451176
1209.255, 6.832510
1209.737, 5.592092
1210.219, 4.261961
1210.701, 3.894714
1211.183, 4.699272
1211.666, 5.629726
1212.148, 6.571181
1212.630, 7.297038
1213.112, 7.855995
1213.594, 8.076627
1214.076, 7.728197
1214.558, 7.152969
1215.040, 6.760403
1215.522, 6.377790
1216.005, 5.220827
1216.487, 3.016908
1216.969, 2.015474
1217.451, 2.546084
1217.933, 2.968589
1218.415, 3.046135
1218.897, 2.865104
1219.379, 2.469072
1219.862, 2.120700
1220.344, 2.098104
1220.826, 2.280910
1221.308, 2.285484
1221.790, 2.224963
1222.272, 2.635254
1222.754, 3.470153
1223.236, 4.605888
1223.719, 5.833654
1224.201, 6.263414
1224.683, 5.481539
1225.165, 4.224467
1225.647, 2.700432
1226.129, 1.656022
1226.611, 2.591295
1227.093, 3.803045
1227.575, 3.016233
1228.057, 1.472609
1228.540, 1.582402
1229.022, 3.332680
1229.504, 4.765032
1229.986, 5.333383
1230.468, 5.388075
1230.950, 4.586342
1231.432, 3.899077
1231.914, 4.102015
1232.397, 4.165264
1232.879, 2.591881
1233.361, 0.9895570
1233.843, 2.120034
1234.325, 5.487556
1234.807, 7.162010
1235.289, 6.585003
1235.771, 6.065647
1236.254, 5.631428
1236.736, 5.195675
1237.218, 4.745447
1237.700, 4.219418
1238.182, 3.546145
1238.664, 2.991706
1239.146, 3.029032
1239.628, 3.357145
1240.110, 2.733161
1240.593, 3.077707
1241.075, 1.794182
1241.557, 3.181820
1242.039, 4.060551
1242.521, 4.012344
1243.003, 3.060978
1243.485, 1.087910
1243.967, 0.5720410
1244.449, 0.1220860
1244.932, 1.226801
1245.414, 3.094625
1245.896, 4.859131
1246.378, 5.623652
1246.860, 5.899356
1247.342, 7.122857
1247.824, 9.036422
1248.306, 8.834954
1248.789, 4.654764
1249.271, 1.756164
1249.753, 1.669562
1250.235, 2.093971
1250.717, 2.824543
1251.199, 3.380182
1251.681, 3.342731
1252.163, 3.158282
1252.646, 3.465775
1253.128, 4.161043
1253.610, 4.769107
1254.092, 5.362284
1254.574, 4.887011
1255.056, 3.278769
1255.538, 1.560463
1256.020, 1.6550000E-03
1256.502, 0.7437570
1256.984, 0.2648460
1257.467, 0.7824450
1257.949, 1.820111
1258.431, 2.766649
1258.913, 3.701290
1259.395, 4.320426
1259.877, 3.743658
1260.359, 2.587699
1260.841, 2.049873
1261.324, 2.287937
1261.806, 2.954998
1262.288, 3.979041
1262.770, 4.903630
1263.252, 5.694775
1263.734, 6.096258
1264.216, 5.942457
1264.698, 5.446806
1265.181, 4.297846
1265.663, 3.164643
1266.145, 2.460434
1266.627, 2.123201
1267.109, 2.292698
1267.591, 3.097603
1268.073, 3.707050
1268.555, 4.222486
1269.037, 3.756992
1269.520, 1.903482
1270.002, 1.707161
1270.484, 4.686316
1270.966, 7.316822
1271.448, 5.831778
1271.930, 2.560064
1272.412, 0.1918140
1272.894, 1.200195
1273.376, 0.5778770
1273.859, 1.264484
1274.341, 2.783234
1274.823, 3.699591
1275.305, 3.771250
1275.787, 3.104481
1276.269, 3.320805
1276.751, 6.244379
1277.233, 7.886391
1277.716, 4.952379
1278.198, 1.851128
1278.680, 0.7974990
1279.162, 0.9190940
1279.644, 0.6403310
1280.126, 1.113804
1280.608, 2.538483
1281.090, 4.341955
1281.573, 5.311981
1282.055, 5.307373
1282.537, 4.759192
1283.019, 3.650978
1283.501, 3.203438
1283.983, 3.518303
1284.465, 3.410494
1284.947, 2.188715
1285.429, 0.6969570
1285.911, 0.0000000E+00
##END=



