##NAMES=Sofiite
##RRUFFID=R070045
##IDEAL CHEMISTRY=Zn_2_(Se^4+^O_3_)Cl_2_
##LOCALITY=Great Tolbachik Eruption (1975-6), Tolbachik Volcano, Kamchatka Peninsula, Russia
##OWNER=RRUFF
##SOURCE=Michael Scott
##DESCRIPTION=White or colorless thin psuedohexagonal plates, co-type material
##STATUS=The identification of this mineral is not yet confirmed.
##URL=rruff.info/R070045
192.6633, 0.0000000E+00
193.1454, 18.46777
193.6275, 27.52539
194.1097, 38.58301
194.5918, 26.13672
195.0739, 7.728516
195.5560, 4.155273
196.0381, 1.398438
196.5202, 16.90430
197.0024, 42.47852
197.4845, 80.02051
197.9666, 118.7598
198.4487, 155.7344
198.9308, 189.7236
199.4129, 220.0957
199.8951, 246.9531
200.3772, 270.6260
200.8593, 279.7695
201.3414, 254.0566
201.8235, 237.2109
202.3056, 257.3193
202.7878, 302.4707
203.2699, 338.7617
203.7520, 341.7861
204.2341, 314.4863
204.7162, 295.3242
205.1983, 293.8936
205.6805, 288.7637
206.1626, 266.3779
206.6447, 234.4736
207.1268, 211.2344
207.6089, 208.6934
208.0910, 223.1523
208.5732, 229.3809
209.0553, 220.5654
209.5374, 212.5078
210.0195, 216.9268
210.5016, 224.1289
210.9837, 212.7588
211.4659, 169.4238
211.9480, 106.3145
212.4301, 72.20508
212.9122, 100.6562
213.3943, 115.7275
213.8764, 95.09375
214.3586, 55.44629
214.8407, 19.16113
215.3228, 4.590820
215.8049, 15.99902
216.2870, 14.41699
216.7691, 15.69824
217.2513, 37.35352
217.7334, 41.67773
218.2155, 37.68555
218.6976, 34.35840
219.1797, 34.73535
219.6618, 40.25391
220.1440, 54.25488
220.6261, 87.17676
221.1082, 110.9004
221.5903, 118.1299
222.0724, 118.8184
222.5546, 122.6963
223.0367, 132.2637
223.5188, 143.0010
224.0009, 147.9277
224.4830, 140.5947
224.9651, 143.6641
225.4473, 173.9268
225.9294, 203.6045
226.4115, 205.4375
226.8936, 177.6680
227.3757, 144.0557
227.8578, 132.2822
228.3400, 151.0410
228.8221, 157.1855
229.3042, 145.5527
229.7863, 126.9590
230.2684, 100.5469
230.7505, 70.49414
231.2327, 50.61328
231.7148, 53.89258
232.1969, 82.25488
232.6790, 116.5967
233.1611, 172.4902
233.6432, 218.9111
234.1254, 233.1143
234.6075, 223.8770
235.0896, 219.7637
235.5717, 243.0098
236.0538, 291.5371
236.5359, 319.5771
237.0181, 315.4678
237.5002, 306.6777
237.9823, 295.7822
238.4644, 286.2949
238.9465, 285.1123
239.4286, 297.1465
239.9108, 317.9609
240.3929, 326.6924
240.8750, 308.7529
241.3571, 295.8428
241.8392, 298.2402
242.3213, 306.2695
242.8035, 306.4668
243.2856, 292.9873
243.7677, 271.5146
244.2498, 255.5068
244.7319, 246.6641
245.2140, 242.1299
245.6962, 253.5137
246.1783, 263.0068
246.6604, 249.4678
247.1425, 208.4307
247.6246, 158.2939
248.1067, 128.5928
248.5889, 132.1582
249.0710, 130.8652
249.5531, 118.4102
250.0352, 106.4033
250.5173, 103.7217
250.9994, 111.4170
251.4816, 119.2471
251.9637, 114.5762
252.4458, 92.22168
252.9279, 80.74512
253.4100, 94.18750
253.8921, 104.3252
254.3743, 89.41602
254.8564, 57.63574
255.3385, 35.61133
255.8206, 46.72266
256.3027, 91.01465
256.7849, 130.8398
257.2670, 184.2344
257.7491, 213.6660
258.2312, 196.5654
258.7133, 150.1006
259.1954, 100.4805
259.6776, 62.08496
260.1597, 35.81445
260.6418, 26.71582
261.1239, 45.33984
261.6060, 68.23438
262.0881, 97.76562
262.5703, 126.4033
263.0524, 145.9512
263.5345, 152.6680
264.0166, 151.2139
264.4987, 149.0068
264.9808, 139.7686
265.4630, 144.6973
265.9451, 179.8027
266.4272, 219.6855
266.9093, 247.7441
267.3914, 259.8193
267.8735, 259.4893
268.3557, 247.3135
268.8378, 219.5146
269.3199, 199.5488
269.8020, 190.7578
270.2841, 189.8809
270.7662, 200.4268
271.2484, 219.7090
271.7305, 237.5117
272.2126, 244.1084
272.6947, 240.0889
273.1768, 237.2002
273.6589, 233.7070
274.1411, 233.9131
274.6232, 238.7217
275.1053, 248.1816
275.5874, 263.1055
276.0695, 287.1982
276.5516, 315.7148
277.0338, 334.7412
277.5159, 341.0361
277.9980, 345.6436
278.4801, 350.1309
278.9622, 356.8779
279.4443, 369.0859
279.9265, 387.8623
280.4086, 412.1299
280.8907, 443.9473
281.3728, 484.6436
281.8549, 517.9219
282.3370, 535.6475
282.8192, 544.2744
283.3013, 545.3916
283.7834, 535.8174
284.2655, 539.7236
284.7476, 594.7568
285.2297, 686.0547
285.7119, 732.8174
286.1940, 696.0957
286.6761, 643.6943
287.1582, 656.5117
287.6403, 728.5840
288.1224, 783.5156
288.6046, 771.1650
289.0867, 727.0527
289.5688, 713.2998
290.0509, 741.8828
290.5330, 786.0576
291.0151, 824.3672
291.4973, 853.4844
291.9794, 874.5156
292.4615, 890.4268
292.9436, 900.5264
293.4257, 900.2988
293.9078, 890.6875
294.3900, 879.6934
294.8721, 869.7070
295.3542, 862.4180
295.8363, 863.1738
296.3184, 878.6777
296.8005, 893.0801
297.2827, 897.2773
297.7648, 896.9121
298.2469, 905.4912
298.7290, 927.2158
299.2111, 949.5586
299.6932, 948.8252
300.1754, 913.5596
300.6575, 881.0586
301.1396, 856.2207
301.6217, 835.1650
302.1038, 811.3389
302.5859, 783.6211
303.0680, 764.9521
303.5501, 773.5840
304.0323, 821.7148
304.5144, 838.2305
304.9965, 803.6699
305.4786, 760.2246
305.9607, 724.5615
306.4428, 698.5605
306.9250, 679.9736
307.4071, 666.9033
307.8892, 658.3945
308.3713, 634.0068
308.8534, 559.6494
309.3355, 507.4014
309.8177, 504.8223
310.2998, 524.4551
310.7819, 531.4365
311.2640, 511.1592
311.7461, 475.9912
312.2282, 452.0625
312.7104, 448.2725
313.1925, 436.8887
313.6746, 411.1143
314.1567, 381.6787
314.6388, 355.0664
315.1209, 332.3525
315.6031, 311.1455
316.0852, 286.2686
316.5673, 256.1777
317.0494, 241.3564
317.5315, 265.1309
318.0136, 278.8438
318.4958, 252.1748
318.9779, 199.9609
319.4600, 157.0166
319.9421, 145.0088
320.4242, 154.4678
320.9063, 161.4746
321.3885, 166.6279
321.8706, 167.4590
322.3527, 148.7051
322.8348, 130.9209
323.3169, 144.0244
323.7990, 205.7695
324.2812, 263.4775
324.7633, 250.0752
325.2454, 171.7285
325.7275, 119.2988
326.2096, 125.6348
326.6917, 157.6465
327.1739, 179.0859
327.6560, 190.0117
328.1381, 195.9922
328.6202, 197.1494
329.1023, 195.5430
329.5844, 196.6924
330.0666, 202.3379
330.5487, 202.2900
331.0308, 183.1377
331.5129, 147.9902
331.9950, 124.9707
332.4771, 116.7979
332.9593, 120.4199
333.4414, 144.6377
333.9235, 181.7012
334.4056, 204.0498
334.8877, 196.3340
335.3698, 165.2627
335.8520, 130.7783
336.3341, 83.70898
336.8162, 47.08594
337.2983, 26.53711
337.7804, 17.58496
338.2625, 16.37695
338.7447, 21.58496
339.2268, 32.55664
339.7089, 50.82520
340.1910, 85.78809
340.6731, 93.68652
341.1552, 50.86035
341.6374, 6.739258
342.1195, 12.95801
342.6016, 11.52637
343.0837, 6.267578
343.5658, 10.26855
344.0479, 20.63184
344.5301, 15.84082
345.0122, 24.59570
345.4943, 52.34668
345.9764, 61.61328
346.4585, 53.73438
346.9406, 22.00000
347.4228, 35.70898
347.9049, 91.87109
348.3870, 98.52344
348.8691, 42.55566
349.3512, 4.045898
349.8333, 15.12598
350.3155, 27.97168
350.7976, 11.03711
351.2797, 31.54297
351.7618, 70.69824
352.2439, 84.15820
352.7260, 78.69434
353.2082, 79.73340
353.6903, 93.97656
354.1724, 97.00586
354.6545, 53.42773
355.1366, 7.384766
355.6187, 38.45117
356.1009, 20.20215
356.5830, 15.30859
357.0651, 50.86328
357.5472, 83.27344
358.0293, 91.14746
358.5114, 58.95508
358.9936, 10.71875
359.4757, 13.67578
359.9578, 13.26465
360.4399, 5.689453
360.9220, 9.304688
361.4041, 26.79102
361.8863, 44.68066
362.3684, 61.63574
362.8505, 66.61523
363.3326, 44.16895
363.8147, 6.171875
364.2968, 17.89648
364.7790, 47.38086
365.2611, 104.1523
365.7432, 112.1396
366.2253, 91.22168
366.7074, 78.54688
367.1895, 91.14746
367.6717, 118.6826
368.1538, 137.9629
368.6359, 146.0762
369.1180, 150.0137
369.6001, 141.4941
370.0822, 135.7520
370.5644, 147.6621
371.0465, 175.4160
371.5286, 204.0566
372.0107, 218.3369
372.4928, 218.9941
372.9749, 235.1045
373.4571, 281.3877
373.9392, 322.7441
374.4213, 352.4961
374.9034, 368.8516
375.3855, 366.1406
375.8676, 337.9219
376.3498, 302.6494
376.8319, 286.5791
377.3140, 290.6523
377.7961, 295.9424
378.2782, 300.3232
378.7603, 301.0293
379.2425, 297.7275
379.7246, 290.3906
380.2067, 273.5586
380.6888, 230.6748
381.1709, 182.3672
381.6530, 167.9697
382.1352, 191.9219
382.6173, 217.8574
383.0994, 221.0674
383.5815, 202.9600
384.0636, 181.4463
384.5457, 143.0156
385.0279, 115.7285
385.5100, 118.1553
385.9921, 139.0049
386.4742, 157.8477
386.9563, 167.3252
387.4384, 170.5254
387.9206, 172.0693
388.4027, 169.5479
388.8848, 171.3086
389.3669, 181.3027
389.8490, 191.9297
390.3311, 203.4805
390.8133, 212.2139
391.2954, 206.5127
391.7775, 173.7148
392.2596, 122.0791
392.7417, 107.3770
393.2238, 162.2988
393.7060, 204.2334
394.1881, 205.3711
394.6702, 193.0625
395.1523, 200.3867
395.6344, 235.1943
396.1165, 263.6855
396.5987, 228.6797
397.0808, 132.0176
397.5629, 97.40820
398.0450, 173.9521
398.5271, 263.9795
399.0092, 299.7500
399.4914, 294.9336
399.9735, 288.2539
400.4556, 299.4512
400.9377, 313.5762
401.4198, 311.1309
401.9019, 292.6768
402.3841, 269.4766
402.8662, 240.0537
403.3483, 215.2959
403.8304, 223.5898
404.3125, 276.5801
404.7946, 321.9521
405.2768, 345.7412
405.7589, 351.7686
406.2410, 347.2461
406.7231, 336.4678
407.2052, 316.1152
407.6873, 276.8379
408.1695, 217.8145
408.6516, 197.9170
409.1337, 260.3281
409.6158, 307.7510
410.0979, 304.5098
410.5800, 275.7637
411.0622, 255.4111
411.5443, 256.3350
412.0264, 268.7305
412.5085, 278.8223
412.9906, 288.0254
413.4727, 285.4082
413.9549, 259.5273
414.4370, 236.1562
414.9191, 227.9824
415.4012, 230.9912
415.8833, 231.7568
416.3654, 224.0752
416.8476, 208.4033
417.3297, 180.2412
417.8118, 137.7197
418.2939, 105.4893
418.7760, 97.30859
419.2581, 102.8057
419.7403, 108.8594
420.2224, 116.5557
420.7045, 118.2383
421.1866, 108.6670
421.6687, 90.66113
422.1508, 65.10352
422.6330, 34.01074
423.1151, 14.15234
423.5972, 25.84961
424.0793, 67.20117
424.5614, 83.95801
425.0435, 54.19043
425.5257, 28.07715
426.0078, 30.99805
426.4899, 45.08594
426.9720, 39.96680
427.4541, 5.891602
427.9362, 36.49805
428.4184, 55.48730
428.9005, 47.06445
429.3826, 27.81445
429.8647, 24.50098
430.3468, 66.09473
430.8289, 72.47461
431.3111, 53.93359
431.7932, 33.44727
432.2753, 20.56445
432.7574, 18.18848
433.2395, 41.25977
433.7216, 98.72559
434.2038, 128.2500
434.6859, 87.95020
435.1680, 31.22461
435.6501, 16.11426
436.1322, 44.72266
436.6143, 65.82227
437.0965, 46.76758
437.5786, 9.445313
438.0607, 17.22070
438.5428, 30.99414
439.0249, 30.61035
439.5070, 12.38281
439.9892, 19.92676
440.4713, 48.48926
440.9534, 74.05664
441.4355, 95.71875
441.9176, 122.5742
442.3997, 140.8350
442.8819, 125.0889
443.3640, 74.96777
443.8461, 25.10059
444.3282, 14.88770
444.8103, 47.54883
445.2924, 76.52441
445.7746, 104.9551
446.2567, 125.5293
446.7388, 131.7266
447.2209, 130.6299
447.7030, 129.1455
448.1852, 129.0742
448.6673, 136.9688
449.1494, 169.2559
449.6315, 225.8877
450.1136, 262.4229
450.5957, 269.0430
451.0779, 258.0752
451.5600, 228.4023
452.0421, 187.5430
452.5242, 164.3174
453.0063, 174.5244
453.4884, 199.6875
453.9706, 230.0127
454.4527, 262.7012
454.9348, 285.9736
455.4169, 294.0801
455.8990, 293.7891
456.3811, 297.2529
456.8633, 308.7695
457.3454, 313.1191
457.8275, 294.9072
458.3096, 282.4004
458.7917, 307.4971
459.2738, 355.9111
459.7560, 381.3955
460.2381, 351.4082
460.7202, 286.6934
461.2023, 258.6523
461.6844, 287.4531
462.1665, 309.0176
462.6487, 307.9160
463.1308, 300.7148
463.6129, 295.8389
464.0950, 294.9785
464.5771, 299.6318
465.0592, 320.0215
465.5414, 345.0664
466.0235, 344.8818
466.5056, 316.7139
466.9877, 281.5293
467.4698, 241.0771
467.9519, 205.6875
468.4341, 198.8105
468.9162, 234.8271
469.3983, 259.5664
469.8804, 245.2598
470.3625, 214.5781
470.8446, 189.1826
471.3268, 174.0801
471.8089, 175.7959
472.2910, 204.4736
472.7731, 255.5732
473.2552, 273.3291
473.7373, 220.0967
474.2195, 177.0459
474.7016, 152.3672
475.1837, 142.5352
475.6658, 144.5488
476.1479, 157.2891
476.6300, 179.5703
477.1122, 218.8242
477.5943, 272.0898
478.0764, 298.5098
478.5585, 292.9932
479.0406, 273.4023
479.5227, 228.8535
480.0049, 175.2207
480.4870, 145.8701
480.9691, 153.3906
481.4512, 164.3223
481.9333, 147.6855
482.4154, 121.4795
482.8976, 125.2637
483.3797, 167.1592
483.8618, 222.1133
484.3439, 272.9697
484.8260, 319.3184
485.3081, 335.5566
485.7903, 306.9873
486.2724, 267.8926
486.7545, 215.0137
487.2366, 164.9453
487.7187, 133.8467
488.2008, 125.3252
488.6830, 138.7480
489.1651, 184.9141
489.6472, 268.7822
490.1293, 309.7422
490.6114, 276.9736
491.0935, 243.0029
491.5757, 240.2988
492.0578, 253.4492
492.5399, 260.5244
493.0220, 253.7598
493.5041, 248.2783
493.9862, 259.4736
494.4684, 278.8662
494.9505, 287.7354
495.4326, 282.1729
495.9147, 269.6338
496.3968, 252.9092
496.8789, 232.4004
497.3611, 222.3730
497.8432, 230.2256
498.3253, 237.8975
498.8074, 242.7051
499.2895, 242.7148
499.7716, 231.6572
500.2538, 209.7041
500.7359, 189.4570
501.2180, 187.7686
501.7001, 206.1074
502.1822, 215.5137
502.6643, 205.0977
503.1465, 200.6670
503.6286, 216.6738
504.1107, 240.6377
504.5928, 256.3896
505.0749, 259.3867
505.5570, 257.6123
506.0392, 263.0742
506.5213, 269.2812
507.0034, 250.2246
507.4855, 198.2646
507.9676, 149.9727
508.4497, 132.9043
508.9319, 144.3438
509.4140, 158.1484
509.8961, 187.5889
510.3782, 202.6846
510.8603, 179.3857
511.3424, 145.8408
511.8246, 138.0039
512.3067, 160.2021
512.7888, 186.5361
513.2709, 191.0449
513.7531, 174.9902
514.2352, 164.6182
514.7173, 162.5322
515.1994, 161.9824
515.6815, 158.6152
516.1636, 158.7432
516.6458, 170.0098
517.1279, 191.2266
517.6100, 204.9834
518.0921, 192.2207
518.5742, 164.4746
519.0563, 145.2832
519.5385, 136.6582
520.0206, 132.8252
520.5027, 132.3066
520.9848, 132.9502
521.4669, 126.3486
521.9490, 101.5586
522.4312, 89.52246
522.9133, 105.6406
523.3954, 128.3623
523.8775, 143.7314
524.3596, 148.3037
524.8417, 138.8389
525.3239, 109.9629
525.8060, 70.54492
526.2881, 54.88477
526.7702, 73.69922
527.2523, 87.01270
527.7344, 73.58789
528.2166, 61.31836
528.6987, 73.39062
529.1808, 107.7471
529.6629, 139.5352
530.1450, 163.7217
530.6271, 175.3838
531.1093, 161.3906
531.5914, 126.2441
532.0735, 92.35156
532.5556, 67.59961
533.0377, 53.60742
533.5198, 55.17773
534.0020, 82.91113
534.4841, 94.91797
534.9662, 89.07324
535.4483, 70.54590
535.9304, 21.06934
536.4125, 35.38867
536.8947, 50.32520
537.3768, 0.1123050
537.8589, 72.28223
538.3410, 98.06543
538.8231, 74.61230
539.3052, 55.47461
539.7874, 46.59668
540.2695, 41.73145
540.7516, 36.95605
541.2337, 32.85449
541.7158, 31.23047
542.1979, 35.54980
542.6801, 37.69238
543.1622, 31.12695
543.6443, 19.67188
544.1264, 9.113281
544.6085, 0.9072270
545.0906, 4.310547
545.5728, 3.568359
546.0549, 2.896484
546.5370, 0.8056640
547.0191, 23.08203
547.5012, 38.47852
547.9833, 41.55078
548.4655, 34.03125
548.9476, 8.926758
549.4297, 30.14648
549.9117, 56.94629
550.3939, 36.93945
550.8760, 8.251953
551.3581, 16.08496
551.8402, 17.02539
552.3223, 40.16113
552.8044, 24.89453
553.2866, 5.912109
553.7687, 7.225586
554.2508, 27.75781
554.7329, 52.60645
555.2150, 56.70703
555.6971, 52.85645
556.1793, 42.46973
556.6614, 31.15039
557.1435, 38.38574
557.6256, 76.36719
558.1077, 120.9121
558.5898, 121.1543
559.0720, 63.69043
559.5541, 31.07227
560.0362, 44.60938
560.5183, 63.47266
561.0004, 62.42969
561.4825, 51.65918
561.9647, 53.12305
562.4468, 79.64453
562.9289, 103.7715
563.4110, 98.85449
563.8931, 78.70117
564.3752, 74.80176
564.8574, 92.16797
565.3395, 105.6104
565.8216, 91.48535
566.3037, 54.51562
566.7858, 36.16211
567.2679, 58.15820
567.7501, 70.71094
568.2322, 54.06836
568.7143, 37.82910
569.1964, 55.92383
569.6785, 102.1631
570.1606, 133.2061
570.6428, 108.7617
571.1249, 57.53320
571.6070, 48.09863
572.0891, 81.39551
572.5712, 91.40820
573.0533, 45.03320
573.5355, 13.33789
574.0176, 25.06738
574.4997, 12.62793
574.9818, 49.93164
575.4639, 95.42676
575.9460, 127.6309
576.4282, 124.1279
576.9103, 103.0537
577.3924, 96.57715
577.8745, 114.1270
578.3566, 135.2100
578.8387, 131.9053
579.3209, 104.2451
579.8030, 89.13672
580.2851, 91.94531
580.7672, 97.22070
581.2493, 103.4971
581.7314, 104.8672
582.2136, 92.04688
582.6957, 61.50000
583.1778, 35.32812
583.6599, 24.13477
584.1420, 21.47266
584.6241, 20.49902
585.1063, 21.89551
585.5884, 30.99121
586.0705, 50.30469
586.5526, 69.85547
587.0347, 68.69336
587.5168, 31.04004
587.9990, 14.35742
588.4811, 40.35156
588.9632, 66.01758
589.4453, 74.70898
589.9274, 70.60938
590.4095, 65.13965
590.8917, 62.23926
591.3738, 59.77637
591.8559, 52.05469
592.3380, 41.74902
592.8201, 33.61816
593.3022, 26.29395
593.7844, 31.09668
594.2665, 61.15137
594.7486, 107.6650
595.2307, 126.7139
595.7128, 76.47754
596.1949, 47.45703
596.6771, 56.07812
597.1592, 73.89844
597.6413, 84.12012
598.1234, 85.07324
598.6055, 78.53906
599.0876, 64.14941
599.5698, 49.57422
600.0519, 48.37988
600.5340, 57.37109
601.0161, 55.50488
601.4982, 32.17285
601.9803, 16.32324
602.4625, 39.69238
602.9446, 96.84961
603.4267, 131.1895
603.9088, 129.5391
604.3909, 122.7432
604.8730, 110.8477
605.3552, 101.0996
605.8373, 107.9629
606.3194, 127.8975
606.8015, 136.4043
607.2836, 108.8604
607.7657, 62.05176
608.2479, 47.30957
608.7300, 69.48535
609.2121, 84.15430
609.6942, 81.96875
610.1763, 70.24512
610.6584, 50.75098
611.1406, 25.32031
611.6227, 13.33105
612.1048, 37.13574
612.5869, 54.62012
613.0690, 28.01758
613.5511, 9.925781
614.0333, 2.753906
614.5154, 54.98047
614.9975, 112.8916
615.4796, 121.2891
615.9617, 90.70898
616.4438, 86.00977
616.9260, 122.0459
617.4081, 140.0918
617.8902, 110.5918
618.3723, 69.69336
618.8544, 47.02051
619.3365, 42.22852
619.8187, 48.16797
620.3008, 74.93164
620.7829, 99.87793
621.2650, 104.9277
621.7471, 97.19043
622.2292, 89.82715
622.7114, 86.58691
623.1935, 85.26953
623.6756, 83.68652
624.1577, 81.89648
624.6398, 79.57812
625.1219, 73.74512
625.6041, 73.88574
626.0862, 97.89941
626.5683, 117.8184
627.0504, 100.3311
627.5325, 49.52539
628.0146, 21.80371
628.4968, 59.56543
628.9789, 111.3818
629.4610, 140.3711
629.9431, 147.2246
630.4252, 128.2109
630.9073, 83.68457
631.3895, 35.66895
631.8716, 12.86621
632.3537, 17.33789
632.8358, 17.83301
633.3179, 8.152344
633.8000, 4.171875
634.2822, 11.29297
634.7643, 24.19824
635.2464, 44.48633
635.7285, 69.58008
636.2106, 80.83789
636.6927, 59.43164
637.1749, 29.05957
637.6570, 8.753906
638.1391, 1.940430
638.6212, 2.983398
639.1033, 5.420898
639.5854, 15.13770
640.0676, 16.84082
640.5497, 10.73145
641.0318, 8.111328
641.5139, 14.84277
641.9960, 15.24512
642.4781, 4.914063
642.9603, 24.22949
643.4424, 22.87207
643.9245, 1.955078
644.4066, 19.50098
644.8887, 40.11426
645.3708, 51.11426
645.8530, 35.70996
646.3351, 5.884766
646.8172, 7.837891
647.2993, 2.229492
647.7814, 14.34180
648.2635, 5.361328
648.7457, 22.79297
649.2278, 42.24316
649.7099, 55.08789
650.1920, 55.32129
650.6741, 25.84863
651.1563, 3.592773
651.6384, 8.663086
652.1205, 7.380859
652.6026, 20.90234
653.0847, 28.09863
653.5668, 23.71094
654.0490, 11.14453
654.5311, 57.79883
655.0132, 73.10156
655.4953, 49.12891
655.9774, 12.31445
656.4595, 16.59766
656.9417, 36.26367
657.4238, 35.42578
657.9059, 3.830078
658.3880, 25.79785
658.8701, 54.09082
659.3522, 72.60645
659.8344, 69.43262
660.3165, 51.74512
660.7986, 41.75879
661.2807, 52.35547
661.7628, 62.63281
662.2449, 56.25391
662.7271, 41.76074
663.2092, 33.68164
663.6913, 33.11230
664.1734, 27.90625
664.6555, 6.814453
665.1376, 19.70703
665.6198, 12.07910
666.1019, 44.91016
666.5840, 79.64355
667.0661, 68.11426
667.5482, 50.63770
668.0303, 53.39062
668.5125, 69.47949
668.9946, 84.07227
669.4767, 99.94824
669.9588, 103.8213
670.4409, 75.73438
670.9230, 40.58691
671.4052, 24.10645
671.8873, 28.54492
672.3694, 41.36914
672.8515, 53.54590
673.3336, 70.04688
673.8157, 108.2285
674.2979, 172.6973
674.7800, 199.5107
675.2621, 165.2256
675.7442, 134.2900
676.2263, 150.7715
676.7084, 192.6035
677.1906, 213.5820
677.6727, 206.7393
678.1548, 198.7881
678.6369, 195.1982
679.1190, 193.2324
679.6011, 184.9404
680.0833, 177.9316
680.5654, 190.4258
681.0475, 228.9844
681.5296, 274.9756
682.0117, 305.9521
682.4938, 324.0234
682.9760, 348.4170
683.4581, 382.8145
683.9402, 398.1865
684.4223, 370.1221
684.9044, 331.9023
685.3865, 341.5371
685.8687, 415.4785
686.3508, 452.6016
686.8329, 415.4092
687.3150, 382.3135
687.7971, 385.4121
688.2792, 408.4336
688.7614, 432.3027
689.2435, 452.6406
689.7256, 472.6123
690.2077, 495.3018
690.6898, 519.2891
691.1719, 543.0361
691.6541, 565.9990
692.1362, 585.1436
692.6183, 599.4385
693.1004, 608.8545
693.5825, 612.5186
694.0646, 610.8174
694.5468, 611.5420
695.0289, 615.3545
695.5110, 620.6895
695.9931, 624.7051
696.4752, 632.3008
696.9573, 646.9717
697.4395, 668.3330
697.9216, 696.4277
698.4037, 738.3086
698.8858, 773.2988
699.3679, 776.4766
699.8500, 762.4150
700.3322, 755.5410
700.8143, 759.4951
701.2964, 773.9404
701.7785, 799.5576
702.2606, 833.4287
702.7427, 873.4102
703.2249, 927.9707
703.7070, 954.6201
704.1891, 931.7480
704.6712, 907.2422
705.1533, 908.4160
705.6354, 924.1816
706.1176, 943.2266
706.5997, 970.3271
707.0818, 968.2227
707.5639, 899.7041
708.0460, 819.6016
708.5281, 768.8799
709.0103, 744.5410
709.4924, 738.2637
709.9745, 745.3633
710.4566, 747.2480
710.9387, 714.9795
711.4208, 658.2061
711.9030, 638.1719
712.3851, 659.9277
712.8672, 666.0430
713.3493, 634.0195
713.8314, 582.9072
714.3135, 528.4482
714.7957, 469.4473
715.2778, 432.9785
715.7599, 438.4014
716.2420, 443.1748
716.7241, 426.8604
717.2062, 412.9199
717.6884, 431.2236
718.1705, 475.5918
718.6526, 508.7402
719.1347, 506.1699
719.6168, 491.9111
720.0989, 492.3545
720.5811, 504.4795
721.0632, 523.4248
721.5453, 547.6533
722.0274, 564.0820
722.5095, 562.4648
722.9916, 548.6152
723.4738, 541.4844
723.9559, 538.8027
724.4380, 550.1426
724.9201, 599.4346
725.4022, 633.2080
725.8843, 609.9053
726.3665, 564.1338
726.8486, 549.7764
727.3307, 578.6543
727.8128, 615.7197
728.2949, 642.5850
728.7770, 659.9287
729.2592, 658.3301
729.7413, 654.9902
730.2234, 671.7861
730.7055, 718.3271
731.1876, 768.8379
731.6697, 793.6475
732.1519, 803.0537
732.6340, 803.7480
733.1161, 798.5527
733.5982, 784.3398
734.0803, 760.1182
734.5624, 735.2666
735.0446, 718.1660
735.5267, 712.1289
736.0088, 702.7891
736.4909, 700.1426
736.9730, 684.7764
737.4551, 643.7295
737.9373, 598.6553
738.4194, 558.4922
738.9015, 527.7100
739.3836, 519.0400
739.8657, 549.7998
740.3478, 561.2119
740.8300, 476.3955
741.3121, 353.3701
741.7942, 289.4971
742.2763, 285.2539
742.7584, 296.8047
743.2405, 303.5361
743.7227, 303.6797
744.2048, 294.3662
744.6869, 275.3945
745.1690, 248.1543
745.6511, 209.4443
746.1332, 170.0068
746.6154, 120.7314
747.0975, 83.47754
747.5796, 99.79688
748.0617, 169.2998
748.5438, 198.3740
749.0259, 131.8311
749.5081, 78.38281
749.9902, 96.77734
750.4723, 135.0332
750.9544, 138.0625
751.4365, 104.9541
751.9186, 64.95508
752.4008, 28.04883
752.8829, 8.425781
753.3650, 40.57520
753.8471, 103.8408
754.3292, 134.4297
754.8113, 124.7725
755.2935, 101.3877
755.7756, 78.11523
756.2577, 57.32617
756.7398, 43.87891
757.2219, 37.63379
757.7040, 38.60254
758.1862, 39.46582
758.6683, 58.91797
759.1504, 134.8418
759.6325, 216.0986
760.1146, 237.8877
760.5967, 195.0303
761.0789, 164.7139
761.5610, 172.6494
762.0431, 188.8467
762.5252, 204.6406
763.0073, 215.6777
763.4894, 211.6260
763.9716, 195.8174
764.4537, 188.2461
764.9358, 202.9414
765.4179, 231.1416
765.9000, 268.1699
766.3821, 308.0488
766.8643, 317.5879
767.3464, 291.5908
767.8285, 271.3857
768.3106, 284.6602
768.7927, 315.5146
769.2748, 325.2266
769.7570, 302.8916
770.2391, 297.2764
770.7212, 320.3633
771.2033, 343.2412
771.6854, 359.7529
772.1675, 367.7988
772.6497, 360.3857
773.1318, 336.9043
773.6139, 321.8066
774.0960, 325.7803
774.5781, 334.6934
775.0602, 347.6611
775.5424, 357.3311
776.0245, 353.7549
776.5066, 337.1504
776.9887, 314.5479
777.4708, 287.7861
777.9529, 264.0654
778.4351, 259.0283
778.9172, 266.3906
779.3993, 259.9990
779.8814, 236.9902
780.3635, 213.8623
780.8456, 199.6045
781.3278, 192.6455
781.8099, 191.3379
782.2920, 198.7617
782.7741, 196.6885
783.2562, 190.0566
783.7383, 165.0869
784.2205, 92.62891
784.7026, 16.19238
785.1847, 106.1738
785.6668, 45.70508
786.1489, 11.25586
786.6310, 1.411133
787.1132, 89.85840
787.5953, 51.39453
788.0774, 63.81152
788.5595, 78.33789
789.0416, 22.05469
789.5237, 96.27734
790.0059, 41.15039
790.4880, 37.67188
790.9701, 10.54883
791.4522, 34.59473
791.9343, 42.83594
792.4164, 17.90332
792.8986, 39.62598
793.3807, 37.68262
793.8628, 89.01172
794.3449, 115.7412
794.8270, 44.16992
795.3091, 99.54980
795.7913, 104.0781
796.2734, 106.5254
796.7555, 179.8291
797.2376, 122.6514
797.7197, 194.8848
798.2018, 253.3350
798.6840, 254.6484
799.1661, 193.5928
799.6482, 167.9775
800.1303, 222.6914
800.6124, 286.4746
801.0945, 306.6484
801.5767, 302.3291
802.0588, 320.5303
802.5409, 376.7930
803.0230, 432.0449
803.5051, 461.6084
803.9872, 475.7188
804.4694, 475.2383
804.9515, 470.8262
805.4336, 492.3018
805.9157, 544.6660
806.3978, 595.3584
806.8799, 611.0498
807.3621, 607.4678
807.8442, 633.2080
808.3263, 687.8867
808.8084, 736.6758
809.2905, 773.0928
809.7726, 806.4385
810.2548, 843.4004
810.7369, 880.6299
811.2190, 907.1973
811.7011, 910.5430
812.1832, 939.1553
812.6653, 1013.928
813.1475, 1088.037
813.6296, 1154.865
814.1117, 1208.771
814.5938, 1232.062
815.0759, 1227.263
815.5580, 1251.830
816.0402, 1352.035
816.5223, 1447.497
817.0044, 1500.025
817.4865, 1529.441
817.9686, 1550.435
818.4507, 1569.123
818.9329, 1593.277
819.4150, 1626.919
819.8971, 1664.615
820.3792, 1707.989
820.8613, 1748.341
821.3434, 1764.506
821.8256, 1759.260
822.3077, 1755.438
822.7898, 1761.662
823.2719, 1762.710
823.7540, 1737.195
824.2361, 1691.564
824.7183, 1671.839
825.2004, 1683.370
825.6825, 1688.434
826.1646, 1681.335
826.6467, 1661.257
827.1288, 1621.427
827.6110, 1570.190
828.0931, 1536.639
828.5752, 1528.133
829.0573, 1522.703
829.5394, 1534.568
830.0215, 1533.036
830.5037, 1485.290
830.9858, 1429.840
831.4679, 1418.876
831.9500, 1456.261
832.4321, 1487.821
832.9142, 1478.774
833.3964, 1477.535
833.8785, 1520.565
834.3606, 1581.238
834.8427, 1624.556
835.3248, 1653.466
835.8069, 1692.660
836.2891, 1754.047
836.7712, 1833.597
837.2533, 1932.395
837.7354, 2043.658
838.2175, 2147.650
838.6996, 2248.222
839.1818, 2377.752
839.6639, 2548.321
840.1460, 2718.577
840.6281, 2838.516
841.1102, 2921.500
841.5923, 3038.154
842.0745, 3192.294
842.5566, 3352.956
843.0387, 3510.678
843.5208, 3680.152
844.0029, 3875.196
844.4850, 4074.278
844.9672, 4213.046
845.4493, 4271.494
845.9314, 4348.213
846.4135, 4490.113
846.8956, 4595.746
847.3777, 4607.660
847.8599, 4582.820
848.3420, 4574.787
848.8241, 4580.494
849.3062, 4543.334
849.7883, 4423.692
850.2704, 4301.257
850.7526, 4218.327
851.2347, 4131.075
851.7168, 3986.624
852.1989, 3804.021
852.6810, 3633.149
853.1631, 3493.386
853.6453, 3352.717
854.1274, 3167.759
854.6095, 2976.495
855.0916, 2837.464
855.5737, 2732.210
856.0558, 2608.482
856.5380, 2456.573
857.0201, 2309.707
857.5022, 2197.324
857.9843, 2095.769
858.4664, 1944.229
858.9485, 1752.608
859.4307, 1610.026
859.9128, 1527.028
860.3949, 1436.081
860.8770, 1300.389
861.3591, 1156.329
861.8412, 1062.766
862.3234, 1020.391
862.8055, 962.6133
863.2876, 882.0742
863.7697, 804.9824
864.2518, 729.1982
864.7339, 670.0078
865.2161, 655.2822
865.6982, 666.1553
866.1803, 627.7197
866.6624, 496.8340
867.1445, 407.8350
867.6266, 393.8379
868.1088, 388.8857
868.5909, 369.6387
869.0730, 342.1943
869.5551, 310.7305
870.0372, 277.1650
870.5193, 256.1201
871.0015, 263.9912
871.4836, 271.0811
871.9657, 262.2588
872.4478, 246.5469
872.9299, 231.8975
873.4120, 218.4434
873.8942, 202.3877
874.3763, 182.1084
874.8584, 165.4844
875.3405, 169.3447
875.8226, 173.2148
876.3047, 139.9619
876.7869, 84.89160
877.2690, 45.29883
877.7511, 30.36133
878.2332, 38.90918
878.7153, 69.52441
879.1974, 103.6504
879.6796, 110.2344
880.1617, 93.30566
880.6438, 70.32520
881.1259, 43.06348
881.6080, 34.60742
882.0901, 57.25684
882.5723, 81.82031
883.0544, 66.91797
883.5365, 19.07422
884.0186, 10.17285
884.5007, 53.30469
884.9828, 73.11133
885.4650, 47.61523
885.9471, 21.06934
886.4292, 24.62402
886.9113, 44.03711
887.3934, 43.81836
887.8755, 12.50000
888.3577, 3.425781
888.8398, 45.73047
889.3219, 70.45410
889.8040, 36.89844
890.2861, 3.791016
890.7682, 0.4619140
891.2504, 39.51660
891.7325, 58.18945
892.2146, 38.87305
892.6967, 18.05859
893.1788, 0.1582030
893.6609, 14.05664
894.1431, 22.66504
894.6252, 26.16602
895.1073, 24.44434
895.5894, 18.03027
896.0715, 9.407227
896.5536, 5.214844
897.0358, 16.12109
897.5179, 12.75488
898.0000, 5.205078
898.4821, 5.879883
898.9642, 13.20215
899.4464, 16.94434
899.9285, 12.77637
900.4106, 13.70605
900.8927, 41.72363
901.3748, 74.83789
901.8569, 79.28027
902.3391, 62.48145
902.8212, 41.82227
903.3033, 22.40918
903.7854, 7.319336
904.2675, 1.350586
904.7496, 6.415039
905.2318, 17.10352
905.7139, 28.46289
906.1960, 11.75098
906.6781, 30.46387
907.1602, 49.06152
907.6423, 25.81348
908.1245, 2.753906
908.6066, 2.487305
909.0887, 31.72070
909.5708, 47.08203
910.0529, 48.85449
910.5350, 29.23535
911.0172, 19.43750
911.4993, 54.81738
911.9814, 52.82129
912.4635, 30.42383
912.9456, 13.53711
913.4277, 2.414063
913.9099, 10.11133
914.3920, 26.28223
914.8741, 38.40820
915.3562, 46.33984
915.8383, 47.65137
916.3204, 36.27441
916.8026, 18.57715
917.2847, 10.50586
917.7668, 11.41797
918.2489, 23.97266
918.7310, 65.62012
919.2131, 96.22852
919.6953, 98.49609
920.1774, 91.68750
920.6595, 96.99707
921.1416, 108.6523
921.6237, 98.21387
922.1058, 41.91797
922.5880, 5.246094
923.0701, 8.589844
923.5522, 25.76660
924.0343, 52.01562
924.5164, 78.59082
924.9985, 98.93066
925.4807, 110.8389
925.9628, 106.1787
926.4449, 66.69434
926.9270, 33.05664
927.4091, 27.47363
927.8912, 33.13184
928.3734, 39.49609
928.8555, 44.22754
929.3376, 44.62598
929.8197, 40.49609
930.3018, 38.92773
930.7839, 47.49512
931.2661, 56.95801
931.7482, 59.03027
932.2303, 57.48828
932.7124, 55.32715
933.1945, 54.58691
933.6766, 63.68555
934.1588, 86.46582
934.6409, 95.52344
935.1230, 41.54785
935.6051, 24.35156
936.0872, 17.48145
936.5693, 35.16113
937.0515, 72.44434
937.5336, 83.81250
938.0157, 82.98535
938.4978, 77.16211
938.9799, 69.95020
939.4620, 64.80664
939.9442, 62.44727
940.4263, 66.90332
940.9084, 76.30859
941.3905, 83.58008
941.8726, 86.29785
942.3547, 76.66016
942.8369, 44.55371
943.3190, 11.35156
943.8011, 28.07910
944.2832, 85.76172
944.7653, 133.0996
945.2474, 166.2979
945.7296, 154.8584
946.2117, 85.28027
946.6938, 17.62207
947.1759, 14.01855
947.6580, 54.84473
948.1401, 72.10645
948.6223, 66.12695
949.1044, 57.51953
949.5865, 45.52344
950.0686, 53.14844
950.5507, 97.30664
951.0328, 137.8301
951.5150, 120.3877
951.9971, 54.89258
952.4792, 20.21289
952.9613, 21.87305
953.4434, 30.51074
953.9255, 44.52930
954.4077, 62.19336
954.8898, 83.02344
955.3719, 101.1465
955.8540, 110.1406
956.3361, 109.9717
956.8182, 111.1768
957.3004, 118.4395
957.7825, 112.7617
958.2646, 81.70996
958.7467, 55.92090
959.2288, 57.32324
959.7109, 72.24609
960.1931, 72.04492
960.6752, 51.93359
961.1573, 51.82129
961.6394, 91.03613
962.1215, 112.9932
962.6036, 93.91992
963.0858, 71.65137
963.5679, 78.08301
964.0500, 99.96191
964.5321, 97.40527
965.0142, 53.09375
965.4963, 36.89453
965.9785, 86.24414
966.4606, 114.4141
966.9427, 70.71582
967.4248, 22.80957
967.9069, 30.03711
968.3890, 72.88672
968.8712, 91.50195
969.3533, 73.67188
969.8354, 61.77051
970.3175, 62.46484
970.7996, 67.48730
971.2817, 80.75586
971.7639, 90.68848
972.2460, 81.26855
972.7281, 59.75586
973.2102, 54.16406
973.6923, 77.49316
974.1744, 91.95215
974.6566, 81.01270
975.1387, 67.53125
975.6208, 58.81738
976.1029, 53.72168
976.5850, 50.88867
977.0671, 49.72070
977.5493, 49.90625
978.0314, 50.01562
978.5135, 55.74121
978.9956, 76.41406
979.4777, 92.93555
979.9598, 94.54785
980.4420, 88.11328
980.9241, 80.09570
981.4062, 72.43262
981.8883, 68.09863
982.3704, 67.27441
982.8525, 70.79492
983.3347, 89.56641
983.8168, 100.8643
984.2989, 82.62500
984.7810, 54.76562
985.2631, 40.42188
985.7452, 41.47559
986.2274, 50.80957
986.7095, 73.44531
987.1916, 88.66602
987.6737, 80.66406
988.1558, 71.82617
988.6379, 75.97852
989.1201, 88.55664
989.6022, 109.8252
990.0843, 134.4043
990.5664, 136.9043
991.0485, 93.71973
991.5306, 58.20020
992.0128, 60.93848
992.4949, 70.53125
992.9770, 60.18457
993.4591, 42.62207
993.9412, 45.75195
994.4233, 71.00781
994.9055, 93.99902
995.3876, 108.4980
995.8697, 114.6035
996.3518, 110.5137
996.8339, 99.85352
997.3160, 79.42676
997.7982, 57.48242
998.2803, 45.24316
998.7624, 43.38867
999.2445, 44.86035
999.7266, 47.28613
1000.209, 51.77344
1000.691, 57.86621
1001.173, 66.73926
1001.655, 88.35449
1002.137, 109.8271
1002.619, 110.0088
1003.101, 89.02051
1003.584, 67.04199
1004.066, 48.43848
1004.548, 36.42773
1005.030, 35.48633
1005.512, 40.57715
1005.994, 51.05078
1006.476, 62.27832
1006.958, 70.92285
1007.440, 74.97754
1007.923, 67.22852
1008.405, 33.70703
1008.887, 12.29395
1009.369, 33.67090
1009.851, 58.90625
1010.333, 65.23438
1010.815, 54.98242
1011.297, 24.58398
1011.780, 19.26660
1012.262, 44.88574
1012.744, 36.17285
1013.226, 19.73340
1013.708, 0.3535160
1014.190, 16.28125
1014.672, 23.13965
1015.154, 27.02539
1015.636, 39.02539
1016.119, 57.45215
1016.601, 69.43066
1017.083, 72.33203
1017.565, 65.52051
1018.047, 33.65332
1018.529, 8.680664
1019.011, 18.48340
1019.493, 40.12598
1019.976, 46.90723
1020.458, 38.08887
1020.940, 24.17578
1021.422, 2.365234
1021.904, 9.096680
1022.386, 10.41504
1022.868, 23.76953
1023.350, 5.556641
1023.832, 37.25098
1024.315, 16.10254
1024.797, 42.67773
1025.279, 67.62695
1025.761, 29.26855
1026.243, 7.371094
1026.725, 44.44531
1027.207, 72.33398
1027.689, 43.40137
1028.172, 7.620117
1028.654, 21.18555
1029.136, 67.90039
1029.618, 89.02832
1030.100, 71.56738
1030.582, 47.03906
1031.064, 0.1445310
1031.546, 26.32129
1032.028, 1.664063
1032.511, 36.88281
1032.993, 34.47461
1033.475, 10.69238
1033.957, 14.68652
1034.439, 63.14941
1034.921, 80.53906
1035.403, 30.66699
1035.885, 7.959961
1036.368, 18.56641
1036.850, 11.89746
1037.332, 17.21777
1037.814, 54.51758
1038.296, 69.32324
1038.778, 57.37695
1039.260, 48.66992
1039.742, 36.39062
1040.224, 38.71680
1040.707, 66.26465
1041.189, 99.36328
1041.671, 138.4355
1042.153, 167.3525
1042.635, 153.5771
1043.117, 94.44043
1043.599, 60.56055
1044.081, 66.51270
1044.563, 62.70508
1045.046, 30.79102
1045.528, 15.15918
1046.010, 46.97656
1046.492, 92.82617
1046.974, 107.7324
1047.456, 94.70801
1047.938, 92.92871
1048.420, 111.0605
1048.902, 105.0117
1049.385, 62.06836
1049.867, 25.88770
1050.349, 14.92188
1050.831, 15.17285
1051.313, 10.88379
1051.795, 6.038086
1052.277, 20.43945
1052.759, 57.33008
1053.242, 85.40527
1053.724, 104.4854
1054.206, 103.6445
1054.688, 76.75000
1055.170, 44.20410
1055.652, 22.30469
1056.134, 11.26465
1056.616, 14.72656
1057.099, 31.67090
1057.581, 39.94824
1058.063, 39.49902
1058.545, 48.36523
1059.027, 70.89258
1059.509, 88.73730
1059.991, 88.72656
1060.473, 80.93066
1060.955, 79.80469
1061.438, 85.34375
1061.920, 103.7148
1062.402, 129.9893
1062.884, 134.9199
1063.366, 116.9736
1063.848, 106.1943
1064.330, 117.9199
1064.812, 134.0781
1065.294, 135.8848
1065.777, 125.8613
1066.259, 101.6719
1066.741, 71.88965
1067.223, 52.89746
1067.705, 48.57812
1068.187, 67.87988
1068.669, 111.7412
1069.151, 152.8604
1069.634, 169.7773
1070.116, 168.7930
1070.598, 148.1309
1071.080, 125.0752
1071.562, 130.2520
1072.044, 150.1484
1072.526, 150.1602
1073.008, 126.2188
1073.490, 106.5078
1073.973, 105.6172
1074.455, 114.4863
1074.937, 130.2236
1075.419, 149.5986
1075.901, 182.4131
1076.383, 208.9492
1076.865, 192.5859
1077.347, 142.6621
1077.829, 110.0000
1078.312, 111.9854
1078.794, 125.4336
1079.276, 155.1191
1079.758, 176.9180
1080.240, 180.1250
1080.722, 170.5039
1081.204, 142.8193
1081.686, 107.8066
1082.169, 97.47656
1082.651, 117.6719
1083.133, 142.2773
1083.615, 174.2686
1084.097, 200.6416
1084.579, 229.2432
1085.061, 240.2695
1085.543, 203.8633
1086.026, 154.2500
1086.508, 146.6396
1086.990, 180.2080
1087.472, 191.5293
1087.954, 165.3564
1088.436, 154.5732
1088.918, 172.6631
1089.400, 180.7607
1089.882, 159.8262
1090.365, 139.5771
1090.847, 153.9248
1091.329, 192.2305
1091.811, 216.4424
1092.293, 226.6807
1092.775, 225.2412
1093.257, 210.9590
1093.739, 195.5322
1094.221, 181.9814
1094.704, 167.2715
1095.186, 148.1299
1095.668, 129.4707
1096.150, 119.2217
1096.632, 117.5156
1097.114, 141.1406
1097.596, 183.4521
1098.078, 186.5381
1098.561, 147.0752
1099.043, 108.9619
1099.525, 92.21582
1100.007, 93.97070
1100.489, 116.9570
1100.971, 148.4443
1101.453, 171.3936
1101.935, 185.6455
1102.417, 186.4658
1102.900, 179.0449
1103.382, 179.4375
1103.864, 189.7070
1104.346, 188.9512
1104.828, 160.9521
1105.310, 129.8965
1105.792, 113.0762
1106.274, 104.3330
1106.756, 94.70996
1107.239, 91.63574
1107.721, 113.6611
1108.203, 151.8281
1108.685, 172.0205
1109.167, 162.0684
1109.649, 150.0635
1110.131, 149.9844
1110.613, 145.0742
1111.096, 113.6270
1111.578, 89.42383
1112.060, 106.2656
1112.542, 144.3545
1113.024, 173.2568
1113.506, 191.7100
1113.988, 177.9600
1114.470, 95.47559
1114.953, 48.66699
1115.435, 60.61621
1115.917, 79.00977
1116.399, 85.44824
1116.881, 89.22656
1117.363, 98.26074
1117.845, 110.2285
1118.327, 118.0381
1118.809, 123.0449
1119.292, 109.6582
1119.774, 73.78711
1120.256, 55.37793
1120.738, 64.75488
1121.220, 82.50000
1121.702, 97.58887
1122.184, 109.0010
1122.666, 116.8203
1123.148, 118.9580
1123.631, 101.2080
1124.113, 71.61328
1124.595, 70.25293
1125.077, 92.88672
1125.559, 91.78809
1126.041, 53.13379
1126.523, 15.58691
1127.005, 7.719727
1127.488, 17.14941
1127.970, 38.92090
1128.452, 61.76172
1128.934, 70.11914
1129.416, 68.98926
1129.898, 66.74316
1130.380, 65.41211
1130.862, 64.69238
1131.344, 64.00977
1131.827, 67.28906
1132.309, 80.20020
1132.791, 92.67188
1133.273, 97.72461
1133.755, 102.0479
1134.237, 115.5811
1134.719, 130.3877
1135.201, 131.9990
1135.683, 119.2549
1136.166, 101.3096
1136.648, 69.08203
1137.130, 47.62012
1137.612, 32.16406
1138.094, 39.32324
1138.576, 91.63086
1139.058, 140.1768
1139.540, 137.7402
1140.023, 102.3311
1140.505, 83.02539
1140.987, 80.63770
1141.469, 74.15723
1141.951, 62.45898
1142.433, 69.39746
1142.915, 99.68750
1143.397, 125.6777
1143.880, 133.4629
1144.362, 133.0957
1144.844, 138.4863
1145.326, 139.5518
1145.808, 96.85742
1146.290, 38.34375
1146.772, 48.32617
1147.254, 106.7344
1147.736, 140.4678
1148.219, 132.9883
1148.701, 99.85254
1149.183, 42.32422
1149.665, 1.639648
1150.147, 22.85059
1150.629, 58.97852
1151.111, 87.94434
1151.593, 101.5488
1152.075, 84.42676
1152.558, 47.57324
1153.040, 8.721680
1153.522, 28.66797
1154.004, 39.09766
1154.486, 2.951172
1154.968, 41.66016
1155.450, 70.21777
1155.932, 90.64355
1156.415, 108.0605
1156.897, 115.2256
1157.379, 99.69238
1157.861, 71.26953
1158.343, 62.18945
1158.825, 77.01270
1159.307, 66.40625
1159.789, 23.05566
1160.271, 8.274414
1160.754, 36.00977
1161.236, 62.41992
1161.718, 64.12891
1162.200, 59.91113
1162.682, 85.65137
1163.164, 122.1729
1163.646, 127.9873
1164.128, 84.67969
1164.610, 83.41016
1165.093, 94.51758
1165.575, 77.25879
1166.057, 33.28711
1166.539, 14.19531
1167.021, 45.87695
1167.503, 71.77832
1167.985, 59.21875
1168.467, 39.20605
1168.950, 43.91895
1169.432, 54.06934
1169.914, 36.94531
1170.396, 3.914063
1170.878, 3.068359
1171.360, 32.44531
1171.842, 45.49316
1172.324, 18.14062
1172.807, 8.0077998E-02
1173.289, 1.580078
1173.771, 0.0000000E+00
##END=



