##NAMES=Spessartine
##RRUFFID=R050063
##IDEAL CHEMISTRY=Mn^2+^_3_Al_2_(SiO_4_)_3_
##LOCALITY=Fujian Province, China
##OWNER=RRUFF
##SOURCE=Rock Currier
##DESCRIPTION=Reddish brown crystals
##STATUS=The identification of this mineral has been confirmed by X-ray diffraction and chemical analysis
##URL=rruff.info/R050063
##MEASURED CHEMISTRY=(Mn_2.72_Fe_0.24_Ca_0.04_)_Σ=3_(Al_1.95_Fe^3+^_0.05_)_Σ=2_(Si_1.00_O_4_)_2.75_(F_0.58_(OH)_0.42_)_Σ=1_; trace amounts of Mg; OH estimated by charge balance
131.8235, 0.0000000E+00
132.3056, 5.560699
132.7877, 3.041321
133.2699, 1.529846
133.7520, 1.060303
134.2341, 1.310974
134.7162, 3.786865
135.1983, 6.217163
135.6804, 11.92169
136.1626, 21.82471
136.6447, 33.12872
137.1268, 40.42535
137.6089, 42.91797
138.0910, 43.46158
138.5731, 42.99911
139.0553, 41.37302
139.5374, 39.66806
140.0195, 38.01688
140.5016, 36.25458
140.9837, 33.28360
141.4658, 27.81876
141.9480, 23.14487
142.4301, 21.43344
142.9122, 23.09277
143.3943, 27.06693
143.8764, 35.56320
144.3585, 48.23624
144.8407, 52.57471
145.3228, 41.17334
145.8049, 26.98859
146.2870, 22.31598
146.7691, 33.69092
147.2512, 45.97491
147.7334, 56.61969
148.2155, 65.56470
148.6976, 73.67371
149.1797, 79.61160
149.6618, 85.11908
150.1439, 92.39874
150.6261, 100.2559
151.1082, 110.8334
151.5903, 125.4797
152.0724, 147.5405
152.5545, 166.0559
153.0366, 176.8652
153.5188, 183.6193
154.0009, 193.4390
154.4830, 209.1487
154.9651, 226.9022
155.4472, 245.1458
155.9293, 263.0046
156.4115, 282.2214
156.8936, 302.6428
157.3757, 324.6162
157.8578, 349.6249
158.3399, 387.6895
158.8221, 423.3492
159.3042, 446.8910
159.7863, 444.2137
160.2684, 440.5673
160.7505, 448.0687
161.2326, 464.4960
161.7148, 472.1530
162.1969, 455.7708
162.6790, 430.0054
163.1611, 409.2083
163.6432, 401.7211
164.1253, 397.3351
164.6075, 390.0377
165.0896, 379.5938
165.5717, 371.6528
166.0538, 367.0013
166.5359, 367.2966
167.0180, 374.7697
167.5002, 396.1935
167.9823, 421.5664
168.4644, 443.4861
168.9465, 461.1478
169.4286, 477.1193
169.9107, 495.1418
170.3929, 512.8478
170.8750, 525.7565
171.3571, 526.8948
171.8392, 523.8864
172.3213, 525.8849
172.8034, 535.6373
173.2856, 544.9721
173.7677, 545.3682
174.2498, 538.6594
174.7319, 531.1422
175.2140, 527.4528
175.6961, 525.1767
176.1783, 520.8083
176.6604, 513.9625
177.1425, 504.4656
177.6246, 491.6998
178.1067, 475.9170
178.5888, 457.9897
179.0710, 438.6597
179.5531, 417.8995
180.0352, 395.0197
180.5173, 366.9904
180.9994, 339.9628
181.4815, 327.0762
181.9637, 327.8412
182.4458, 330.1355
182.9279, 321.6863
183.4100, 305.5626
183.8921, 293.1857
184.3742, 288.1081
184.8564, 288.7190
185.3385, 294.5358
185.8206, 306.3732
186.3027, 314.2442
186.7848, 302.8685
187.2669, 275.2593
187.7491, 254.1515
188.2312, 250.3726
188.7133, 259.3691
189.1954, 264.7620
189.6775, 265.1669
190.1596, 263.1380
190.6418, 261.3552
191.1239, 259.7219
191.6060, 254.1418
192.0881, 239.9181
192.5702, 218.5313
193.0524, 203.1710
193.5345, 194.2577
194.0166, 190.2845
194.4987, 190.9929
194.9808, 196.8026
195.4629, 200.9269
195.9451, 199.1136
196.4272, 191.5048
196.9093, 185.9233
197.3914, 183.2524
197.8735, 181.6010
198.3556, 175.9683
198.8378, 165.2316
199.3199, 157.6506
199.8020, 159.5310
200.2841, 171.7997
200.7662, 180.9620
201.2483, 185.8222
201.7305, 187.7222
202.2126, 189.3583
202.6947, 190.5591
203.1768, 192.6612
203.6589, 196.5382
204.1410, 201.5388
204.6232, 205.0894
205.1053, 206.5408
205.5874, 208.0977
206.0695, 217.9353
206.5516, 239.2574
207.0337, 260.4915
207.5159, 273.7603
207.9980, 277.9410
208.4801, 280.7720
208.9622, 281.3755
209.4443, 281.0912
209.9264, 288.6029
210.4086, 306.9260
210.8907, 326.4182
211.3728, 338.4032
211.8549, 339.8458
212.3370, 346.4009
212.8191, 362.1764
213.3013, 385.3324
213.7834, 402.9039
214.2655, 413.0209
214.7476, 421.8300
215.2297, 434.9462
215.7118, 454.6779
216.1940, 470.5544
216.6761, 479.5564
217.1582, 482.4343
217.6403, 489.3915
218.1224, 502.3832
218.6045, 515.7008
219.0867, 523.5891
219.5688, 523.6956
220.0509, 524.3909
220.5330, 528.3067
221.0151, 535.7785
221.4972, 538.9797
221.9794, 536.4316
222.4615, 531.3328
222.9436, 527.2148
223.4257, 525.3959
223.9078, 520.8577
224.3899, 512.2469
224.8721, 499.1167
225.3542, 486.3699
225.8363, 473.5904
226.3184, 461.4890
226.8005, 450.8364
227.2827, 442.3771
227.7648, 434.1033
228.2469, 425.7585
228.7290, 417.5228
229.2111, 408.0565
229.6932, 397.3423
230.1754, 385.5151
230.6575, 372.7086
231.1396, 359.5677
231.6217, 344.2903
232.1038, 324.9619
232.5859, 299.5978
233.0681, 281.3763
233.5502, 273.7518
234.0323, 270.8249
234.5144, 263.4036
234.9965, 247.0684
235.4786, 233.9249
235.9608, 229.3549
236.4429, 236.9539
236.9250, 236.1890
237.4071, 222.9952
237.8892, 203.9370
238.3713, 189.5789
238.8535, 182.8057
239.3356, 175.8714
239.8177, 165.7039
240.2998, 150.4305
240.7819, 139.3069
241.2640, 134.0979
241.7462, 131.8436
242.2283, 127.4891
242.7104, 120.4958
243.1925, 112.2233
243.6746, 102.1748
244.1567, 88.13715
244.6389, 80.45129
245.1210, 82.89221
245.6031, 89.43567
246.0852, 88.92603
246.5673, 77.17664
247.0494, 65.50262
247.5316, 58.02362
248.0137, 56.07251
248.4958, 53.69409
248.9779, 50.06116
249.4600, 46.47968
249.9421, 45.98608
250.4243, 51.31183
250.9064, 54.80872
251.3885, 52.75916
251.8706, 42.16486
252.3527, 36.37231
252.8348, 37.62286
253.3170, 42.27692
253.7991, 43.39429
254.2812, 39.78094
254.7633, 34.89191
255.2454, 29.96112
255.7275, 25.23773
256.2097, 19.35895
256.6918, 10.94135
257.1739, 2.375000
257.6560, 1.538025
258.1381, 1.193726
258.6202, 4.506775
259.1024, 6.808105
259.5845, 8.845093
260.0666, 5.622070
260.5487, 7.197815
261.0308, 21.96783
261.5129, 22.78058
261.9951, 2.378418
262.4772, 14.59583
262.9593, 16.23956
263.4414, 2.360596
263.9235, 11.90369
264.4056, 8.604919
264.8878, 0.1296390
265.3699, 0.5577390
265.8520, 10.33917
266.3341, 20.92615
266.8162, 26.96271
267.2983, 28.00684
267.7805, 26.50098
268.2626, 21.04187
268.7447, 14.61200
269.2268, 13.08459
269.7089, 18.03345
270.1910, 22.20343
270.6732, 21.64221
271.1553, 15.39337
271.6374, 14.78265
272.1195, 21.92621
272.6016, 31.61047
273.0837, 34.39429
273.5659, 28.81885
274.0480, 23.94275
274.5301, 24.49335
275.0122, 30.81830
275.4943, 31.78986
275.9764, 26.13922
276.4586, 17.52008
276.9407, 10.80377
277.4228, 6.079529
277.9049, 3.162781
278.3870, 2.610474
278.8691, 4.298462
279.3513, 5.933228
279.8334, 8.127747
280.3155, 8.694153
280.7976, 3.506714
281.2798, 7.654419
281.7619, 18.30054
282.2440, 26.15839
282.7261, 31.41602
283.2082, 35.41797
283.6903, 38.12799
284.1725, 39.71600
284.6546, 38.68848
285.1367, 35.28418
285.6188, 35.90857
286.1009, 44.80060
286.5830, 59.74847
287.0652, 70.68585
287.5473, 76.91968
288.0294, 82.64917
288.5115, 93.62122
288.9936, 109.0890
289.4757, 122.4511
289.9579, 131.7222
290.4400, 137.3317
290.9221, 139.5281
291.4042, 138.0170
291.8863, 136.7657
292.3684, 139.2943
292.8506, 145.3754
293.3327, 154.1530
293.8148, 166.8503
294.2969, 181.2701
294.7790, 193.5569
295.2611, 203.7521
295.7433, 212.5609
296.2254, 219.4902
296.7075, 225.5582
297.1896, 233.5948
297.6717, 246.6890
298.1538, 260.4230
298.6360, 266.4567
299.1181, 265.4800
299.6002, 264.9402
300.0823, 272.0621
300.5644, 283.5309
301.0465, 292.7225
301.5287, 295.6742
302.0108, 298.4406
302.4929, 309.9669
302.9750, 328.6873
303.4571, 344.9635
303.9392, 351.6057
304.4214, 352.2220
304.9035, 351.4973
305.3856, 349.7378
305.8677, 348.2112
306.3498, 347.7037
306.8319, 348.2713
307.3141, 350.1394
307.7962, 352.9910
308.2783, 357.3900
308.7604, 364.0935
309.2425, 373.4963
309.7246, 384.4014
310.2068, 397.4236
310.6889, 411.5616
311.1710, 424.3746
311.6531, 433.7513
312.1352, 441.9413
312.6173, 450.6610
313.0995, 460.5244
313.5816, 469.6267
314.0637, 477.9111
314.5458, 484.7999
315.0279, 489.2588
315.5100, 484.7430
315.9922, 482.4152
316.4743, 489.5277
316.9564, 509.4206
317.4385, 527.8099
317.9206, 537.7667
318.4027, 543.3807
318.8849, 550.8367
319.3670, 565.9315
319.8491, 582.1057
320.3312, 594.0400
320.8133, 599.4628
321.2954, 610.6389
321.7776, 636.3778
322.2597, 667.0745
322.7418, 692.0524
323.2239, 697.4023
323.7060, 707.7987
324.1881, 732.2130
324.6703, 772.7112
325.1524, 807.5798
325.6345, 831.0464
326.1166, 850.5914
326.5987, 872.3253
327.0808, 897.3489
327.5630, 922.3475
328.0451, 946.8277
328.5272, 971.1024
329.0093, 996.7243
329.4914, 1019.994
329.9735, 1046.294
330.4557, 1080.256
330.9378, 1132.900
331.4199, 1175.081
331.9020, 1199.709
332.3841, 1211.154
332.8662, 1232.992
333.3484, 1272.194
333.8305, 1311.960
334.3126, 1342.424
334.7947, 1358.669
335.2768, 1379.987
335.7589, 1410.458
336.2411, 1444.494
336.7232, 1467.968
337.2053, 1477.746
337.6874, 1485.593
338.1695, 1499.498
338.6516, 1521.607
339.1338, 1531.146
339.6159, 1523.896
340.0980, 1509.425
340.5801, 1505.144
341.0622, 1512.309
341.5443, 1517.537
342.0265, 1514.260
342.5086, 1503.520
342.9907, 1496.223
343.4728, 1493.966
343.9549, 1489.135
344.4370, 1468.001
344.9192, 1432.785
345.4013, 1404.084
345.8834, 1394.696
346.3655, 1395.811
346.8476, 1383.147
347.3297, 1356.397
347.8119, 1326.929
348.2940, 1307.784
348.7761, 1294.911
349.2582, 1276.481
349.7403, 1246.824
350.2225, 1211.950
350.7046, 1177.454
351.1867, 1143.693
351.6688, 1115.884
352.1509, 1101.666
352.6331, 1094.709
353.1152, 1085.502
353.5973, 1071.369
354.0794, 1055.567
354.5615, 1040.203
355.0436, 1025.388
355.5258, 1011.445
356.0079, 998.0596
356.4900, 985.8986
356.9721, 974.8105
357.4542, 963.7028
357.9363, 957.3117
358.4185, 964.3253
358.9006, 977.2264
359.3827, 983.0052
359.8648, 972.7125
360.3469, 957.0659
360.8290, 938.0207
361.3112, 913.8416
361.7933, 900.5701
362.2754, 910.6241
362.7575, 931.2827
363.2396, 948.7916
363.7217, 961.0024
364.2039, 968.6108
364.6860, 969.0804
365.1681, 962.3268
365.6502, 960.1768
366.1323, 967.9894
366.6144, 978.8856
367.0966, 987.9229
367.5787, 996.0569
368.0608, 999.4543
368.5429, 995.0118
369.0250, 984.8566
369.5071, 980.0602
369.9893, 986.2758
370.4714, 991.6509
370.9535, 989.6777
371.4356, 975.4073
371.9177, 965.1334
372.3998, 962.9023
372.8820, 963.4053
373.3641, 952.8100
373.8462, 926.0236
374.3283, 899.9785
374.8104, 883.7751
375.2925, 879.0037
375.7747, 866.2874
376.2568, 843.5751
376.7389, 816.0164
377.2210, 790.2000
377.7031, 766.1933
378.1852, 744.2513
378.6674, 725.0624
379.1495, 707.9789
379.6316, 688.0536
380.1137, 664.8403
380.5958, 643.1141
381.0779, 631.0110
381.5601, 626.2578
382.0422, 615.4996
382.5243, 592.0469
383.0064, 563.4816
383.4885, 543.7290
383.9706, 532.0668
384.4528, 521.4670
384.9349, 506.9271
385.4170, 489.8375
385.8991, 472.3237
386.3812, 454.4861
386.8633, 436.8744
387.3455, 420.4908
387.8276, 404.8837
388.3097, 388.4360
388.7918, 365.6024
389.2739, 344.8191
389.7560, 334.5350
390.2382, 336.0411
390.7203, 337.3500
391.2024, 333.0444
391.6845, 324.7679
392.1666, 314.2605
392.6487, 299.6978
393.1309, 285.2820
393.6130, 272.6067
394.0951, 261.6099
394.5772, 251.7034
395.0593, 244.3212
395.5414, 236.9639
396.0236, 228.1430
396.5057, 215.0252
396.9878, 203.5016
397.4699, 194.3150
397.9520, 187.1962
398.4341, 181.3270
398.9163, 175.9371
399.3984, 172.6445
399.8805, 172.9943
400.3626, 180.1714
400.8447, 181.0673
401.3268, 171.9537
401.8090, 159.3130
402.2911, 152.9086
402.7732, 156.1968
403.2553, 156.6102
403.7374, 148.8754
404.2195, 133.8143
404.7017, 127.8782
405.1838, 133.8844
405.6659, 141.3768
406.1480, 139.4948
406.6301, 128.0499
407.1122, 120.1356
407.5944, 119.7941
408.0765, 122.5541
408.5586, 116.0013
409.0407, 100.3107
409.5228, 86.15344
410.0049, 81.60272
410.4871, 84.16669
410.9692, 87.72577
411.4513, 92.34961
411.9334, 95.18237
412.4155, 91.56488
412.8976, 83.24866
413.3798, 75.52960
413.8619, 71.39581
414.3440, 68.59534
414.8261, 64.26062
415.3082, 58.32855
415.7903, 53.53369
416.2725, 52.99432
416.7546, 54.03210
417.2367, 53.60138
417.7188, 50.73627
418.2009, 46.26306
418.6830, 38.86157
419.1652, 29.67871
419.6473, 23.25824
420.1294, 24.73419
420.6115, 26.63257
421.0937, 24.37720
421.5758, 14.37378
422.0579, 6.835022
422.5400, 5.687500
423.0221, 7.235229
423.5042, 5.290894
423.9864, 5.905579
424.4685, 14.30670
424.9506, 16.46100
425.4327, 11.73242
425.9148, 8.327271
426.3969, 6.296875
426.8791, 5.522156
427.3612, 6.270264
427.8433, 9.375183
428.3254, 11.18079
428.8075, 10.39105
429.2896, 8.259521
429.7718, 9.826904
430.2539, 15.98651
430.7360, 21.16064
431.2181, 20.80017
431.7002, 15.44086
432.1823, 13.38885
432.6645, 15.66315
433.1466, 19.22125
433.6287, 19.72394
434.1108, 17.70557
434.5929, 15.78601
435.0750, 14.98566
435.5572, 14.98822
436.0393, 15.50116
436.5214, 16.49359
437.0035, 17.30060
437.4856, 15.87598
437.9677, 14.37500
438.4499, 16.53613
438.9320, 26.65979
439.4141, 34.95325
439.8962, 32.28564
440.3783, 22.13873
440.8604, 13.41986
441.3426, 11.88995
441.8247, 11.60736
442.3068, 9.127441
442.7889, 3.603271
443.2710, 1.862366
443.7531, 8.196411
444.2353, 13.35999
444.7174, 15.19812
445.1995, 9.649231
445.6816, 4.817627
446.1637, 1.323303
446.6458, 0.6816410
447.1280, 0.6160890
447.6101, 8.012756
448.0922, 15.65259
448.5743, 20.13531
449.0564, 20.16327
449.5385, 20.32214
450.0207, 19.95624
450.5028, 20.46729
450.9849, 25.28894
451.4670, 35.32306
451.9491, 44.91357
452.4312, 52.21936
452.9134, 57.26538
453.3955, 59.52460
453.8776, 58.46606
454.3597, 58.32690
454.8418, 64.14062
455.3239, 74.68555
455.8061, 84.74280
456.2882, 93.37762
456.7703, 100.8139
457.2524, 107.2768
457.7345, 112.8000
458.2166, 117.6605
458.6988, 119.7758
459.1809, 122.3958
459.6630, 129.7651
460.1451, 142.9883
460.6272, 156.4601
461.1093, 166.9694
461.5915, 175.5163
462.0736, 183.1180
462.5557, 186.9407
463.0378, 192.9980
463.5199, 204.7004
464.0020, 221.2393
464.4842, 236.9041
464.9663, 249.5695
465.4484, 261.6171
465.9305, 274.3757
466.4126, 288.7103
466.8947, 302.6633
467.3769, 317.0251
467.8590, 330.6136
468.3411, 341.3336
468.8232, 347.3272
469.3053, 354.2161
469.7874, 364.7305
470.2696, 378.4005
470.7517, 385.9554
471.2338, 386.2594
471.7159, 383.9308
472.1980, 383.3840
472.6801, 384.4964
473.1623, 381.6112
473.6444, 372.3420
474.1265, 361.8304
474.6086, 361.7890
475.0907, 370.1899
475.5728, 373.9178
476.0550, 362.7275
476.5371, 343.5426
477.0192, 327.3819
477.5013, 314.5659
477.9834, 302.6309
478.4655, 288.5441
478.9477, 274.5043
479.4298, 263.7316
479.9119, 259.7556
480.3940, 255.7545
480.8761, 245.6589
481.3582, 232.3708
481.8404, 224.0574
482.3225, 228.5686
482.8046, 234.8433
483.2867, 238.3377
483.7688, 238.0809
484.2509, 236.4727
484.7331, 230.7270
485.2152, 225.0638
485.6973, 223.3454
486.1794, 227.1173
486.6615, 232.7801
487.1436, 240.9544
487.6258, 250.5533
488.1079, 256.9336
488.5900, 259.1954
489.0721, 261.1741
489.5542, 265.6277
490.0363, 272.4125
490.5185, 275.8562
491.0006, 274.5919
491.4827, 273.7953
491.9648, 281.9854
492.4470, 297.3954
492.9291, 310.2248
493.4112, 316.6038
493.8933, 318.6652
494.3754, 316.7507
494.8575, 311.9381
495.3397, 311.0640
495.8218, 324.9010
496.3039, 341.7347
496.7860, 346.9282
497.2681, 335.7177
497.7502, 325.3306
498.2324, 324.5392
498.7145, 330.3627
499.1966, 338.4547
499.6787, 357.3055
500.1608, 368.4557
500.6429, 362.1708
501.1251, 339.7440
501.6072, 323.1648
502.0893, 318.5492
502.5714, 315.4983
503.0535, 309.0945
503.5356, 298.0205
504.0178, 286.2935
504.4999, 272.6884
504.9820, 259.9641
505.4641, 252.5695
505.9462, 251.1954
506.4283, 250.6938
506.9105, 251.0068
507.3926, 250.7505
507.8747, 242.3026
508.3568, 225.1168
508.8389, 209.3574
509.3210, 204.7578
509.8032, 207.1940
510.2853, 204.7111
510.7674, 195.0399
511.2495, 183.7684
511.7316, 176.8394
512.2137, 172.5060
512.6959, 167.3231
513.1780, 157.1064
513.6601, 147.7743
514.1422, 143.0104
514.6243, 142.5961
515.1064, 144.7039
515.5886, 153.1561
516.0707, 160.7456
516.5528, 162.2797
517.0349, 152.1868
517.5170, 146.3981
517.9991, 152.9146
518.4813, 162.0396
518.9634, 160.4281
519.4455, 137.0214
519.9276, 122.2160
520.4097, 125.0600
520.8918, 142.2943
521.3740, 152.0517
521.8561, 152.1804
522.3382, 151.9591
522.8203, 158.4916
523.3024, 171.1769
523.7845, 180.6838
524.2667, 186.3925
524.7488, 189.4591
525.2309, 189.7117
525.7130, 188.3182
526.1951, 189.1339
526.6772, 192.1826
527.1594, 199.3730
527.6415, 214.4115
528.1236, 236.0061
528.6057, 259.0779
529.0878, 281.6796
529.5699, 303.8118
530.0521, 324.9922
530.5342, 345.3387
531.0163, 365.6922
531.4984, 385.2702
531.9805, 405.1824
532.4626, 426.9777
532.9448, 450.3286
533.4269, 476.4570
533.9090, 505.6083
534.3911, 537.4467
534.8732, 570.0160
535.3553, 603.9982
535.8375, 638.5724
536.3196, 672.6238
536.8017, 706.4305
537.2838, 742.9656
537.7659, 783.6054
538.2480, 823.2180
538.7302, 854.6632
539.2123, 879.4512
539.6944, 906.3533
540.1765, 937.5430
540.6586, 971.0634
541.1407, 1006.135
541.6229, 1042.238
542.1050, 1077.722
542.5871, 1116.865
543.0692, 1151.608
543.5513, 1172.269
544.0334, 1178.318
544.5156, 1182.039
544.9977, 1196.226
545.4798, 1206.293
545.9619, 1200.162
546.4440, 1167.131
546.9261, 1130.533
547.4083, 1093.303
547.8904, 1054.129
548.3725, 1011.059
548.8546, 961.8030
549.3367, 911.9644
549.8188, 863.0035
550.3010, 814.7510
550.7831, 764.3328
551.2652, 710.4019
551.7473, 658.6066
552.2294, 614.1832
552.7115, 576.3639
553.1937, 539.4711
553.6758, 502.9866
554.1579, 467.7256
554.6400, 434.6429
555.1221, 403.4736
555.6042, 373.9806
556.0864, 344.6556
556.5685, 317.8949
557.0506, 297.7648
557.5327, 282.7616
558.0148, 267.6465
558.4969, 250.4516
558.9791, 231.8366
559.4612, 210.7928
559.9433, 185.6648
560.4254, 166.7004
560.9075, 160.4747
561.3896, 158.6852
561.8718, 153.6709
562.3539, 141.5585
562.8360, 133.1960
563.3181, 132.1465
563.8002, 134.0900
564.2823, 127.1285
564.7645, 108.9445
565.2466, 92.64240
565.7287, 84.66174
566.2108, 82.97125
566.6929, 76.63159
567.1750, 65.41949
567.6572, 55.91296
568.1393, 56.66980
568.6214, 62.73688
569.1035, 63.57391
569.5856, 56.44043
570.0677, 48.48926
570.5499, 46.29370
571.0320, 47.00317
571.5141, 46.08264
571.9962, 40.37671
572.4783, 34.21826
572.9604, 28.66083
573.4426, 23.94354
573.9247, 20.97247
574.4068, 21.85980
574.8889, 22.77972
575.3710, 22.18060
575.8531, 19.70190
576.3353, 17.71625
576.8174, 16.37567
577.2995, 15.34412
577.7816, 14.61627
578.2637, 14.35126
578.7458, 12.35962
579.2280, 7.631287
579.7101, 2.313171
580.1922, 0.3082890
580.6743, 1.246826
581.1564, 3.039734
581.6385, 5.124268
582.1207, 7.300598
582.6028, 10.18323
583.0849, 13.40509
583.5670, 14.25092
584.0491, 8.537903
584.5313, 1.450378
585.0134, 3.010071
585.4955, 3.786377
585.9776, 3.386841
586.4597, 0.2242430
586.9418, 2.866455
587.4240, 2.421326
587.9061, 6.469788
588.3882, 11.14795
588.8703, 8.204407
589.3524, 0.7429810
589.8345, 1.558167
590.3167, 2.727478
590.7988, 6.662354
591.2809, 6.408875
591.7630, 3.165283
592.2451, 3.423828
592.7272, 7.294250
593.2094, 11.99164
593.6915, 16.04834
594.1736, 19.11407
594.6557, 20.77295
595.1378, 21.14777
595.6199, 19.06250
596.1021, 10.53912
596.5842, 0.2086790
597.0663, 7.192383
597.5485, 5.769958
598.0306, 2.983459
598.5127, 0.2393800
598.9948, 3.331665
599.4769, 3.966125
599.9590, 0.9371340
600.4412, 4.657104
600.9233, 4.280823
601.4054, 0.7759400
601.8875, 1.962524
602.3696, 2.348755
602.8517, 6.797668
603.3339, 5.682373
603.8160, 0.7816770
604.2981, 2.931519
604.7802, 1.042114
605.2623, 7.782349
605.7444, 14.94714
606.2266, 21.46533
606.7087, 24.15588
607.1908, 17.99164
607.6729, 11.33160
608.1550, 10.91766
608.6371, 15.82153
609.1193, 22.73730
609.6014, 34.79816
610.0835, 44.82318
610.5656, 47.29333
611.0477, 40.19458
611.5298, 39.60291
612.0120, 49.00562
612.4941, 61.74768
612.9762, 74.25708
613.4583, 87.68475
613.9404, 96.10040
614.4225, 97.60425
614.9047, 96.91895
615.3868, 101.3436
615.8689, 110.6530
616.3510, 119.5344
616.8331, 125.5794
617.3152, 130.5242
617.7974, 138.0720
618.2795, 148.0418
618.7616, 159.4183
619.2437, 173.2509
619.7258, 186.9906
620.2079, 197.6398
620.6901, 204.9504
621.1722, 214.7882
621.6543, 234.4969
622.1364, 254.0351
622.6185, 266.1333
623.1006, 265.9102
623.5828, 268.3265
624.0649, 274.7687
624.5470, 282.6392
625.0291, 289.7131
625.5112, 296.7527
625.9933, 298.4857
626.4755, 292.6279
626.9576, 282.7969
627.4397, 276.8638
627.9218, 274.2037
628.4039, 270.2895
628.8860, 259.8968
629.3682, 248.7439
629.8503, 247.3900
630.3324, 253.8755
630.8145, 255.4184
631.2966, 241.5966
631.7787, 222.5717
632.2609, 204.8953
632.7430, 189.2715
633.2251, 175.6514
633.7072, 162.6815
634.1893, 152.8243
634.6714, 148.8097
635.1536, 156.0367
635.6357, 156.7902
636.1178, 148.2816
636.5999, 134.3138
637.0820, 120.6837
637.5641, 107.3723
638.0463, 97.01672
638.5284, 90.66046
639.0105, 87.52826
639.4926, 88.39905
639.9747, 92.08575
640.4568, 91.74927
640.9390, 78.89914
641.4211, 62.84354
641.9032, 51.88492
642.3853, 46.68137
642.8674, 43.95071
643.3495, 45.49414
643.8317, 47.05405
644.3138, 45.40100
644.7959, 36.70709
645.2780, 31.52600
645.7601, 31.12646
646.2422, 32.84033
646.7244, 33.88785
647.2065, 34.21341
647.6886, 34.66544
648.1707, 35.53143
648.6528, 36.23816
649.1349, 35.70621
649.6171, 34.15866
650.0992, 32.44437
650.5813, 31.18408
651.0634, 29.65622
651.5455, 26.47821
652.0276, 22.04633
652.5098, 18.59558
652.9919, 18.71005
653.4740, 19.25354
653.9561, 18.09396
654.4382, 14.44800
654.9203, 12.13669
655.4025, 12.80878
655.8846, 14.01944
656.3667, 14.21939
656.8488, 13.21390
657.3309, 11.21686
657.8130, 7.616913
658.2952, 4.372711
658.7773, 6.051575
659.2594, 11.94247
659.7415, 13.09348
660.2236, 4.961700
660.7057, 5.109070
661.1879, 6.029053
661.6700, 0.1336060
662.1521, 6.201477
662.6342, 12.85117
663.1163, 16.61978
663.5984, 13.27917
664.0806, 3.987000
664.5627, 1.858734
665.0448, 0.8199460
665.5269, 5.046173
666.0090, 8.205231
666.4911, 10.33429
666.9733, 10.86438
667.4554, 9.367676
667.9375, 7.118195
668.4196, 4.641937
668.9017, 1.990326
669.3839, 1.259064
669.8660, 2.845398
670.3481, 5.353302
670.8302, 7.588165
671.3123, 9.491119
671.7944, 11.08936
672.2766, 13.27194
672.7587, 13.69781
673.2408, 8.134552
673.7229, 3.2379001E-02
674.2050, 3.987152
674.6871, 2.602264
675.1693, 8.435547
675.6514, 10.13275
676.1335, 8.432770
676.6156, 6.843353
677.0977, 4.695709
677.5798, 4.249603
678.0620, 7.428467
678.5441, 13.64395
679.0262, 16.34464
679.5083, 15.32504
679.9904, 14.41565
680.4725, 17.03299
680.9547, 21.73767
681.4368, 26.46362
681.9189, 31.08246
682.4010, 34.34406
682.8831, 34.68445
683.3652, 33.55881
683.8474, 32.35205
684.3295, 30.69470
684.8116, 30.05112
685.2937, 33.22183
685.7758, 36.35019
686.2579, 33.28577
686.7401, 19.72360
687.2222, 12.16650
687.7043, 15.04501
688.1864, 24.27145
688.6685, 30.86432
689.1506, 34.86856
689.6328, 36.97260
690.1149, 36.91727
690.5970, 35.57556
691.0791, 33.58145
691.5612, 31.20871
692.0433, 29.94464
692.5255, 30.16028
693.0076, 32.05115
693.4897, 36.36514
693.9718, 43.39087
694.4539, 49.54401
694.9360, 54.76154
695.4182, 58.56430
695.9003, 60.68994
696.3824, 61.03381
696.8645, 59.43686
697.3466, 54.82797
697.8287, 51.11874
698.3109, 54.36365
698.7930, 62.86975
699.2751, 66.95770
699.7572, 63.91183
700.2393, 59.97974
700.7214, 61.13501
701.2036, 65.99527
701.6857, 72.31567
702.1678, 81.75449
702.6499, 89.68182
703.1320, 93.73874
703.6141, 95.04822
704.0963, 96.39429
704.5784, 97.73892
705.0605, 99.62598
705.5426, 102.7802
706.0247, 106.5400
706.5068, 107.0500
706.9890, 103.6911
707.4711, 101.8582
707.9532, 105.3130
708.4353, 112.2768
708.9174, 118.0536
709.3995, 122.7713
709.8817, 127.6245
710.3638, 134.6021
710.8459, 141.3894
711.3280, 145.6880
711.8101, 146.9410
712.2922, 147.2735
712.7744, 145.6545
713.2565, 144.5117
713.7386, 145.8583
714.2207, 152.4149
714.7028, 153.8018
715.1849, 147.1311
715.6671, 140.3014
716.1492, 144.1797
716.6313, 157.7468
717.1134, 166.7177
717.5955, 167.8802
718.0776, 165.8397
718.5598, 163.7339
719.0419, 162.6375
719.5240, 164.5215
720.0061, 173.1674
720.4882, 181.1604
720.9703, 184.9315
721.4525, 185.5685
721.9346, 185.4999
722.4167, 185.2186
722.8988, 184.2614
723.3809, 181.6965
723.8630, 178.0247
724.3452, 176.3922
724.8273, 177.1543
725.3094, 178.6403
725.7915, 181.1716
726.2736, 183.4148
726.7557, 181.3275
727.2379, 175.2680
727.7200, 168.4185
728.2021, 161.2911
728.6842, 155.8830
729.1663, 154.9218
729.6484, 158.5727
730.1306, 159.3250
730.6127, 150.2851
731.0948, 141.7383
731.5769, 139.5998
732.0590, 146.1838
732.5411, 151.0917
733.0233, 153.2590
733.5054, 153.6083
733.9875, 154.1923
734.4696, 155.1677
734.9517, 152.8841
735.4338, 146.1247
735.9160, 138.4821
736.3981, 134.3447
736.8802, 131.7586
737.3623, 127.3306
737.8444, 117.2263
738.3266, 111.4742
738.8087, 117.8359
739.2908, 129.1388
739.7729, 135.0441
740.2551, 132.6478
740.7372, 130.0062
741.2193, 126.6408
741.7014, 122.9837
742.1835, 122.2292
742.6656, 124.9251
743.1478, 125.9958
743.6299, 122.7522
744.1120, 118.0737
744.5941, 116.8994
745.0762, 118.1210
745.5583, 118.7553
746.0405, 118.3518
746.5226, 115.9187
747.0047, 109.3265
747.4868, 99.56180
747.9689, 92.39825
748.4510, 88.48300
748.9332, 87.51089
749.4153, 90.91428
749.8974, 97.94183
750.3795, 98.74838
750.8616, 92.34235
751.3438, 86.64014
751.8259, 87.72617
752.3080, 92.85101
752.7901, 96.12097
753.2722, 97.43552
753.7543, 96.93723
754.2365, 94.16159
754.7186, 89.65088
755.2007, 83.15729
755.6828, 73.76498
756.1649, 67.85867
756.6470, 70.17780
757.1292, 73.00101
757.6113, 71.07214
758.0934, 62.42889
758.5755, 58.62033
759.0576, 60.68185
759.5397, 64.18826
760.0219, 64.65054
760.5040, 62.55759
760.9861, 59.79263
761.4682, 56.58255
761.9503, 53.22720
762.4324, 49.82394
762.9146, 46.40082
763.3967, 42.87790
763.8788, 38.22995
764.3609, 35.15170
764.8430, 36.29929
765.3251, 37.98297
765.8073, 35.50864
766.2894, 27.32004
766.7715, 21.29865
767.2536, 19.06046
767.7357, 18.46371
768.2178, 15.11798
768.7000, 10.05737
769.1821, 7.722656
769.6642, 10.43732
770.1463, 14.92065
770.6284, 19.41812
771.1105, 23.50998
771.5927, 26.38345
772.0748, 26.89072
772.5569, 27.21347
773.0390, 28.60242
773.5211, 30.02829
774.0032, 28.36868
774.4854, 22.63245
774.9675, 17.38132
775.4496, 13.46213
775.9317, 11.34830
776.4138, 14.01965
776.8959, 20.32224
777.3781, 24.22403
777.8602, 20.52701
778.3423, 14.70728
778.8244, 11.00104
779.3065, 9.105225
779.7886, 7.465363
780.2708, 4.313599
780.7529, 2.836060
781.2350, 4.981415
781.7171, 10.12354
782.1992, 12.15747
782.6813, 10.47138
783.1635, 7.935547
783.6456, 5.470642
784.1277, 3.348938
784.6098, 3.427734
785.0919, 5.334412
785.5740, 5.529785
786.0562, 0.3598630
786.5383, 7.393188
787.0204, 11.11444
787.5025, 11.27887
787.9846, 11.91736
788.4667, 14.03851
788.9489, 16.87750
789.4310, 21.06696
789.9131, 26.94208
790.3952, 26.35919
790.8773, 17.76086
791.3594, 10.09595
791.8416, 12.44672
792.3237, 20.63843
792.8058, 23.03448
793.2879, 19.13977
793.7700, 14.68793
794.2521, 12.46863
794.7343, 12.16382
795.2164, 14.11951
795.6985, 19.09735
796.1806, 22.73242
796.6627, 23.44580
797.1448, 23.96912
797.6270, 27.37762
798.1091, 35.00409
798.5912, 33.00916
799.0733, 19.63220
799.5554, 5.359802
800.0375, 1.212341
800.5197, 3.303894
801.0018, 4.523926
801.4839, 3.925171
801.9660, 2.450073
802.4481, 0.6947630
802.9302, 3.625488
803.4124, 4.605469
803.8945, 2.103577
804.3766, 0.5690310
804.8587, 0.6781010
805.3408, 0.8203740
805.8229, 0.8082280
806.3051, 4.177673
806.7872, 6.835999
807.2693, 8.867493
807.7514, 8.104431
808.2335, 2.113220
808.7156, 15.00983
809.1978, 19.60034
809.6799, 11.45807
810.1620, 2.349792
810.6441, 5.768005
811.1262, 10.86426
811.6083, 10.54968
812.0905, 1.206604
812.5726, 5.077759
813.0547, 7.680847
813.5368, 7.728149
814.0189, 6.085266
814.5010, 3.008850
814.9832, 0.7175290
815.4653, 5.229065
815.9474, 9.405334
816.4295, 13.69727
816.9116, 16.22046
817.3937, 14.10370
817.8759, 2.719482
818.3580, 5.302368
818.8401, 2.240723
819.3222, 2.001038
819.8043, 3.965637
820.2864, 24.74854
820.7686, 32.76080
821.2507, 22.65930
821.7328, 7.833374
822.2149, 4.449768
822.6970, 10.27496
823.1791, 20.97540
823.6613, 37.68951
824.1434, 50.96918
824.6255, 49.62860
825.1076, 43.78967
825.5897, 44.56995
826.0718, 60.68982
826.5540, 73.51215
827.0361, 81.81848
827.5182, 88.93268
828.0003, 99.29816
828.4824, 112.7222
828.9645, 124.1472
829.4467, 132.0450
829.9288, 140.3843
830.4109, 153.9090
830.8930, 170.8317
831.3751, 188.2717
831.8572, 203.7202
832.3394, 222.9250
832.8215, 251.6525
833.3036, 283.4379
833.7857, 311.2645
834.2678, 333.3538
834.7499, 355.8983
835.2321, 377.9283
835.7142, 402.5394
836.1963, 437.8917
836.6784, 479.9865
837.1605, 510.9108
837.6426, 524.3913
838.1248, 538.1200
838.6069, 569.6965
839.0890, 607.5564
839.5711, 637.8266
840.0532, 648.5266
840.5353, 668.1782
841.0175, 702.9686
841.4996, 742.4332
841.9817, 777.0065
842.4638, 807.0811
842.9459, 828.6158
843.4280, 839.6949
843.9102, 849.2541
844.3923, 867.2788
844.8744, 890.8635
845.3565, 916.9184
845.8386, 948.1064
846.3207, 969.5535
846.8029, 967.9712
847.2850, 958.3909
847.7671, 954.6024
848.2492, 962.2281
848.7313, 962.5015
849.2134, 953.6690
849.6956, 940.9959
850.1777, 929.4869
850.6598, 918.9639
851.1419, 908.4323
851.6240, 897.8865
852.1061, 885.3701
852.5883, 869.2589
853.0704, 850.2954
853.5525, 828.4232
854.0346, 802.5977
854.5167, 778.2948
854.9988, 756.5222
855.4810, 735.2498
855.9631, 711.7643
856.4452, 686.4677
856.9273, 667.8090
857.4094, 656.2074
857.8915, 646.1384
858.3737, 634.3383
858.8558, 620.7966
859.3379, 602.9451
859.8200, 579.8425
860.3021, 565.1549
860.7842, 578.4375
861.2664, 588.9548
861.7485, 576.2590
862.2306, 536.2628
862.7127, 515.0126
863.1948, 515.0471
863.6769, 521.9600
864.1591, 526.8574
864.6412, 530.6677
865.1233, 536.0619
865.6054, 543.1200
866.0875, 550.1212
866.5696, 556.6846
867.0518, 562.0924
867.5339, 567.1002
868.0160, 571.7537
868.4981, 567.6852
868.9802, 546.5432
869.4623, 534.5905
869.9445, 548.8544
870.4266, 582.1661
870.9087, 598.9387
871.3908, 601.3037
871.8729, 609.2340
872.3550, 642.7117
872.8372, 680.7654
873.3193, 705.2700
873.8014, 718.0973
874.2835, 731.3667
874.7656, 744.5165
875.2477, 762.8419
875.7299, 788.8251
876.2120, 820.7075
876.6941, 854.7937
877.1762, 890.9222
877.6583, 923.2639
878.1404, 946.7505
878.6226, 967.2222
879.1047, 989.1606
879.5869, 1014.197
880.0690, 1047.038
880.5511, 1099.815
881.0332, 1148.556
881.5153, 1179.952
881.9974, 1204.736
882.4796, 1246.316
882.9617, 1307.153
883.4438, 1371.616
883.9259, 1436.374
884.4080, 1501.009
884.8901, 1564.353
885.3723, 1626.740
885.8544, 1689.055
886.3365, 1749.784
886.8186, 1812.505
887.3007, 1873.876
887.7828, 1939.715
888.2650, 2017.255
888.7471, 2104.969
889.2292, 2206.571
889.7113, 2324.146
890.1934, 2452.245
890.6755, 2587.526
891.1577, 2728.450
891.6398, 2872.678
892.1219, 3016.447
892.6040, 3174.061
893.0861, 3352.646
893.5682, 3549.180
894.0504, 3761.947
894.5325, 3993.611
895.0146, 4232.027
895.4967, 4473.306
895.9788, 4727.621
896.4609, 5000.899
896.9431, 5292.684
897.4252, 5594.748
897.9073, 5906.704
898.3894, 6228.291
898.8715, 6576.303
899.3536, 6928.831
899.8358, 7274.266
900.3179, 7608.525
900.8000, 7932.768
901.2821, 8246.425
901.7642, 8548.932
902.2463, 8851.104
902.7285, 9143.087
903.2106, 9386.051
903.6927, 9579.616
904.1748, 9743.432
904.6569, 9908.647
905.1390, 10037.75
905.6212, 10100.28
906.1033, 10095.01
906.5854, 10023.46
907.0675, 9871.936
907.5496, 9664.369
908.0317, 9395.443
908.5139, 9080.991
908.9960, 8766.011
909.4781, 8451.773
909.9602, 8104.627
910.4423, 7703.466
910.9244, 7286.504
911.4066, 6898.043
911.8887, 6530.431
912.3708, 6163.857
912.8529, 5777.255
913.3350, 5414.018
913.8171, 5089.510
914.2993, 4788.836
914.7814, 4494.909
915.2635, 4207.354
915.7456, 3932.097
916.2277, 3669.435
916.7098, 3421.534
917.1920, 3195.188
917.6741, 2986.220
918.1562, 2789.843
918.6383, 2607.296
919.1204, 2436.797
919.6025, 2275.626
920.0847, 2128.866
920.5668, 2002.146
921.0489, 1897.614
921.5310, 1795.271
922.0131, 1695.938
922.4952, 1595.517
922.9774, 1484.962
923.4595, 1374.638
923.9416, 1279.328
924.4237, 1200.010
924.9058, 1130.652
925.3879, 1077.681
925.8701, 1023.990
926.3522, 958.9967
926.8343, 885.1903
927.3164, 825.7256
927.7985, 781.3552
928.2806, 739.0085
928.7628, 690.2881
929.2449, 643.1449
929.7270, 612.1420
930.2091, 592.5755
930.6912, 570.6519
931.1733, 537.5712
931.6555, 505.3677
932.1376, 475.8583
932.6197, 450.4282
933.1018, 433.4059
933.5839, 426.2155
934.0660, 415.0657
934.5482, 396.3604
935.0303, 375.9985
935.5124, 362.9930
935.9945, 352.9442
936.4766, 336.9647
936.9587, 307.8751
937.4409, 286.2800
937.9230, 286.7114
938.4051, 291.0120
938.8872, 284.8074
939.3693, 265.6403
939.8514, 249.8898
940.3336, 237.9988
940.8157, 227.7334
941.2978, 217.1740
941.7799, 207.0146
942.2620, 198.4644
942.7441, 191.5416
943.2263, 184.5504
943.7084, 175.1095
944.1905, 167.7615
944.6726, 165.7987
945.1547, 167.6876
945.6368, 162.2184
946.1190, 148.7018
946.6011, 138.7617
947.0832, 140.9753
947.5653, 145.8040
948.0474, 139.2725
948.5295, 125.3239
949.0117, 113.1332
949.4938, 107.6559
949.9759, 101.9199
950.4580, 93.25848
950.9401, 84.56659
951.4222, 81.47321
951.9044, 84.10059
952.3865, 82.71222
952.8686, 74.79944
953.3507, 67.23151
953.8328, 70.83252
954.3149, 77.47394
954.7971, 75.47333
955.2792, 59.03735
955.7613, 48.30414
956.2434, 49.14557
956.7255, 52.97113
957.2076, 55.19519
957.6898, 55.83423
958.1719, 56.28320
958.6540, 56.49213
959.1361, 54.29645
959.6182, 45.59943
960.1003, 35.81262
960.5825, 29.97760
961.0646, 27.64966
961.5467, 25.11981
962.0288, 20.93042
962.5109, 17.87811
962.9930, 17.47424
963.4752, 18.01489
963.9573, 14.39655
964.4394, 7.493225
964.9215, 2.439697
965.4036, 1.323914
965.8857, 1.779785
966.3679, 3.949646
966.8500, 5.685425
967.3321, 3.939636
967.8142, 5.104248
968.2963, 11.36041
968.7784, 14.43787
969.2606, 15.30017
969.7427, 13.84509
970.2248, 10.89252
970.7069, 9.381714
971.1890, 9.522095
971.6711, 10.55249
972.1533, 10.98407
972.6354, 12.93896
973.1175, 19.73090
973.5996, 31.07794
974.0817, 35.10101
974.5638, 29.32098
975.0460, 25.12628
975.5281, 28.35382
976.0102, 35.14337
976.4923, 37.77118
976.9744, 37.04376
977.4565, 35.32935
977.9387, 33.91858
978.4208, 31.39862
978.9029, 25.16498
979.3850, 18.57202
979.8671, 16.42542
980.3492, 19.46893
980.8314, 23.10693
981.3135, 27.26489
981.7956, 30.11841
982.2777, 29.44647
982.7598, 26.37323
983.2419, 21.77765
983.7241, 15.37903
984.2062, 11.07507
984.6883, 14.85162
985.1704, 15.88104
985.6525, 8.037903
986.1346, 7.540955
986.6168, 18.49512
987.0989, 24.95258
987.5810, 30.77380
988.0631, 37.77399
988.5452, 45.50995
989.0273, 55.15540
989.5095, 65.12146
989.9916, 71.14270
990.4737, 69.20129
990.9558, 68.06433
991.4379, 68.21338
991.9200, 70.36133
992.4022, 76.19397
992.8843, 85.14935
993.3664, 95.61475
993.8485, 107.6938
994.3306, 117.3073
994.8127, 116.5763
995.2949, 115.7224
995.7770, 125.9492
996.2591, 150.3950
996.7412, 164.1461
997.2233, 164.5944
997.7054, 163.1393
998.1876, 165.8237
998.6697, 171.7982
999.1518, 180.2780
999.6339, 190.6532
1000.116, 200.5027
1000.598, 207.6029
1001.080, 215.1547
1001.562, 224.4460
1002.044, 234.7214
1002.527, 244.6896
1003.009, 254.1990
1003.491, 265.8121
1003.973, 280.4937
1004.455, 294.5987
1004.937, 302.5172
1005.419, 308.1500
1005.901, 315.7324
1006.384, 325.8838
1006.866, 338.2388
1007.348, 352.6315
1007.830, 369.3099
1008.312, 389.4904
1008.794, 412.0708
1009.276, 432.7046
1009.758, 450.9744
1010.240, 463.4714
1010.723, 456.0015
1011.205, 453.8472
1011.687, 479.4600
1012.169, 522.3908
1012.651, 553.2132
1013.133, 567.7433
1013.615, 580.1482
1014.097, 591.2446
1014.580, 604.5219
1015.062, 626.4586
1015.544, 653.3569
1016.026, 677.0554
1016.508, 694.4377
1016.990, 718.1974
1017.472, 762.3805
1017.954, 805.5529
1018.436, 833.9094
1018.919, 848.2782
1019.401, 871.9406
1019.883, 904.9642
1020.365, 935.6794
1020.847, 958.7942
1021.329, 975.1619
1021.811, 981.1340
1022.293, 981.2578
1022.776, 987.0795
1023.258, 1010.263
1023.740, 1022.933
1024.222, 1019.679
1024.704, 1009.708
1025.186, 1007.654
1025.668, 1009.168
1026.150, 999.5241
1026.632, 976.3468
1027.115, 949.0743
1027.597, 923.6077
1028.079, 896.0484
1028.561, 861.4003
1029.043, 820.1483
1029.525, 785.7429
1030.007, 759.6807
1030.489, 733.2260
1030.972, 703.5353
1031.454, 669.3337
1031.936, 624.2068
1032.418, 574.5695
1032.900, 533.4942
1033.382, 513.6000
1033.864, 488.7015
1034.346, 455.6250
1034.828, 418.9303
1035.311, 380.7788
1035.793, 342.3626
1036.275, 315.9335
1036.757, 302.5608
1037.239, 291.5308
1037.721, 276.4807
1038.203, 259.1191
1038.685, 239.6850
1039.167, 218.8019
1039.650, 201.1653
1040.132, 188.1240
1040.614, 175.8992
1041.096, 162.6241
1041.578, 150.1982
1042.060, 142.6645
1042.542, 138.5623
1043.024, 135.6485
1043.507, 136.7318
1043.989, 133.9136
1044.471, 122.4991
1044.953, 109.0137
1045.435, 98.10498
1045.917, 89.98792
1046.399, 86.10730
1046.881, 86.27527
1047.364, 85.45569
1047.846, 80.65808
1048.328, 73.33405
1048.810, 63.32294
1049.292, 51.41925
1049.774, 40.33618
1050.256, 28.86542
1050.738, 22.75214
1051.220, 23.62604
1051.703, 28.98669
1052.185, 39.86340
1052.667, 51.12415
1053.149, 52.24072
1053.631, 38.10468
1054.113, 28.53253
1054.595, 31.68317
1055.077, 37.43549
1055.559, 42.30127
1056.042, 45.64795
1056.524, 41.15448
1057.006, 29.86359
1057.488, 20.29199
1057.970, 16.33325
1058.452, 16.24646
1058.934, 21.66663
1059.416, 29.45123
1059.899, 33.69049
1060.381, 33.81854
1060.863, 31.86072
1061.345, 27.70795
1061.827, 22.61090
1062.309, 14.84906
1062.791, 8.358093
1063.273, 11.66815
1063.755, 25.11359
1064.238, 33.29425
1064.720, 27.23828
1065.202, 21.49323
1065.684, 20.91345
1066.166, 23.04187
1066.648, 19.70868
1067.130, 12.58429
1067.612, 9.617859
1068.094, 15.46484
1068.577, 20.83337
1069.059, 18.50110
1069.541, 14.18341
1070.023, 13.84558
1070.505, 18.74323
1070.987, 20.44897
1071.469, 18.74890
1071.951, 16.15283
1072.434, 14.55194
1072.916, 12.88147
1073.398, 8.934875
1073.880, 3.688477
1074.362, 0.5989990
1074.844, 0.6663820
1075.326, 2.664063
1075.808, 7.369019
1076.291, 12.36145
1076.773, 13.97461
1077.255, 13.15472
1077.737, 11.97205
1078.219, 10.61884
1078.701, 11.26068
1079.183, 18.09369
1079.665, 24.12488
1080.147, 26.23541
1080.630, 24.57465
1081.112, 18.94293
1081.594, 9.560974
1082.076, 3.273560
1082.558, 3.139832
1083.040, 6.132690
1083.522, 12.72528
1084.004, 19.38593
1084.486, 20.83276
1084.969, 13.92725
1085.451, 9.394348
1085.933, 7.364014
1086.415, 7.349854
1086.897, 10.37775
1087.379, 14.50006
1087.861, 16.18335
1088.343, 15.70380
1088.826, 15.17523
1089.308, 15.99353
1089.790, 16.00391
1090.272, 15.32800
1090.754, 13.10217
1091.236, 5.647034
1091.718, 4.978882
1092.200, 8.725342
1092.682, 3.779541
1093.165, 3.652527
1093.647, 13.84167
1094.129, 21.39758
1094.611, 22.04535
1095.093, 16.89954
1095.575, 13.59570
1096.057, 12.27795
1096.539, 8.839905
1097.022, 0.4153440
1097.504, 7.862793
1097.986, 12.83209
1098.468, 13.39270
1098.950, 6.707703
1099.432, 14.53046
1099.914, 23.29004
1100.396, 16.76483
1100.879, 6.473328
1101.361, 2.377808
1101.843, 7.893066
1102.325, 4.185059
1102.807, 6.453674
1103.289, 15.29199
1103.771, 19.62616
1104.253, 20.88849
1104.735, 18.74091
1105.218, 14.80859
1105.700, 10.47974
1106.182, 6.216797
1106.664, 4.712952
1107.146, 6.275085
1107.628, 8.693848
1108.110, 10.64551
1108.592, 12.95111
1109.074, 16.69287
1109.557, 21.32306
1110.039, 24.59021
1110.521, 26.48767
1111.003, 25.37140
1111.485, 19.43640
1111.967, 14.39832
1112.449, 17.80743
1112.931, 24.07050
1113.414, 27.19159
1113.896, 26.21283
1114.378, 22.82117
1114.860, 15.79541
1115.342, 11.56549
1115.824, 17.00201
1116.306, 24.91479
1116.788, 22.34790
1117.271, 13.44788
1117.753, 7.379333
1118.235, 9.365723
1118.717, 10.78076
1119.199, 10.54413
1119.681, 10.48779
1120.163, 14.20190
1120.645, 19.18823
1121.127, 16.57214
1121.609, 7.153931
1122.092, 0.6858520
1122.574, 2.660095
1123.056, 8.033447
1123.538, 18.01367
1124.020, 27.98370
1124.502, 25.89923
1124.984, 13.62531
1125.466, 8.738953
1125.949, 15.39404
1126.431, 23.15594
1126.913, 25.49084
1127.395, 25.37915
1127.877, 24.56714
1128.359, 23.35529
1128.841, 22.49213
1129.323, 21.91583
1129.806, 21.96173
1130.288, 22.63806
1130.770, 24.24628
1131.252, 28.70953
1131.734, 33.36493
1132.216, 34.55817
1132.698, 31.17645
1133.180, 27.04559
1133.662, 21.04260
1134.145, 19.45154
1134.627, 32.68549
1135.109, 48.58905
1135.591, 45.04181
1136.073, 28.17926
1136.555, 13.86737
1137.037, 3.605774
1137.519, 2.095276
1138.001, 12.71283
1138.484, 25.29108
1138.966, 29.01648
1139.448, 26.43433
1139.930, 21.33594
1140.412, 14.97260
1140.894, 14.50360
1141.376, 32.43176
1141.858, 43.96191
1142.341, 40.63092
1142.823, 29.79767
1143.305, 25.60516
1143.787, 26.14557
1144.269, 20.63708
1144.751, 6.244995
1145.233, 1.987549
1145.715, 9.128296
1146.198, 24.50360
1146.680, 37.99207
1147.162, 48.41998
1147.644, 47.08545
1148.126, 35.03918
1148.608, 27.23334
1149.090, 30.20422
1149.572, 33.04126
1150.054, 25.65698
1150.536, 16.74615
1151.019, 14.49249
1151.501, 19.32776
1151.983, 23.71246
1152.465, 27.74408
1152.947, 28.41949
1153.429, 19.45770
1153.911, 11.69940
1154.393, 19.26166
1154.876, 33.97461
1155.358, 40.88196
1155.840, 36.42236
1156.322, 33.36938
1156.804, 32.58441
1157.286, 32.78607
1157.768, 33.37732
1158.250, 33.15900
1158.733, 28.68237
1159.215, 21.49060
1159.697, 18.12457
1160.179, 22.48102
1160.661, 25.99902
1161.143, 27.22125
1161.625, 28.05597
1162.107, 33.06226
1162.589, 39.06812
1163.072, 39.22839
1163.554, 33.60107
1164.036, 31.68073
1164.518, 40.02966
1165.000, 45.08258
1165.482, 42.92627
1165.964, 37.03131
1166.446, 32.36914
1166.928, 29.18524
1167.411, 28.63385
1167.893, 31.19342
1168.375, 32.92194
1168.857, 32.42609
1169.339, 31.88513
1169.821, 32.23279
1170.303, 33.07037
1170.785, 32.28632
1171.268, 30.84424
1171.750, 32.77130
1172.232, 42.32043
1172.714, 47.43982
1173.196, 37.61871
1173.678, 27.42609
1174.160, 26.75061
1174.642, 33.51227
1175.125, 33.44153
1175.607, 27.67554
1176.089, 23.72614
1176.571, 26.10284
1177.053, 30.08997
1177.535, 37.33777
1178.017, 42.34076
1178.499, 37.79785
1178.981, 23.84595
1179.464, 19.60547
1179.946, 24.68250
1180.428, 29.61926
1180.910, 26.54181
1181.392, 23.80725
1181.874, 28.69409
1182.356, 35.24725
1182.838, 32.92346
1183.320, 21.23273
1183.803, 15.31152
1184.285, 16.39630
1184.767, 20.76495
1185.249, 30.68781
1185.731, 38.11334
1186.213, 33.71112
1186.695, 22.81421
1187.177, 21.84027
1187.660, 31.81195
1188.142, 35.13586
1188.624, 28.28180
1189.106, 19.90131
1189.588, 16.67596
1190.070, 15.89050
1190.552, 17.38000
1191.034, 19.97437
1191.516, 15.14789
1191.999, 1.564148
1192.481, 6.443542
1192.963, 4.509338
1193.445, 0.8207400
1193.927, 3.701599
1194.409, 6.201172
1194.891, 11.21442
1195.373, 19.03271
1195.855, 23.00122
1196.338, 22.96564
1196.820, 19.59991
1197.302, 10.67505
1197.784, 3.772522
1198.266, 11.66022
1198.748, 24.18182
1199.230, 27.19653
1199.712, 16.92529
1200.195, 13.84943
1200.677, 19.03754
1201.159, 23.94812
1201.641, 23.76154
1202.123, 21.30328
1202.605, 19.09900
1203.087, 17.02686
1203.569, 15.05444
1204.052, 13.16437
1204.534, 10.53070
1205.016, 6.631592
1205.498, 5.008423
1205.980, 11.98425
1206.462, 19.39758
1206.944, 14.61755
1207.426, 3.496277
1207.908, 0.3030400
1208.391, 9.927490
1208.873, 16.66272
1209.355, 19.89148
1209.837, 20.36884
1210.319, 17.27740
1210.801, 12.92578
1211.283, 8.946899
1211.765, 5.966187
1212.247, 6.372375
1212.730, 11.93140
1213.212, 15.50598
1213.694, 16.51062
1214.176, 14.65362
1214.658, 6.656189
1215.140, 2.225464
1215.622, 5.978638
1216.104, 4.838440
1216.587, 1.858398
1217.069, 4.414001
1217.551, 5.394043
1218.033, 1.772034
1218.515, 8.180603
1218.997, 1.009277
1219.479, 10.42285
1219.961, 15.99304
1220.443, 14.91522
1220.926, 11.38428
1221.408, 4.333069
1221.890, 0.2734380
1222.372, 0.9829710
1222.854, 4.251099
1223.336, 11.53845
1223.818, 17.29181
1224.300, 11.67865
1224.782, 6.700562
1225.265, 9.500793
1225.747, 7.473572
1226.229, 19.69250
1226.711, 18.34650
1227.193, 12.82312
1227.675, 14.50946
1228.157, 18.51141
1228.639, 18.42487
1229.122, 13.01740
1229.604, 10.64331
1230.086, 11.60687
1230.568, 13.95959
1231.050, 18.65100
1231.532, 20.82245
1232.014, 8.291321
1232.496, 6.333252
1232.979, 4.695007
1233.461, 17.12878
1233.943, 26.41132
1234.425, 21.85626
1234.907, 17.71124
1235.389, 21.83093
1235.871, 27.37769
1236.353, 26.10858
1236.835, 23.05060
1237.318, 26.15137
1237.800, 37.49603
1238.282, 39.10071
1238.764, 30.48511
1239.246, 21.80249
1239.728, 19.78485
1240.210, 18.74664
1240.692, 11.64185
1241.175, 4.010864
1241.657, 4.172974
1242.139, 14.14435
1242.621, 17.98767
1243.103, 15.68243
1243.585, 14.33765
1244.067, 23.18158
1244.549, 30.44983
1245.031, 27.17908
1245.514, 18.05530
1245.996, 9.237488
1246.478, 0.2884520
1246.960, 3.106934
1247.442, 1.090393
1247.924, 1.956421
1248.406, 3.012024
1248.888, 4.516663
1249.370, 8.526855
1249.853, 13.41272
1250.335, 17.02710
1250.817, 19.37854
1251.299, 22.21735
1251.781, 25.51117
1252.263, 27.88574
1252.745, 27.67664
1253.227, 27.31525
1253.710, 27.99188
1254.192, 29.01495
1254.674, 30.02875
1255.156, 30.43085
1255.638, 28.30817
1256.120, 23.32312
1256.602, 17.25940
1257.084, 8.509155
1257.567, 4.050903
1258.049, 7.186768
1258.531, 13.94806
1259.013, 19.05341
1259.495, 22.80615
1259.977, 28.82971
1260.459, 37.54993
1260.941, 42.65326
1261.423, 37.97546
1261.906, 33.96454
1262.388, 33.16022
1262.870, 33.70941
1263.352, 34.08661
1263.834, 33.42719
1264.316, 26.09717
1264.798, 12.49664
1265.280, 6.082825
1265.762, 19.69135
1266.245, 25.36407
1266.727, 15.05084
1267.209, 2.312622
1267.691, 9.260254
1268.173, 24.76874
1268.655, 29.48541
1269.137, 22.43732
1269.619, 18.36835
1270.102, 20.44220
1270.584, 21.26239
1271.066, 19.42511
1271.548, 17.17609
1272.030, 15.89410
1272.512, 16.78247
1272.994, 24.14703
1273.476, 36.95380
1273.958, 38.98895
1274.441, 27.06134
1274.923, 18.28589
1275.405, 16.45386
1275.887, 18.67120
1276.369, 24.79163
1276.851, 31.26770
1277.333, 35.84326
1277.815, 37.71381
1278.297, 31.76813
1278.780, 17.44464
1279.262, 9.016846
1279.744, 10.49481
1280.226, 14.10040
1280.708, 15.00153
1281.190, 14.29041
1281.672, 12.38770
1282.154, 9.664490
1282.637, 6.102051
1283.119, 2.219543
1283.601, 3.802185
1284.083, 12.78363
1284.565, 22.00659
1285.047, 30.40839
1285.529, 33.76984
1286.011, 28.85980
1286.494, 19.04517
1286.976, 13.71143
1287.458, 11.80853
1287.940, 9.917175
1288.422, 7.275574
1288.904, 5.224182
1289.386, 4.356628
1289.868, 4.204041
1290.350, 5.087524
1290.833, 5.996704
1291.315, 3.314148
1291.797, 0.3362430
1292.279, 0.8139040
1292.761, 8.098083
1293.243, 4.819946
1293.725, 0.0000000E+00
##END=



