##NAMES=Spodumene
##RRUFFID=R060039
##IDEAL CHEMISTRY=LiAlSi_2_O_6_
##LOCALITY=Black Hills, South Dakota, USA
##OWNER=RRUFF
##SOURCE=University of Arizona Mineral Museum
##DESCRIPTION=Light green massive
##STATUS=The identification of this mineral has been confirmed by X-ray diffraction and chemical analysis
##URL=rruff.info/R060039
##MEASURED CHEMISTRY=Li_1.00_(Al_0.99_Fe^3+^_0.01_)Si_2.00_O_6_
136.8784, 0.0000000E+00
137.3605, 0.3083590
137.8426, 3.2387000E-02
138.3248, 0.1009690
138.8069, 0.2990770
139.2890, 0.3893000
139.7711, 0.7010220
140.2532, 0.3690620
140.7353, 6.0769999E-03
141.2175, 0.2903950
141.6996, 0.2783890
142.1817, 2.7532000E-02
142.6638, 7.3950002E-03
143.1459, 6.6215999E-02
143.6280, 0.1603610
144.1102, 0.4373020
144.5923, 0.7634760
145.0744, 1.002986
145.5565, 1.106072
146.0386, 1.122068
146.5207, 1.215315
147.0029, 1.481441
147.4850, 1.672330
147.9671, 1.677695
148.4492, 1.529744
148.9313, 1.297234
149.4134, 0.9997260
149.8955, 0.6326350
150.3777, 0.3392840
150.8598, 0.1767660
151.3419, 3.7388999E-02
151.8240, 1.7929001E-02
152.3061, 2.3653001E-02
152.7882, 0.2144420
153.2704, 0.6946180
153.7525, 1.752526
154.2346, 2.030399
154.7167, 0.7649250
155.1988, 0.1879070
155.6809, 0.4595640
156.1631, 2.8504999E-02
156.6452, 1.174831
157.1273, 1.565869
157.6094, 0.6435210
158.0915, 9.3235001E-02
158.5736, 0.2459770
159.0558, 0.6030660
159.5379, 0.6041860
160.0200, 7.3570997E-02
160.5021, 0.2620220
160.9842, 0.2400080
161.4663, 0.3591260
161.9485, 1.078174
162.4306, 1.299921
162.9127, 1.157597
163.3948, 0.8403760
163.8769, 0.2856870
164.3590, 0.1793310
164.8412, 4.9961001E-02
165.3233, 0.7975650
165.8054, 1.761464
166.2875, 2.126259
166.7696, 1.984946
167.2517, 1.979019
167.7339, 2.377504
168.2160, 3.000756
168.6981, 3.592386
169.1802, 4.068611
169.6623, 4.441001
170.1444, 4.781368
170.6266, 5.119398
171.1087, 5.156507
171.5908, 4.419275
172.0729, 3.659539
172.5550, 3.210243
173.0371, 3.303442
173.5193, 3.680167
174.0014, 4.029095
174.4835, 4.414933
174.9656, 4.656623
175.4477, 4.650779
175.9298, 4.559806
176.4120, 4.589109
176.8941, 4.749113
177.3762, 5.021396
177.8583, 5.502434
178.3404, 6.401882
178.8225, 7.095838
179.3047, 7.533767
179.7868, 7.697972
180.2689, 7.666015
180.7510, 7.433482
181.2331, 7.133607
181.7152, 7.446014
182.1974, 9.125275
182.6795, 10.43898
183.1616, 10.86698
183.6437, 10.75449
184.1258, 10.68102
184.6079, 10.95653
185.0900, 11.55918
185.5722, 12.37238
186.0543, 13.89399
186.5364, 15.06476
187.0185, 15.42766
187.5006, 15.10160
187.9827, 14.45165
188.4649, 13.62833
188.9470, 12.65748
189.4291, 11.70954
189.9112, 10.90991
190.3933, 10.01994
190.8754, 8.783587
191.3576, 7.231046
191.8397, 5.812690
192.3218, 4.772448
192.8039, 4.085571
193.2860, 3.627214
193.7681, 3.516973
194.2503, 3.516603
194.7324, 3.400811
195.2145, 3.160956
195.6966, 2.837176
196.1787, 2.214148
196.6608, 1.545272
197.1430, 1.194125
197.6251, 1.434501
198.1072, 1.872118
198.5893, 1.769330
199.0714, 0.8871500
199.5535, 0.1003880
200.0357, 0.2126230
200.5178, 0.2324570
200.9999, 0.1374870
201.4820, 3.2303002E-02
201.9641, 0.2344550
202.4462, 0.3499420
202.9284, 0.3693090
203.4105, 0.2952320
203.8926, 1.1114000E-02
204.3747, 0.2918980
204.8568, 0.2113250
205.3389, 5.6761999E-02
205.8211, 0.6291680
206.3032, 0.7676070
206.7853, 0.3363270
207.2674, 0.4716440
207.7495, 0.6332550
208.2316, 0.3278810
208.7138, 0.2554550
209.1959, 0.3189100
209.6780, 1.223742
210.1601, 1.579255
210.6422, 0.7639180
211.1243, 2.3987999E-02
211.6065, 0.2526380
212.0886, 5.7131000E-02
212.5707, 0.1083110
213.0528, 0.1171980
213.5349, 0.2029030
214.0170, 0.1192950
214.4992, 0.2232130
214.9813, 0.1954840
215.4634, 9.6004002E-02
215.9455, 0.3214590
216.4276, 9.3488000E-02
216.9097, 0.2747600
217.3919, 6.6979997E-02
217.8740, 0.1118190
218.3561, 0.2859360
218.8382, 0.1839160
219.3203, 6.7810997E-02
219.8024, 0.1869000
220.2845, 0.1604730
220.7667, 4.3143999E-02
221.2488, 0.3947990
221.7309, 0.2374760
222.2130, 7.7410000E-03
222.6951, 0.2258120
223.1772, 0.4015500
223.6594, 0.5309050
224.1415, 0.6189150
224.6236, 0.6150720
225.1057, 0.6044290
225.5878, 0.8232860
226.0699, 1.368688
226.5521, 2.025396
227.0342, 2.726471
227.5163, 3.458261
227.9984, 4.074311
228.4805, 4.535982
228.9626, 4.793700
229.4448, 4.778579
229.9269, 4.322271
230.4090, 3.840654
230.8911, 3.688763
231.3732, 3.868652
231.8553, 4.150573
232.3375, 4.568926
232.8196, 4.963403
233.3017, 5.101063
233.7838, 4.867229
234.2659, 4.584947
234.7480, 4.584317
235.2302, 4.883818
235.7123, 5.298899
236.1944, 5.931396
236.6765, 6.565090
237.1586, 6.977286
237.6407, 7.096638
238.1229, 7.155366
238.6050, 7.408172
239.0871, 7.863050
239.5692, 8.465832
240.0513, 9.416040
240.5334, 10.38989
241.0156, 11.15710
241.4977, 11.66126
241.9798, 12.05471
242.4619, 12.50817
242.9440, 13.01567
243.4261, 13.60967
243.9083, 14.23438
244.3904, 14.98199
244.8725, 15.98452
245.3546, 17.24869
245.8367, 18.57273
246.3188, 19.72039
246.8010, 20.72936
247.2831, 21.41960
247.7652, 22.05075
248.2473, 22.20093
248.7294, 21.42483
249.2115, 19.73508
249.6937, 17.65971
250.1758, 15.88772
250.6579, 14.57190
251.1400, 13.12240
251.6221, 11.38452
252.1042, 9.637061
252.5864, 7.953378
253.0685, 6.381939
253.5506, 5.093585
254.0327, 4.267787
254.5148, 4.088680
254.9969, 3.761639
255.4790, 3.097976
255.9612, 2.466480
256.4433, 2.057451
256.9254, 1.909437
257.4075, 1.920617
257.8896, 1.944552
258.3718, 1.992693
258.8539, 2.045303
259.3360, 2.084649
259.8181, 2.142423
260.3002, 2.255239
260.7823, 2.440592
261.2645, 2.575204
261.7466, 2.557243
262.2287, 2.361639
262.7108, 2.251379
263.1929, 2.480587
263.6750, 2.568022
264.1572, 2.120621
264.6393, 1.283955
265.1214, 0.5664540
265.6035, 0.3851640
266.0856, 0.7864630
266.5677, 1.044456
267.0499, 1.041331
267.5320, 1.050073
268.0141, 1.183360
268.4962, 1.445922
268.9783, 1.754359
269.4604, 2.019802
269.9426, 2.282016
270.4247, 2.679035
270.9068, 3.165730
271.3889, 3.815327
271.8710, 4.756590
272.3531, 5.877306
272.8352, 6.980335
273.3174, 7.979982
273.7995, 8.823041
274.2816, 9.305647
274.7637, 8.807260
275.2458, 8.735553
275.7279, 9.842196
276.2101, 11.63134
276.6922, 13.04947
277.1743, 13.53323
277.6564, 13.51659
278.1385, 14.38519
278.6206, 16.68673
279.1028, 18.64864
279.5849, 19.46460
280.0670, 19.67846
280.5491, 20.25452
281.0312, 21.57624
281.5133, 23.30863
281.9955, 24.84844
282.4776, 26.20244
282.9597, 27.42795
283.4418, 28.38275
283.9239, 29.26353
284.4060, 30.43875
284.8882, 32.04721
285.3703, 33.75611
285.8524, 35.02204
286.3345, 35.80033
286.8166, 36.78600
287.2987, 38.05832
287.7809, 39.63714
288.2630, 41.68576
288.7451, 44.26671
289.2272, 46.88433
289.7093, 48.92615
290.1914, 50.43930
290.6736, 52.01228
291.1557, 53.81167
291.6378, 55.67863
292.1199, 57.56057
292.6020, 59.46109
293.0841, 61.03844
293.5663, 61.95023
294.0484, 62.25833
294.5305, 62.38990
295.0126, 62.54893
295.4947, 62.42908
295.9768, 61.78745
296.4590, 60.62204
296.9411, 58.96380
297.4232, 56.73264
297.9053, 53.99592
298.3874, 51.09482
298.8695, 48.00540
299.3517, 44.78107
299.8338, 41.50152
300.3159, 38.15092
300.7980, 34.62494
301.2801, 30.75067
301.7622, 26.79926
302.2444, 23.29886
302.7265, 20.34247
303.2086, 17.58490
303.6907, 14.64887
304.1728, 11.69878
304.6549, 9.458294
305.1371, 8.355837
305.6192, 7.782106
306.1013, 6.798897
306.5834, 5.355091
307.0655, 4.030157
307.5476, 3.082888
308.0298, 2.431493
308.5119, 1.914078
308.9940, 1.538853
309.4761, 1.188294
309.9582, 0.6680040
310.4403, 3.9869999E-03
310.9225, 0.5074750
311.4046, 0.6790240
311.8867, 0.6774700
312.3688, 0.7261060
312.8509, 0.8362820
313.3330, 0.7743210
313.8152, 0.2490520
314.2973, 0.4582750
314.7794, 0.9282780
315.2615, 0.9548100
315.7436, 0.7806520
316.2257, 0.6983810
316.7079, 0.7209700
317.1900, 0.5911140
317.6721, 5.2028999E-02
318.1542, 0.7358750
318.6363, 0.5032600
319.1184, 6.9491997E-02
319.6006, 0.2271450
320.0827, 0.4548550
320.5648, 0.6008010
321.0469, 0.5387510
321.5290, 8.9720003E-02
322.0111, 0.4984950
322.4933, 0.7633780
322.9754, 0.6245440
323.4575, 0.4249690
323.9396, 0.3948640
324.4217, 0.4561250
324.9038, 0.3504470
325.3860, 3.0629000E-02
325.8681, 0.5323560
326.3502, 0.9441020
326.8323, 1.267949
327.3144, 1.610596
327.7965, 2.053052
328.2787, 2.528056
328.7608, 2.913152
329.2429, 3.180686
329.7250, 3.401695
330.2071, 3.603585
330.6892, 3.801370
331.1714, 4.106418
331.6535, 4.263052
332.1356, 4.700564
332.6177, 5.981375
333.0998, 8.130736
333.5819, 10.52770
334.0641, 12.79247
334.5462, 14.97628
335.0283, 17.32041
335.5104, 19.98656
335.9925, 22.65897
336.4746, 25.19411
336.9568, 27.58138
337.4389, 29.67910
337.9210, 31.34401
338.4031, 32.78386
338.8852, 34.51457
339.3673, 36.67389
339.8495, 38.74109
340.3316, 40.33273
340.8137, 41.69201
341.2958, 43.25644
341.7779, 45.10892
342.2600, 47.34126
342.7421, 50.26739
343.2242, 53.95403
343.7064, 57.51439
344.1885, 60.53018
344.6706, 63.46691
345.1527, 66.91129
345.6348, 70.95792
346.1169, 75.10174
346.5991, 78.75810
347.0812, 81.94073
347.5633, 85.94341
348.0454, 91.19641
348.5275, 97.00562
349.0096, 102.9207
349.4918, 108.9724
349.9739, 115.3022
350.4560, 122.0575
350.9381, 129.1596
351.4202, 136.2486
351.9023, 143.7929
352.3845, 150.7369
352.8666, 157.6194
353.3487, 163.6278
353.8308, 167.5664
354.3129, 169.0192
354.7950, 167.6538
355.2772, 162.5078
355.7593, 152.3256
356.2414, 141.1778
356.7235, 128.5993
357.2056, 115.6017
357.6877, 102.9711
358.1699, 90.91860
358.6520, 79.88312
359.1341, 70.33532
359.6162, 62.52905
360.0983, 55.33352
360.5804, 48.42672
361.0626, 42.32675
361.5447, 37.40277
362.0268, 33.51649
362.5089, 30.20520
362.9910, 27.16658
363.4731, 24.39462
363.9553, 21.98904
364.4374, 20.12471
364.9195, 18.35421
365.4016, 16.31756
365.8837, 14.39655
366.3658, 13.19404
366.8480, 12.95333
367.3301, 13.31254
367.8122, 13.50604
368.2943, 13.44969
368.7764, 13.30329
369.2585, 12.91044
369.7407, 12.58307
370.2228, 12.50937
370.7049, 12.73062
371.1870, 13.23756
371.6691, 14.07894
372.1512, 15.31474
372.6334, 16.28810
373.1155, 16.74327
373.5976, 17.25582
374.0797, 18.12346
374.5618, 19.19718
375.0439, 20.14570
375.5261, 20.74573
376.0082, 21.05234
376.4903, 21.59073
376.9724, 22.55190
377.4545, 23.47608
377.9366, 24.10810
378.4188, 24.74922
378.9009, 25.76175
379.3830, 27.25712
379.8651, 28.93606
380.3472, 30.39833
380.8293, 31.67463
381.3115, 32.76758
381.7936, 33.43174
382.2757, 34.08620
382.7578, 35.00511
383.2399, 36.18145
383.7220, 37.35582
384.2042, 38.21485
384.6863, 38.81274
385.1684, 39.94658
385.6505, 41.85876
386.1326, 44.02206
386.6147, 46.38565
387.0969, 48.79281
387.5790, 50.99999
388.0611, 52.91324
388.5432, 54.59352
389.0253, 56.09650
389.5074, 57.35860
389.9896, 58.75647
390.4717, 60.97373
390.9538, 63.03286
391.4359, 64.17966
391.9180, 64.30875
392.4001, 63.50555
392.8823, 61.68814
393.3644, 58.94087
393.8465, 55.68342
394.3286, 51.85324
394.8107, 47.75923
395.2928, 43.56752
395.7750, 39.32049
396.2571, 35.17587
396.7392, 31.16349
397.2213, 27.30699
397.7034, 23.54159
398.1855, 19.86470
398.6677, 16.51404
399.1498, 13.54612
399.6319, 11.07752
400.1140, 9.294224
400.5961, 8.475365
401.0782, 7.878220
401.5604, 7.128044
402.0425, 6.257307
402.5246, 5.348669
403.0067, 4.424431
403.4888, 3.479321
403.9709, 2.479887
404.4531, 1.398770
404.9352, 0.4265390
405.4173, 0.5433020
405.8994, 0.3987570
406.3815, 0.1535030
406.8636, 0.4153970
407.3458, 0.7367930
407.8279, 0.7513290
408.3100, 0.4853210
408.7921, 0.4085690
409.2742, 0.7896330
409.7563, 0.5347070
410.2385, 0.6665570
410.7206, 0.1461340
411.2027, 0.7179600
411.6848, 0.7912440
412.1669, 0.5133260
412.6490, 0.1771430
413.1311, 0.2490290
413.6133, 0.6777650
414.0954, 0.5486540
414.5775, 9.4421998E-02
415.0596, 0.6129600
415.5417, 1.483770
416.0238, 2.100756
416.5060, 2.057803
416.9881, 1.326428
417.4702, 1.141232
417.9523, 2.444061
418.4344, 3.287164
418.9165, 2.863834
419.3987, 1.806203
419.8808, 1.083595
420.3629, 1.122800
420.8450, 1.719468
421.3271, 2.583159
421.8092, 3.985656
422.2914, 4.948776
422.7735, 4.952718
423.2556, 4.830648
423.7377, 5.070103
424.2198, 5.706341
424.7019, 6.451849
425.1841, 7.099442
425.6662, 7.658739
426.1483, 8.074072
426.6304, 8.174172
427.1125, 8.417733
427.5946, 9.105067
428.0768, 10.00351
428.5589, 10.71683
429.0410, 11.02080
429.5231, 11.28067
430.0052, 12.02759
430.4873, 13.27475
430.9695, 14.46353
431.4516, 15.43883
431.9337, 16.27495
432.4158, 17.04135
432.8979, 17.73916
433.3800, 18.45948
433.8622, 19.09424
434.3443, 19.82216
434.8264, 21.15013
435.3085, 23.21309
435.7906, 25.06723
436.2727, 25.88099
436.7549, 25.86330
437.2370, 26.15031
437.7191, 27.07634
438.2012, 28.00752
438.6833, 28.72062
439.1654, 29.18141
439.6476, 29.25697
440.1297, 28.86169
440.6118, 28.22053
441.0939, 27.71779
441.5760, 27.43804
442.0581, 27.05882
442.5403, 26.77986
443.0224, 26.23751
443.5045, 25.00528
443.9866, 23.17853
444.4687, 21.28364
444.9508, 19.71808
445.4330, 18.46143
445.9151, 17.20277
446.3972, 15.91222
446.8793, 14.66549
447.3614, 13.45323
447.8435, 12.30030
448.3257, 11.24583
448.8078, 10.29889
449.2899, 9.405601
449.7720, 8.465833
450.2541, 7.417530
450.7362, 6.553140
451.2184, 5.794490
451.7005, 5.303690
452.1826, 5.365700
452.6647, 5.758074
453.1468, 5.963937
453.6289, 5.635556
454.1111, 4.959486
454.5932, 4.456230
455.0753, 4.188019
455.5574, 3.886600
456.0395, 3.247727
456.5216, 2.667154
457.0038, 2.540311
457.4859, 2.921380
457.9680, 3.388337
458.4501, 3.615633
458.9322, 3.663861
459.4143, 3.746172
459.8965, 3.874008
460.3786, 4.071831
460.8607, 4.503977
461.3428, 5.030142
461.8249, 5.256617
462.3070, 4.960776
462.7892, 4.495769
463.2713, 4.015952
463.7534, 3.555440
464.2355, 3.261339
464.7176, 3.233173
465.1997, 3.242360
465.6819, 2.838557
466.1640, 1.879213
466.6461, 1.108017
467.1282, 0.6131390
467.6103, 0.3523750
468.0924, 0.3163210
468.5746, 0.4726280
469.0567, 0.5848660
469.5388, 0.5242380
470.0209, 0.3475370
470.5030, 0.2951800
470.9851, 0.7951150
471.4673, 0.8484830
471.9494, 0.1899150
472.4315, 0.2862260
472.9136, 0.7200090
473.3957, 0.1707050
473.8778, 0.3066780
474.3600, 0.4560470
474.8421, 1.054243
475.3242, 1.168589
475.8063, 0.2714040
476.2884, 0.4815040
476.7705, 2.9606000E-02
477.2527, 0.2434450
477.7348, 0.2249760
478.2169, 3.8559999E-02
478.6990, 0.3782410
479.1811, 0.4755360
479.6632, 0.2892530
480.1454, 0.2139760
480.6275, 0.4428600
481.1096, 0.2828930
481.5917, 0.1618490
482.0738, 0.1937540
482.5559, 0.3158510
483.0380, 0.3338980
483.5201, 1.4012000E-02
484.0023, 2.4929999E-03
484.4844, 0.3909250
484.9665, 0.1264080
485.4486, 0.2444680
485.9307, 0.5501590
486.4128, 0.8686670
486.8950, 1.237300
487.3771, 1.541095
487.8592, 1.783457
488.3413, 1.950269
488.8234, 1.896630
489.3055, 1.589187
489.7877, 1.257267
490.2698, 1.117265
490.7519, 1.169929
491.2340, 1.377923
491.7161, 1.910203
492.1982, 2.377304
492.6804, 2.550650
493.1625, 2.618488
493.6446, 2.927210
494.1267, 3.616985
494.6088, 4.356940
495.0909, 4.619750
495.5731, 4.191019
496.0552, 3.865452
496.5373, 3.480191
497.0194, 3.391134
497.5015, 3.914033
497.9836, 4.840839
498.4658, 5.727952
498.9479, 6.323562
499.4300, 6.775711
499.9121, 7.287780
500.3942, 7.885088
500.8763, 8.635333
501.3585, 9.609090
501.8406, 10.64251
502.3227, 11.58337
502.8048, 12.43312
503.2869, 13.33330
503.7690, 14.40515
504.2512, 15.53711
504.7333, 16.47895
505.2154, 17.22451
505.6975, 18.18093
506.1796, 19.77576
506.6617, 21.64796
507.1439, 22.59375
507.6260, 21.96913
508.1081, 21.76822
508.5902, 22.86482
509.0723, 24.48578
509.5544, 25.75979
510.0366, 26.54029
510.5187, 27.17465
511.0008, 27.94090
511.4829, 28.83997
511.9650, 30.12165
512.4471, 32.28269
512.9293, 34.24196
513.4114, 35.63303
513.8935, 36.79093
514.3756, 38.09113
514.8577, 39.64882
515.3398, 41.37088
515.8220, 43.17616
516.3041, 45.07835
516.7862, 46.86992
517.2683, 48.38287
517.7504, 49.99789
518.2325, 52.15587
518.7147, 54.45914
519.1968, 56.21678
519.6789, 57.15364
520.1610, 57.56888
520.6431, 57.95126
521.1252, 58.20244
521.6074, 57.42483
522.0895, 55.19479
522.5716, 52.32051
523.0537, 49.64161
523.5358, 47.10591
524.0179, 44.21749
524.5001, 40.52637
524.9822, 36.76426
525.4643, 33.43231
525.9464, 30.46349
526.4285, 27.61689
526.9106, 24.76247
527.3928, 22.00967
527.8749, 19.54376
528.3570, 17.27563
528.8391, 15.52802
529.3212, 14.64273
529.8033, 13.89579
530.2855, 12.83601
530.7676, 11.57556
531.2497, 10.49658
531.7318, 9.793317
532.2139, 9.354112
532.6960, 8.825073
533.1782, 8.082147
533.6603, 7.596163
534.1424, 7.744755
534.6245, 7.900232
535.1066, 7.608551
535.5887, 6.936796
536.0709, 6.262286
536.5530, 5.772392
537.0351, 5.416768
537.5172, 5.123148
537.9993, 4.897239
538.4814, 4.631424
538.9636, 4.225513
539.4457, 3.843241
539.9278, 3.863589
540.4099, 4.410283
540.8920, 4.537940
541.3741, 3.581760
541.8563, 2.389058
542.3384, 1.832968
542.8205, 1.932433
543.3026, 2.212607
543.7847, 2.421835
544.2668, 2.483521
544.7490, 2.110095
545.2311, 0.5701140
545.7132, 0.3904970
546.1953, 0.4495180
546.6774, 0.1527850
547.1595, 0.1115630
547.6417, 0.3301750
548.1238, 0.7553370
548.6059, 1.710233
549.0880, 2.918631
549.5701, 3.206305
550.0522, 2.245118
550.5344, 1.205798
551.0165, 0.1554550
551.4986, 0.2890010
551.9807, 6.3904002E-02
552.4628, 0.4153190
552.9449, 0.1169930
553.4271, 9.3543999E-02
553.9092, 0.1198400
554.3913, 0.1342370
554.8734, 0.2478560
555.3555, 0.1480960
555.8376, 0.1492790
556.3198, 0.1293900
556.8019, 0.4417480
557.2840, 2.1431001E-02
557.7661, 0.1938580
558.2482, 0.3871220
558.7303, 0.3657030
559.2125, 0.2495790
559.6946, 0.2566890
560.1767, 0.6537130
560.6588, 1.008887
561.1409, 0.9544160
561.6230, 1.131429
562.1052, 1.740000
562.5873, 2.241570
563.0694, 2.638274
563.5515, 2.877667
564.0336, 2.821813
564.5157, 2.537742
564.9979, 2.310762
565.4800, 2.336476
565.9621, 2.559436
566.4442, 2.824777
566.9263, 3.113382
567.4084, 3.603184
567.8906, 4.577720
568.3727, 5.607851
568.8548, 6.013634
569.3369, 5.754004
569.8190, 5.787488
570.3011, 6.749340
570.7833, 7.944828
571.2654, 8.650715
571.7475, 8.904720
572.2296, 9.079516
572.7117, 9.365899
573.1938, 9.780487
573.6760, 10.32556
574.1581, 11.17966
574.6402, 11.76640
575.1223, 11.64244
575.6044, 11.70633
576.0865, 12.68146
576.5687, 14.27517
577.0508, 15.59384
577.5329, 16.09509
578.0150, 16.11499
578.4971, 16.34497
578.9792, 16.78559
579.4614, 17.40455
579.9435, 18.38836
580.4256, 19.31467
580.9077, 19.77947
581.3898, 19.89186
581.8719, 20.08770
582.3541, 20.55820
582.8362, 21.14395
583.3183, 21.88669
583.8004, 22.66156
584.2825, 22.91523
584.7646, 22.41190
585.2468, 21.65899
585.7289, 21.29641
586.2110, 21.46415
586.6931, 21.36484
587.1752, 20.92592
587.6573, 20.32441
588.1394, 19.55029
588.6215, 18.68668
589.1036, 17.82990
589.5858, 17.01714
590.0679, 16.24616
590.5500, 15.58803
591.0321, 15.08610
591.5142, 14.25190
591.9963, 12.72334
592.4785, 11.40400
592.9606, 10.83738
593.4427, 10.59644
593.9248, 10.14304
594.4069, 9.299077
594.8890, 8.468927
595.3712, 7.908095
595.8533, 7.583266
596.3354, 7.499532
596.8175, 7.670436
597.2996, 7.712290
597.7817, 7.294295
598.2639, 6.531507
598.7460, 6.011241
599.2281, 5.921077
599.7102, 5.756292
600.1923, 5.462931
600.6744, 5.072295
601.1566, 4.487907
601.6387, 3.800110
602.1208, 3.369061
602.6029, 3.531154
603.0850, 4.077404
603.5671, 4.095918
604.0493, 3.349424
604.5314, 2.828201
605.0135, 2.910740
605.4956, 3.133378
605.9777, 3.256199
606.4598, 3.254056
606.9420, 3.116287
607.4241, 2.607918
607.9062, 2.116235
608.3883, 2.226976
608.8704, 2.825806
609.3525, 3.273561
609.8347, 3.387641
610.3168, 3.281528
610.7989, 3.113438
611.2810, 2.829732
611.7631, 2.679127
612.2452, 2.733398
612.7274, 2.809191
613.2095, 2.816964
613.6916, 2.822721
614.1737, 2.972546
614.6558, 3.285101
615.1379, 3.616781
615.6201, 3.709301
616.1022, 3.528246
616.5843, 3.181380
617.0664, 2.569671
617.5485, 2.056529
618.0306, 1.898320
618.5128, 1.868595
618.9949, 1.639626
619.4770, 1.087954
619.9591, 0.8033010
620.4412, 1.501258
620.9233, 2.502871
621.4055, 2.665789
621.8876, 1.958659
622.3697, 1.200430
622.8518, 0.8832340
623.3339, 0.8678470
623.8160, 0.7432600
624.2982, 0.3798020
624.7803, 0.1203240
625.2624, 7.9074003E-02
625.7445, 0.1388690
626.2266, 0.1159870
626.7087, 0.5442210
627.1909, 0.8178000
627.6730, 0.7505340
628.1551, 0.5125170
628.6372, 0.4154980
629.1193, 0.4668340
629.6014, 0.3505140
630.0836, 0.1190980
630.5657, 0.2710410
631.0478, 0.3765730
631.5299, 9.4002001E-02
632.0120, 0.2818780
632.4941, 1.5268000E-02
632.9763, 0.3733320
633.4584, 0.1136690
633.9405, 0.5679350
634.4226, 0.8453920
634.9047, 0.9198130
635.3868, 0.8259390
635.8690, 0.5860800
636.3511, 0.2076370
636.8332, 0.2768720
637.3153, 0.2294440
637.7974, 0.7795370
638.2795, 0.9944200
638.7617, 0.9946550
639.2438, 0.7946450
639.7259, 0.4439800
640.2080, 7.7099003E-02
640.6901, 0.2767120
641.1722, 0.3174550
641.6544, 0.2066660
642.1365, 0.2563260
642.6186, 0.4434680
643.1007, 8.3740003E-02
643.5828, 0.2948320
644.0649, 0.5416550
644.5471, 0.6473040
645.0292, 0.6207980
645.5113, 0.2877940
645.9934, 2.7493000E-02
646.4755, 9.4984002E-02
646.9576, 0.2541360
647.4398, 0.1728720
647.9219, 0.1930900
648.4040, 0.3368420
648.8861, 5.8001999E-02
649.3682, 7.4635997E-02
649.8503, 4.4477999E-02
650.3325, 0.4747470
650.8146, 4.0589999E-03
651.2967, 0.5523160
651.7788, 0.9897930
652.2609, 1.108502
652.7430, 0.9218700
653.2252, 0.7393750
653.7073, 0.7416220
654.1894, 0.7423150
654.6715, 0.5100230
655.1536, 0.1326070
655.6357, 0.1346240
656.1179, 0.2046280
656.6000, 0.1355470
657.0821, 1.3253000E-02
657.5642, 0.2541620
658.0463, 0.4570180
658.5284, 0.5773710
659.0106, 0.7121750
659.4927, 0.9146400
659.9748, 1.120723
660.4569, 1.274059
660.9390, 1.361663
661.4211, 1.387968
661.9033, 1.261390
662.3854, 1.104627
662.8675, 1.224845
663.3496, 1.622321
663.8317, 2.074352
664.3138, 2.600042
664.7960, 2.938910
665.2781, 2.586560
665.7602, 1.329826
666.2423, 0.6154900
666.7244, 0.8148250
667.2065, 1.194050
667.6887, 1.463801
668.1708, 1.691475
668.6529, 2.017377
669.1350, 2.472864
669.6171, 2.962324
670.0992, 3.415144
670.5814, 3.819834
671.0635, 4.029206
671.5456, 3.962935
672.0277, 3.964747
672.5098, 4.239493
672.9919, 4.585454
673.4741, 4.671507
673.9562, 4.479473
674.4383, 4.589252
674.9204, 5.483695
675.4025, 6.452814
675.8846, 6.910332
676.3668, 7.016129
676.8489, 7.166631
677.3310, 7.496480
677.8131, 7.881702
678.2952, 8.126751
678.7773, 8.210148
679.2595, 8.715628
679.7416, 9.990831
680.2237, 11.12364
680.7058, 11.59645
681.1879, 11.99557
681.6700, 12.99445
682.1522, 14.60079
682.6343, 16.00228
683.1164, 16.31553
683.5985, 16.48362
684.0806, 17.72901
684.5627, 19.86893
685.0449, 22.10223
685.5270, 24.15345
686.0091, 26.25261
686.4912, 28.70251
686.9733, 31.53858
687.4554, 34.32083
687.9376, 36.59544
688.4197, 39.36405
688.9018, 42.96440
689.3839, 47.13305
689.8660, 51.70259
690.3481, 56.57505
690.8303, 61.35255
691.3124, 65.90040
691.7945, 70.14213
692.2766, 73.84957
692.7587, 77.07445
693.2408, 80.47746
693.7230, 84.20734
694.2051, 88.31680
694.6872, 92.89128
695.1693, 97.99619
695.6514, 102.9035
696.1335, 107.0427
696.6157, 111.7175
697.0978, 117.5005
697.5799, 123.8369
698.0620, 130.1772
698.5441, 136.4500
699.0262, 142.8635
699.5084, 149.3722
699.9905, 156.3715
700.4726, 165.2332
700.9547, 176.0956
701.4368, 185.8231
701.9189, 193.4543
702.4011, 200.2624
702.8832, 207.5273
703.3653, 215.1342
703.8474, 221.6183
704.3295, 227.5773
704.8116, 231.5965
705.2938, 233.8498
705.7759, 233.5758
706.2580, 229.7450
706.7401, 222.5540
707.2222, 213.0562
707.7043, 201.7824
708.1865, 189.0399
708.6686, 175.1222
709.1507, 159.8837
709.6328, 144.8271
710.1149, 129.7368
710.5970, 115.6006
711.0792, 103.0758
711.5613, 92.06523
712.0434, 82.25844
712.5255, 73.84408
713.0076, 66.35622
713.4897, 59.86898
713.9719, 54.03947
714.4540, 48.42775
714.9361, 43.14825
715.4182, 38.65229
715.9003, 35.24889
716.3824, 32.55676
716.8646, 29.93641
717.3467, 27.35651
717.8288, 25.11604
718.3109, 23.34232
718.7930, 21.66479
719.2751, 19.68628
719.7573, 17.74105
720.2394, 16.46588
720.7215, 16.10014
721.2036, 15.61925
721.6857, 14.58504
722.1678, 13.36893
722.6500, 12.16739
723.1321, 11.06751
723.6142, 10.24339
724.0963, 9.765826
724.5784, 9.475476
725.0605, 9.163695
725.5427, 8.829459
726.0248, 8.498618
726.5069, 8.191031
726.9890, 7.839341
727.4711, 7.394598
727.9532, 6.907359
728.4354, 6.431468
728.9175, 5.970740
729.3995, 5.515684
729.8817, 5.107120
730.3638, 4.664902
730.8459, 4.043679
731.3280, 3.370511
731.8101, 2.834711
732.2922, 2.505787
732.7744, 2.475545
733.2565, 2.930101
733.7386, 3.732350
734.2207, 3.957675
734.7028, 3.396618
735.1849, 2.957700
735.6671, 3.037194
736.1492, 3.113644
736.6313, 2.581461
737.1134, 1.622835
737.5955, 1.061403
738.0776, 1.419430
738.5598, 1.757064
739.0419, 1.386149
739.5240, 0.8646540
740.0061, 1.081312
740.4882, 1.971447
740.9703, 2.632344
741.4525, 2.402909
741.9346, 1.638340
742.4167, 1.141492
742.8988, 0.9359250
743.3809, 0.8449120
743.8630, 0.9454930
744.3452, 0.9872720
744.8273, 0.7426500
745.3094, 0.3556530
745.7915, 7.8575999E-02
746.2736, 6.2217001E-02
746.7557, 4.9911000E-02
747.2379, 0.2642470
747.7200, 0.5730370
748.2021, 0.5855150
748.6842, 0.4214780
749.1663, 0.4161120
749.6484, 0.6807660
750.1306, 1.029004
750.6127, 1.272082
751.0948, 1.405099
751.5769, 1.305389
752.0590, 0.8972860
752.5411, 0.5423750
753.0233, 0.4325060
753.5054, 0.3844970
753.9875, 5.9096999E-02
754.4696, 0.5337660
754.9517, 0.5217590
755.4338, 0.1799110
755.9160, 0.3835790
756.3981, 0.7240720
756.8802, 0.8330060
757.3623, 0.5701120
757.8444, 1.7054999E-02
758.3265, 0.3557600
758.8087, 0.1188680
759.2908, 0.3850890
759.7729, 0.3153580
760.2550, 0.3308820
760.7371, 0.2828490
761.2192, 0.1040010
761.7014, 0.3180330
762.1835, 0.3046910
762.6656, 0.1223090
763.1477, 4.6686001E-02
763.6298, 0.1496760
764.1119, 0.1970580
764.5941, 0.1655190
765.0762, 5.2636001E-02
765.5583, 0.1391870
766.0404, 0.4197340
766.5225, 0.1874660
767.0046, 0.2615840
767.4868, 0.6213320
767.9689, 0.6140200
768.4510, 0.3772220
768.9331, 0.3116630
769.4152, 0.4347700
769.8973, 0.7686690
770.3795, 1.413286
770.8616, 2.024569
771.3437, 2.055180
771.8258, 1.385130
772.3079, 1.015985
772.7900, 1.244735
773.2722, 1.383355
773.7543, 1.072930
774.2364, 0.7604490
774.7185, 0.9623460
775.2006, 1.612384
775.6827, 2.141392
776.1649, 2.175726
776.6470, 2.098679
777.1291, 2.464667
777.6112, 3.053578
778.0933, 3.225636
778.5754, 2.899847
779.0576, 2.700905
779.5397, 3.100735
780.0218, 3.888566
780.5039, 4.422552
780.9860, 4.642069
781.4681, 4.766358
781.9503, 4.655281
782.4324, 4.620358
782.9145, 5.009676
783.3966, 5.455649
783.8787, 5.331676
784.3608, 4.473555
784.8430, 3.790282
785.3251, 4.046676
785.8072, 4.367108
786.2893, 3.752694
786.7714, 2.581529
787.2535, 1.802438
787.7357, 1.684767
788.2178, 1.807268
788.6999, 1.772507
789.1820, 1.588956
789.6641, 1.248677
790.1462, 0.6615090
790.6284, 0.3548240
791.1105, 0.5745790
791.5926, 0.9101740
792.0747, 0.9674580
792.5568, 0.8413790
793.0389, 0.9252400
793.5211, 1.469440
794.0032, 1.841501
794.4853, 1.791293
794.9674, 1.589521
795.4495, 1.450091
795.9316, 1.340554
796.4138, 1.099275
796.8959, 0.6612600
797.3780, 0.2126070
797.8601, 0.1026140
798.3422, 0.2519250
798.8243, 7.6529998E-03
799.3065, 0.6871870
799.7886, 1.054755
800.2707, 0.7511040
800.7528, 0.2483940
801.2349, 0.1791870
801.7170, 0.5848020
802.1992, 0.7542320
802.6813, 0.5589840
803.1634, 0.2884630
803.6455, 0.2013970
804.1276, 0.2178830
804.6097, 5.3978000E-02
805.0919, 7.7532001E-02
805.5740, 0.4283780
806.0561, 0.2078340
806.5382, 8.2516998E-02
807.0203, 2.8457999E-02
807.5024, 0.2144280
807.9846, 0.4355050
808.4667, 0.5991870
808.9488, 0.6709700
809.4309, 0.6284520
809.9130, 0.5468210
810.3951, 0.5908860
810.8773, 0.7865330
811.3594, 0.6635490
811.8415, 2.5260000E-02
812.3236, 1.4868000E-02
812.8057, 1.1556000E-02
813.2878, 0.6721180
813.7700, 0.7124050
814.2521, 0.1504270
814.7342, 9.5440000E-03
815.2163, 1.006184
815.6984, 1.730038
816.1805, 1.404519
816.6627, 0.7291110
817.1448, 0.3015410
817.6269, 0.1809440
818.1090, 0.2263790
818.5911, 0.4118900
819.0732, 0.5739730
819.5554, 0.4251940
820.0375, 6.4421996E-02
820.5196, 0.1694990
821.0017, 0.2546220
821.4838, 0.2235710
821.9659, 8.1234001E-02
822.4481, 2.3050001E-02
822.9302, 0.1788540
823.4123, 0.6780950
823.8944, 1.051417
824.3765, 0.5026520
824.8586, 0.1096270
825.3408, 0.1696730
825.8229, 0.3871970
826.3050, 0.5719570
826.7871, 0.6925240
827.2692, 0.6954900
827.7513, 0.4298770
828.2335, 0.2530460
828.7156, 0.5139990
829.1977, 0.9166200
829.6798, 1.077589
830.1619, 0.9936060
830.6440, 0.8333940
831.1262, 0.6812270
831.6083, 0.5407870
832.0904, 0.4440220
832.5725, 0.3805390
833.0546, 0.1351520
833.5367, 0.2010590
834.0189, 7.7129998E-03
834.5010, 0.1634010
834.9831, 0.4486170
835.4652, 0.7862850
835.9473, 0.8410580
836.4294, 0.7762050
836.9116, 0.4020750
837.3937, 0.1799570
837.8758, 0.2804950
838.3579, 0.4716050
838.8400, 0.5832040
839.3221, 0.6391420
839.8043, 0.7476190
840.2864, 0.9536780
840.7685, 1.185748
841.2506, 1.417577
841.7327, 1.625238
842.2148, 1.801064
842.6970, 1.922487
843.1791, 1.911252
843.6612, 1.738872
844.1433, 1.469677
844.6254, 1.160215
845.1075, 0.8256180
845.5897, 0.5653620
846.0718, 0.3580340
846.5539, 0.3498590
847.0360, 0.6947420
847.5181, 1.033974
848.0002, 1.018098
848.4824, 0.7418020
848.9645, 0.6577080
849.4466, 0.8212660
849.9287, 1.088108
850.4108, 1.654311
850.8929, 2.071573
851.3751, 1.998416
851.8572, 1.628826
852.3393, 1.161840
852.8214, 0.6743080
853.3035, 0.4268280
853.7856, 0.7926210
854.2678, 1.360505
854.7499, 1.594039
855.2320, 1.589905
855.7141, 1.681604
856.1962, 1.922284
856.6783, 2.087417
857.1605, 1.950963
857.6426, 1.679362
858.1247, 1.625033
858.6068, 1.780430
859.0889, 1.900704
859.5710, 2.006019
860.0532, 2.051506
860.5353, 1.996287
861.0174, 1.881881
861.4995, 1.764317
861.9816, 1.688247
862.4637, 1.541156
862.9459, 1.157450
863.4280, 0.8906800
863.9101, 0.8387650
864.3922, 0.9521000
864.8743, 1.377978
865.3564, 1.963364
865.8386, 2.174816
866.3207, 1.655070
866.8028, 1.083336
867.2849, 1.036576
867.7670, 1.309921
868.2491, 1.720882
868.7313, 2.171699
869.2134, 2.311841
869.6955, 1.964166
870.1776, 1.506435
870.6597, 1.467013
871.1418, 1.776180
871.6239, 2.118090
872.1060, 2.559516
872.5881, 2.646159
873.0703, 2.158526
873.5524, 1.578995
874.0345, 1.270701
874.5166, 1.215684
874.9987, 1.331915
875.4808, 1.771613
875.9630, 2.094656
876.4451, 2.225162
876.9272, 2.331363
877.4093, 2.563652
877.8914, 2.769555
878.3735, 2.670585
878.8557, 2.265999
879.3378, 1.948840
879.8199, 2.051020
880.3020, 2.181705
880.7841, 1.986314
881.2662, 1.687540
881.7484, 1.487591
882.2305, 1.427843
882.7126, 1.586821
883.1947, 2.041335
883.6768, 2.495244
884.1589, 2.430122
884.6411, 1.950824
885.1232, 1.672370
885.6053, 1.621109
886.0874, 1.627371
886.5695, 1.628921
887.0516, 1.643076
887.5338, 1.698329
888.0159, 1.791384
888.4980, 1.898993
888.9801, 2.092163
889.4622, 2.181490
889.9443, 2.098308
890.4265, 1.914825
890.9086, 1.646263
891.3907, 1.321458
891.8728, 1.000961
892.3549, 0.6498790
892.8370, 0.5200710
893.3192, 0.8806630
893.8013, 1.230639
894.2834, 1.229385
894.7655, 1.072839
895.2476, 1.033760
895.7297, 1.133273
896.2119, 1.202883
896.6940, 1.144874
897.1761, 1.015663
897.6582, 0.8540110
898.1403, 0.6795210
898.6224, 0.5217760
899.1046, 0.3911040
899.5867, 0.3258970
900.0688, 0.3436570
900.5509, 0.4034980
901.0330, 0.4584980
901.5151, 0.5073700
901.9973, 0.5178100
902.4794, 0.4745350
902.9615, 0.5056220
903.4436, 0.6871880
903.9257, 0.8338240
904.4078, 0.7894860
904.8900, 0.6068020
905.3721, 0.4563870
905.8542, 0.3743380
906.3363, 0.2463720
906.8184, 3.3131000E-02
907.3005, 0.1203500
907.7827, 3.5668999E-02
908.2648, 0.1040430
908.7469, 0.1216930
909.2290, 0.7338700
909.7111, 1.152036
910.1932, 1.223797
910.6754, 1.080436
911.1575, 0.5528040
911.6396, 2.5223000E-02
912.1217, 5.7308000E-02
912.6038, 0.2164430
913.0859, 0.6121700
913.5681, 1.025532
914.0502, 1.169213
914.5323, 0.4407360
915.0144, 0.2516630
915.4965, 0.3912500
915.9786, 0.1601360
916.4608, 0.3822640
916.9429, 0.7113580
917.4250, 0.8199470
917.9071, 0.6806180
918.3892, 0.3850620
918.8713, 0.1163240
919.3535, 0.1397730
919.8356, 0.1514210
920.3177, 0.1803650
920.7998, 0.4326280
921.2819, 0.3956900
921.7640, 0.2728290
922.2462, 0.3118100
922.7283, 0.5092000
923.2104, 0.6513000
923.6925, 0.6511370
924.1746, 0.7238500
924.6567, 1.172275
925.1389, 1.396090
925.6210, 0.8255390
926.1031, 9.7199999E-02
926.5852, 0.2901930
927.0673, 0.2669040
927.5494, 0.1736460
928.0316, 0.2498480
928.5137, 0.2193720
928.9958, 4.8815001E-02
929.4779, 0.5198510
929.9600, 0.6580020
930.4421, 0.4022850
930.9243, 0.1200540
931.4064, 1.9699000E-02
931.8885, 8.5321002E-02
932.3706, 0.1515440
932.8527, 0.1289930
933.3348, 6.9963001E-02
933.8170, 0.1270790
934.2991, 0.2549940
934.7812, 0.2668880
935.2633, 0.2014840
935.7454, 6.4162999E-02
936.2275, 5.9510998E-02
936.7097, 0.1852820
937.1918, 0.7642780
937.6739, 0.8091620
938.1560, 0.1505310
938.6381, 0.1558550
939.1202, 0.2829650
939.6024, 0.1471610
940.0845, 2.0610001E-03
940.5666, 0.1195760
941.0487, 7.9838000E-02
941.5308, 2.6800999E-02
942.0129, 6.6391997E-02
942.4951, 7.6823004E-02
942.9772, 3.7802000E-02
943.4593, 5.6480002E-02
943.9414, 8.0337003E-02
944.4235, 3.4727000E-02
944.9056, 8.0981001E-02
945.3878, 0.1018290
945.8699, 4.4590998E-02
946.3520, 6.9260001E-03
946.8341, 7.7032000E-02
947.3162, 1.5799001E-02
947.7983, 0.1568020
948.2805, 0.9329800
948.7626, 1.339999
949.2447, 1.039044
949.7268, 0.6493600
950.2089, 0.5114470
950.6910, 0.4740870
951.1732, 0.3451500
951.6553, 0.2234580
952.1374, 0.3689690
952.6195, 0.7962930
953.1016, 1.214292
953.5837, 1.459042
954.0659, 1.509729
954.5480, 1.182410
955.0301, 0.6781870
955.5122, 0.5267240
955.9943, 0.7283800
956.4764, 0.9960210
956.9586, 1.206863
957.4407, 1.323481
957.9228, 1.251927
958.4049, 1.081383
958.8870, 1.262913
959.3691, 1.806008
959.8513, 2.112218
960.3334, 2.063494
960.8155, 1.880067
961.2976, 1.628564
961.7797, 1.472544
962.2618, 1.786008
962.7440, 2.656480
963.2261, 3.055372
963.7082, 2.712309
964.1903, 2.541893
964.6724, 2.861818
965.1545, 3.242785
965.6367, 3.328860
966.1188, 3.240231
966.6009, 3.411352
967.0830, 3.950466
967.5651, 4.383123
968.0472, 4.575275
968.5294, 4.801116
969.0115, 5.253454
969.4936, 5.698936
969.9757, 5.903844
970.4578, 5.904783
970.9399, 5.836279
971.4221, 5.634417
971.9042, 5.596547
972.3863, 5.891040
972.8684, 6.298294
973.3505, 6.862228
973.8326, 7.421653
974.3148, 7.701753
974.7969, 7.671172
975.2790, 7.474962
975.7611, 7.077676
976.2432, 6.784397
976.7253, 7.068953
977.2075, 7.521539
977.6896, 7.664682
978.1717, 7.502040
978.6538, 6.990098
979.1359, 6.163721
979.6180, 5.379176
980.1002, 4.983819
980.5823, 4.409127
981.0644, 4.039414
981.5465, 3.795435
982.0286, 3.509205
982.5107, 3.493808
982.9929, 3.440050
983.4750, 3.201913
983.9571, 2.780502
984.4392, 2.100611
984.9213, 1.307320
985.4034, 0.9892100
985.8856, 1.130591
986.3677, 1.326843
986.8498, 1.550892
987.3319, 1.625834
987.8140, 1.421413
988.2961, 1.093397
988.7783, 0.9451870
989.2604, 0.9858060
989.7425, 0.7443970
990.2246, 2.8527001E-02
990.7067, 0.1060990
991.1888, 0.3494540
991.6710, 0.9849130
992.1531, 1.074899
992.6352, 0.7801320
993.1173, 0.4608810
993.5994, 5.2485000E-02
994.0815, 0.1176910
994.5637, 0.1462070
995.0458, 0.3812490
995.5279, 0.4555590
996.0100, 0.4813830
996.4921, 0.5242720
996.9742, 0.5819970
997.4564, 0.6363880
997.9385, 0.7601120
998.4206, 0.6549410
998.9027, 0.1885810
999.3848, 0.2766210
999.8669, 0.1009360
1000.349, 1.282992
1000.831, 2.008073
1001.313, 2.242395
1001.795, 2.142640
1002.278, 1.634967
1002.760, 1.117064
1003.242, 0.5587970
1003.724, 0.2375770
1004.206, 0.4326830
1004.688, 0.8773530
1005.170, 1.328400
1005.652, 1.730028
1006.134, 2.004538
1006.617, 2.070068
1007.099, 2.163748
1007.581, 2.563340
1008.063, 2.958910
1008.545, 3.022613
1009.027, 2.862841
1009.509, 2.672650
1009.991, 2.505631
1010.474, 2.329187
1010.956, 2.065493
1011.438, 1.974824
1011.920, 2.482909
1012.402, 3.242824
1012.884, 3.738280
1013.366, 4.002299
1013.848, 4.162305
1014.330, 4.288565
1014.813, 4.561485
1015.295, 5.144048
1015.777, 5.844649
1016.259, 6.452404
1016.741, 6.922320
1017.223, 7.040596
1017.705, 6.882123
1018.187, 6.891100
1018.669, 7.196187
1019.152, 7.541388
1019.634, 7.746748
1020.116, 7.721467
1020.598, 7.175340
1021.080, 6.194368
1021.562, 5.225063
1022.044, 4.304523
1022.526, 3.605297
1023.008, 3.195648
1023.491, 2.852451
1023.973, 2.346277
1024.455, 1.769142
1024.937, 1.460120
1025.419, 1.077559
1025.901, 0.7059370
1026.383, 0.6237650
1026.865, 0.2571710
1027.348, 0.2601540
1027.830, 0.4604540
1028.312, 0.7273300
1028.794, 0.9882860
1029.276, 0.8606700
1029.758, 0.2483070
1030.240, 0.1522560
1030.722, 0.2860370
1031.204, 0.2322010
1031.687, 7.0478000E-02
1032.169, 0.3261910
1032.651, 0.1625870
1033.133, 0.3222210
1033.615, 9.5092997E-02
1034.097, 0.1358130
1034.579, 0.3071800
1035.061, 0.2450660
1035.544, 0.5960580
1036.026, 0.4260400
1036.508, 0.1260500
1036.990, 0.1695300
1037.472, 0.4788500
1037.954, 0.4664490
1038.436, 0.2433290
1038.918, 0.2056360
1039.401, 0.1004130
1039.883, 0.6467830
1040.365, 2.223127
1040.847, 3.657341
1041.329, 3.739056
1041.811, 2.667135
1042.293, 1.905237
1042.775, 1.535784
1043.257, 1.338117
1043.740, 1.452390
1044.222, 1.562493
1044.704, 1.565601
1045.186, 1.512980
1045.668, 1.361494
1046.150, 1.174359
1046.632, 1.310518
1047.114, 2.104331
1047.596, 2.588604
1048.079, 2.385437
1048.561, 2.229805
1049.043, 2.459308
1049.525, 2.846661
1050.007, 3.178210
1050.489, 3.467460
1050.971, 3.821647
1051.453, 4.295394
1051.936, 4.720708
1052.418, 5.104400
1052.900, 5.425988
1053.382, 5.658753
1053.864, 5.842598
1054.346, 5.962325
1054.828, 6.065563
1055.310, 6.288894
1055.792, 6.631405
1056.275, 7.175858
1056.757, 8.072214
1057.239, 8.998931
1057.721, 9.919208
1058.203, 10.74625
1058.685, 11.27717
1059.167, 11.63083
1059.649, 12.13611
1060.131, 12.83353
1060.614, 13.75793
1061.096, 15.16625
1061.578, 16.50076
1062.060, 17.54701
1062.542, 18.41804
1063.024, 19.06052
1063.506, 19.68000
1063.988, 20.84055
1064.471, 22.73407
1064.953, 24.43104
1065.435, 25.20648
1065.917, 26.16735
1066.399, 28.14310
1066.881, 30.30107
1067.363, 31.93174
1067.845, 33.11070
1068.328, 34.20421
1068.810, 35.28629
1069.292, 36.19952
1069.774, 36.69732
1070.256, 37.18701
1070.738, 38.18237
1071.220, 38.97030
1071.702, 39.02397
1072.184, 38.32226
1072.667, 36.80587
1073.149, 34.51646
1073.631, 32.12775
1074.113, 29.89207
1074.595, 27.69679
1075.077, 25.36988
1075.559, 23.18411
1076.041, 21.44807
1076.523, 19.98736
1077.006, 18.51972
1077.488, 17.00086
1077.970, 15.42247
1078.452, 13.59943
1078.934, 12.03199
1079.416, 11.07070
1079.898, 10.35621
1080.380, 9.711606
1080.863, 9.063255
1081.345, 8.398844
1081.827, 7.734224
1082.309, 7.127832
1082.791, 6.584051
1083.273, 6.163768
1083.755, 5.933106
1084.237, 5.760500
1084.719, 5.716660
1085.202, 5.645138
1085.684, 5.313008
1086.166, 4.765107
1086.648, 4.237196
1087.130, 3.768561
1087.612, 3.469097
1088.094, 3.493500
1088.576, 3.559525
1089.058, 3.424720
1089.541, 3.329581
1090.023, 3.722301
1090.505, 4.342971
1090.987, 4.343949
1091.469, 3.461456
1091.951, 2.712919
1092.433, 2.643084
1092.915, 2.648546
1093.397, 2.390240
1093.880, 2.064239
1094.362, 1.752630
1094.844, 1.556755
1095.326, 1.697578
1095.808, 2.215836
1096.290, 2.631252
1096.772, 2.682970
1097.254, 2.789216
1097.737, 3.292100
1098.219, 3.709034
1098.701, 3.584627
1099.183, 3.186160
1099.665, 2.898971
1100.147, 2.780943
1100.629, 2.816887
1101.111, 3.204747
1101.594, 3.411451
1102.076, 3.016479
1102.558, 2.711170
1103.040, 3.037730
1103.522, 3.566601
1104.004, 3.845824
1104.486, 3.832570
1104.968, 3.539486
1105.450, 2.783843
1105.932, 2.217742
1106.415, 2.230617
1106.897, 2.129653
1107.379, 1.406415
1107.861, 0.6457860
1108.343, 0.4513430
1108.825, 0.6496770
1109.307, 0.6804840
1109.789, 0.4335340
1110.272, 0.2804850
1110.754, 0.2998920
1111.236, 0.3644650
1111.718, 0.5431230
1112.200, 0.6568750
1112.682, 0.4700300
1113.164, 0.1881060
1113.646, 0.2702790
1114.129, 0.7851230
1114.611, 0.8773000
1115.093, 0.1065480
1115.575, 0.1074820
1116.057, 1.4856000E-02
1116.539, 7.5423002E-02
1117.021, 0.3207350
1117.503, 0.5162020
1117.985, 0.2866410
1118.468, 0.2444810
1118.950, 1.1430000E-03
1119.432, 0.2359120
1119.914, 2.9163999E-02
1120.396, 0.1276740
1120.878, 0.1018550
1121.360, 0.2298610
1121.842, 0.1330520
1122.324, 0.5297600
1122.807, 0.8318370
1123.289, 0.8177100
1123.771, 0.4249950
1124.253, 3.1436000E-02
1124.735, 5.0868999E-02
1125.217, 0.1236730
1125.699, 0.2427060
1126.181, 3.9140999E-02
1126.664, 0.2134020
1127.146, 0.2803790
1127.628, 0.1789960
1128.110, 1.2602000E-02
1128.592, 0.3750810
1129.074, 0.4442820
1129.556, 0.3459220
1130.038, 4.4050001E-02
1130.521, 0.1236450
1131.003, 8.1049995E-03
1131.485, 0.2540290
1131.967, 0.4343760
1132.449, 0.5225090
1132.931, 0.3571130
1133.413, 5.4520000E-02
1133.895, 0.1327440
1134.377, 0.1532920
1134.859, 0.4263370
1135.342, 0.5830130
1135.824, 0.6040870
1136.306, 0.4639700
1136.788, 0.2422510
1137.270, 3.0169999E-03
1137.752, 0.1935730
1138.234, 7.9066999E-02
1138.716, 0.7045990
1139.199, 0.9458400
1139.681, 0.7137870
1140.163, 0.3233890
1140.645, 7.1778998E-02
1141.127, 0.1975990
1141.609, 0.2134890
1142.091, 0.9146550
1142.573, 1.210718
1143.056, 1.211439
1143.538, 1.136976
1144.020, 1.030150
1144.502, 0.9396080
1144.984, 0.8769510
1145.466, 0.8081690
1145.948, 0.6947820
1146.430, 0.1713390
1146.912, 0.7556170
1147.395, 1.089910
1147.877, 1.185978
1148.359, 0.3340720
1148.841, 0.7061590
1149.323, 0.5877250
1149.805, 0.4491430
1150.287, 0.9934720
1150.769, 0.2794180
1151.251, 0.8127180
1151.734, 0.8485050
1152.216, 1.121579
1152.698, 0.9029910
1153.180, 0.8255660
1153.662, 1.240909
1154.144, 1.384411
1154.626, 1.108481
1155.108, 1.386553
1155.591, 0.6542330
1156.073, 0.8074940
1156.555, 1.344039
1157.037, 1.081702
1157.519, 1.367298
1158.001, 1.443688
1158.483, 0.5696060
1158.965, 1.348209
1159.448, 1.411859
1159.930, 0.7415690
1160.412, 1.463222
1160.894, 0.8939010
1161.376, 0.7852510
1161.858, 1.023224
1162.340, 0.8996310
1162.822, 1.346822
1163.304, 1.245251
1163.786, 1.094331
1164.269, 1.156696
1164.751, 0.6118590
1165.233, 1.063334
1165.715, 1.047240
1166.197, 1.021005
1166.679, 0.9358000
1167.161, 0.7146960
1167.643, 0.5906920
1168.126, 0.8154920
1168.608, 1.225707
1169.090, 1.365962
1169.572, 1.209628
1170.054, 1.121755
1170.536, 1.116367
1171.018, 1.133295
1171.500, 1.173918
1171.983, 1.052339
1172.465, 0.6465250
1172.947, 0.2951820
1173.429, 0.4290600
1173.911, 0.8751980
1174.393, 1.169464
1174.875, 1.303610
1175.357, 1.236286
1175.839, 1.035247
1176.322, 0.9673590
1176.804, 1.080506
1177.286, 1.076373
1177.768, 0.7951310
1178.250, 0.4670050
1178.732, 0.4364740
1179.214, 0.5804260
1179.696, 0.7588410
1180.178, 0.9286210
1180.661, 1.079202
1181.143, 1.188126
1181.625, 1.209971
1182.107, 1.128578
1182.589, 0.9179360
1183.071, 0.4152930
1183.553, 0.1346340
1184.035, 0.8380600
1184.518, 1.492820
1185.000, 0.9995860
1185.482, 9.8102003E-02
1185.964, 0.1415800
1186.446, 0.2166240
1186.928, 0.5645190
1187.410, 0.7970430
1187.892, 0.8306180
1188.375, 0.4234240
1188.857, 0.1067240
1189.339, 1.9126000E-02
1189.821, 8.0867000E-02
1190.303, 0.3724210
1190.785, 0.7207140
1191.267, 0.8565020
1191.749, 0.7895790
1192.231, 0.6770640
1192.714, 0.3721580
1193.196, 0.3387840
1193.678, 0.7176380
1194.160, 1.008775
1194.642, 1.049196
1195.124, 1.003970
1195.606, 0.9771560
1196.088, 0.9742570
1196.570, 0.9076530
1197.053, 0.7763680
1197.535, 0.5724380
1198.017, 0.2929980
1198.499, 0.2144100
1198.981, 0.3541180
1199.463, 0.5390250
1199.945, 0.6612430
1200.427, 0.7347770
1200.910, 0.7581630
1201.392, 0.7953790
1201.874, 1.028509
1202.356, 1.340433
1202.838, 1.462699
1203.320, 1.390450
1203.802, 1.004155
1204.284, 0.4232770
1204.766, 0.1753670
1205.249, 0.4533190
1205.731, 0.8425450
1206.213, 1.152177
1206.695, 1.277452
1207.177, 0.9174410
1207.659, 0.4671640
1208.141, 0.3700110
1208.623, 0.4288300
1209.105, 0.2488050
1209.588, 0.1184920
1210.070, 0.1112500
1210.552, 0.2015410
1211.034, 0.4314330
1211.516, 2.8461000E-02
1211.998, 9.3725003E-02
1212.480, 0.1708420
1212.962, 0.5614320
1213.445, 0.4220460
1213.927, 0.1049100
1214.409, 0.1611400
1214.891, 0.5382310
1215.373, 0.7736750
1215.855, 0.8313170
1216.337, 0.8354930
1216.819, 0.7516210
1217.302, 0.7459900
1217.784, 0.8979520
1218.266, 0.9920300
1218.748, 0.8804350
1219.230, 0.6476940
1219.712, 0.4012680
1220.194, 0.1682830
1220.676, 7.8630999E-02
1221.158, 0.1237590
1221.641, 0.2700000
1222.123, 0.4926870
1222.605, 0.6991120
1223.087, 0.8442940
1223.569, 0.7396140
1224.051, 0.2346550
1224.533, 2.1120001E-02
1225.015, 0.1067300
1225.497, 0.1194610
1225.979, 3.8070001E-02
1226.462, 0.1161130
1226.944, 9.2046998E-02
1227.426, 0.2189770
1227.908, 0.7446930
1228.390, 1.403152
1228.872, 1.761828
1229.354, 1.601940
1229.836, 1.234525
1230.319, 0.3580100
1230.801, 7.7289000E-02
1231.283, 0.4207410
1231.765, 1.186990
1232.247, 1.208977
1232.729, 0.7853140
1233.211, 0.6684950
1233.693, 0.8807180
1234.176, 0.7530040
1234.658, 4.8220001E-02
1235.140, 4.3908998E-02
1235.622, 0.3739790
1236.104, 0.8731060
1236.586, 0.8517250
1237.068, 0.6560430
1237.550, 0.4812700
1238.032, 0.3762760
1238.515, 0.4792340
1238.997, 0.7282040
1239.479, 0.7055870
1239.961, 0.4672780
1240.443, 0.3413530
1240.925, 0.3530180
1241.407, 0.4487760
1241.889, 0.5930430
1242.371, 0.6515060
1242.854, 0.5174670
1243.336, 0.3751920
1243.818, 0.5041540
1244.300, 0.6277420
1244.782, 0.3501350
1245.264, 4.6431001E-02
1245.746, 6.1021999E-02
1246.228, 5.2806001E-02
1246.711, 7.4657001E-02
1247.193, 0.1820360
1247.675, 0.4660960
1248.157, 0.8274990
1248.639, 1.023639
1249.121, 1.109393
1249.603, 0.9812210
1250.085, 0.3113810
1250.568, 1.9254001E-02
1251.050, 0.1953160
1251.532, 0.9070100
1252.014, 1.081092
1252.496, 0.7774330
1252.978, 0.7243270
1253.460, 0.9915240
1253.942, 0.9842170
1254.424, 0.6552600
1254.906, 0.2951860
1255.389, 3.0905001E-02
1255.871, 6.0509000E-02
1256.353, 0.4242610
1256.835, 0.9232000
1257.317, 0.7135120
1257.799, 0.1988570
1258.281, 0.1751000
1258.763, 0.4000840
1259.246, 0.3475010
1259.728, 0.1503890
1260.210, 0.1083400
1260.692, 0.2641280
1261.174, 0.4729780
1261.656, 0.7918460
1262.138, 0.9520430
1262.620, 0.7574230
1263.103, 0.4733710
1263.585, 1.9590000E-03
1264.067, 7.4630998E-02
1264.549, 5.3601000E-02
1265.031, 0.6420690
1265.513, 1.165469
1265.995, 1.543324
1266.477, 1.398793
1266.959, 0.5824360
1267.442, 0.3066350
1267.924, 0.7219810
1268.406, 0.8660530
1268.888, 0.4885630
1269.370, 0.2536940
1269.852, 0.4199750
1270.334, 0.6874080
1270.816, 0.7601530
1271.298, 0.7599110
1271.781, 1.074201
1272.263, 1.185392
1272.745, 1.706248
1273.227, 1.610364
1273.709, 1.672735
1274.191, 1.851189
1274.673, 1.681748
1275.155, 1.088073
1275.638, 0.6108570
1276.120, 0.8603540
1276.602, 1.106370
1277.084, 0.9073760
1277.566, 0.6449570
1278.048, 0.4113280
1278.530, 0.3533260
1279.012, 0.7714280
1279.495, 1.395812
1279.977, 1.725226
1280.459, 1.766452
1280.941, 1.704010
1281.423, 1.579883
1281.905, 1.180448
1282.387, 0.3552470
1282.869, 2.1899000E-02
1283.351, 2.8349999E-03
1283.833, 0.2600170
1284.316, 0.4398190
1284.798, 0.5823500
1285.280, 0.2984170
1285.762, 0.2407460
1286.244, 0.1282680
1286.726, 0.0000000E+00
##END=



