##NAMES=Talc
##RRUFFID=R050087
##IDEAL CHEMISTRY=Mg_3_Si_4_O_10_(OH)_2_
##LOCALITY=St. Lawrence County, New York, USA
##OWNER=RRUFF
##SOURCE=University of Arizona Mineral Museum
##DESCRIPTION=An aggregate of colorless foliated coarse single crystals
##STATUS=The identification of this mineral has been confirmed by X-ray diffraction and chemical analysis
##URL=rruff.info/R050087
##MEASURED CHEMISTRY=(Mg_.998_Fe_.002_)_3_(Si_.997_Al_.003_)_4_O_10_(OH_.966_F_.034_)_2_
153.7797, 0.0000000E+00
154.2619, 0.3925780
154.7440, 9.555908
155.2261, 41.72632
155.7082, 62.34473
156.1903, 58.90723
156.6724, 43.66089
157.1546, 30.92456
157.6367, 23.71704
158.1188, 18.68188
158.6009, 14.91528
159.0830, 10.76953
159.5652, 8.880615
160.0473, 12.10376
160.5294, 18.06641
161.0115, 22.01147
161.4936, 22.84106
161.9757, 21.11084
162.4579, 16.22290
162.9400, 3.544922
163.4221, 4.744141
163.9042, 2.007813
164.3863, 9.440674
164.8684, 21.97168
165.3506, 37.76733
165.8327, 50.34277
166.3148, 53.74731
166.7969, 34.20312
167.2790, 17.26953
167.7611, 20.79883
168.2433, 42.57007
168.7254, 62.91309
169.2075, 65.92432
169.6896, 62.47827
170.1717, 65.28760
170.6538, 89.93335
171.1360, 115.5227
171.6181, 125.2346
172.1002, 118.5051
172.5823, 105.6323
173.0644, 86.50952
173.5465, 66.90283
174.0287, 56.87622
174.5108, 66.98877
174.9929, 86.31177
175.4750, 100.2588
175.9571, 105.6960
176.4392, 118.5603
176.9214, 166.1724
177.4035, 235.5090
177.8856, 291.1304
178.3677, 292.2041
178.8498, 272.3201
179.3319, 291.1592
179.8141, 367.8069
180.2962, 453.5327
180.7783, 484.8933
181.2604, 469.7258
181.7425, 453.1079
182.2246, 462.4175
182.7068, 491.7744
183.1889, 528.9678
183.6710, 573.5171
184.1531, 622.0354
184.6352, 663.0474
185.1173, 697.9229
185.5995, 744.1787
186.0816, 815.2495
186.5637, 908.7266
187.0458, 1018.493
187.5279, 1143.061
188.0100, 1282.297
188.4922, 1433.478
188.9743, 1598.187
189.4564, 1772.056
189.9385, 1937.460
190.4206, 2100.611
190.9027, 2305.378
191.3849, 2545.671
191.8670, 2839.965
192.3491, 3316.990
192.8312, 4021.414
193.3133, 4710.480
193.7955, 5192.314
194.2776, 5463.633
194.7597, 5355.764
195.2418, 4633.081
195.7239, 3397.068
196.2060, 2408.735
196.6882, 1692.953
197.1703, 1185.963
197.6524, 822.4648
198.1345, 612.2942
198.6166, 468.5166
199.0987, 368.6057
199.5809, 312.5925
200.0630, 271.7925
200.5451, 249.4194
201.0272, 236.7351
201.5093, 214.9658
201.9914, 181.5459
202.4736, 153.5352
202.9557, 143.0413
203.4378, 152.1992
203.9199, 151.7043
204.4020, 136.0488
204.8841, 113.4045
205.3663, 109.0439
205.8484, 128.5415
206.3305, 147.6128
206.8126, 150.7415
207.2947, 135.1287
207.7768, 120.8752
208.2590, 109.8994
208.7411, 101.4231
209.2232, 91.71924
209.7053, 78.71704
210.1874, 69.47168
210.6695, 71.44995
211.1517, 89.20825
211.6338, 96.69824
212.1159, 87.75684
212.5980, 66.62500
213.0801, 59.09888
213.5622, 70.15356
214.0444, 85.46924
214.5265, 94.02222
215.0086, 95.31201
215.4907, 91.49756
215.9728, 81.82104
216.4549, 66.29004
216.9371, 51.39209
217.4192, 33.84277
217.9013, 21.93018
218.3834, 27.17944
218.8655, 59.90454
219.3476, 80.95361
219.8298, 77.12012
220.3119, 48.04297
220.7940, 37.15088
221.2761, 52.52197
221.7582, 76.81104
222.2403, 90.42603
222.7225, 86.86792
223.2046, 86.98926
223.6867, 97.75586
224.1688, 120.9988
224.6509, 134.5618
225.1330, 134.0615
225.6152, 128.1936
226.0973, 128.3760
226.5794, 137.3184
227.0615, 146.5696
227.5436, 153.2595
228.0257, 156.5537
228.5079, 164.0811
228.9900, 182.4551
229.4721, 200.1628
229.9542, 198.9136
230.4363, 168.4939
230.9185, 137.8291
231.4006, 116.1802
231.8827, 106.7349
232.3648, 93.13110
232.8469, 72.84326
233.3290, 49.78247
233.8112, 29.88037
234.2933, 11.02466
234.7754, 1.022705
235.2575, 1.927490
235.7396, 15.08740
236.2217, 20.39331
236.7039, 6.819336
237.1860, 15.12744
237.6681, 23.39600
238.1502, 8.608887
238.6323, 5.022705
239.1144, 7.548340
239.5966, 7.876953
240.0787, 15.80127
240.5608, 13.45703
241.0429, 4.625732
241.5250, 2.011230
242.0071, 3.978760
242.4893, 7.560547
242.9714, 16.71851
243.4535, 39.11816
243.9356, 48.74170
244.4177, 38.94238
244.8998, 18.03442
245.3820, 8.879639
245.8641, 19.84131
246.3462, 30.27075
246.8283, 29.52295
247.3104, 9.640625
247.7925, 2.467041
248.2747, 5.343750
248.7568, 0.4680180
249.2389, 9.422852
249.7210, 30.58496
250.2031, 47.28320
250.6852, 50.40918
251.1674, 31.49585
251.6495, 19.95093
252.1316, 19.71069
252.6137, 26.27026
253.0958, 25.25146
253.5779, 11.89526
254.0601, 0.6967770
254.5422, 6.197266
255.0243, 4.883789
255.5064, 0.9211430
255.9885, 7.733643
256.4706, 20.23218
256.9528, 31.69678
257.4349, 42.21631
257.9170, 48.88184
258.3991, 49.44141
258.8812, 40.64746
259.3633, 33.45264
259.8455, 28.35962
260.3276, 25.41797
260.8097, 25.22290
261.2918, 29.25488
261.7739, 33.36841
262.2560, 34.69482
262.7382, 31.30591
263.2203, 31.30151
263.7024, 36.42676
264.1845, 44.97925
264.6666, 51.51782
265.1487, 55.84497
265.6309, 58.39282
266.1130, 59.51099
266.5951, 59.60303
267.0772, 56.57349
267.5593, 49.04370
268.0414, 38.71826
268.5236, 31.09863
269.0057, 25.86768
269.4878, 24.01489
269.9699, 27.42480
270.4520, 37.86987
270.9341, 45.64429
271.4163, 50.84717
271.8984, 52.44824
272.3805, 43.30835
272.8626, 16.96826
273.3447, 1.177734
273.8268, 9.829590
274.3090, 55.80444
274.7911, 89.72656
275.2732, 104.9988
275.7553, 106.8594
276.2374, 107.6001
276.7195, 106.3357
277.2017, 107.5527
277.6838, 116.4097
278.1659, 134.0476
278.6480, 143.0828
279.1301, 136.9441
279.6122, 126.0964
280.0944, 141.2454
280.5765, 187.3481
281.0586, 230.9365
281.5407, 245.9585
282.0229, 232.0894
282.5050, 232.2073
282.9871, 251.9336
283.4692, 285.1694
283.9513, 321.5068
284.4334, 361.2556
284.9156, 400.5017
285.3977, 435.7241
285.8798, 467.4036
286.3619, 500.9290
286.8440, 535.2480
287.3261, 574.3489
287.8083, 629.4736
288.2904, 700.7551
288.7725, 773.5830
289.2546, 858.6316
289.7367, 944.9407
290.2188, 971.1104
290.7010, 927.2649
291.1831, 832.0178
291.6652, 687.7671
292.1473, 499.1658
292.6294, 348.7673
293.1115, 307.9775
293.5937, 345.7202
294.0758, 350.1948
294.5579, 305.4565
295.0400, 247.4248
295.5221, 236.0845
296.0042, 263.1702
296.4864, 275.2175
296.9685, 224.7065
297.4506, 139.4185
297.9327, 87.94214
298.4148, 78.58447
298.8969, 87.54248
299.3791, 89.33789
299.8612, 85.77075
300.3433, 83.16626
300.8254, 83.66187
301.3075, 87.50806
301.7896, 96.70288
302.2718, 112.3650
302.7539, 127.2910
303.2360, 137.1443
303.7181, 140.9934
304.2002, 136.6458
304.6823, 118.2778
305.1645, 93.24341
305.6466, 68.24829
306.1287, 42.94043
306.6108, 23.41724
307.0929, 18.24585
307.5750, 21.78540
308.0572, 23.57764
308.5393, 13.74414
309.0214, 3.487549
309.5035, 6.640869
309.9856, 24.07935
310.4677, 35.56787
310.9499, 19.53711
311.4320, 8.814209
311.9141, 28.57886
312.3962, 21.95312
312.8783, 11.94556
313.3604, 16.37085
313.8426, 34.82568
314.3247, 48.69922
314.8068, 48.96802
315.2889, 39.05103
315.7710, 22.63403
316.2531, 8.813232
316.7353, 38.09717
317.2174, 57.82446
317.6995, 68.29297
318.1816, 73.48657
318.6637, 73.77856
319.1458, 70.03809
319.6280, 62.96680
320.1101, 38.54932
320.5922, 25.26318
321.0743, 37.16235
321.5564, 69.94092
322.0385, 99.45410
322.5207, 117.2722
323.0028, 131.3643
323.4849, 146.4343
323.9670, 164.9277
324.4491, 182.6067
324.9312, 198.8545
325.4134, 213.8101
325.8955, 227.9919
326.3776, 229.1201
326.8597, 238.7126
327.3418, 267.7473
327.8239, 340.4275
328.3061, 398.7832
328.7882, 433.6079
329.2703, 453.2300
329.7524, 479.0149
330.2345, 515.8303
330.7166, 554.0969
331.1988, 592.0254
331.6809, 635.9868
332.1630, 664.6594
332.6451, 675.2734
333.1272, 671.5659
333.6093, 659.8721
334.0915, 637.2371
334.5736, 611.1736
335.0557, 584.0151
335.5378, 556.3325
336.0199, 525.6301
336.5020, 491.9617
336.9842, 455.0093
337.4663, 411.2361
337.9484, 354.2891
338.4305, 307.7266
338.9126, 279.2529
339.3947, 269.1194
339.8769, 261.7202
340.3590, 256.8943
340.8411, 255.0349
341.3232, 254.2935
341.8053, 253.4460
342.2874, 265.2993
342.7696, 296.9409
343.2517, 344.6592
343.7338, 384.6431
344.2159, 416.0366
344.6980, 448.8623
345.1801, 500.9309
345.6623, 570.6279
346.1444, 628.1711
346.6265, 660.8835
347.1086, 682.6499
347.5907, 729.6155
348.0728, 800.1504
348.5550, 874.8052
349.0371, 940.9773
349.5192, 1000.272
350.0013, 1056.621
350.4834, 1107.948
350.9655, 1161.636
351.4477, 1221.328
351.9298, 1290.164
352.4119, 1379.452
352.8940, 1508.398
353.3762, 1659.670
353.8583, 1799.224
354.3404, 1917.627
354.8225, 2043.081
355.3046, 2212.144
355.7867, 2409.972
356.2689, 2600.901
356.7510, 2760.122
357.2331, 2908.864
357.7152, 3062.074
358.1973, 3219.366
358.6794, 3389.438
359.1616, 3598.057
359.6437, 3818.925
360.1258, 4015.250
360.6079, 4192.694
361.0900, 4325.475
361.5721, 4410.204
362.0543, 4445.878
362.5364, 4401.020
363.0185, 4232.491
363.5006, 3990.676
363.9827, 3723.296
364.4648, 3433.199
364.9470, 3126.072
365.4291, 2779.255
365.9112, 2406.194
366.3933, 2078.803
366.8754, 1827.281
367.3575, 1613.410
367.8397, 1417.938
368.3218, 1227.851
368.8039, 1066.954
369.2860, 941.4919
369.7681, 846.4507
370.2502, 765.4404
370.7324, 702.6838
371.2145, 649.1516
371.6966, 601.8901
372.1787, 562.7407
372.6608, 527.2185
373.1429, 496.7388
373.6251, 470.4238
374.1072, 445.4348
374.5893, 415.8967
375.0714, 395.1177
375.5535, 388.1943
376.0356, 395.6670
376.5178, 410.2996
376.9999, 436.7449
377.4820, 462.1299
377.9641, 467.7617
378.4462, 449.8467
378.9283, 438.6382
379.4105, 446.4487
379.8926, 466.5466
380.3747, 466.6484
380.8568, 444.9778
381.3389, 414.4419
381.8210, 382.8572
382.3032, 350.8770
382.7853, 321.5833
383.2674, 295.7332
383.7495, 272.9111
384.2316, 254.4080
384.7137, 239.6318
385.1959, 224.9885
385.6780, 207.5645
386.1601, 188.5886
386.6422, 170.6030
387.1243, 153.3506
387.6064, 138.7219
388.0886, 129.4846
388.5707, 124.1018
389.0528, 118.8911
389.5349, 112.7593
390.0170, 105.8586
390.4991, 98.10400
390.9813, 89.00781
391.4634, 77.17627
391.9455, 55.24536
392.4276, 31.81323
392.9097, 17.80713
393.3918, 24.02734
393.8740, 34.34082
394.3561, 44.12036
394.8382, 52.68066
395.3203, 55.54810
395.8024, 43.98267
396.2845, 30.38037
396.7667, 23.45581
397.2488, 34.65991
397.7309, 40.25977
398.2130, 29.21118
398.6951, 8.335205
399.1772, 0.8623050
399.6594, 24.29126
400.1415, 43.83545
400.6236, 39.77539
401.1057, 8.245361
401.5878, 30.59863
402.0699, 10.43408
402.5521, 27.18164
403.0342, 45.13037
403.5163, 34.64844
403.9984, 19.63525
404.4805, 3.118652
404.9626, 15.00635
405.4448, 19.29736
405.9269, 4.009277
406.4090, 14.56396
406.8911, 19.12158
407.3732, 7.059082
407.8553, 1.068848
408.3375, 0.3125000
408.8196, 6.137695
409.3017, 8.204102
409.7838, 5.562988
410.2659, 2.197266
410.7480, 1.146484
411.2302, 3.494141
411.7123, 2.562988
412.1944, 20.78613
412.6765, 38.91504
413.1586, 37.54248
413.6407, 20.36572
414.1229, 3.749023
414.6050, 7.682617
415.0871, 12.33252
415.5692, 5.431152
416.0513, 13.66846
416.5334, 34.74414
417.0156, 55.18359
417.4977, 71.49854
417.9798, 78.12744
418.4619, 55.13574
418.9440, 38.27783
419.4261, 53.06152
419.9083, 95.20703
420.3904, 136.4780
420.8725, 167.6836
421.3546, 192.2920
421.8367, 208.8486
422.3188, 206.5317
422.8010, 212.0840
423.2831, 239.1763
423.7652, 278.3086
424.2473, 309.7075
424.7295, 327.3555
425.2116, 340.1533
425.6937, 346.7744
426.1758, 340.1118
426.6579, 355.5195
427.1400, 404.9302
427.6222, 468.6943
428.1043, 527.7520
428.5864, 578.3872
429.0685, 631.2754
429.5506, 686.7261
430.0327, 745.0649
430.5149, 815.3813
430.9970, 906.3652
431.4791, 988.2588
431.9612, 1043.185
432.4433, 1071.797
432.9254, 1071.929
433.4076, 1042.287
433.8897, 985.4263
434.3718, 899.4502
434.8539, 784.9995
435.3360, 664.1084
435.8181, 539.2939
436.3003, 417.7822
436.7824, 320.7065
437.2645, 249.7959
437.7466, 194.2397
438.2287, 142.1523
438.7108, 97.48193
439.1930, 68.98584
439.6751, 62.01709
440.1572, 70.48193
440.6393, 95.09229
441.1214, 132.7642
441.6035, 168.2681
442.0857, 213.0176
442.5678, 240.2812
443.0499, 220.7393
443.5320, 126.3228
444.0141, 41.79395
444.4962, 4.499023
444.9784, 1.634277
445.4605, 3.536621
445.9426, 4.785156
446.4247, 5.943848
446.9068, 8.960449
447.3889, 15.08643
447.8711, 13.52197
448.3532, 1.147461
448.8353, 17.48389
449.3174, 40.12695
449.7995, 74.88037
450.2816, 100.0361
450.7638, 111.9160
451.2459, 112.6655
451.7280, 107.7471
452.2101, 91.86865
452.6922, 82.87891
453.1743, 96.62158
453.6565, 137.5278
454.1386, 149.1763
454.6207, 121.4629
455.1028, 85.51855
455.5849, 89.51465
456.0670, 131.0269
456.5492, 170.0747
457.0313, 195.0308
457.5134, 206.9897
457.9955, 197.9922
458.4776, 169.0239
458.9597, 148.0020
459.4419, 167.8179
459.9240, 210.2256
460.4061, 237.0776
460.8882, 231.7617
461.3703, 227.0864
461.8524, 257.0928
462.3346, 309.7471
462.8167, 355.8447
463.2988, 373.8418
463.7809, 389.0747
464.2630, 416.9878
464.7451, 459.5166
465.2273, 500.0713
465.7094, 529.1763
466.1915, 555.0420
466.6736, 585.3091
467.1557, 638.7432
467.6378, 676.3071
468.1200, 694.1196
468.6021, 692.0713
469.0842, 668.5244
469.5663, 614.3999
470.0484, 550.1865
470.5305, 482.1489
471.0127, 407.5957
471.4948, 337.5566
471.9769, 267.8555
472.4590, 206.5630
472.9411, 170.4390
473.4232, 164.9092
473.9054, 154.9629
474.3875, 129.0850
474.8696, 91.18164
475.3517, 52.29541
475.8338, 11.36816
476.3159, 14.99463
476.7981, 1.918457
477.2802, 44.98340
477.7623, 56.70166
478.2444, 20.83496
478.7265, 23.23926
479.2086, 27.44287
479.6908, 3.460938
480.1729, 19.60205
480.6550, 29.38379
481.1371, 31.23340
481.6192, 26.63916
482.1013, 16.01953
482.5835, 8.012207
483.0656, 6.708984
483.5477, 10.11426
484.0298, 16.89746
484.5119, 32.41797
484.9940, 43.70020
485.4762, 47.81982
485.9583, 45.77197
486.4404, 40.12305
486.9225, 25.98047
487.4046, 13.16260
487.8867, 2.380371
488.3689, 8.151367
488.8510, 4.165527
489.3331, 22.97119
489.8152, 54.26758
490.2973, 70.45020
490.7794, 67.96240
491.2616, 64.82617
491.7437, 63.31689
492.2258, 63.33594
492.7079, 64.05176
493.1900, 65.31250
493.6722, 69.88086
494.1543, 81.89795
494.6364, 98.79150
495.1185, 111.0527
495.6006, 117.6416
496.0828, 122.5923
496.5649, 129.9590
497.0470, 138.5674
497.5291, 145.7612
498.0112, 149.3638
498.4933, 152.6602
498.9755, 153.9346
499.4576, 155.9150
499.9397, 168.9854
500.4218, 210.9932
500.9039, 256.5254
501.3860, 288.6733
501.8682, 300.1714
502.3503, 314.3936
502.8324, 342.7871
503.3145, 373.4097
503.7966, 393.4829
504.2787, 389.6372
504.7609, 391.4692
505.2430, 407.6113
505.7251, 434.8857
506.2072, 449.0225
506.6893, 445.6064
507.1714, 434.8789
507.6536, 423.2456
508.1357, 412.0010
508.6178, 398.4883
509.0999, 380.2080
509.5820, 358.7979
510.0641, 335.9312
510.5463, 311.9961
511.0284, 293.0708
511.5105, 282.3711
511.9926, 278.1968
512.4747, 277.7939
512.9568, 279.2764
513.4390, 276.8013
513.9211, 263.4204
514.4032, 248.6323
514.8853, 242.3369
515.3674, 243.8306
515.8495, 246.4639
516.3317, 252.9575
516.8138, 257.8662
517.2959, 253.6611
517.7780, 221.4854
518.2601, 196.3066
518.7422, 197.7773
519.2244, 221.1304
519.7065, 230.5640
520.1886, 203.4346
520.6707, 177.8491
521.1528, 173.0029
521.6349, 204.7095
522.1171, 215.2896
522.5992, 196.4800
523.0813, 164.6758
523.5634, 141.0508
524.0455, 126.7251
524.5276, 114.5659
525.0098, 102.6216
525.4919, 92.55713
525.9740, 87.40576
526.4561, 86.54883
526.9382, 86.62744
527.4203, 85.40137
527.9025, 83.84766
528.3846, 85.27490
528.8667, 90.74219
529.3488, 94.89990
529.8309, 88.62451
530.3130, 78.35010
530.7952, 74.48145
531.2773, 89.56445
531.7594, 104.3955
532.2415, 108.5210
532.7236, 103.4795
533.2057, 95.68506
533.6879, 82.58350
534.1700, 70.02490
534.6521, 62.99268
535.1342, 62.07471
535.6163, 63.17236
536.0984, 69.61865
536.5806, 74.37939
537.0627, 72.00098
537.5448, 61.20605
538.0269, 50.12158
538.5090, 38.01172
538.9911, 27.33496
539.4733, 28.87891
539.9554, 44.38770
540.4375, 59.55176
540.9196, 67.02002
541.4017, 67.67480
541.8839, 63.92871
542.3660, 55.38184
542.8481, 46.81250
543.3302, 41.56982
543.8123, 39.66211
544.2944, 41.79199
544.7766, 51.67041
545.2587, 59.90674
545.7408, 55.04932
546.2229, 42.07812
546.7050, 34.83203
547.1871, 47.37598
547.6693, 59.20996
548.1514, 56.76514
548.6335, 36.93262
549.1156, 28.01123
549.5977, 50.96436
550.0798, 74.83984
550.5620, 77.50879
551.0441, 43.23730
551.5262, 18.78906
552.0083, 7.737305
552.4904, 6.195313
552.9725, 6.673828
553.4547, 8.751465
553.9368, 15.54297
554.4189, 31.02100
554.9010, 51.57373
555.3831, 62.85693
555.8652, 64.80859
556.3474, 60.83838
556.8295, 49.34961
557.3116, 34.52393
557.7937, 26.24072
558.2758, 27.30225
558.7579, 28.37744
559.2401, 17.17236
559.7222, 1.665039
560.2043, 5.727051
560.6864, 5.556641
561.1685, 20.26367
561.6506, 37.10254
562.1328, 53.58984
562.6149, 57.55762
563.0970, 30.96338
563.5791, 5.276855
564.0612, 5.237305
564.5433, 5.438477
565.0255, 6.680664
565.5076, 11.34033
565.9897, 27.15820
566.4718, 11.57520
566.9539, 44.04541
567.4360, 73.70947
567.9182, 60.88721
568.4003, 23.65576
568.8824, 4.834961
569.3645, 24.30420
569.8466, 34.05176
570.3287, 24.07861
570.8109, 7.467285
571.2930, 13.70654
571.7751, 41.62646
572.2572, 56.99463
572.7393, 19.69043
573.2214, 34.25537
573.7036, 67.95996
574.1857, 69.61279
574.6678, 60.17725
575.1499, 35.79688
575.6320, 7.897461
576.1141, 7.036133
576.5963, 6.472656
577.0784, 18.93945
577.5605, 25.97363
578.0426, 27.77490
578.5247, 25.31543
579.0068, 16.20410
579.4890, 7.740723
579.9711, 4.044434
580.4532, 5.427246
580.9353, 6.727051
581.4174, 8.432617
581.8995, 8.005371
582.3817, 0.6601560
582.8638, 14.48828
583.3459, 21.70996
583.8280, 18.04834
584.3101, 9.550293
584.7922, 4.471680
585.2744, 0.1904300
585.7565, 10.19043
586.2386, 39.37598
586.7207, 67.75293
587.2028, 85.00928
587.6849, 90.66357
588.1671, 87.59619
588.6492, 65.82129
589.1313, 43.14355
589.6134, 30.71094
590.0955, 32.60352
590.5776, 36.11865
591.0598, 43.13672
591.5419, 50.08594
592.0240, 51.68311
592.5061, 46.78516
592.9882, 42.37012
593.4703, 40.44873
593.9525, 39.47949
594.4346, 32.97803
594.9167, 21.73145
595.3988, 16.75635
595.8809, 32.20703
596.3630, 55.05957
596.8452, 62.62402
597.3273, 54.14893
597.8094, 43.39990
598.2915, 39.47900
598.7736, 37.79932
599.2557, 32.63525
599.7379, 16.27881
600.2200, 9.838379
600.7021, 30.06641
601.1843, 61.31152
601.6664, 78.39160
602.1485, 69.53906
602.6306, 61.54785
603.1127, 59.30957
603.5948, 61.43945
604.0770, 60.72217
604.5591, 56.29102
605.0412, 51.81152
605.5233, 47.21729
606.0054, 43.28418
606.4875, 50.30566
606.9697, 69.35400
607.4518, 87.88037
607.9339, 92.94189
608.4160, 88.68945
608.8981, 81.74805
609.3802, 70.28369
609.8624, 64.82031
610.3445, 85.05811
610.8266, 114.6548
611.3087, 126.6021
611.7908, 87.41895
612.2729, 53.26318
612.7551, 46.31152
613.2372, 63.44043
613.7193, 79.36377
614.2014, 93.69531
614.6835, 105.8745
615.1656, 116.1152
615.6478, 124.7905
616.1299, 127.1650
616.6120, 121.9600
617.0941, 113.5898
617.5762, 102.7773
618.0583, 90.48340
618.5405, 90.75439
619.0226, 108.8916
619.5047, 127.7104
619.9868, 123.2090
620.4689, 102.5098
620.9510, 82.95752
621.4332, 66.10254
621.9153, 57.26953
622.3974, 67.98633
622.8795, 92.45898
623.3616, 108.0391
623.8438, 96.19580
624.3259, 85.69189
624.8080, 90.88916
625.2901, 114.2344
625.7722, 131.6875
626.2543, 144.2642
626.7365, 149.0142
627.2186, 141.4849
627.7007, 119.8906
628.1828, 102.4199
628.6649, 89.88623
629.1470, 82.93457
629.6292, 85.97461
630.1113, 97.81592
630.5934, 111.8223
631.0755, 124.7520
631.5576, 135.0332
632.0397, 142.6284
632.5219, 147.4893
633.0040, 149.3096
633.4861, 142.8257
633.9682, 136.7778
634.4503, 141.2891
634.9324, 156.5859
635.4146, 162.1812
635.8967, 139.2646
636.3788, 117.3486
636.8609, 112.6621
637.3430, 131.5747
637.8251, 151.4399
638.3073, 175.3560
638.7894, 195.2852
639.2715, 197.2651
639.7536, 181.0371
640.2357, 172.4780
640.7178, 177.6069
641.2000, 189.5547
641.6821, 196.3027
642.1642, 200.6787
642.6463, 211.1318
643.1284, 246.0957
643.6105, 277.9775
644.0927, 275.7812
644.5748, 245.5630
645.0569, 226.4424
645.5390, 246.7832
646.0211, 271.3882
646.5032, 281.4634
646.9854, 271.0376
647.4675, 261.2388
647.9496, 246.1558
648.4317, 238.3535
648.9138, 251.5786
649.3959, 290.8271
649.8781, 319.6865
650.3602, 332.6572
650.8423, 339.2168
651.3244, 353.0137
651.8065, 373.0332
652.2886, 394.5225
652.7708, 417.1396
653.2529, 438.9570
653.7350, 456.4761
654.2171, 471.2749
654.6992, 487.9302
655.1813, 499.4297
655.6635, 521.8569
656.1456, 570.6250
656.6277, 646.0928
657.1098, 709.2612
657.5919, 744.4736
658.0740, 776.8652
658.5562, 817.2310
659.0383, 866.3149
659.5204, 922.2329
660.0025, 980.5283
660.4846, 1052.916
660.9667, 1150.342
661.4489, 1274.063
661.9310, 1431.246
662.4131, 1635.084
662.8952, 1839.155
663.3773, 1962.652
663.8594, 2041.747
664.3416, 2152.705
664.8237, 2336.809
665.3058, 2550.685
665.7879, 2780.366
666.2700, 3022.688
666.7521, 3267.137
667.2343, 3488.691
667.7164, 3730.775
668.1985, 4011.463
668.6806, 4328.588
669.1627, 4645.504
669.6448, 4953.514
670.1270, 5280.741
670.6091, 5654.440
671.0912, 6073.273
671.5733, 6478.490
672.0554, 6866.882
672.5375, 7240.158
673.0197, 7599.325
673.5018, 7944.516
673.9839, 8282.083
674.4660, 8629.499
674.9481, 8914.504
675.4302, 9104.202
675.9124, 9200.340
676.3945, 9209.093
676.8766, 9145.205
677.3587, 8976.473
677.8408, 8679.105
678.3229, 8272.603
678.8051, 7803.962
679.2872, 7258.307
679.7693, 6688.557
680.2514, 6105.663
680.7335, 5514.683
681.2156, 4963.055
681.6978, 4446.131
682.1799, 3981.059
682.6620, 3583.379
683.1441, 3241.970
683.6262, 2936.435
684.1083, 2668.230
684.5905, 2426.154
685.0726, 2211.937
685.5547, 2018.285
686.0368, 1841.449
686.5189, 1680.151
687.0010, 1536.920
687.4832, 1423.126
687.9653, 1320.872
688.4474, 1211.887
688.9295, 1087.200
689.4116, 984.1553
689.8937, 913.1479
690.3759, 859.4258
690.8580, 790.8755
691.3401, 709.9043
691.8222, 645.6514
692.3043, 616.2051
692.7864, 601.0073
693.2686, 568.7656
693.7507, 524.6948
694.2328, 488.5381
694.7149, 477.0493
695.1970, 469.5664
695.6791, 457.0537
696.1613, 438.8281
696.6434, 410.4458
697.1255, 359.3423
697.6076, 310.1143
698.0897, 272.0366
698.5718, 245.7632
699.0540, 233.8120
699.5361, 242.3555
700.0182, 246.4858
700.5003, 211.2100
700.9824, 148.0801
701.4645, 118.0068
701.9467, 133.6958
702.4288, 156.1445
702.9109, 143.2988
703.3930, 113.4692
703.8751, 94.31104
704.3572, 101.7578
704.8394, 109.8447
705.3215, 108.9570
705.8036, 102.1235
706.2857, 95.08936
706.7678, 88.84521
707.2499, 81.27002
707.7321, 70.49219
708.2142, 58.55127
708.6963, 55.22949
709.1784, 62.10449
709.6605, 61.74756
710.1426, 40.41162
710.6248, 8.973633
711.1069, 6.198242
711.5890, 6.669922
712.0711, 2.454590
712.5532, 3.472656
713.0353, 8.911133
713.5175, 12.19824
713.9996, 13.23828
714.4817, 11.91650
714.9638, 8.584961
715.4459, 2.441406
715.9280, 8.452148
716.4102, 29.13916
716.8923, 36.47070
717.3744, 25.96387
717.8565, 10.64697
718.3386, 4.985840
718.8207, 7.703125
719.3029, 1.900879
719.7850, 17.45703
720.2671, 34.70361
720.7492, 26.84863
721.2313, 4.721191
721.7134, 12.04639
722.1956, 14.27490
722.6777, 14.36816
723.1598, 20.44971
723.6419, 28.02979
724.1240, 28.19775
724.6061, 10.26611
725.0883, 2.205078
725.5704, 2.937988
726.0525, 3.756836
726.5346, 2.595703
727.0167, 7.606934
727.4988, 16.23682
727.9810, 17.18164
728.4631, 14.19531
728.9452, 19.93604
729.4273, 32.09229
729.9094, 35.82422
730.3915, 8.246582
730.8737, 21.46240
731.3558, 27.43506
731.8379, 8.009766
732.3200, 10.17188
732.8021, 16.65332
733.2842, 22.57227
733.7664, 35.12158
734.2485, 57.66455
734.7306, 69.45361
735.2127, 68.25342
735.6948, 61.56250
736.1769, 52.95703
736.6591, 43.51367
737.1412, 44.52832
737.6233, 59.12939
738.1054, 68.88574
738.5875, 43.02197
739.0696, 5.092285
739.5518, 9.251465
740.0339, 20.37842
740.5161, 49.97168
740.9982, 65.69189
741.4803, 70.72510
741.9624, 68.16016
742.4445, 46.67188
742.9266, 40.32129
743.4088, 58.81689
743.8909, 88.34912
744.3730, 102.8037
744.8551, 102.0322
745.3372, 92.45996
745.8193, 71.31641
746.3015, 48.93555
746.7836, 44.29395
747.2657, 52.13037
747.7478, 56.67871
748.2299, 42.47021
748.7120, 30.23633
749.1942, 33.85352
749.6763, 50.37744
750.1584, 62.86865
750.6405, 66.18750
751.1226, 69.19287
751.6047, 75.08252
752.0869, 83.30615
752.5690, 87.03906
753.0511, 85.39355
753.5332, 86.08203
754.0153, 99.18750
754.4974, 117.0020
754.9796, 118.8931
755.4617, 105.3340
755.9438, 92.00684
756.4259, 82.19043
756.9080, 81.79590
757.3901, 103.2217
757.8723, 155.7485
758.3544, 181.3940
758.8365, 149.5815
759.3186, 106.9966
759.8007, 78.34424
760.2828, 63.57666
760.7650, 66.53418
761.2471, 91.99365
761.7292, 119.3315
762.2113, 124.2559
762.6934, 113.3203
763.1755, 106.9575
763.6577, 108.7695
764.1398, 114.1245
764.6219, 121.1089
765.1040, 126.5688
765.5861, 128.2329
766.0682, 122.1714
766.5504, 117.4873
767.0325, 116.2124
767.5146, 116.7651
767.9967, 117.7144
768.4788, 120.2261
768.9609, 122.0137
769.4431, 122.0957
769.9252, 120.9307
770.4073, 113.7158
770.8894, 104.6265
771.3715, 113.7954
771.8536, 160.2793
772.3358, 208.0513
772.8179, 219.4497
773.3000, 210.2456
773.7821, 211.1567
774.2642, 245.4795
774.7463, 274.3325
775.2285, 285.8472
775.7106, 287.0522
776.1927, 293.0493
776.6748, 301.6450
777.1569, 321.9912
777.6390, 358.0264
778.1212, 405.9507
778.6033, 460.9185
779.0854, 520.5630
779.5675, 573.4365
780.0496, 612.7036
780.5317, 644.5034
781.0139, 667.0762
781.4960, 684.3823
781.9781, 715.6416
782.4602, 779.7075
782.9423, 847.1294
783.4244, 906.4912
783.9066, 958.7461
784.3887, 1024.035
784.8708, 1109.745
785.3529, 1178.507
785.8350, 1205.429
786.3171, 1199.680
786.7993, 1190.897
787.2814, 1179.245
787.7635, 1166.455
788.2456, 1151.847
788.7277, 1136.436
789.2098, 1123.809
789.6920, 1115.570
790.1741, 1107.478
790.6562, 1096.218
791.1383, 1086.211
791.6204, 1080.221
792.1025, 1078.915
792.5847, 1075.285
793.0668, 1070.697
793.5489, 1057.885
794.0310, 1033.614
794.5131, 996.4380
794.9952, 938.1450
795.4774, 857.6338
795.9595, 775.3940
796.4416, 703.7734
796.9237, 637.9482
797.4058, 575.2871
797.8879, 517.6611
798.3701, 456.5034
798.8522, 375.3711
799.3343, 306.0601
799.8164, 276.1943
800.2985, 292.3813
800.7806, 298.7700
801.2628, 295.0630
801.7449, 277.1548
802.2270, 227.7285
802.7091, 164.5015
803.1912, 125.0142
803.6733, 118.5527
804.1555, 115.0366
804.6376, 91.56836
805.1197, 65.08057
805.6018, 51.56982
806.0839, 63.94385
806.5660, 69.30078
807.0482, 65.41846
807.5303, 57.27393
808.0124, 47.02246
808.4945, 34.65820
808.9766, 34.76758
809.4587, 51.01758
809.9409, 69.59326
810.4230, 79.07812
810.9051, 79.73779
811.3872, 69.82227
811.8693, 42.98584
812.3514, 21.90381
812.8336, 21.78320
813.3157, 29.32178
813.7978, 29.41748
814.2799, 16.64893
814.7620, 7.457031
815.2441, 2.316406
815.7263, 1.357422
816.2084, 7.402344
816.6905, 18.87549
817.1726, 25.11914
817.6547, 22.96338
818.1368, 19.20215
818.6190, 21.05322
819.1011, 25.06250
819.5832, 26.75244
820.0653, 26.02197
820.5474, 20.96484
821.0295, 2.859863
821.5117, 14.75098
821.9938, 15.24707
822.4759, 6.650391
822.9580, 22.82471
823.4401, 30.07666
823.9222, 30.23242
824.4044, 23.72119
824.8865, 12.16895
825.3686, 1.210449
825.8507, 17.99414
826.3328, 29.91406
826.8149, 28.71631
827.2971, 20.27979
827.7792, 12.11377
828.2613, 3.697266
828.7434, 1.417480
829.2255, 0.9218750
829.7076, 0.5327150
830.1898, 5.451172
830.6719, 18.80518
831.1540, 25.02441
831.6361, 19.66797
832.1182, 12.22559
832.6003, 17.27783
833.0825, 27.38721
833.5646, 29.13672
834.0467, 9.487305
834.5288, 3.033691
835.0109, 9.800781
835.4930, 31.57373
835.9752, 37.78369
836.4573, 14.88672
836.9394, 19.30225
837.4215, 68.40332
837.9036, 121.8306
838.3857, 110.5239
838.8679, 51.40820
839.3500, 12.15723
839.8321, 11.27881
840.3142, 26.19873
840.7963, 54.42920
841.2784, 81.62256
841.7606, 89.33398
842.2427, 51.49414
842.7248, 24.89111
843.2069, 13.44043
843.6890, 13.93311
844.1711, 27.10645
844.6533, 54.25439
845.1354, 68.44092
845.6175, 64.69287
846.0996, 52.71924
846.5817, 38.02441
847.0638, 24.76123
847.5460, 21.73145
848.0281, 35.94873
848.5102, 47.67090
848.9923, 41.99219
849.4744, 33.76025
849.9565, 39.87646
850.4387, 71.07910
850.9208, 90.23535
851.4029, 96.04492
851.8850, 89.28760
852.3671, 59.95020
852.8492, 17.41064
853.3314, 0.3222660
853.8135, 18.37256
854.2956, 42.15918
854.7777, 51.61279
855.2598, 53.20703
855.7419, 53.36963
856.2241, 52.23828
856.7062, 51.98291
857.1883, 53.25488
857.6704, 54.78955
858.1525, 53.93359
858.6346, 50.40527
859.1168, 57.33496
859.5989, 77.01807
860.0810, 95.32080
860.5631, 95.30908
861.0452, 86.87451
861.5273, 83.26807
862.0095, 85.38330
862.4916, 89.25586
862.9737, 96.01221
863.4558, 102.2456
863.9379, 106.2295
864.4200, 107.9521
864.9022, 103.4102
865.3843, 89.87891
865.8664, 80.79395
866.3485, 92.32764
866.8306, 116.0469
867.3127, 133.2593
867.7949, 142.7866
868.2770, 141.7715
868.7591, 115.1040
869.2412, 87.62744
869.7233, 78.87305
870.2054, 91.80566
870.6876, 103.8516
871.1697, 117.0503
871.6518, 127.4517
872.1339, 131.6401
872.6160, 130.5894
873.0981, 132.2627
873.5803, 136.4634
874.0624, 137.1982
874.5445, 120.8374
875.0266, 105.6255
875.5087, 115.1055
875.9908, 147.3369
876.4730, 163.1230
876.9551, 128.1045
877.4372, 104.4673
877.9193, 118.3320
878.4014, 161.3179
878.8835, 179.4746
879.3657, 172.7017
879.8478, 161.2783
880.3299, 148.7573
880.8120, 135.2100
881.2941, 125.0747
881.7763, 119.1382
882.2584, 117.0435
882.7405, 116.2002
883.2227, 123.6577
883.7048, 148.2593
884.1869, 178.9526
884.6690, 187.1685
885.1511, 169.2134
885.6332, 151.8574
886.1154, 143.6836
886.5975, 139.6860
887.0796, 127.6562
887.5617, 113.3828
888.0438, 111.5220
888.5259, 136.2456
889.0081, 158.9287
889.4902, 166.2324
889.9723, 164.4766
890.4544, 165.5137
890.9365, 172.6201
891.4186, 174.2495
891.9008, 168.4829
892.3829, 157.4019
892.8650, 140.7007
893.3471, 121.2729
893.8292, 109.9043
894.3113, 111.3882
894.7935, 115.4570
895.2756, 119.2300
895.7577, 119.5796
896.2398, 112.0273
896.7219, 78.07520
897.2040, 69.17676
897.6862, 96.81592
898.1683, 131.0698
898.6504, 139.5923
899.1325, 125.8042
899.6146, 111.6274
900.0967, 98.82031
900.5789, 88.95264
901.0610, 82.76123
901.5431, 80.17480
902.0252, 83.28906
902.5073, 95.21924
902.9894, 96.35596
903.4716, 70.78711
903.9537, 53.25439
904.4358, 73.10596
904.9179, 126.7354
905.4000, 131.7363
905.8821, 87.68701
906.3643, 44.75439
906.8464, 40.17236
907.3285, 53.63965
907.8106, 68.28564
908.2927, 82.02734
908.7748, 88.05957
909.2570, 77.59766
909.7391, 66.04346
910.2212, 55.95654
910.7033, 48.70117
911.1854, 55.09619
911.6675, 75.71436
912.1497, 88.88867
912.6318, 80.60400
913.1139, 64.26025
913.5960, 56.18506
914.0781, 53.79053
914.5602, 50.69629
915.0424, 41.77002
915.5245, 35.58203
916.0066, 38.78906
916.4887, 43.59619
916.9708, 32.81250
917.4529, 4.247559
917.9351, 17.34668
918.4172, 28.24316
918.8993, 26.73047
919.3814, 3.426270
919.8635, 43.66797
920.3456, 60.26904
920.8278, 30.46094
921.3099, 6.306641
921.7920, 6.751953
922.2741, 17.19189
922.7562, 25.96924
923.2383, 32.92285
923.7205, 38.93213
924.2026, 43.77441
924.6847, 48.96289
925.1668, 63.45947
925.6489, 76.19971
926.1310, 62.25293
926.6132, 17.95557
927.0953, 13.19971
927.5774, 8.117188
928.0595, 10.97607
928.5416, 36.40674
929.0237, 68.06982
929.5059, 79.21729
929.9880, 67.97119
930.4701, 50.16309
930.9522, 28.03564
931.4343, 9.081055
931.9164, 11.63574
932.3986, 30.02393
932.8807, 42.49512
933.3628, 34.06592
933.8449, 23.54980
934.3270, 15.93652
934.8091, 11.64844
935.2913, 15.28320
935.7734, 30.30078
936.2555, 27.61768
936.7376, 8.230469
937.2197, 47.77295
937.7018, 40.95361
938.1840, 6.245605
938.6661, 18.50781
939.1482, 19.99756
939.6303, 14.25684
940.1124, 4.144531
940.5945, 20.66260
941.0767, 19.79346
941.5588, 1.833496
942.0409, 25.36816
942.5230, 51.19580
943.0051, 70.12842
943.4872, 73.72510
943.9694, 64.21826
944.4515, 38.24756
944.9336, 5.855957
945.4157, 33.16602
945.8978, 11.48047
946.3799, 14.08594
946.8621, 18.19434
947.3442, 2.055664
947.8263, 3.530273
948.3084, 24.19043
948.7905, 45.64551
949.2726, 58.19531
949.7548, 64.74268
950.2369, 67.05908
950.7190, 66.82666
951.2011, 69.54639
951.6832, 93.38623
952.1653, 99.78271
952.6475, 66.51416
953.1296, 16.43018
953.6117, 1.059082
954.0938, 21.48389
954.5759, 44.47559
955.0580, 65.39746
955.5402, 77.46533
956.0223, 63.27295
956.5044, 38.31299
956.9865, 25.82617
957.4686, 36.46582
957.9507, 49.82617
958.4329, 66.56787
958.9150, 80.72607
959.3971, 85.85400
959.8792, 81.70801
960.3613, 85.06738
960.8434, 96.86670
961.3256, 104.3540
961.8077, 90.60059
962.2898, 72.21729
962.7719, 57.72266
963.2540, 80.62891
963.7361, 94.03711
964.2183, 98.45996
964.7004, 66.99072
965.1825, 81.85938
965.6646, 78.15283
966.1467, 73.68018
966.6288, 95.06055
967.1110, 68.79297
967.5931, 89.75586
968.0752, 91.85889
968.5573, 102.5903
969.0394, 94.63135
969.5215, 92.44043
970.0037, 108.9385
970.4858, 115.0835
970.9679, 104.9600
971.4500, 116.2183
971.9321, 89.26514
972.4142, 95.83594
972.8964, 116.8677
973.3785, 107.6377
973.8606, 119.2031
974.3427, 122.8672
974.8248, 90.50342
975.3069, 120.3154
975.7891, 121.7534
976.2712, 94.71826
976.7533, 120.4780
977.2354, 99.22900
977.7175, 111.1548
978.1996, 142.4458
978.6818, 150.0718
979.1639, 138.5117
979.6460, 126.9546
980.1281, 121.9805
980.6102, 122.0552
981.0923, 132.3657
981.5745, 145.6450
982.0566, 145.9985
982.5387, 129.7070
983.0208, 120.6743
983.5029, 124.4658
983.9850, 132.2705
984.4672, 136.2783
984.9493, 134.1348
985.4314, 122.6099
985.9135, 95.79492
986.3956, 81.03271
986.8777, 91.13330
987.3599, 112.2461
987.8420, 143.4668
988.3241, 184.9424
988.8062, 190.0874
989.2883, 158.3574
989.7704, 129.9404
990.2526, 139.8945
990.7347, 160.4697
991.2168, 164.5000
991.6989, 154.2144
992.1810, 142.0098
992.6631, 127.6763
993.1453, 115.3794
993.6274, 104.2324
994.1095, 97.46924
994.5916, 103.9888
995.0737, 119.5010
995.5558, 134.0601
996.0380, 147.4844
996.5201, 154.5356
997.0022, 144.6836
997.4843, 129.9702
997.9664, 124.5396
998.4485, 136.1841
998.9307, 128.8735
999.4128, 96.65039
999.8949, 68.59961
1000.377, 68.70752
1000.859, 89.19531
1001.341, 119.8135
1001.823, 156.7407
1002.305, 179.1211
1002.788, 163.7881
1003.270, 143.3052
1003.752, 132.8735
1004.234, 130.8750
1004.716, 134.4419
1005.198, 144.0083
1005.680, 150.0708
1006.162, 148.5464
1006.645, 146.9810
1007.127, 158.0757
1007.609, 173.9258
1008.091, 182.4492
1008.573, 177.7720
1009.055, 173.5615
1009.537, 172.2998
1010.019, 170.6973
1010.501, 161.9346
1010.984, 148.3237
1011.466, 162.5508
1011.948, 204.9492
1012.430, 242.2456
1012.912, 247.0957
1013.394, 236.9678
1013.876, 220.5171
1014.358, 200.3750
1014.841, 134.1538
1015.323, 194.5942
1015.805, 227.6509
1016.287, 234.6914
1016.769, 141.2480
1017.251, 177.5605
1017.733, 161.8740
1018.215, 144.0562
1018.697, 198.6348
1019.180, 119.8101
1019.662, 173.2422
1020.144, 173.8809
1020.626, 198.6836
1021.108, 171.1655
1021.590, 159.8101
1022.072, 200.7920
1022.554, 212.7974
1023.037, 179.2593
1023.519, 205.6045
1024.001, 124.9639
1024.483, 138.2075
1024.965, 191.9570
1025.447, 161.0571
1025.929, 188.4761
1026.411, 193.6475
1026.893, 98.04395
1027.376, 177.6489
1027.858, 181.4829
1028.340, 107.5205
1028.822, 181.1245
1029.304, 117.8896
1029.786, 103.4995
1030.268, 125.8701
1030.750, 109.9214
1031.233, 154.3887
1031.715, 140.6577
1032.197, 121.7271
1032.679, 125.4917
1033.161, 64.95410
1033.643, 123.7261
1034.125, 101.0171
1034.607, 118.8276
1035.089, 145.8247
1035.572, 102.5181
1036.054, 133.6816
1036.536, 50.36963
1037.018, 63.18604
1037.500, 65.07617
1037.982, 128.6992
1038.464, 44.97900
1038.946, 54.59082
1039.428, 103.9458
1039.911, 97.69629
1040.393, 114.6973
1040.875, 62.87451
1041.357, 75.71045
1041.839, 70.72510
1042.321, 127.3271
1042.803, 135.3188
1043.285, 84.68457
1043.768, 34.30225
1044.250, 95.35547
1044.732, 50.79199
1045.214, 63.20947
1045.696, 16.78076
1046.178, 66.09912
1046.660, 71.08057
1047.142, 77.98242
1047.625, 84.05762
1048.107, 89.21484
1048.589, 90.96191
1049.071, 89.13770
1049.553, 89.93506
1050.035, 98.75732
1050.517, 111.3496
1050.999, 130.3340
1051.481, 152.2754
1051.964, 153.1792
1052.446, 125.8184
1052.928, 100.8682
1053.410, 86.86377
1053.892, 78.58350
1054.374, 65.02197
1054.856, 51.81934
1055.338, 52.07959
1055.820, 77.38672
1056.303, 92.56787
1056.785, 80.65088
1057.267, 63.67676
1057.749, 54.92480
1058.231, 53.79443
1058.713, 49.18506
1059.195, 41.59619
1059.677, 37.53760
1060.160, 48.62207
1060.642, 57.25586
1061.124, 43.46875
1061.606, 18.98291
1062.088, 17.71191
1062.570, 53.22852
1063.052, 64.04053
1063.534, 35.18359
1064.016, 3.893555
1064.499, 28.94434
1064.981, 75.31396
1065.463, 80.33350
1065.945, 32.79297
1066.427, 3.074219
1066.909, 4.443359
1067.391, 4.442383
1067.873, 22.22461
1068.355, 40.98975
1068.838, 18.94482
1069.320, 33.87354
1069.802, 62.51318
1070.284, 29.46094
1070.766, 5.716797
1071.248, 4.210449
1071.730, 13.85742
1072.212, 25.45801
1072.695, 32.63623
1073.177, 19.65479
1073.659, 16.55176
1074.141, 52.19873
1074.623, 74.19336
1075.105, 81.39258
1075.587, 60.82275
1076.069, 20.64062
1076.552, 3.381836
1077.034, 40.43408
1077.516, 64.85645
1077.998, 63.37061
1078.480, 47.90527
1078.962, 30.45752
1079.444, 15.93555
1079.926, 24.81152
1080.408, 64.68652
1080.891, 98.31055
1081.373, 112.1953
1081.855, 106.2822
1082.337, 74.75488
1082.819, 21.88721
1083.301, 3.140625
1083.783, 0.5610350
1084.265, 9.382813
1084.747, 19.51904
1085.230, 30.48047
1085.712, 42.44092
1086.194, 55.75098
1086.676, 71.96973
1087.158, 102.0918
1087.640, 107.2988
1088.122, 79.70898
1088.604, 51.91846
1089.087, 62.18115
1089.569, 87.56787
1090.051, 80.99707
1090.533, 46.54736
1091.015, 21.23340
1091.497, 29.79248
1091.979, 35.54883
1092.461, 29.77539
1092.943, 17.16113
1093.426, 0.2851560
1093.908, 18.27832
1094.390, 10.74463
1094.872, 30.67676
1095.354, 71.91016
1095.836, 94.13086
1096.318, 104.5933
1096.800, 106.0796
1097.283, 99.78369
1097.765, 101.4673
1098.247, 112.0942
1098.729, 112.0859
1099.211, 85.01416
1099.693, 55.78076
1100.175, 48.23389
1100.657, 57.40869
1101.140, 76.92969
1101.622, 121.5791
1102.104, 142.5435
1102.586, 136.0894
1103.068, 116.1211
1103.550, 80.60107
1104.032, 44.91260
1104.514, 45.79199
1104.996, 77.21973
1105.479, 105.9717
1105.961, 127.6172
1106.443, 131.9316
1106.925, 107.3774
1107.407, 76.88672
1107.889, 82.96094
1108.371, 117.6167
1108.853, 140.5811
1109.335, 146.3086
1109.818, 141.7734
1110.300, 122.5469
1110.782, 102.8896
1111.264, 89.56934
1111.746, 83.14502
1112.228, 92.01611
1112.710, 116.9619
1113.192, 127.3281
1113.675, 106.4434
1114.157, 82.33203
1114.639, 85.59863
1115.121, 100.7402
1115.603, 108.3730
1116.085, 101.7036
1116.567, 103.8252
1117.049, 117.4175
1117.531, 131.0977
1118.014, 137.7993
1118.496, 139.6694
1118.978, 138.8872
1119.460, 136.3477
1119.942, 133.9453
1120.424, 132.9517
1120.906, 130.9541
1121.388, 126.9941
1121.870, 129.3706
1122.353, 147.6465
1122.835, 172.1763
1123.317, 167.2441
1123.799, 133.4727
1124.281, 110.9346
1124.763, 134.6592
1125.245, 156.3711
1125.727, 154.8799
1126.210, 140.5488
1126.692, 127.8818
1127.174, 116.8994
1127.656, 120.5542
1128.138, 147.8828
1128.620, 177.5420
1129.102, 205.7153
1129.584, 218.2446
1130.067, 190.7173
1130.549, 129.5977
1131.031, 111.8682
1131.513, 141.1665
1131.995, 157.6758
1132.477, 127.8721
1132.959, 93.66357
1133.441, 105.5562
1133.923, 137.5698
1134.406, 151.8496
1134.888, 137.6719
1135.370, 124.9385
1135.852, 112.4033
1136.334, 106.6338
1136.816, 118.4639
1137.298, 136.0400
1137.780, 142.3438
1138.262, 138.2432
1138.745, 126.3608
1139.227, 93.75391
1139.709, 73.51758
1140.191, 68.37793
1140.673, 75.63770
1141.155, 100.8169
1141.637, 134.1802
1142.119, 151.0762
1142.602, 150.3711
1143.084, 138.4507
1143.566, 96.08789
1144.048, 72.64941
1144.530, 92.58789
1145.012, 127.3647
1145.494, 112.6641
1145.976, 61.20264
1146.458, 33.33643
1146.941, 41.84082
1147.423, 58.20264
1147.905, 78.52051
1148.387, 88.63721
1148.869, 74.06006
1149.351, 43.19727
1149.833, 49.63281
1150.315, 89.92041
1150.797, 113.3613
1151.280, 99.87549
1151.762, 72.93555
1152.244, 34.46338
1152.726, 5.788086
1153.208, 14.03223
1153.690, 65.21436
1154.172, 77.31494
1154.654, 48.41895
1155.137, 24.28857
1155.619, 38.30127
1156.101, 60.55957
1156.583, 58.83008
1157.065, 46.12305
1157.547, 48.13770
1158.029, 76.88623
1158.511, 87.53418
1158.994, 77.07764
1159.476, 59.26807
1159.958, 38.46875
1160.440, 21.76221
1160.922, 21.27881
1161.404, 33.41992
1161.886, 43.34619
1162.368, 49.51660
1162.850, 51.15918
1163.333, 46.74707
1163.815, 41.78955
1164.297, 44.14453
1164.779, 49.74170
1165.261, 52.88965
1165.743, 52.90625
1166.225, 47.16211
1166.707, 29.32373
1167.189, 14.77100
1167.672, 5.617676
1168.154, 4.005859
1168.636, 19.11084
1169.118, 43.51025
1169.600, 63.25879
1170.082, 77.10498
1170.564, 75.16650
1171.046, 39.08594
1171.529, 4.994141
1172.011, 14.80322
1172.493, 21.84717
1172.975, 15.57812
1173.457, 0.2670900
1173.939, 9.941406
1174.421, 8.653320
1174.903, 6.930664
1175.385, 9.887695
1175.868, 12.78467
1176.350, 10.88330
1176.832, 6.266113
1177.314, 20.92041
1177.796, 48.38086
1178.278, 52.08984
1178.760, 19.65234
1179.242, 69.75684
1179.724, 27.70850
1180.207, 34.37256
1180.689, 49.93848
1181.171, 19.85156
1181.653, 5.535645
1182.135, 25.04590
1182.617, 29.19189
1183.099, 9.007813
1183.581, 40.75391
1184.064, 26.89844
1184.546, 2.195801
1185.028, 2.244141
1185.510, 41.88574
1185.992, 57.56250
1186.474, 44.80078
1186.956, 4.943359
1187.438, 56.55029
1187.921, 91.47363
1188.403, 101.2461
1188.885, 10.53418
1189.367, 49.57568
1189.849, 36.61572
1190.331, 21.52148
1190.813, 78.82031
1191.295, 2.711426
1191.777, 58.85352
1192.260, 62.20508
1192.742, 89.71143
1193.224, 64.89453
1193.706, 56.23389
1194.188, 99.90820
1194.670, 114.6021
1195.152, 83.75098
1195.634, 112.7773
1196.116, 34.81396
1196.599, 50.73633
1197.081, 107.1577
1197.563, 78.92334
1198.045, 108.8936
1198.527, 116.6919
1199.009, 23.74561
1199.491, 106.0005
1199.973, 112.4834
1200.456, 41.16895
1200.938, 117.4126
1201.420, 56.81348
1201.902, 45.05518
1202.384, 70.05273
1202.866, 56.72803
1203.348, 103.8164
1203.830, 92.69971
1204.313, 76.38525
1204.795, 82.75732
1205.277, 24.81934
1205.759, 49.53125
1206.241, 95.32910
1206.723, 127.3071
1207.205, 146.3203
1207.687, 147.1558
1208.169, 107.3242
1208.651, 65.12256
1209.134, 70.74316
1209.616, 103.8018
1210.098, 123.9297
1210.580, 123.0078
1211.062, 121.8462
1211.544, 120.3408
1212.026, 121.4492
1212.508, 134.4595
1212.991, 145.6538
1213.473, 133.8232
1213.955, 108.1445
1214.437, 95.56055
1214.919, 102.3345
1215.401, 105.7104
1215.883, 102.6699
1216.365, 103.9380
1216.848, 128.7109
1217.330, 155.6255
1217.812, 157.2354
1218.294, 139.3413
1218.776, 131.6250
1219.258, 141.0356
1219.740, 139.7373
1220.222, 121.5957
1220.704, 106.0566
1221.187, 121.9668
1221.669, 144.2173
1222.151, 139.8813
1222.633, 113.2954
1223.115, 110.2715
1223.597, 139.8384
1224.079, 160.5005
1224.561, 164.0225
1225.043, 160.0317
1225.526, 158.5850
1226.008, 155.5430
1226.490, 143.2407
1226.972, 122.2983
1227.454, 113.3843
1227.936, 116.8960
1228.418, 133.1353
1228.900, 166.2842
1229.383, 196.4072
1229.865, 192.1460
1230.347, 178.7368
1230.829, 187.9780
1231.311, 222.2988
1231.793, 229.5630
1232.275, 204.1318
1232.757, 194.7046
1233.240, 223.2476
1233.722, 252.8999
1234.204, 243.2168
1234.686, 214.1421
1235.168, 181.8848
1235.650, 147.6143
1236.132, 134.6377
1236.614, 142.7544
1237.096, 149.9272
1237.579, 152.2090
1238.061, 160.6489
1238.543, 198.0596
1239.025, 236.4009
1239.507, 239.5903
1239.989, 206.3931
1240.471, 175.8130
1240.953, 150.2393
1241.436, 142.0205
1241.918, 165.4673
1242.400, 193.4116
1242.882, 213.2778
1243.364, 220.5200
1243.846, 205.0571
1244.328, 165.3413
1244.810, 157.1128
1245.292, 180.0957
1245.775, 198.8325
1246.257, 197.9966
1246.739, 185.3506
1247.221, 146.5864
1247.703, 113.5869
1248.185, 124.8643
1248.667, 182.2852
1249.149, 200.4683
1249.631, 183.0771
1250.114, 168.2505
1250.596, 189.6172
1251.078, 202.8125
1251.560, 171.6343
1252.042, 132.2515
1252.524, 121.7173
1253.006, 138.3369
1253.488, 146.6597
1253.971, 147.1719
1254.453, 145.3018
1254.935, 134.6309
1255.417, 134.4951
1255.899, 167.5049
1256.381, 198.9136
1256.863, 188.0195
1257.345, 144.4971
1257.828, 131.1504
1258.310, 144.6768
1258.792, 157.8350
1259.274, 152.7930
1259.756, 152.9619
1260.238, 171.5605
1260.720, 186.0000
1261.202, 163.7144
1261.684, 119.4756
1262.167, 107.3604
1262.649, 121.9058
1263.131, 126.2568
1263.613, 80.24463
1264.095, 63.34521
1264.577, 99.67188
1265.059, 140.9458
1265.541, 126.6792
1266.023, 82.79199
1266.506, 59.81787
1266.988, 58.05713
1267.470, 65.38623
1267.952, 85.27637
1268.434, 102.5796
1268.916, 115.5342
1269.398, 126.7090
1269.880, 147.0244
1270.363, 162.2158
1270.845, 139.9321
1271.327, 90.09180
1271.809, 69.85742
1272.291, 98.45068
1272.773, 111.0908
1273.255, 97.81055
1273.737, 80.05615
1274.219, 78.66895
1274.702, 84.43945
1275.184, 91.18799
1275.666, 96.65186
1276.148, 94.80615
1276.630, 84.50244
1277.112, 71.58057
1277.594, 55.94580
1278.076, 46.37305
1278.558, 60.65625
1279.041, 74.76514
1279.523, 66.62207
1280.005, 43.36426
1280.487, 20.09424
1280.969, 3.443848
1281.451, 4.334961
1281.933, 48.50879
1282.415, 82.86084
1282.898, 64.21191
1283.380, 37.44141
1283.862, 25.20361
1284.344, 23.48975
1284.826, 24.29785
1285.308, 28.55273
1285.790, 46.72510
1286.272, 79.74561
1286.755, 103.2500
1287.237, 101.6309
1287.719, 88.68164
1288.201, 61.70654
1288.683, 37.04492
1289.165, 57.05664
1289.647, 99.74805
1290.129, 95.52832
1290.611, 40.00977
1291.094, 0.4482420
1291.576, 10.21094
1292.058, 18.92480
1292.540, 14.99121
1293.022, 6.884766
1293.504, 5.144043
1293.986, 7.833008
1294.468, 9.700195
1294.950, 11.04053
1295.433, 24.08301
1295.915, 61.44434
1296.397, 70.28125
1296.879, 33.62744
1297.361, 2.796875
1297.843, 25.16455
1298.325, 71.29492
1298.807, 84.85010
1299.290, 66.78711
1299.772, 59.60547
1300.254, 65.94775
1300.736, 58.02637
1301.218, 29.26318
1301.700, 2.225098
1302.182, 3.000488
1302.664, 3.549805
1303.146, 21.77734
1303.629, 44.52783
1304.111, 47.48096
1304.593, 46.94922
1305.075, 30.21533
1305.557, 0.0000000E+00
##END=



