##NAMES=Triplite
##RRUFFID=R050186
##IDEAL CHEMISTRY=Mn^2+^_2_(PO_4_)F
##LOCALITY=Wuzhou, Guangxi Autonomous Region, China
##OWNER=RRUFF
##SOURCE=John Lucking
##DESCRIPTION=Orangish red fragments
##STATUS=The identification of this mineral has been confirmed by X-ray diffraction and chemical analysis
##URL=rruff.info/R050186
##MEASURED CHEMISTRY=(Mn^2+^_1.60_Fe^2+^_0.21_Mg_0.15_Ca_0.04_)_Σ=2_(P_1.00_O_4_)(F_0.80_(OH)_0.20_)_Σ=1_
82.99548, 0.0000000E+00
83.47760, 0.1282500
83.95972, 0.1771320
84.44183, 21.09636
84.92395, 40.74942
85.40607, 46.45854
85.88818, 38.12404
86.37030, 30.63348
86.85242, 34.66452
87.33453, 43.52290
87.81665, 49.79961
88.29876, 48.02544
88.78088, 42.99536
89.26299, 39.58443
89.74511, 37.96601
90.22723, 39.83696
90.70934, 43.31580
91.19146, 49.54290
91.67358, 56.98525
92.15569, 69.35216
92.63781, 84.94012
93.11993, 90.58849
93.60204, 80.76047
94.08416, 67.08296
94.56628, 65.21346
95.04839, 79.95142
95.53051, 100.2489
96.01263, 103.1087
96.49474, 96.28533
96.97686, 92.33135
97.45898, 95.49035
97.94109, 107.7326
98.42320, 113.3555
98.90532, 111.8283
99.38744, 104.9524
99.86955, 95.64741
100.3517, 83.34309
100.8338, 70.58474
101.3159, 57.64574
101.7980, 43.10050
102.2801, 34.66927
102.7623, 35.72079
103.2444, 44.73530
103.7265, 46.84090
104.2086, 39.05373
104.6907, 27.55791
105.1728, 18.05446
105.6550, 11.93752
106.1371, 5.639374
106.6192, 2.378090
107.1013, 13.86221
107.5834, 20.45258
108.0655, 18.69869
108.5477, 12.51984
109.0298, 9.139954
109.5119, 12.66529
109.9940, 15.53806
110.4761, 15.35854
110.9582, 10.63525
111.4403, 4.659927
111.9225, 1.355103
112.4046, 7.997208
112.8867, 18.27628
113.3688, 33.52669
113.8509, 51.86003
114.3330, 72.22800
114.8152, 92.76511
115.2973, 116.5457
115.7794, 147.4520
116.2615, 185.9328
116.7436, 219.8029
117.2257, 237.3599
117.7079, 248.1720
118.1900, 264.6793
118.6721, 297.0126
119.1542, 333.1902
119.6363, 366.1931
120.1184, 394.6325
120.6006, 420.5145
121.0827, 441.5612
121.5648, 460.1930
122.0469, 482.9101
122.5290, 520.7064
123.0111, 562.5561
123.4933, 593.3657
123.9754, 599.6873
124.4575, 603.9824
124.9396, 634.6387
125.4217, 689.8218
125.9038, 747.7423
126.3860, 780.1745
126.8681, 786.1884
127.3502, 790.4753
127.8323, 813.9111
128.3144, 846.9171
128.7965, 870.0140
129.2787, 882.7375
129.7608, 891.0241
130.2429, 902.5169
130.7250, 916.4270
131.2071, 926.7166
131.6892, 926.6118
132.1714, 918.5120
132.6535, 917.3140
133.1356, 924.3022
133.6177, 937.4238
134.0998, 953.8657
134.5819, 973.7557
135.0640, 993.0472
135.5462, 1008.381
136.0283, 1019.515
136.5104, 1029.748
136.9925, 1037.462
137.4746, 1044.453
137.9567, 1063.968
138.4389, 1100.468
138.9210, 1139.331
139.4031, 1164.352
139.8852, 1172.601
140.3673, 1179.564
140.8494, 1190.116
141.3316, 1204.313
141.8137, 1217.131
142.2958, 1228.347
142.7779, 1239.014
143.2600, 1252.380
143.7421, 1274.122
144.2243, 1289.600
144.7064, 1292.318
145.1885, 1273.837
145.6706, 1260.577
146.1527, 1257.285
146.6348, 1259.656
147.1170, 1250.890
147.5991, 1219.110
148.0812, 1186.665
148.5633, 1165.947
149.0454, 1171.524
149.5275, 1170.474
150.0097, 1157.121
150.4918, 1131.461
150.9739, 1110.480
151.4560, 1093.560
151.9381, 1081.560
152.4202, 1075.016
152.9024, 1076.095
153.3845, 1080.354
153.8666, 1088.231
154.3487, 1100.707
154.8308, 1110.580
155.3129, 1116.876
155.7950, 1120.331
156.2772, 1121.583
156.7593, 1114.855
157.2414, 1110.653
157.7235, 1114.604
158.2056, 1133.046
158.6877, 1146.902
159.1699, 1148.727
159.6520, 1142.099
160.1341, 1135.574
160.6162, 1130.665
161.0983, 1128.077
161.5804, 1128.575
162.0626, 1139.199
162.5447, 1144.314
163.0268, 1134.456
163.5089, 1112.227
163.9910, 1090.787
164.4731, 1074.473
164.9553, 1061.985
165.4374, 1052.631
165.9195, 1050.402
166.4016, 1049.029
166.8837, 1042.135
167.3658, 1029.180
167.8480, 1020.709
168.3301, 1024.871
168.8122, 1037.836
169.2943, 1053.634
169.7764, 1073.363
170.2585, 1092.844
170.7407, 1107.602
171.2228, 1116.631
171.7049, 1123.415
172.1870, 1129.334
172.6691, 1135.396
173.1512, 1143.233
173.6334, 1158.454
174.1155, 1174.102
174.5976, 1179.816
175.0797, 1171.389
175.5618, 1159.213
176.0439, 1155.705
176.5260, 1159.255
177.0082, 1160.213
177.4903, 1149.094
177.9724, 1131.152
178.4545, 1117.555
178.9366, 1113.115
179.4187, 1111.153
179.9009, 1101.314
180.3830, 1083.967
180.8651, 1065.494
181.3472, 1051.272
181.8293, 1040.099
182.3114, 1028.287
182.7936, 1013.653
183.2757, 998.0311
183.7578, 986.5776
184.2399, 979.9185
184.7220, 970.6368
185.2041, 945.9766
185.6863, 908.9735
186.1684, 878.9648
186.6505, 867.8500
187.1326, 870.4185
187.6147, 865.9908
188.0968, 853.2073
188.5790, 838.2505
189.0611, 832.2059
189.5432, 834.4575
190.0253, 830.8571
190.5074, 810.0605
190.9895, 775.2202
191.4717, 747.5908
191.9538, 729.1074
192.4359, 716.1859
192.9180, 704.0455
193.4001, 692.9372
193.8822, 678.5026
194.3644, 656.4601
194.8465, 627.1453
195.3286, 599.8703
195.8107, 576.3030
196.2928, 554.7608
196.7749, 530.2321
197.2570, 502.1851
197.7392, 474.5079
198.2213, 450.4750
198.7034, 430.1383
199.1855, 411.0401
199.6676, 392.8472
200.1497, 375.4022
200.6319, 358.0786
201.1140, 340.8519
201.5961, 323.8553
202.0782, 306.9139
202.5603, 289.6617
203.0424, 274.6461
203.5246, 262.4221
204.0067, 252.9429
204.4888, 247.5577
204.9709, 248.4108
205.4530, 249.1510
205.9352, 241.1898
206.4173, 221.9426
206.8994, 204.1812
207.3815, 191.6277
207.8636, 184.2194
208.3457, 180.3265
208.8279, 181.6970
209.3100, 184.2760
209.7921, 182.2766
210.2742, 175.1542
210.7563, 164.8931
211.2384, 150.4284
211.7206, 129.5784
212.2027, 117.5007
212.6848, 116.8802
213.1669, 122.8403
213.6490, 126.2391
214.1311, 126.8952
214.6133, 125.4979
215.0954, 121.8004
215.5775, 114.8103
216.0596, 109.0284
216.5417, 104.6360
217.0238, 101.4091
217.5059, 99.30316
217.9881, 100.2119
218.4702, 98.81439
218.9523, 91.06274
219.4344, 72.51215
219.9165, 60.68018
220.3986, 59.97058
220.8808, 66.32751
221.3629, 62.64264
221.8450, 42.15479
222.3271, 21.79205
222.8092, 12.80731
223.2913, 22.29987
223.7735, 26.38721
224.2556, 20.90100
224.7377, 7.518982
225.2198, 1.563416
225.7019, 3.823975
226.1840, 5.163208
226.6662, 10.94653
227.1483, 26.71155
227.6304, 34.87048
228.1125, 29.41150
228.5946, 11.70416
229.0767, 5.368713
229.5589, 16.96149
230.0410, 32.85065
230.5231, 41.51910
231.0052, 40.31061
231.4873, 36.77478
231.9694, 32.24738
232.4516, 26.78027
232.9337, 17.44879
233.4158, 0.2409060
233.8979, 17.03815
234.3800, 25.44946
234.8621, 18.87781
235.3443, 14.66968
235.8264, 17.32715
236.3085, 27.77539
236.7906, 35.26154
237.2727, 37.97168
237.7548, 39.20947
238.2369, 43.53998
238.7191, 55.34900
239.2012, 62.72632
239.6833, 61.77960
240.1654, 50.98755
240.6475, 40.61218
241.1296, 28.20477
241.6118, 17.91766
242.0939, 16.17188
242.5760, 27.46008
243.0581, 39.83490
243.5402, 50.80792
244.0223, 61.02118
244.5045, 66.39575
244.9866, 65.71356
245.4687, 60.96490
245.9508, 54.54602
246.4329, 43.01355
246.9150, 35.62408
247.3972, 37.35620
247.8793, 53.27728
248.3614, 59.64996
248.8435, 51.74048
249.3256, 36.68298
249.8077, 28.13885
250.2899, 28.43970
250.7720, 31.18756
251.2541, 34.40125
251.7362, 38.39374
252.2183, 41.91754
252.7004, 45.60992
253.1826, 48.47351
253.6647, 48.30212
254.1468, 44.35956
254.6289, 38.52301
255.1110, 30.77972
255.5931, 18.84851
256.0753, 11.30786
256.5574, 9.426086
257.0395, 11.21161
257.5216, 12.04608
258.0037, 11.64270
258.4858, 10.82147
258.9680, 9.863220
259.4501, 8.553040
259.9322, 7.603455
260.4143, 6.616821
260.8964, 6.191101
261.3785, 8.030457
261.8607, 12.72913
262.3428, 18.55542
262.8249, 24.52795
263.3070, 30.00201
263.7891, 38.28009
264.2712, 51.29791
264.7534, 66.28790
265.2355, 73.24927
265.7176, 66.74731
266.1997, 64.67029
266.6818, 79.39661
267.1639, 117.4670
267.6461, 145.7830
268.1282, 161.0079
268.6103, 166.2935
269.0924, 168.0762
269.5745, 162.6484
270.0566, 163.4226
270.5387, 182.0228
271.0208, 224.0809
271.5030, 253.2727
271.9851, 263.1951
272.4672, 261.3630
272.9493, 269.3213
273.4314, 289.5927
273.9135, 310.9482
274.3957, 325.7677
274.8778, 332.9452
275.3599, 343.2953
275.8420, 359.7878
276.3241, 378.3239
276.8062, 387.7521
277.2884, 387.1307
277.7705, 381.7222
278.2526, 372.1106
278.7347, 357.7157
279.2168, 351.2854
279.6989, 357.0726
280.1811, 368.4102
280.6632, 367.9799
281.1453, 354.4415
281.6274, 337.9230
282.1095, 324.6600
282.5916, 314.7522
283.0738, 303.9351
283.5559, 290.9830
284.0380, 277.0587
284.5201, 264.1985
285.0022, 252.0157
285.4843, 241.3432
285.9665, 233.4394
286.4486, 227.9512
286.9307, 221.7107
287.4128, 214.3960
287.8949, 205.7922
288.3770, 195.1282
288.8592, 182.4672
289.3413, 170.3788
289.8234, 162.5358
290.3055, 157.9271
290.7876, 148.5471
291.2697, 130.9735
291.7519, 111.7398
292.2340, 104.5351
292.7161, 108.8911
293.1982, 114.2000
293.6803, 112.4321
294.1624, 106.0162
294.6446, 103.7175
295.1267, 107.7528
295.6088, 112.9130
296.0909, 110.5450
296.5730, 102.0583
297.0551, 94.52386
297.5373, 93.22504
298.0194, 95.52533
298.5015, 96.20642
298.9836, 94.57172
299.4657, 91.97675
299.9478, 89.06329
300.4300, 86.48541
300.9121, 86.52386
301.3942, 92.95477
301.8763, 101.5115
302.3584, 105.3906
302.8405, 103.1829
303.3227, 100.0511
303.8048, 101.8547
304.2869, 106.7576
304.7690, 109.7886
305.2511, 104.9549
305.7332, 98.79596
306.2154, 98.44348
306.6975, 105.0060
307.1796, 114.1452
307.6617, 124.3258
308.1438, 134.7309
308.6259, 143.6394
309.1081, 149.7994
309.5901, 154.2809
310.0723, 158.7362
310.5544, 163.8280
311.0365, 165.4750
311.5186, 156.5989
312.0007, 142.9822
312.4828, 134.4487
312.9650, 137.5776
313.4471, 145.2090
313.9292, 155.5391
314.4113, 169.5487
314.8934, 176.6664
315.3755, 164.5432
315.8577, 144.3674
316.3398, 131.1846
316.8219, 135.4005
317.3040, 143.1952
317.7861, 149.5006
318.2682, 154.0695
318.7504, 155.7629
319.2325, 152.0172
319.7146, 145.9615
320.1967, 141.0316
320.6788, 135.8658
321.1609, 133.9510
321.6431, 138.9565
322.1252, 151.4268
322.6073, 158.5671
323.0894, 155.6727
323.5715, 147.4736
324.0536, 137.9560
324.5358, 124.7841
325.0179, 113.5034
325.5000, 106.3505
325.9821, 103.4335
326.4642, 98.15674
326.9464, 87.67157
327.4285, 76.20605
327.9106, 66.56659
328.3927, 56.70874
328.8748, 51.44073
329.3569, 53.66620
329.8391, 62.29279
330.3212, 66.99811
330.8033, 66.48328
331.2854, 63.29950
331.7675, 58.84589
332.2496, 51.99158
332.7318, 45.85815
333.2139, 40.57080
333.6960, 36.16150
334.1781, 32.55652
334.6602, 30.09229
335.1423, 27.90662
335.6245, 25.20782
336.1066, 21.11646
336.5887, 19.31708
337.0708, 20.70715
337.5529, 24.01642
338.0350, 26.33820
338.5172, 28.13623
338.9993, 27.52570
339.4814, 21.26019
339.9635, 7.864990
340.4456, 3.880127
340.9277, 13.14032
341.4099, 27.00098
341.8920, 28.28290
342.3741, 15.61670
342.8562, 3.510010
343.3383, 0.2105100
343.8204, 4.740295
344.3026, 5.119995
344.7847, 0.3308720
345.2668, 5.747681
345.7489, 6.594116
346.2310, 2.836060
346.7131, 1.234558
347.1953, 7.418884
347.6774, 17.93750
348.1595, 20.97107
348.6416, 15.89838
349.1237, 9.247192
349.6058, 8.052673
350.0880, 10.84808
350.5700, 13.23090
351.0522, 13.53217
351.5343, 12.46106
352.0164, 10.26190
352.4985, 7.019043
352.9806, 5.037476
353.4627, 7.781921
353.9449, 12.73383
354.4270, 15.70886
354.9091, 14.16840
355.3912, 11.55759
355.8733, 10.32730
356.3554, 10.53427
356.8376, 12.40433
357.3197, 19.76477
357.8018, 27.19742
358.2839, 28.85474
358.7660, 19.62943
359.2481, 10.43356
359.7303, 7.893829
360.2124, 10.13992
360.6945, 11.79764
361.1766, 8.233185
361.6587, 4.970367
362.1408, 6.306183
362.6230, 16.40900
363.1051, 22.92340
363.5872, 19.98810
364.0693, 11.30316
364.5514, 3.740143
365.0335, 1.574310
365.5157, 5.286072
365.9978, 7.329041
366.4799, 7.146698
366.9620, 7.122864
367.4441, 6.660309
367.9262, 6.706268
368.4084, 8.471069
368.8905, 12.84769
369.3726, 17.93387
369.8547, 23.92947
370.3368, 31.15823
370.8189, 36.09628
371.3011, 38.96130
371.7832, 39.32025
372.2653, 35.76938
372.7474, 23.62006
373.2295, 17.85873
373.7116, 22.93607
374.1938, 37.09140
374.6759, 47.17072
375.1580, 52.51324
375.6401, 55.07965
376.1222, 54.83838
376.6043, 50.68170
377.0865, 51.72305
377.5686, 61.00189
378.0507, 74.33453
378.5328, 79.32614
379.0149, 74.90323
379.4970, 71.20816
379.9792, 75.15637
380.4613, 86.01733
380.9434, 96.12796
381.4255, 105.4246
381.9076, 113.0205
382.3897, 115.7729
382.8719, 114.5897
383.3540, 115.9103
383.8361, 124.7244
384.3182, 137.9680
384.8003, 149.4005
385.2824, 158.8884
385.7646, 166.2037
386.2467, 169.2769
386.7288, 170.0618
387.2109, 172.8585
387.6930, 181.3996
388.1751, 191.3834
388.6573, 198.6762
389.1394, 203.5025
389.6215, 207.4722
390.1036, 208.7148
390.5857, 210.8306
391.0678, 218.0870
391.5499, 235.9679
392.0320, 253.7402
392.5142, 265.5317
392.9963, 272.4985
393.4784, 278.4057
393.9605, 284.1413
394.4426, 289.5809
394.9247, 294.0739
395.4069, 295.1324
395.8890, 300.3582
396.3711, 314.2825
396.8532, 333.0694
397.3353, 349.7417
397.8174, 362.9319
398.2996, 374.0236
398.7817, 383.6289
399.2638, 391.4709
399.7459, 397.6845
400.2280, 397.9617
400.7101, 398.7687
401.1923, 407.7510
401.6744, 429.0251
402.1565, 452.0712
402.6386, 475.3011
403.1207, 498.5494
403.6028, 521.2585
404.0850, 543.5205
404.5671, 565.7911
405.0492, 588.1636
405.5313, 610.3118
406.0134, 632.8249
406.4955, 654.7582
406.9777, 678.5595
407.4598, 710.2250
407.9419, 750.1220
408.4240, 793.9074
408.9061, 839.7693
409.3882, 887.8147
409.8704, 936.3118
410.3525, 984.6005
410.8346, 1035.945
411.3167, 1095.109
411.7988, 1162.060
412.2809, 1233.564
412.7631, 1309.355
413.2452, 1390.334
413.7273, 1476.945
414.2094, 1569.430
414.6915, 1666.259
415.1736, 1758.699
415.6558, 1855.899
416.1379, 1969.118
416.6200, 2113.520
417.1021, 2266.330
417.5842, 2411.566
418.0663, 2552.168
418.5485, 2698.517
419.0306, 2864.606
419.5127, 3034.542
419.9948, 3200.815
420.4769, 3362.160
420.9590, 3510.943
421.4412, 3637.635
421.9233, 3752.263
422.4054, 3875.801
422.8875, 4026.738
423.3696, 4172.357
423.8517, 4296.871
424.3339, 4388.819
424.8160, 4498.348
425.2981, 4640.487
425.7802, 4789.908
426.2623, 4924.233
426.7444, 5036.829
427.2266, 5145.208
427.7087, 5262.486
428.1908, 5381.144
428.6729, 5455.295
429.1550, 5481.871
429.6371, 5470.917
430.1193, 5429.326
430.6014, 5357.911
431.0835, 5246.792
431.5656, 5091.265
432.0477, 4901.284
432.5298, 4688.767
433.0119, 4453.243
433.4940, 4215.994
433.9762, 3979.513
434.4583, 3748.650
434.9404, 3543.219
435.4225, 3364.625
435.9046, 3201.627
436.3867, 3039.903
436.8689, 2885.531
437.3510, 2756.026
437.8331, 2664.611
438.3152, 2594.878
438.7973, 2530.984
439.2794, 2473.341
439.7616, 2424.113
440.2437, 2384.938
440.7258, 2355.240
441.2079, 2334.404
441.6900, 2321.360
442.1721, 2319.288
442.6543, 2335.078
443.1364, 2362.547
443.6185, 2389.702
444.1006, 2412.021
444.5827, 2433.736
445.0648, 2454.623
445.5470, 2472.844
446.0291, 2500.646
446.5112, 2547.501
446.9933, 2600.391
447.4754, 2648.036
447.9576, 2686.085
448.4397, 2724.631
448.9218, 2764.818
449.4039, 2806.672
449.8860, 2850.301
450.3681, 2904.753
450.8503, 2944.098
451.3324, 2950.565
451.8145, 2919.015
452.2966, 2886.698
452.7787, 2855.750
453.2608, 2821.639
453.7430, 2777.897
454.2251, 2725.112
454.7072, 2658.934
455.1893, 2574.518
455.6714, 2475.784
456.1535, 2372.792
456.6357, 2265.804
457.1178, 2157.628
457.5999, 2049.839
458.0820, 1943.498
458.5641, 1844.271
459.0462, 1754.467
459.5284, 1668.835
460.0105, 1582.520
460.4926, 1495.591
460.9747, 1412.777
461.4568, 1334.353
461.9389, 1261.348
462.4211, 1195.057
462.9032, 1135.096
463.3853, 1079.276
463.8674, 1026.776
464.3495, 978.2345
464.8316, 933.9672
465.3138, 895.2285
465.7959, 860.0902
466.2780, 829.8096
466.7601, 804.0693
467.2422, 776.6434
467.7243, 747.1298
468.2065, 715.9178
468.6886, 682.4365
469.1707, 644.0103
469.6528, 610.0760
470.1349, 583.1475
470.6170, 559.4188
471.0992, 530.2907
471.5813, 493.3283
472.0634, 460.3375
472.5455, 435.7523
473.0276, 418.8063
473.5097, 404.7383
473.9918, 394.2108
474.4739, 382.4245
474.9561, 362.1443
475.4382, 335.3309
475.9203, 312.6194
476.4024, 297.2424
476.8845, 285.6272
477.3666, 271.8439
477.8488, 256.6633
478.3309, 244.2900
478.8130, 241.8181
479.2951, 241.5383
479.7772, 234.6405
480.2593, 219.5877
480.7415, 203.7062
481.2236, 190.4305
481.7057, 178.5237
482.1878, 166.6324
482.6699, 153.2430
483.1520, 141.4890
483.6342, 132.5735
484.1163, 126.2811
484.5984, 121.3601
485.0805, 118.2377
485.5626, 115.6978
486.0447, 113.1809
486.5269, 110.4391
487.0090, 108.4827
487.4911, 108.4882
487.9732, 108.5544
488.4553, 105.3985
488.9374, 97.93005
489.4196, 90.49832
489.9017, 83.83563
490.3838, 78.17038
490.8659, 75.51218
491.3480, 76.52133
491.8301, 77.12256
492.3123, 73.50723
492.7944, 66.40842
493.2765, 59.85428
493.7586, 54.84610
494.2407, 49.58063
494.7228, 39.00876
495.2050, 25.58032
495.6871, 17.41696
496.1692, 23.64178
496.6513, 33.90213
497.1334, 37.51886
497.6155, 34.23560
498.0977, 29.72672
498.5798, 27.57074
499.0619, 25.68848
499.5440, 21.95090
500.0261, 11.71744
500.5082, 5.202454
500.9904, 8.844360
501.4725, 18.42188
501.9546, 23.60376
502.4367, 18.39221
502.9188, 12.87320
503.4009, 10.00314
503.8831, 10.13779
504.3652, 10.99774
504.8473, 14.40540
505.3294, 16.40488
505.8115, 11.66336
506.2936, 3.051025
506.7758, 10.15833
507.2579, 3.968414
507.7400, 8.403931
508.2221, 6.726288
508.7042, 9.587402
509.1863, 24.25330
509.6685, 27.45822
510.1506, 22.12714
510.6327, 16.43753
511.1148, 10.47272
511.5969, 5.886597
512.0790, 4.296906
512.5612, 5.164978
513.0433, 7.821503
513.5254, 14.35715
514.0075, 19.65280
514.4896, 18.74393
514.9717, 13.28391
515.4539, 8.293030
515.9360, 4.792450
516.4181, 3.211121
516.9002, 4.642822
517.3823, 10.31485
517.8644, 13.81482
518.3466, 12.09756
518.8287, 8.764313
519.3108, 7.465576
519.7929, 11.50949
520.2750, 12.15097
520.7571, 6.186096
521.2393, 3.636658
521.7214, 7.135864
522.2035, 2.501221
522.6856, 3.381531
523.1677, 7.746246
523.6498, 10.57733
524.1320, 10.93759
524.6141, 8.434906
525.0962, 5.165863
525.5783, 3.067902
526.0604, 2.078613
526.5425, 2.138916
527.0247, 3.895386
527.5068, 5.712830
527.9889, 4.805603
528.4710, 1.988434
528.9531, 0.1552730
529.4352, 2.431763
529.9174, 5.360504
530.3995, 5.833557
530.8816, 3.220764
531.3637, 1.053864
531.8458, 1.389404
532.3279, 2.513428
532.8101, 2.840393
533.2922, 1.029327
533.7743, 0.3213500
534.2564, 0.4721680
534.7385, 2.012360
535.2206, 0.3318480
535.7027, 10.61554
536.1848, 18.13434
536.6669, 18.10312
537.1490, 9.953583
537.6312, 3.671295
538.1133, 0.8893430
538.5954, 3.057495
539.0775, 0.8257750
539.5596, 5.329865
540.0417, 9.456818
540.5239, 10.15381
541.0060, 9.018524
541.4881, 6.799164
541.9702, 4.412109
542.4523, 5.549408
542.9344, 16.24310
543.4166, 29.00140
543.8987, 36.22974
544.3808, 37.73392
544.8629, 36.63870
545.3450, 30.89664
545.8271, 25.41449
546.3093, 24.52878
546.7914, 31.66589
547.2735, 39.57117
547.7556, 47.98462
548.2377, 56.06143
548.7198, 62.03015
549.2020, 64.05139
549.6841, 66.42258
550.1662, 70.53326
550.6483, 76.22668
551.1304, 80.11685
551.6125, 81.53040
552.0947, 82.75226
552.5768, 85.82904
553.0589, 90.72568
553.5410, 93.38968
554.0231, 92.46014
554.5052, 92.36404
554.9874, 101.3605
555.4695, 117.0361
555.9516, 129.9995
556.4337, 132.3678
556.9158, 133.6268
557.3979, 147.5449
557.8801, 171.5212
558.3622, 191.7493
558.8443, 197.9060
559.3264, 199.5626
559.8085, 202.8580
560.2906, 208.1024
560.7728, 217.1147
561.2549, 234.4559
561.7370, 254.0906
562.2191, 269.2249
562.7012, 274.2104
563.1833, 282.5320
563.6655, 295.3905
564.1476, 312.3935
564.6297, 333.4160
565.1118, 361.2630
565.5939, 386.6983
566.0760, 404.3269
566.5582, 414.1590
567.0403, 425.4160
567.5224, 438.4838
568.0045, 455.8625
568.4866, 482.3614
568.9688, 514.6970
569.4509, 543.0013
569.9330, 563.3148
570.4151, 581.5185
570.8972, 603.9362
571.3793, 628.2086
571.8615, 649.2208
572.3436, 661.4985
572.8257, 673.9819
573.3078, 693.7026
573.7899, 720.2216
574.2720, 740.4359
574.7542, 750.0229
575.2363, 753.1888
575.7184, 751.9664
576.2005, 743.4980
576.6826, 738.8807
577.1647, 740.5698
577.6469, 743.2725
578.1290, 739.2017
578.6111, 726.5522
579.0932, 719.7677
579.5753, 722.4089
580.0574, 731.8825
580.5396, 738.9598
581.0217, 744.2136
581.5038, 758.2772
581.9859, 792.7112
582.4680, 838.5814
582.9501, 878.6976
583.4323, 912.4250
583.9144, 950.2973
584.3965, 1001.958
584.8786, 1060.956
585.3607, 1120.137
585.8428, 1173.032
586.3250, 1233.309
586.8071, 1308.540
587.2892, 1393.225
587.7713, 1477.640
588.2534, 1550.910
588.7355, 1636.022
589.2177, 1740.578
589.6998, 1861.859
590.1819, 1981.698
590.6640, 2097.271
591.1461, 2218.610
591.6282, 2353.803
592.1104, 2502.606
592.5925, 2648.295
593.0746, 2789.971
593.5567, 2932.348
594.0388, 3078.139
594.5209, 3227.507
595.0031, 3378.662
595.4852, 3526.165
595.9673, 3679.670
596.4494, 3861.512
596.9315, 4058.499
597.4136, 4233.375
597.8958, 4366.319
598.3779, 4475.214
598.8600, 4568.631
599.3421, 4647.787
599.8242, 4705.607
600.3063, 4752.251
600.7885, 4768.815
601.2706, 4744.173
601.7527, 4669.476
602.2348, 4572.911
602.7169, 4447.361
603.1990, 4310.559
603.6812, 4184.775
604.1633, 4070.423
604.6454, 3967.475
605.1275, 3879.385
605.6096, 3801.291
606.0917, 3717.385
606.5739, 3631.465
607.0560, 3560.749
607.5381, 3523.527
608.0202, 3503.202
608.5023, 3485.734
608.9844, 3470.059
609.4666, 3450.652
609.9487, 3432.445
610.4308, 3405.123
610.9129, 3361.113
611.3950, 3298.173
611.8771, 3220.546
612.3593, 3129.741
612.8414, 3023.069
613.3235, 2896.363
613.8056, 2738.983
614.2877, 2580.586
614.7698, 2425.516
615.2520, 2272.910
615.7341, 2124.233
616.2162, 1979.165
616.6983, 1839.446
617.1804, 1702.182
617.6625, 1571.218
618.1446, 1459.890
618.6267, 1368.434
619.1088, 1282.710
619.5909, 1188.736
620.0731, 1096.355
620.5552, 1019.582
621.0373, 964.3280
621.5194, 913.0419
622.0015, 856.5543
622.4836, 799.8025
622.9658, 748.9005
623.4479, 708.1539
623.9300, 669.6278
624.4121, 631.3658
624.8942, 594.7310
625.3763, 563.6297
625.8585, 539.9056
626.3406, 516.1791
626.8227, 489.5532
627.3048, 460.3133
627.7869, 429.3714
628.2690, 396.2035
628.7512, 366.5847
629.2333, 348.4869
629.7154, 336.3447
630.1975, 317.6703
630.6796, 289.2646
631.1617, 262.4128
631.6439, 245.7552
632.1260, 235.2215
632.6081, 225.8447
633.0902, 219.5901
633.5723, 210.4977
634.0544, 195.1018
634.5366, 175.5711
635.0187, 158.1349
635.5008, 142.1439
635.9829, 129.4216
636.4650, 121.4661
636.9471, 117.7647
637.4293, 113.8968
637.9114, 110.2936
638.3935, 104.6815
638.8756, 93.51178
639.3577, 78.53186
639.8398, 67.59860
640.3220, 61.37354
640.8041, 58.08643
641.2862, 57.97043
641.7683, 59.17438
642.2504, 58.81384
642.7325, 54.90195
643.2147, 50.53326
643.6968, 47.04642
644.1789, 44.38351
644.6610, 42.27261
645.1431, 42.80643
645.6252, 41.70441
646.1074, 36.67062
646.5895, 28.45544
647.0716, 23.34244
647.5537, 22.32254
648.0358, 22.10898
648.5179, 21.32489
649.0001, 20.00916
649.4822, 19.18723
649.9643, 19.03003
650.4464, 17.41629
650.9285, 10.40979
651.4106, 0.9371640
651.8928, 4.451477
652.3749, 3.814026
652.8570, 0.3442690
653.3391, 4.178497
653.8212, 8.039246
654.3033, 10.85498
654.7855, 13.61246
655.2676, 13.88974
655.7497, 8.943359
656.2318, 1.153778
656.7139, 3.584473
657.1960, 4.096924
657.6782, 3.635559
658.1603, 3.143188
658.6424, 2.420074
659.1245, 1.075348
659.6066, 8.060730
660.0887, 11.73441
660.5709, 3.388947
661.0530, 11.13876
661.5351, 14.07538
662.0172, 4.416901
662.4993, 5.419342
662.9814, 3.853546
663.4636, 2.111267
663.9457, 4.414825
664.4278, 0.6022640
664.9099, 4.317902
665.3920, 1.531708
665.8741, 3.427124
666.3563, 4.485535
666.8384, 2.637817
667.3205, 7.122040
667.8026, 6.958618
668.2847, 3.821503
668.7668, 2.007416
669.2490, 1.732208
669.7311, 1.398254
670.2132, 0.1572270
670.6953, 1.405121
671.1774, 1.694855
671.6595, 0.8619380
672.1417, 1.4099000E-02
672.6238, 0.7356870
673.1059, 1.253754
673.5880, 1.143066
674.0701, 6.841644
674.5522, 11.13843
675.0344, 11.75140
675.5165, 10.34854
675.9986, 7.958801
676.4807, 3.376648
676.9628, 0.1893620
677.4449, 1.726196
677.9271, 2.022400
678.4092, 0.4273070
678.8913, 6.450684
679.3734, 9.332001
679.8555, 7.220734
680.3376, 2.732971
680.8198, 0.3203430
681.3019, 0.3726810
681.7840, 0.8087160
682.2661, 2.388031
682.7482, 3.373962
683.2303, 1.292786
683.7125, 3.053192
684.1946, 6.519165
684.6767, 8.159668
685.1588, 8.046143
685.6409, 5.297729
686.1230, 0.5853880
686.6052, 3.860931
687.0873, 3.037506
687.5694, 1.648956
688.0515, 2.217865
688.5336, 5.248444
689.0157, 5.511047
689.4979, 2.762695
689.9800, 1.824677
690.4621, 9.541016
690.9442, 18.03149
691.4263, 20.08948
691.9084, 12.53885
692.3906, 3.813568
692.8727, 0.6216430
693.3548, 1.017822
693.8369, 2.135956
694.3190, 3.116821
694.8011, 4.659637
695.2833, 7.824890
695.7654, 11.61642
696.2475, 13.49335
696.7296, 12.74271
697.2117, 11.91730
697.6938, 12.21170
698.1760, 12.95242
698.6581, 9.453613
699.1402, 1.428101
699.6223, 4.579803
700.1044, 2.678589
700.5865, 3.353363
701.0686, 6.458313
701.5507, 6.499786
702.0328, 4.818237
702.5150, 0.6115110
702.9971, 5.479523
703.4792, 5.973938
703.9613, 0.5570370
704.4434, 5.155426
704.9255, 11.59033
705.4077, 16.90436
705.8898, 19.31183
706.3719, 17.40247
706.8540, 17.43420
707.3361, 21.12836
707.8182, 24.19669
708.3004, 19.52829
708.7825, 7.963654
709.2646, 4.509155
709.7467, 19.01715
710.2288, 28.73978
710.7109, 19.98932
711.1931, 0.3544920
711.6752, 13.40253
712.1573, 7.782013
712.6394, 0.9736940
713.1215, 1.725769
713.6036, 8.500885
714.0858, 12.90631
714.5679, 13.03552
715.0500, 12.29218
715.5321, 11.44034
716.0142, 10.55490
716.4963, 10.24802
716.9785, 10.55621
717.4606, 11.45135
717.9427, 14.13660
718.4248, 17.49857
718.9069, 17.87469
719.3890, 15.58807
719.8712, 12.29111
720.3533, 4.447601
720.8354, 2.444366
721.3175, 1.561798
721.7996, 10.84933
722.2817, 21.06702
722.7639, 25.40982
723.2460, 25.58972
723.7281, 22.41452
724.2102, 13.42459
724.6923, 8.123566
725.1744, 7.086548
725.6566, 8.979584
726.1387, 14.21970
726.6208, 22.06290
727.1029, 23.65073
727.5850, 14.14447
728.0671, 3.382263
728.5493, 4.937469
729.0314, 14.60532
729.5135, 23.28976
729.9956, 28.38522
730.4777, 30.48550
730.9598, 28.63321
731.4420, 23.89203
731.9241, 19.51227
732.4062, 15.43823
732.8883, 12.20142
733.3704, 10.37708
733.8525, 9.517914
734.3347, 6.129211
734.8168, 0.3089600
735.2989, 4.468628
735.7810, 2.007416
736.2631, 4.833008
736.7452, 11.26050
737.2274, 17.14191
737.7095, 21.81247
738.1916, 25.23749
738.6737, 27.00311
739.1558, 26.91592
739.6379, 25.00128
740.1201, 20.58310
740.6022, 9.115234
741.0843, 0.8381350
741.5664, 3.981812
742.0485, 1.667633
742.5306, 6.354889
743.0128, 10.06708
743.4949, 12.88330
743.9770, 14.57373
744.4591, 15.28644
744.9412, 16.17606
745.4233, 17.47760
745.9055, 18.69403
746.3876, 19.17218
746.8697, 19.40900
747.3518, 20.12790
747.8339, 23.29999
748.3160, 24.23358
748.7982, 19.39471
749.2803, 12.56216
749.7624, 9.565582
750.2445, 12.53983
750.7266, 13.55484
751.2087, 10.92392
751.6909, 6.131653
752.1730, 0.2051700
752.6551, 6.060181
753.1372, 5.827362
753.6193, 8.852386
754.1014, 25.64270
754.5836, 28.67178
755.0657, 21.84375
755.5478, 16.63950
756.0299, 19.55975
756.5120, 23.64594
756.9941, 25.60034
757.4763, 25.70874
757.9584, 29.14819
758.4405, 39.43817
758.9226, 46.01944
759.4047, 43.66147
759.8868, 33.89169
760.3690, 24.68756
760.8511, 15.87527
761.3332, 10.45361
761.8153, 12.66501
762.2974, 18.39377
762.7795, 22.77872
763.2617, 25.56122
763.7438, 26.54456
764.2259, 22.13705
764.7080, 18.67123
765.1901, 20.97430
765.6722, 31.53568
766.1544, 38.77249
766.6365, 42.45023
767.1186, 42.82779
767.6007, 38.49686
768.0828, 29.72266
768.5649, 23.13907
769.0471, 19.42044
769.5292, 18.19855
770.0113, 22.75864
770.4934, 29.41843
770.9755, 31.21854
771.4576, 25.86908
771.9398, 20.93134
772.4219, 22.86917
772.9040, 25.64050
773.3861, 23.11469
773.8682, 4.863739
774.3503, 1.677643
774.8325, 8.381165
775.3146, 24.44150
775.7967, 33.68066
776.2788, 36.08566
776.7609, 38.46939
777.2430, 42.29578
777.7252, 45.34854
778.2073, 43.55765
778.6894, 39.06375
779.1715, 36.11426
779.6536, 37.28781
780.1357, 38.34369
780.6179, 37.76974
781.1000, 35.73700
781.5821, 32.17078
782.0642, 22.52676
782.5463, 19.79056
783.0284, 28.83035
783.5105, 42.82974
783.9926, 46.98041
784.4747, 41.54419
784.9568, 35.29779
785.4390, 30.08841
785.9211, 26.63239
786.4032, 26.53238
786.8853, 29.09680
787.3674, 32.49460
787.8495, 36.65707
788.3317, 40.77936
788.8138, 44.90677
789.2959, 48.78220
789.7780, 51.61649
790.2601, 53.73953
790.7422, 54.00342
791.2244, 51.47076
791.7065, 47.20328
792.1886, 44.34769
792.6707, 42.84317
793.1528, 42.52069
793.6349, 43.82538
794.1171, 46.17441
794.5992, 49.82983
795.0813, 54.14117
795.5634, 56.66550
796.0455, 51.74432
796.5276, 49.30432
797.0098, 56.81741
797.4919, 72.49533
797.9740, 78.89288
798.4561, 72.12704
798.9382, 66.05975
799.4203, 67.90250
799.9025, 75.17471
800.3846, 75.49429
800.8667, 69.35175
801.3488, 64.03268
801.8309, 64.81213
802.3130, 68.35849
802.7952, 72.94116
803.2773, 78.02527
803.7594, 79.74475
804.2415, 72.51837
804.7236, 65.86002
805.2057, 65.08871
805.6879, 70.24222
806.1700, 68.63733
806.6521, 57.81091
807.1342, 48.99393
807.6163, 50.90164
808.0984, 60.34402
808.5806, 66.01480
809.0627, 68.07593
809.5448, 71.09021
810.0269, 82.73395
810.5090, 93.07919
810.9911, 92.02621
811.4733, 78.05722
811.9554, 68.90311
812.4375, 69.81000
812.9196, 73.69220
813.4017, 78.44995
813.8839, 84.28546
814.3660, 85.38861
814.8481, 81.11609
815.3302, 76.70374
815.8123, 75.61215
816.2944, 77.37970
816.7766, 82.76031
817.2587, 91.60358
817.7408, 97.38745
818.2229, 92.95792
818.7050, 86.78595
819.1871, 84.59830
819.6693, 87.89258
820.1514, 90.86090
820.6335, 93.28333
821.1156, 95.61594
821.5977, 98.83398
822.0798, 102.7440
822.5620, 101.9015
823.0441, 96.04416
823.5262, 92.46735
824.0083, 100.5588
824.4904, 112.4033
824.9725, 118.6587
825.4547, 118.0834
825.9368, 116.1270
826.4189, 115.0954
826.9010, 112.5468
827.3831, 105.5180
827.8652, 91.94504
828.3474, 89.92123
828.8295, 102.6306
829.3116, 116.3703
829.7937, 119.1426
830.2758, 114.5428
830.7579, 114.6006
831.2401, 119.9104
831.7222, 124.4579
832.2043, 123.1810
832.6864, 119.8388
833.1685, 117.1588
833.6506, 115.5984
834.1328, 113.4677
834.6149, 109.9535
835.0970, 107.0613
835.5791, 104.9550
836.0612, 103.2879
836.5433, 108.8362
837.0255, 122.3579
837.5076, 134.6824
837.9897, 136.7118
838.4718, 133.7304
838.9539, 133.6522
839.4360, 137.0464
839.9182, 139.8966
840.4003, 143.1865
840.8824, 143.4708
841.3645, 135.6117
841.8466, 117.4160
842.3287, 112.6006
842.8109, 125.3736
843.2930, 140.4422
843.7751, 147.2727
844.2572, 147.4604
844.7393, 147.9783
845.2214, 149.1349
845.7036, 149.6185
846.1857, 146.0342
846.6678, 142.3535
847.1499, 143.6803
847.6320, 151.3188
848.1141, 153.8069
848.5963, 142.5192
849.0784, 133.7138
849.5605, 136.2407
850.0426, 149.2091
850.5247, 156.2307
851.0068, 157.3225
851.4890, 157.2751
851.9711, 157.5157
852.4532, 158.2084
852.9353, 161.6722
853.4174, 167.8734
853.8995, 171.9542
854.3817, 166.8347
854.8638, 162.2680
855.3459, 165.0551
855.8280, 174.8295
856.3101, 177.6761
856.7922, 171.0094
857.2744, 164.0463
857.7565, 162.0693
858.2386, 163.5660
858.7207, 164.4391
859.2028, 164.8569
859.6849, 164.9373
860.1671, 161.5401
860.6492, 160.2797
861.1313, 168.9561
861.6134, 185.1257
862.0955, 190.3105
862.5776, 175.5678
863.0598, 162.5761
863.5419, 157.7152
864.0240, 159.3755
864.5061, 163.4590
864.9882, 169.8752
865.4703, 174.4869
865.9524, 174.9287
866.4345, 172.0396
866.9166, 163.5462
867.3987, 152.8165
867.8809, 148.1046
868.3630, 157.4377
868.8451, 166.6971
869.3272, 174.9022
869.8093, 181.7062
870.2914, 181.1691
870.7736, 170.6791
871.2557, 162.2761
871.7378, 160.6038
872.2199, 163.4141
872.7020, 168.2235
873.1841, 173.0673
873.6663, 174.9724
874.1484, 172.5031
874.6305, 169.0909
875.1126, 165.1810
875.5947, 160.9035
876.0768, 156.5134
876.5590, 151.2675
877.0411, 147.1065
877.5232, 144.1017
878.0053, 142.8504
878.4874, 145.7102
878.9695, 151.2920
879.4517, 154.9618
879.9338, 155.3885
880.4159, 154.3231
880.8980, 152.3860
881.3801, 149.8581
881.8622, 147.1624
882.3444, 145.1433
882.8265, 140.9520
883.3086, 132.3694
883.7907, 124.9959
884.2728, 126.6378
884.7549, 135.8886
885.2371, 140.8768
885.7192, 140.0530
886.2013, 136.8186
886.6834, 133.1091
887.1655, 129.1173
887.6476, 125.4790
888.1298, 123.0029
888.6119, 117.4831
889.0940, 104.7953
889.5761, 93.18280
890.0582, 88.02869
890.5403, 89.59201
891.0225, 91.47360
891.5046, 93.86511
891.9867, 93.70911
892.4688, 84.61234
892.9509, 73.86676
893.4330, 71.88641
893.9152, 78.62802
894.3973, 83.25952
894.8794, 80.47073
895.3615, 76.04343
895.8436, 71.82202
896.3257, 67.92877
896.8079, 66.38995
897.2900, 67.61914
897.7721, 67.21808
898.2542, 60.88620
898.7363, 52.77301
899.2184, 50.93506
899.7006, 53.73380
900.1827, 55.37411
900.6648, 51.19797
901.1469, 47.88098
901.6290, 50.73584
902.1111, 56.10101
902.5933, 53.20624
903.0754, 39.27924
903.5575, 29.26575
904.0396, 28.68158
904.5217, 30.87860
905.0038, 21.89880
905.4860, 6.434875
905.9681, 3.645142
906.4502, 1.553650
906.9323, 2.761536
907.4144, 7.076843
907.8965, 9.991089
908.3787, 8.970642
908.8608, 0.8844600
909.3429, 1.648010
909.8250, 4.247253
910.3071, 10.79553
910.7892, 5.758789
911.2714, 6.553772
911.7535, 12.98651
912.2356, 10.47742
912.7177, 8.713867
913.1998, 17.05255
913.6819, 26.61060
914.1641, 29.15125
914.6462, 21.70874
915.1283, 16.84717
915.6104, 14.77612
916.0925, 14.88715
916.5746, 17.82928
917.0568, 22.65515
917.5389, 25.39142
918.0210, 26.11670
918.5031, 27.02063
918.9852, 30.84680
919.4673, 34.14026
919.9495, 34.16107
920.4316, 31.02917
920.9137, 28.78870
921.3958, 26.71478
921.8779, 27.38696
922.3600, 33.16492
922.8422, 41.50317
923.3243, 44.13007
923.8064, 42.16327
924.2885, 40.85889
924.7706, 43.57489
925.2527, 47.21802
925.7349, 47.17596
926.2170, 46.70538
926.6991, 54.87604
927.1812, 84.08215
927.6633, 97.52637
928.1454, 86.12762
928.6276, 64.86914
929.1097, 58.75677
929.5918, 63.87408
930.0739, 60.73871
930.5560, 42.61768
931.0381, 27.12781
931.5203, 31.14600
932.0024, 42.93982
932.4845, 51.18365
932.9666, 54.32684
933.4487, 53.04700
933.9308, 46.35986
934.4130, 37.22754
934.8951, 26.84894
935.3772, 15.73834
935.8593, 7.485474
936.3414, 2.148376
936.8235, 2.000305
937.3057, 4.526733
937.7878, 7.282410
938.2699, 11.41077
938.7520, 16.99292
939.2341, 23.80042
939.7162, 29.97949
940.1984, 41.38489
940.6805, 62.78748
941.1626, 89.34473
941.6447, 105.9772
942.1268, 114.7389
942.6089, 124.7538
943.0911, 143.7637
943.5732, 161.2463
944.0553, 164.3027
944.5374, 162.6138
945.0195, 176.8402
945.5016, 215.7803
945.9838, 251.6088
946.4659, 280.9554
946.9480, 306.4485
947.4301, 330.3754
947.9122, 354.0974
948.3943, 381.2069
948.8764, 411.7065
949.3585, 450.2682
949.8406, 508.5123
950.3228, 570.5087
950.8049, 620.7528
951.2870, 654.6244
951.7691, 698.8000
952.2512, 754.4258
952.7333, 816.8223
953.2155, 880.9398
953.6976, 949.1855
954.1797, 1028.576
954.6618, 1118.425
955.1439, 1213.569
955.6260, 1307.521
956.1082, 1408.135
956.5903, 1518.363
957.0724, 1638.326
957.5545, 1765.854
958.0366, 1901.894
958.5187, 2041.404
959.0009, 2179.399
959.4830, 2329.086
959.9651, 2512.770
960.4472, 2724.499
960.9293, 2959.375
961.4114, 3217.956
961.8936, 3497.059
962.3757, 3779.924
962.8578, 4090.930
963.3399, 4453.579
963.8220, 4869.649
964.3041, 5320.476
964.7863, 5808.169
965.2684, 6336.236
965.7505, 6892.783
966.2326, 7504.333
966.7147, 8229.043
967.1968, 9065.819
967.6790, 9965.975
968.1611, 10879.63
968.6432, 11876.72
969.1253, 12988.38
969.6074, 14209.01
970.0895, 15524.61
970.5717, 16946.07
971.0538, 18449.48
971.5359, 20004.82
972.0180, 21657.43
972.5001, 23500.46
972.9822, 25490.80
973.4644, 27543.22
973.9465, 29591.82
974.4286, 31801.44
974.9107, 34192.82
975.3928, 36737.64
975.8749, 39411.07
976.3571, 42197.93
976.8392, 45090.11
977.3213, 48075.94
977.8034, 51122.07
978.2855, 54277.77
978.7676, 57444.20
979.2498, 60544.50
979.7319, 63643.12
980.2140, 66180.05
980.6961, 68244.36
981.1782, 69563.63
981.6603, 70128.02
982.1425, 69814.09
982.6246, 68107.70
983.1067, 65097.98
983.5888, 61168.75
984.0709, 56033.76
984.5530, 50551.30
985.0352, 44893.39
985.5173, 39281.04
985.9994, 34131.49
986.4815, 29421.03
986.9636, 25221.79
987.4457, 21518.63
987.9279, 18308.68
988.4100, 15654.52
988.8921, 13473.92
989.3742, 11630.99
989.8563, 10116.06
990.3384, 8821.561
990.8206, 7741.879
991.3027, 6825.333
991.7848, 6051.666
992.2669, 5418.401
992.7490, 4861.298
993.2311, 4381.854
993.7133, 3953.455
994.1954, 3570.898
994.6775, 3232.905
995.1596, 2952.430
995.6417, 2718.911
996.1238, 2504.165
996.6060, 2296.793
997.0881, 2110.854
997.5702, 1952.874
998.0523, 1814.914
998.5344, 1680.326
999.0165, 1551.809
999.4987, 1440.819
999.9808, 1349.686
1000.463, 1274.510
1000.945, 1219.674
1001.427, 1173.292
1001.909, 1120.362
1002.391, 1053.723
1002.873, 1011.142
1003.356, 998.9523
1003.838, 993.0228
1004.320, 979.8938
1004.802, 962.1506
1005.284, 943.4480
1005.766, 925.6504
1006.248, 916.4915
1006.730, 925.9414
1007.213, 937.7251
1007.695, 950.3810
1008.177, 959.1322
1008.659, 951.2947
1009.141, 922.8867
1009.623, 912.5380
1010.105, 929.6974
1010.587, 949.9214
1011.069, 942.3446
1011.552, 922.0958
1012.034, 909.0686
1012.516, 907.9132
1012.998, 906.1665
1013.480, 902.3518
1013.962, 896.5583
1014.444, 888.2168
1014.926, 877.9580
1015.409, 868.1096
1015.891, 858.9834
1016.373, 852.8584
1016.855, 849.5054
1017.337, 851.0171
1017.819, 861.9517
1018.301, 878.2791
1018.783, 890.4169
1019.265, 893.0975
1019.748, 905.4917
1020.230, 930.6359
1020.712, 962.0563
1021.194, 996.6449
1021.676, 1030.347
1022.158, 1052.250
1022.640, 1059.959
1023.122, 1073.113
1023.604, 1105.337
1024.087, 1139.762
1024.569, 1168.217
1025.051, 1191.570
1025.533, 1216.292
1026.015, 1242.457
1026.497, 1275.021
1026.979, 1320.579
1027.461, 1367.730
1027.943, 1404.194
1028.426, 1435.167
1028.908, 1469.940
1029.390, 1507.849
1029.872, 1554.444
1030.354, 1609.884
1030.836, 1673.206
1031.318, 1746.908
1031.800, 1827.316
1032.283, 1900.155
1032.765, 1965.654
1033.247, 2041.336
1033.729, 2146.251
1034.211, 2254.228
1034.693, 2349.521
1035.175, 2435.347
1035.657, 2527.268
1036.140, 2625.014
1036.622, 2725.285
1037.104, 2831.561
1037.586, 2929.232
1038.068, 2990.149
1038.550, 3032.621
1039.032, 3085.024
1039.514, 3172.035
1039.996, 3225.343
1040.479, 3233.190
1040.961, 3222.937
1041.443, 3217.264
1041.925, 3211.240
1042.407, 3179.950
1042.889, 3123.673
1043.371, 3050.560
1043.853, 2957.971
1044.335, 2857.323
1044.818, 2755.463
1045.300, 2650.437
1045.782, 2533.190
1046.264, 2402.454
1046.746, 2279.703
1047.228, 2167.005
1047.710, 2063.258
1048.192, 1975.677
1048.675, 1891.171
1049.157, 1789.355
1049.639, 1661.144
1050.121, 1549.177
1050.603, 1462.511
1051.085, 1384.026
1051.567, 1307.590
1052.049, 1233.057
1052.531, 1155.426
1053.014, 1077.548
1053.496, 1012.734
1053.978, 975.2413
1054.460, 942.2725
1054.942, 901.0800
1055.424, 859.4604
1055.906, 827.4863
1056.388, 806.3909
1056.870, 787.1217
1057.353, 768.8057
1057.835, 757.6772
1058.317, 759.0026
1058.799, 771.4819
1059.281, 792.9336
1059.763, 823.6246
1060.245, 868.7067
1060.727, 940.4482
1061.210, 1005.143
1061.692, 1050.545
1062.174, 1090.881
1062.656, 1151.616
1063.138, 1231.829
1063.620, 1330.073
1064.102, 1449.315
1064.584, 1576.666
1065.067, 1711.599
1065.549, 1850.727
1066.031, 1987.347
1066.513, 2121.731
1066.995, 2274.881
1067.477, 2447.706
1067.959, 2631.787
1068.441, 2831.022
1068.923, 3031.076
1069.406, 3230.997
1069.888, 3421.740
1070.370, 3580.292
1070.852, 3720.897
1071.334, 3799.977
1071.816, 3813.753
1072.298, 3768.057
1072.780, 3656.295
1073.262, 3494.075
1073.745, 3309.071
1074.227, 3105.580
1074.709, 2882.396
1075.191, 2618.112
1075.673, 2360.212
1076.155, 2125.037
1076.637, 1908.501
1077.119, 1701.899
1077.601, 1507.454
1078.084, 1340.138
1078.566, 1210.022
1079.048, 1094.635
1079.530, 976.2269
1080.012, 863.4669
1080.494, 766.8805
1080.976, 687.6749
1081.458, 613.1162
1081.941, 542.5048
1082.423, 482.2449
1082.905, 440.7454
1083.387, 408.6714
1083.869, 372.2386
1084.351, 333.8499
1084.833, 299.5245
1085.315, 274.0638
1085.797, 248.8253
1086.280, 221.3033
1086.762, 195.6718
1087.244, 179.4170
1087.726, 169.2345
1088.208, 152.7419
1088.690, 129.4960
1089.172, 107.6044
1089.654, 93.11725
1090.136, 78.87415
1090.619, 59.90076
1091.101, 39.15265
1091.583, 26.37732
1092.065, 21.57025
1092.547, 18.95868
1093.029, 18.34216
1093.511, 14.75757
1093.993, 1.163269
1094.476, 16.37665
1094.958, 33.41766
1095.440, 50.43976
1095.922, 57.48212
1096.404, 51.91882
1096.886, 46.71582
1097.368, 49.48737
1097.850, 55.70233
1098.333, 56.34460
1098.815, 54.63422
1099.297, 57.83289
1099.779, 75.96051
1100.261, 88.09052
1100.743, 90.71289
1101.225, 89.86169
1101.707, 91.17786
1102.189, 93.91937
1102.672, 93.75659
1103.154, 91.14862
1103.636, 90.44434
1104.118, 97.75647
1104.600, 103.3719
1105.082, 102.5276
1105.564, 97.28094
1106.046, 90.72986
1106.528, 82.85864
1107.011, 75.29541
1107.493, 68.22882
1107.975, 61.76215
1108.457, 55.93994
1108.939, 50.76422
1109.421, 47.37134
1109.903, 45.60742
1110.385, 39.17493
1110.868, 26.96436
1111.350, 15.42194
1111.832, 7.091614
1112.314, 0.1787110
1112.796, 8.392944
1113.278, 17.93872
1113.760, 29.36322
1114.242, 42.91907
1114.724, 58.63782
1115.207, 78.37518
1115.689, 95.97101
1116.171, 104.5396
1116.653, 109.0510
1117.135, 124.9781
1117.617, 149.5604
1118.099, 173.4237
1118.581, 191.3120
1119.063, 209.5740
1119.546, 229.2225
1120.028, 250.2257
1120.510, 274.3908
1120.992, 300.7972
1121.474, 320.0455
1121.956, 332.0533
1122.438, 345.6445
1122.920, 368.8631
1123.403, 393.0344
1123.885, 415.0016
1124.367, 433.6586
1124.849, 445.0214
1125.331, 448.7322
1125.813, 453.3325
1126.295, 461.0644
1126.777, 465.3702
1127.260, 457.0822
1127.742, 444.5220
1128.224, 436.3985
1128.706, 433.4559
1129.188, 423.5309
1129.670, 405.1477
1130.152, 385.6974
1130.634, 367.6288
1131.116, 349.5224
1131.599, 328.3805
1132.081, 305.7462
1132.563, 283.9463
1133.045, 262.2060
1133.527, 245.4868
1134.009, 235.9119
1134.491, 226.5719
1134.973, 211.1502
1135.455, 194.2410
1135.938, 190.6733
1136.420, 195.7042
1136.902, 196.2401
1137.384, 181.8348
1137.866, 169.7419
1138.348, 161.9137
1138.830, 158.1888
1139.312, 160.0242
1139.795, 166.0726
1140.277, 169.2535
1140.759, 169.6216
1141.241, 169.6308
1141.723, 172.2231
1142.205, 172.8294
1142.687, 167.3746
1143.169, 160.3365
1143.651, 159.3577
1144.134, 164.1104
1144.616, 170.3518
1145.098, 177.8571
1145.580, 180.3411
1146.062, 166.8596
1146.544, 152.4984
1147.026, 148.2415
1147.508, 151.8929
1147.990, 155.1993
1148.473, 158.2487
1148.955, 159.4232
1149.437, 158.0125
1149.919, 156.0514
1150.401, 154.4284
1150.883, 154.0717
1151.365, 156.9388
1151.847, 163.3868
1152.330, 165.1985
1152.812, 161.3042
1153.294, 155.8622
1153.776, 150.5590
1154.258, 146.5658
1154.740, 145.6692
1155.222, 145.5818
1155.704, 142.8070
1156.186, 133.6953
1156.669, 132.9904
1157.151, 143.6640
1157.633, 151.5517
1158.115, 147.7077
1158.597, 137.4210
1159.079, 127.5422
1159.561, 118.6345
1160.043, 112.2656
1160.526, 110.2653
1161.008, 110.1484
1161.490, 112.7978
1161.972, 114.0313
1162.454, 109.6227
1162.936, 102.0760
1163.418, 97.94135
1163.900, 96.36694
1164.382, 92.30475
1164.865, 81.89099
1165.347, 70.63361
1165.829, 57.98865
1166.311, 47.18942
1166.793, 43.87683
1167.275, 45.82419
1167.757, 44.40448
1168.239, 39.63428
1168.721, 38.69516
1169.204, 50.87390
1169.686, 59.74841
1170.168, 58.05612
1170.650, 51.51279
1171.132, 52.04959
1171.614, 58.16476
1172.096, 62.46918
1172.578, 63.69318
1173.061, 62.94418
1173.543, 56.95148
1174.025, 52.67456
1174.507, 54.00000
1174.989, 59.54913
1175.471, 66.11237
1175.953, 73.08600
1176.435, 74.55301
1176.917, 66.64337
1177.400, 62.21777
1177.882, 76.73145
1178.364, 92.14563
1178.846, 94.17682
1179.328, 84.58713
1179.810, 79.30347
1180.292, 78.27484
1180.774, 79.67795
1181.256, 82.91922
1181.739, 88.19324
1182.221, 99.10730
1182.703, 109.6068
1183.185, 113.0189
1183.667, 108.8430
1184.149, 105.1506
1184.631, 101.8854
1185.113, 102.5901
1185.596, 112.8281
1186.078, 123.2182
1186.560, 125.3846
1187.042, 123.6112
1187.524, 124.1627
1188.006, 128.2120
1188.488, 129.6198
1188.970, 128.2123
1189.453, 126.7504
1189.935, 127.2302
1190.417, 128.3497
1190.899, 129.1861
1191.381, 129.8104
1191.863, 129.8772
1192.345, 128.0970
1192.827, 132.7697
1193.309, 145.2004
1193.792, 156.0075
1194.274, 157.8051
1194.756, 154.3515
1195.238, 146.5217
1195.720, 136.4551
1196.202, 130.9341
1196.684, 131.9229
1197.166, 128.9988
1197.648, 119.9924
1198.131, 113.9451
1198.613, 125.3897
1199.095, 139.7816
1199.577, 141.5761
1200.059, 131.6333
1200.541, 121.9771
1201.023, 112.3680
1201.505, 106.1169
1201.988, 104.4972
1202.470, 103.6943
1202.952, 100.3435
1203.434, 94.95810
1203.916, 85.64655
1204.398, 73.24448
1204.880, 69.98734
1205.362, 79.29669
1205.844, 84.05435
1206.327, 78.64331
1206.809, 72.12726
1207.291, 79.42664
1207.773, 89.45187
1208.255, 88.38629
1208.737, 73.88516
1209.219, 61.72910
1209.701, 51.95978
1210.183, 45.08145
1210.666, 41.39816
1211.148, 39.93289
1211.630, 40.34543
1212.112, 41.71002
1212.594, 43.50220
1213.076, 46.00644
1213.558, 44.37500
1214.040, 36.85696
1214.523, 33.15555
1215.005, 39.10782
1215.487, 47.07385
1215.969, 47.61621
1216.451, 43.51605
1216.933, 37.18417
1217.415, 28.01636
1217.897, 23.00970
1218.380, 23.03006
1218.862, 22.70245
1219.344, 17.96683
1219.826, 13.96381
1220.308, 19.55984
1220.790, 28.68939
1221.272, 31.54965
1221.754, 24.25464
1222.236, 24.68530
1222.719, 34.08389
1223.201, 42.08997
1223.683, 42.79785
1224.165, 39.47537
1224.647, 33.49832
1225.129, 26.99146
1225.611, 23.39578
1226.093, 23.03030
1226.575, 26.06387
1227.058, 33.28241
1227.540, 37.08798
1228.022, 28.52634
1228.504, 18.05804
1228.986, 16.78226
1229.468, 20.74423
1229.950, 23.05447
1230.432, 22.40936
1230.915, 26.17017
1231.397, 35.00583
1231.879, 40.40588
1232.361, 33.74728
1232.843, 23.47336
1233.325, 14.49542
1233.807, 8.105225
1234.289, 6.642242
1234.771, 11.13986
1235.254, 14.61343
1235.736, 16.82483
1236.218, 18.23755
1236.700, 17.91507
1237.182, 18.18091
1237.664, 22.95969
1238.146, 28.65213
1238.628, 27.60217
1239.110, 18.63956
1239.593, 15.94550
1240.075, 20.39120
1240.557, 24.25720
1241.039, 20.34018
1241.521, 16.17368
1242.003, 17.46393
1242.485, 21.35135
1242.967, 22.66446
1243.449, 21.36340
1243.932, 22.31500
1244.414, 25.80408
1244.896, 27.12228
1245.378, 17.32843
1245.860, 10.73987
1246.342, 20.73798
1246.824, 35.49332
1247.306, 35.51706
1247.789, 22.35529
1248.271, 15.85806
1248.753, 17.46103
1249.235, 21.65625
1249.717, 28.93173
1250.199, 33.18469
1250.681, 29.28708
1251.163, 23.43533
1251.646, 27.85959
1252.128, 39.60223
1252.610, 43.59067
1253.092, 38.71515
1253.574, 34.80331
1254.056, 42.09882
1254.538, 43.51578
1255.020, 30.14139
1255.502, 14.01297
1255.984, 18.26144
1256.467, 35.33316
1256.949, 42.60449
1257.431, 38.12201
1257.913, 30.71918
1258.395, 19.00842
1258.877, 11.74142
1259.359, 11.34146
1259.841, 14.88260
1260.324, 20.18756
1260.806, 25.38916
1261.288, 25.74850
1261.770, 21.14139
1262.252, 17.81204
1262.734, 16.46429
1263.216, 18.71436
1263.698, 26.90225
1264.181, 33.40903
1264.663, 23.71973
1265.145, 8.094330
1265.627, 2.608246
1266.109, 8.083038
1266.591, 10.70963
1267.073, 8.313477
1267.555, 6.230438
1268.037, 5.426636
1268.520, 5.655334
1269.002, 8.912781
1269.484, 11.39258
1269.966, 7.576385
1270.448, 2.043030
1270.930, 8.937408
1271.412, 13.45593
1271.894, 10.47455
1272.376, 2.666382
1272.859, 13.46841
1273.341, 3.822540
1273.823, 8.049133
1274.305, 3.795410
1274.787, 11.64041
1275.269, 17.96231
1275.751, 15.07556
1276.233, 9.799957
1276.716, 2.969971
1277.198, 1.978912
1277.680, 0.2862240
1278.162, 1.805756
1278.644, 0.1324460
1279.126, 4.093994
1279.608, 5.062012
1280.090, 3.309814
1280.573, 0.4163820
1281.055, 3.378540
1281.537, 7.728455
1282.019, 12.72659
1282.501, 18.02423
1282.983, 24.10339
1283.465, 29.67160
1283.947, 32.82651
1284.429, 32.32474
1284.911, 24.69882
1285.394, 13.95685
1285.876, 4.638702
1286.358, 0.7534480
1286.840, 0.4323430
1287.322, 11.13904
1287.804, 22.79718
1288.286, 21.23764
1288.768, 10.71306
1289.251, 7.516953
1289.733, 13.26138
1290.215, 14.67122
1290.697, 7.829239
1291.179, 5.515503
1291.661, 11.34259
1292.143, 16.83995
1292.625, 18.94301
1293.108, 21.74083
1293.590, 27.28331
1294.072, 33.93411
1294.554, 29.53607
1295.036, 13.52280
1295.518, 2.902191
1296.000, 0.2163540
1296.482, 1.350739
1296.964, 1.497925
1297.447, 0.0000000E+00
##END=



