##NAMES=Trona
##RRUFFID=R050499
##IDEAL CHEMISTRY=Na_3_(HCO_3_)(CO_3_)&#183;2H_2_O
##LOCALITY=Searles Lake, Trona, San Bernardino County, California, USA
##OWNER=RRUFF
##SOURCE=California Institute of Technology
##DESCRIPTION=Gray columnar massive
##STATUS=The identification of this mineral has been confirmed by X-ray diffraction and chemical analysis
##URL=rruff.info/R050499
##MEASURED CHEMISTRY=Na_3.00_(CO_3_)(HCO_3_)·2H_2_O ; CO_3_ and HCO_3_ were estimated by stoichiometry
146.4355, 0.0000000E+00
146.9176, 2.146973
147.3997, 2.653076
147.8818, 6.797363
148.3639, 27.99243
148.8461, 57.65186
149.3282, 98.27124
149.8103, 149.3669
150.2924, 210.3079
150.7745, 281.2700
151.2566, 361.6404
151.7388, 451.5813
152.2209, 549.5447
152.7030, 663.9717
153.1851, 779.2725
153.6672, 890.2747
154.1493, 1016.717
154.6315, 1110.493
155.1136, 1173.250
155.5957, 1202.952
156.0778, 1193.806
156.5599, 1130.590
157.0420, 1038.376
157.5242, 930.1531
158.0063, 786.6282
158.4884, 652.1602
158.9705, 528.9783
159.4526, 418.7078
159.9347, 327.7737
160.4169, 263.4885
160.8990, 216.3701
161.3811, 179.3979
161.8632, 150.4714
162.3453, 131.3940
162.8274, 123.6123
163.3096, 126.3738
163.7917, 135.4744
164.2738, 150.9492
164.7559, 171.2202
165.2380, 194.7517
165.7201, 225.8931
166.2023, 256.2351
166.6844, 281.9688
167.1665, 303.0054
167.6486, 320.7759
168.1307, 337.3064
168.6128, 350.8220
169.0950, 358.9861
169.5771, 356.3694
170.0592, 351.0432
170.5413, 348.7886
171.0234, 350.1965
171.5055, 353.2991
171.9877, 354.1484
172.4698, 355.9568
172.9519, 364.4941
173.4340, 388.4424
173.9161, 417.2280
174.3982, 443.7236
174.8804, 466.2991
175.3625, 484.8811
175.8446, 507.3618
176.3267, 529.8867
176.8088, 546.0452
177.2909, 551.8440
177.7731, 552.1487
178.2552, 550.2341
178.7373, 543.4463
179.2194, 533.3169
179.7015, 523.4116
180.1836, 515.6292
180.6658, 510.6023
181.1479, 507.4341
181.6300, 506.6050
182.1121, 509.8572
182.5942, 517.7192
183.0763, 530.4160
183.5585, 550.2144
184.0406, 576.1006
184.5227, 599.8306
185.0048, 619.2957
185.4869, 632.5586
185.9690, 636.0598
186.4512, 629.8054
186.9333, 612.7849
187.4154, 579.8557
187.8975, 531.4143
188.3796, 479.9753
188.8617, 432.3708
189.3439, 388.2744
189.8260, 345.4507
190.3081, 301.9910
190.7902, 260.7949
191.2723, 228.9937
191.7544, 206.7361
192.2366, 187.5674
192.7187, 165.6692
193.2008, 141.6589
193.6829, 122.2422
194.1650, 109.0205
194.6471, 100.4004
195.1293, 92.68530
195.6114, 85.90649
196.0935, 79.52246
196.5756, 73.56372
197.0577, 67.92700
197.5398, 61.23242
198.0220, 52.78345
198.5041, 42.95996
198.9862, 34.11401
199.4683, 26.00146
199.9504, 19.03979
200.4325, 14.78320
200.9147, 13.55029
201.3968, 9.394287
201.8789, 0.3693850
202.3610, 13.88745
202.8431, 21.11377
203.3252, 20.47095
203.8073, 18.39185
204.2895, 19.90039
204.7716, 27.02100
205.2537, 32.25317
205.7358, 33.64795
206.2179, 31.81079
206.7000, 30.58789
207.1822, 29.86548
207.6643, 29.87476
208.1464, 31.32788
208.6285, 34.80957
209.1106, 36.98633
209.5927, 37.45459
210.0749, 36.16431
210.5570, 31.90503
211.0391, 23.85742
211.5212, 14.54468
212.0033, 6.043213
212.4854, 1.787109
212.9676, 8.084229
213.4497, 12.44995
213.9318, 14.91919
214.4139, 16.55029
214.8960, 16.69360
215.3781, 16.95972
215.8603, 19.03491
216.3424, 23.35107
216.8245, 28.25366
217.3066, 34.11182
217.7887, 40.90845
218.2708, 43.86157
218.7530, 40.58813
219.2351, 36.71460
219.7172, 38.69458
220.1993, 49.20312
220.6814, 58.78271
221.1635, 65.70947
221.6457, 70.03174
222.1278, 71.11646
222.6099, 66.59058
223.0920, 61.64795
223.5741, 62.17432
224.0562, 70.85010
224.5384, 78.81689
225.0205, 84.29468
225.5026, 87.20386
225.9847, 89.67505
226.4668, 91.88525
226.9489, 93.45215
227.4311, 93.82422
227.9132, 92.35132
228.3953, 91.11523
228.8774, 90.89087
229.3595, 91.76172
229.8416, 90.79590
230.3238, 86.39624
230.8059, 81.85107
231.2880, 80.68579
231.7701, 84.87231
232.2522, 88.48340
232.7343, 89.94678
233.2165, 89.14502
233.6986, 90.31592
234.1807, 94.81885
234.6628, 99.86670
235.1449, 102.4565
235.6270, 100.9417
236.1092, 100.1709
236.5913, 101.8157
237.0734, 105.9871
237.5555, 106.5850
238.0376, 101.3167
238.5197, 94.80737
239.0019, 91.69580
239.4840, 94.21021
239.9661, 95.82446
240.4482, 94.80786
240.9303, 91.20215
241.4124, 90.15576
241.8946, 92.98096
242.3767, 96.99072
242.8588, 99.75366
243.3409, 100.5498
243.8230, 101.5308
244.3051, 103.2317
244.7873, 105.6108
245.2694, 107.0989
245.7515, 106.8684
246.2336, 106.6440
246.7157, 108.1423
247.1978, 113.1736
247.6800, 116.1733
248.1621, 115.0942
248.6442, 110.4878
249.1263, 110.2732
249.6084, 117.6182
250.0905, 125.4431
250.5727, 127.7842
251.0548, 121.0842
251.5369, 116.5205
252.0190, 115.6821
252.5011, 118.3318
252.9832, 122.5432
253.4654, 129.5413
253.9475, 136.4697
254.4296, 141.5417
254.9117, 145.1841
255.3938, 145.4932
255.8759, 140.2473
256.3581, 130.9585
256.8402, 127.6077
257.3223, 132.7935
257.8044, 139.6702
258.2865, 143.8469
258.7686, 144.3408
259.2508, 144.7566
259.7329, 145.3589
260.2150, 145.4138
260.6971, 143.8901
261.1792, 140.9998
261.6613, 137.7302
262.1435, 134.7322
262.6256, 132.6501
263.1077, 127.2458
263.5898, 116.4180
264.0719, 103.1936
264.5540, 97.48145
265.0362, 102.7703
265.5183, 107.9561
266.0004, 106.1218
266.4825, 94.21167
266.9646, 86.10889
267.4467, 83.08716
267.9289, 84.05542
268.4110, 87.17139
268.8931, 94.79272
269.3752, 99.43896
269.8573, 95.56104
270.3394, 80.04834
270.8216, 70.86133
271.3037, 69.53516
271.7858, 73.15869
272.2679, 76.79883
272.7500, 81.41016
273.2321, 82.63232
273.7143, 76.84937
274.1964, 62.80688
274.6785, 53.79736
275.1606, 50.86743
275.6427, 51.73828
276.1248, 52.74487
276.6070, 53.74023
277.0891, 55.42505
277.5712, 58.92456
278.0533, 64.38501
278.5354, 66.90576
279.0175, 65.93774
279.4997, 63.09497
279.9818, 60.17285
280.4639, 57.03271
280.9460, 54.72949
281.4281, 53.77026
281.9102, 54.11523
282.3924, 55.05420
282.8745, 56.77051
283.3566, 58.36694
283.8387, 58.79810
284.3208, 58.05225
284.8029, 56.82593
285.2851, 55.38159
285.7672, 53.63354
286.2493, 50.76343
286.7314, 46.53516
287.2135, 42.73901
287.6956, 41.08569
288.1778, 41.52173
288.6599, 43.37793
289.1420, 47.55762
289.6241, 52.56030
290.1062, 53.27002
290.5883, 49.41968
291.0705, 45.26953
291.5526, 45.36157
292.0347, 48.75366
292.5168, 49.60010
292.9989, 45.57129
293.4810, 39.72363
293.9632, 38.80225
294.4453, 42.55176
294.9274, 45.97290
295.4095, 43.95068
295.8916, 38.39038
296.3737, 35.92017
296.8558, 38.67236
297.3380, 42.58032
297.8201, 40.91895
298.3022, 34.49170
298.7843, 28.56592
299.2664, 25.96899
299.7485, 26.27661
300.2307, 29.73706
300.7128, 37.68213
301.1949, 44.28491
301.6770, 40.27783
302.1591, 28.78125
302.6412, 20.16113
303.1234, 23.61353
303.6055, 31.85181
304.0876, 34.00781
304.5697, 28.83081
305.0518, 21.66162
305.5339, 15.12085
306.0161, 10.10620
306.4982, 8.640381
306.9803, 15.88013
307.4624, 24.72192
307.9445, 26.94604
308.4266, 22.23511
308.9088, 16.63550
309.3909, 12.60986
309.8730, 11.01367
310.3551, 12.68701
310.8372, 22.38477
311.3193, 32.07642
311.8015, 35.86206
312.2836, 34.20288
312.7657, 30.17212
313.2478, 22.02588
313.7299, 13.71387
314.2120, 8.962891
314.6942, 11.78247
315.1763, 16.10767
315.6584, 19.88989
316.1405, 22.88013
316.6226, 23.80151
317.1047, 18.98511
317.5869, 13.85498
318.0690, 12.70337
318.5511, 19.47290
319.0332, 24.56445
319.5153, 22.20898
319.9974, 15.46973
320.4796, 11.51099
320.9617, 15.29932
321.4438, 20.22021
321.9259, 23.21240
322.4080, 23.93896
322.8901, 22.69067
323.3723, 17.42676
323.8544, 10.52734
324.3365, 5.751709
324.8186, 5.128418
325.3007, 5.737061
325.7828, 7.345703
326.2650, 10.41992
326.7471, 11.87866
327.2292, 10.59106
327.7113, 8.023438
328.1934, 5.563965
328.6755, 1.673340
329.1577, 0.3137210
329.6398, 0.9875490
330.1219, 5.546387
330.6040, 8.401611
331.0861, 7.750732
331.5682, 6.706055
332.0504, 7.452148
332.5325, 12.53882
333.0146, 15.04224
333.4967, 12.87231
333.9788, 7.348145
334.4609, 5.807129
334.9431, 11.27246
335.4252, 16.46899
335.9073, 17.20020
336.3894, 10.90894
336.8715, 7.308105
337.3536, 7.594971
337.8358, 10.03955
338.3179, 10.76392
338.8000, 8.937012
339.2821, 7.871094
339.7642, 9.644531
340.2463, 14.81250
340.7285, 16.45581
341.2106, 13.26416
341.6927, 8.932129
342.1748, 8.909180
342.6569, 13.76514
343.1390, 17.85620
343.6212, 18.82764
344.1033, 17.35498
344.5854, 18.06226
345.0675, 21.18677
345.5496, 24.56079
346.0317, 26.15918
346.5139, 26.03662
346.9960, 24.78711
347.4781, 21.79956
347.9602, 18.45605
348.4423, 18.42310
348.9244, 21.61548
349.4066, 25.00854
349.8887, 26.83862
350.3708, 27.30762
350.8529, 26.60303
351.3350, 24.54590
351.8171, 22.19556
352.2993, 21.49878
352.7814, 21.92529
353.2635, 21.35400
353.7456, 16.44092
354.2277, 10.68408
354.7098, 9.649170
355.1920, 13.95557
355.6741, 19.47510
356.1562, 23.34155
356.6383, 25.72925
357.1204, 27.07812
357.6025, 27.43335
358.0847, 26.81494
358.5668, 24.33032
359.0489, 20.19458
359.5310, 17.36694
360.0131, 19.64966
360.4952, 23.22754
360.9774, 24.10425
361.4595, 18.79248
361.9416, 13.69336
362.4237, 12.36816
362.9058, 13.76685
363.3879, 14.53247
363.8701, 12.46875
364.3522, 10.15552
364.8343, 9.559326
365.3164, 12.65845
365.7985, 13.37524
366.2806, 8.107422
366.7628, 3.1493999E-02
367.2449, 5.735107
367.7270, 7.249512
368.2091, 7.410645
368.6912, 6.370361
369.1733, 3.591064
369.6555, 2.807861
370.1376, 7.779053
370.6197, 12.80786
371.1018, 12.88257
371.5839, 2.316406
372.0660, 5.219727
372.5482, 7.008789
373.0303, 3.796143
373.5124, 1.440674
373.9945, 2.6860000E-03
374.4766, 0.7741700
374.9587, 0.9562990
375.4409, 0.1181640
375.9230, 1.205322
376.4051, 3.429932
376.8872, 5.071289
377.3693, 3.006592
377.8514, 3.819336
378.3336, 9.801514
378.8157, 12.32422
379.2978, 11.31396
379.7799, 10.23853
380.2620, 9.328857
380.7441, 7.502197
381.2263, 1.821289
381.7084, 7.464355
382.1905, 12.75146
382.6726, 9.738281
383.1547, 2.043213
383.6368, 0.3095700
384.1190, 4.549805
384.6011, 9.954834
385.0832, 12.49121
385.5653, 13.04590
386.0474, 14.46753
386.5295, 17.69165
387.0117, 20.84985
387.4938, 21.33154
387.9759, 19.66724
388.4580, 17.89478
388.9401, 18.43970
389.4222, 19.04443
389.9044, 15.60522
390.3865, 6.520996
390.8686, 0.2612300
391.3507, 4.523438
391.8328, 14.70410
392.3149, 21.23145
392.7971, 16.06470
393.2792, 10.03882
393.7613, 10.10791
394.2434, 15.48560
394.7255, 19.62524
395.2076, 18.74585
395.6898, 16.17188
396.1719, 14.27734
396.6540, 13.67847
397.1361, 13.54150
397.6182, 13.75854
398.1003, 14.27661
398.5825, 14.99756
399.0646, 15.19458
399.5467, 16.18384
400.0288, 19.23560
400.5109, 26.24536
400.9930, 28.78809
401.4752, 23.53027
401.9573, 15.76855
402.4394, 10.84326
402.9215, 9.886719
403.4036, 10.03589
403.8857, 11.37842
404.3679, 13.73291
404.8500, 15.20142
405.3321, 15.64404
405.8142, 15.20776
406.2963, 13.59619
406.7784, 10.30420
407.2606, 9.109131
407.7427, 11.02075
408.2248, 14.09546
408.7069, 13.76074
409.1890, 9.561768
409.6711, 7.076660
410.1533, 9.960449
410.6354, 16.87817
411.1175, 20.30151
411.5996, 19.88306
412.0817, 18.06104
412.5638, 16.70190
413.0460, 15.81519
413.5281, 15.16064
414.0102, 14.61938
414.4923, 14.39160
414.9744, 14.88745
415.4565, 16.05859
415.9387, 17.46191
416.4208, 19.82056
416.9029, 21.91870
417.3850, 21.71973
417.8671, 18.40039
418.3492, 15.61035
418.8313, 16.48853
419.3134, 19.53003
419.7956, 22.33984
420.2777, 24.35571
420.7598, 25.50586
421.2419, 25.19946
421.7240, 23.51514
422.2061, 22.64331
422.6883, 23.76465
423.1704, 25.59424
423.6525, 27.31592
424.1346, 30.17529
424.6167, 30.91846
425.0988, 27.32959
425.5810, 21.13696
426.0631, 16.45679
426.5452, 13.66382
427.0273, 12.36743
427.5094, 12.87695
427.9915, 15.69629
428.4737, 16.51709
428.9558, 14.37720
429.4379, 12.30762
429.9200, 13.19629
430.4021, 19.09155
430.8842, 21.50024
431.3664, 18.12817
431.8485, 10.44263
432.3306, 3.429688
432.8127, 3.329834
433.2948, 7.347656
433.7769, 5.781494
434.2591, 0.8588870
434.7412, 4.938477
435.2233, 5.460938
435.7054, 4.932617
436.1875, 7.529541
436.6696, 12.65820
437.1518, 16.31860
437.6339, 15.67944
438.1160, 13.28271
438.5981, 14.65405
439.0802, 19.47705
439.5623, 22.36816
440.0445, 15.65527
440.5266, 5.921387
441.0087, 2.646484
441.4908, 10.21680
441.9729, 18.50781
442.4550, 20.49780
442.9372, 18.11230
443.4193, 15.07568
443.9014, 10.88892
444.3835, 8.213379
444.8656, 10.30664
445.3477, 17.69360
445.8299, 20.72021
446.3120, 11.08569
446.7941, 0.8383790
447.2762, 6.903564
447.7583, 0.9335940
448.2404, 4.731445
448.7226, 9.953369
449.2047, 14.46851
449.6868, 16.57007
450.1689, 13.72974
450.6510, 11.95825
451.1331, 14.33203
451.6153, 22.36719
452.0974, 25.07910
452.5795, 20.30029
453.0616, 13.59424
453.5437, 10.96924
454.0258, 13.19263
454.5080, 14.33838
454.9901, 12.52197
455.4722, 9.265625
455.9543, 9.537842
456.4364, 13.44800
456.9185, 17.45996
457.4007, 19.25439
457.8828, 19.32886
458.3649, 19.03857
458.8470, 18.24536
459.3291, 18.39722
459.8112, 24.19434
460.2934, 32.12305
460.7755, 33.99194
461.2576, 21.61719
461.7397, 6.638184
462.2218, 3.1982001E-02
462.7039, 0.6621090
463.1861, 2.645264
463.6682, 4.051514
464.1503, 5.615234
464.6324, 8.074463
465.1145, 12.05444
465.5966, 15.49121
466.0788, 17.97339
466.5609, 19.44214
467.0430, 19.89209
467.5251, 19.33472
468.0072, 17.25928
468.4893, 12.08521
468.9715, 4.206055
469.4536, 1.023682
469.9357, 6.481934
470.4178, 12.35498
470.8999, 13.83301
471.3820, 7.970703
471.8642, 5.718994
472.3463, 8.883545
472.8284, 13.78149
473.3105, 13.79321
473.7926, 7.551025
474.2747, 4.426758
474.7569, 8.710205
475.2390, 18.05591
475.7211, 21.73120
476.2032, 19.33984
476.6853, 17.25610
477.1674, 22.60352
477.6496, 32.28198
478.1317, 36.11304
478.6138, 31.66528
479.0959, 25.49756
479.5780, 25.76538
480.0602, 29.97559
480.5423, 32.25073
481.0244, 28.18677
481.5065, 22.58765
481.9886, 19.06079
482.4707, 17.52148
482.9529, 16.75049
483.4350, 16.05713
483.9171, 15.99097
484.3992, 17.19751
484.8813, 20.89990
485.3634, 23.46753
485.8456, 23.86621
486.3277, 22.66650
486.8098, 20.69800
487.2919, 14.65356
487.7740, 11.68140
488.2561, 15.37305
488.7383, 25.04370
489.2204, 26.89941
489.7025, 15.90405
490.1846, 4.854004
490.6667, 2.241699
491.1488, 10.43970
491.6310, 15.01318
492.1131, 14.56079
492.5952, 12.37280
493.0773, 15.13184
493.5594, 22.79565
494.0415, 26.02686
494.5237, 18.96973
495.0058, 7.081787
495.4879, 4.177490
495.9700, 9.725830
496.4521, 15.81982
496.9342, 16.94458
497.4164, 14.96338
497.8985, 12.07959
498.3806, 8.171387
498.8627, 5.505859
499.3448, 7.667236
499.8269, 11.73145
500.3091, 13.34595
500.7912, 6.836426
501.2733, 1.467041
501.7554, 2.208740
502.2375, 7.996338
502.7196, 12.59985
503.2018, 15.77417
503.6839, 16.47412
504.1660, 13.12695
504.6481, 1.902100
505.1302, 3.469971
505.6123, 1.440430
506.0945, 9.820557
506.5766, 13.99536
507.0587, 12.21948
507.5408, 10.90332
508.0229, 11.76587
508.5050, 13.63208
508.9872, 11.73877
509.4693, 5.502441
509.9514, 0.1835940
510.4335, 2.409180
510.9156, 1.727051
511.3977, 1.501465
511.8799, 1.835205
512.3619, 1.992432
512.8441, 1.547852
513.3262, 0.3391110
513.8083, 2.283203
514.2904, 7.646240
514.7725, 12.66382
515.2546, 12.98120
515.7368, 10.63330
516.2189, 9.503174
516.7010, 14.26733
517.1831, 19.11108
517.6652, 20.73438
518.1473, 18.82837
518.6295, 15.17310
519.1116, 6.400635
519.5937, 1.622803
520.0758, 4.751953
520.5579, 3.380371
521.0400, 8.799561
521.5222, 10.34229
522.0043, 9.643555
522.4864, 9.992676
522.9685, 12.91919
523.4506, 13.25366
523.9327, 7.797119
524.4149, 1.889893
524.8970, 2.981445
525.3791, 6.118408
525.8612, 15.86914
526.3433, 17.90747
526.8254, 13.96802
527.3076, 14.54761
527.7897, 21.59619
528.2718, 29.31689
528.7539, 30.78662
529.2360, 27.75415
529.7181, 24.44409
530.2003, 21.60327
530.6824, 19.82544
531.1645, 20.88965
531.6466, 23.74438
532.1287, 24.73560
532.6108, 19.22803
533.0930, 13.60791
533.5751, 12.30664
534.0572, 16.87061
534.5393, 19.97852
535.0214, 19.37256
535.5035, 17.15796
535.9857, 15.11499
536.4678, 12.63281
536.9499, 11.44922
537.4320, 12.16748
537.9141, 14.04053
538.3962, 15.24854
538.8784, 15.65503
539.3605, 15.81030
539.8426, 15.94531
540.3247, 15.98315
540.8068, 15.13721
541.2889, 13.28149
541.7711, 11.70044
542.2532, 12.32080
542.7353, 14.11499
543.2174, 13.43237
543.6995, 9.230957
544.1816, 5.318604
544.6638, 6.138428
545.1459, 9.926270
545.6280, 13.41162
546.1101, 15.35669
546.5922, 16.55933
547.0743, 17.82422
547.5565, 18.80225
548.0386, 18.21973
548.5207, 12.16309
549.0028, 7.319092
549.4849, 7.325195
549.9670, 13.88525
550.4492, 19.20044
550.9313, 23.43188
551.4134, 26.04614
551.8955, 26.29224
552.3776, 22.69019
552.8597, 20.96826
553.3419, 22.09033
553.8240, 24.93701
554.3061, 27.97119
554.7882, 31.40552
555.2703, 32.24390
555.7524, 28.05273
556.2346, 21.20068
556.7167, 18.10449
557.1988, 18.40674
557.6809, 18.80054
558.1630, 16.05322
558.6451, 12.53247
559.1273, 12.30200
559.6094, 16.50098
560.0915, 19.68848
560.5736, 16.51611
561.0557, 11.12549
561.5378, 8.290771
562.0200, 11.14844
562.5021, 14.98364
562.9842, 20.76001
563.4663, 27.03833
563.9484, 27.98657
564.4305, 17.84644
564.9127, 9.292236
565.3948, 6.719971
565.8769, 10.24341
566.3590, 10.08545
566.8411, 4.318115
567.3232, 0.7336430
567.8054, 0.5639650
568.2875, 8.138428
568.7696, 12.51367
569.2517, 12.78027
569.7338, 10.74561
570.2159, 8.028076
570.6981, 4.952148
571.1802, 2.225342
571.6623, 0.8132320
572.1444, 2.306641
572.6265, 0.3037110
573.1086, 3.927979
573.5908, 6.330078
574.0729, 13.26782
574.5550, 17.03711
575.0371, 9.792725
575.5192, 15.50952
576.0013, 15.26221
576.4835, 14.24365
576.9656, 20.21411
577.4477, 11.60693
577.9298, 16.04810
578.4119, 14.75146
578.8940, 15.42310
579.3762, 10.09546
579.8583, 5.900391
580.3404, 17.97485
580.8225, 24.72852
581.3046, 29.47388
581.7867, 32.67017
582.2689, 35.24243
582.7510, 37.24927
583.2331, 38.51392
583.7152, 38.74731
584.1973, 37.86523
584.6794, 34.57910
585.1616, 29.06494
585.6437, 25.46436
586.1258, 29.66211
586.6079, 35.53003
587.0900, 36.92798
587.5721, 31.18872
588.0543, 25.24487
588.5364, 18.98804
589.0185, 14.70654
589.5006, 15.30371
589.9827, 29.68408
590.4648, 38.16724
590.9470, 36.34546
591.4291, 27.38892
591.9112, 21.58545
592.3933, 19.91650
592.8754, 18.54443
593.3575, 15.71362
593.8397, 11.77100
594.3218, 9.150146
594.8039, 7.864502
595.2860, 8.218994
595.7681, 11.62866
596.2502, 16.77246
596.7324, 20.67993
597.2145, 23.06348
597.6966, 24.43433
598.1787, 25.18188
598.6608, 24.69141
599.1429, 22.46704
599.6251, 14.46851
600.1072, 9.746582
600.5893, 14.98999
601.0714, 25.83203
601.5535, 32.28296
602.0356, 28.63403
602.5178, 24.72119
602.9999, 22.88184
603.4820, 22.91284
603.9641, 21.54248
604.4462, 18.00903
604.9283, 14.80933
605.4105, 14.10889
605.8926, 15.39380
606.3747, 14.71143
606.8568, 11.80322
607.3389, 8.938965
607.8210, 7.719482
608.3032, 7.061768
608.7853, 6.714111
609.2674, 7.737793
609.7495, 8.572998
610.2316, 7.327393
610.7137, 4.993408
611.1959, 3.400635
611.6780, 4.468018
612.1601, 4.823730
612.6422, 2.659912
613.1243, 1.319336
613.6064, 3.510254
614.0886, 3.574463
614.5707, 1.579346
615.0528, 3.636230
615.5349, 12.45630
616.0170, 16.62549
616.4991, 15.15918
616.9813, 11.74854
617.4634, 7.255615
617.9455, 1.147949
618.4276, 0.8554690
618.9097, 8.078369
619.3918, 16.77612
619.8740, 19.77173
620.3561, 18.82642
620.8382, 18.29810
621.3203, 19.77563
621.8024, 21.55713
622.2845, 22.18896
622.7667, 22.17944
623.2488, 22.63159
623.7309, 25.80493
624.2130, 27.80322
624.6951, 26.11108
625.1772, 20.91431
625.6594, 17.56274
626.1415, 16.95288
626.6236, 17.27173
627.1057, 17.48535
627.5878, 17.35132
628.0699, 20.91284
628.5521, 29.49951
629.0342, 37.61743
629.5163, 40.32300
629.9984, 38.06445
630.4805, 32.01562
630.9626, 20.59521
631.4448, 11.90869
631.9269, 17.17285
632.4090, 30.40503
632.8911, 40.60156
633.3732, 42.63965
633.8553, 42.34766
634.3375, 42.53516
634.8196, 42.78198
635.3017, 42.16992
635.7838, 38.86548
636.2659, 36.34131
636.7480, 36.42627
637.2302, 38.63062
637.7123, 38.19971
638.1944, 33.39795
638.6765, 29.48755
639.1586, 29.54321
639.6407, 33.50928
640.1229, 35.78345
640.6050, 36.16162
641.0871, 36.31152
641.5692, 38.54736
642.0513, 41.64160
642.5334, 42.21729
643.0156, 39.35938
643.4977, 36.15991
643.9798, 35.52490
644.4619, 36.01196
644.9440, 35.65308
645.4261, 32.25269
645.9083, 29.83179
646.3904, 30.32349
646.8725, 32.52930
647.3546, 33.91040
647.8367, 34.40088
648.3188, 33.98779
648.8010, 32.61523
649.2831, 30.32300
649.7652, 26.85010
650.2473, 21.71338
650.7294, 17.83008
651.2115, 18.30127
651.6937, 21.32666
652.1758, 18.38867
652.6579, 9.584473
653.1400, 1.562744
653.6221, 0.7026370
654.1042, 2.933105
654.5864, 2.765625
655.0685, 1.055176
655.5506, 3.573486
656.0327, 0.5461430
656.5148, 4.096680
656.9969, 6.606201
657.4791, 2.436768
657.9612, 2.050293
658.4433, 9.028076
658.9254, 18.04932
659.4075, 20.87793
659.8896, 15.51099
660.3718, 11.45581
660.8539, 11.25879
661.3360, 12.70435
661.8181, 9.319092
662.3002, 1.806396
662.7823, 2.796875
663.2645, 2.987793
663.7466, 10.96802
664.2287, 6.835938
664.7108, 6.637695
665.1929, 15.64844
665.6750, 8.856689
666.1572, 1.650391
666.6393, 9.384521
667.1214, 13.82520
667.6035, 14.61768
668.0856, 6.718262
668.5677, 0.6887210
669.0499, 2.532471
669.5320, 3.162842
670.0141, 7.943604
670.4962, 12.28784
670.9783, 14.66577
671.4604, 12.08984
671.9426, 5.465088
672.4247, 2.809326
672.9068, 6.619873
673.3889, 10.65991
673.8710, 4.926514
674.3531, 5.573975
674.8353, 10.63110
675.3174, 3.543457
675.7995, 5.840088
676.2816, 15.04468
676.7637, 22.57544
677.2458, 24.90356
677.7280, 15.16553
678.2101, 6.895264
678.6922, 3.498535
679.1743, 4.113037
679.6564, 4.051758
680.1385, 3.274902
680.6207, 2.036377
681.1028, 4.9561001E-02
681.5849, 2.282715
682.0670, 3.008789
682.5491, 2.086914
683.0313, 0.1179200
683.5134, 3.118896
683.9955, 6.872803
684.4776, 10.62134
684.9597, 14.32739
685.4418, 16.62354
685.9240, 15.20679
686.4061, 12.91382
686.8882, 12.02588
687.3703, 13.35083
687.8524, 15.07056
688.3345, 16.92480
688.8167, 19.12354
689.2988, 22.11694
689.7809, 26.26367
690.2630, 29.57788
690.7451, 31.85010
691.2272, 33.30347
691.7094, 33.87817
692.1915, 33.81812
692.6736, 34.54712
693.1557, 37.10132
693.6378, 39.76660
694.1199, 40.22217
694.6021, 39.32007
695.0842, 39.04419
695.5663, 39.53540
696.0484, 41.50635
696.5305, 46.45190
697.0126, 53.60010
697.4948, 58.43042
697.9769, 59.25903
698.4590, 59.89941
698.9411, 61.73584
699.4232, 64.64038
699.9053, 66.74780
700.3875, 68.04614
700.8696, 68.88843
701.3517, 70.75928
701.8338, 72.23633
702.3159, 67.87231
702.7980, 57.57324
703.2802, 48.75049
703.7623, 47.09692
704.2444, 49.34131
704.7265, 52.91797
705.2086, 57.93311
705.6907, 61.95532
706.1729, 65.28442
706.6550, 66.61084
707.1371, 64.68359
707.6192, 56.84814
708.1013, 51.95874
708.5834, 50.99219
709.0656, 51.64502
709.5477, 51.33447
710.0298, 50.02856
710.5119, 47.16431
710.9940, 42.08130
711.4761, 36.65771
711.9583, 33.30688
712.4404, 31.48438
712.9225, 30.05737
713.4046, 28.65552
713.8867, 27.96606
714.3688, 28.60010
714.8510, 29.90552
715.3331, 30.72559
715.8152, 31.82422
716.2973, 31.27539
716.7794, 27.44849
717.2615, 21.85815
717.7437, 20.59790
718.2258, 24.56616
718.7079, 28.48804
719.1900, 29.94458
719.6721, 29.76685
720.1542, 30.15576
720.6364, 30.80054
721.1185, 31.95703
721.6006, 34.10669
722.0827, 35.73682
722.5648, 33.96460
723.0469, 28.91187
723.5291, 25.96582
724.0112, 28.38892
724.4933, 31.66089
724.9754, 33.89185
725.4575, 35.07739
725.9396, 35.44214
726.4218, 35.09717
726.9038, 33.52319
727.3859, 29.41650
727.8680, 23.01416
728.3502, 21.39722
728.8323, 25.20264
729.3144, 30.69214
729.7965, 35.71802
730.2786, 39.53003
730.7607, 40.49561
731.2429, 37.53320
731.7250, 35.14819
732.2071, 37.12500
732.6892, 39.49707
733.1713, 39.12549
733.6534, 29.48462
734.1356, 24.94067
734.6177, 27.57397
735.0998, 33.30933
735.5819, 37.22217
736.0640, 39.24463
736.5461, 40.02051
737.0283, 39.32910
737.5104, 38.28589
737.9925, 38.85889
738.4746, 40.44556
738.9567, 41.35474
739.4388, 40.13794
739.9210, 39.17505
740.4031, 41.83252
740.8852, 45.50195
741.3673, 46.25952
741.8494, 39.29834
742.3315, 34.44019
742.8137, 33.87305
743.2958, 35.43896
743.7779, 33.33423
744.2600, 26.23462
744.7421, 21.63892
745.2242, 23.10132
745.7064, 27.80566
746.1885, 27.70020
746.6706, 23.82910
747.1527, 21.33325
747.6348, 23.28687
748.1169, 27.60986
748.5991, 33.95020
749.0812, 41.56226
749.5633, 47.03174
750.0454, 48.16553
750.5275, 47.99854
751.0096, 46.56396
751.4918, 44.18018
751.9739, 44.66016
752.4560, 49.24097
752.9381, 53.04736
753.4202, 52.78638
753.9023, 49.53516
754.3845, 49.83081
754.8666, 53.40259
755.3487, 55.41968
755.8308, 50.88599
756.3129, 43.87793
756.7950, 38.48779
757.2772, 35.04834
757.7593, 32.91089
758.2414, 33.19995
758.7235, 33.68213
759.2056, 33.25171
759.6877, 31.99878
760.1699, 29.41724
760.6520, 24.68213
761.1341, 20.53955
761.6162, 20.00513
762.0983, 22.45557
762.5804, 20.73242
763.0626, 14.20825
763.5447, 9.838135
764.0268, 17.46289
764.5089, 29.26294
764.9910, 33.76709
765.4731, 27.62012
765.9553, 24.06079
766.4374, 33.11670
766.9195, 43.61792
767.4016, 45.65039
767.8837, 33.22998
768.3658, 28.15381
768.8480, 32.98145
769.3301, 40.68286
769.8122, 45.22241
770.2943, 46.54199
770.7764, 42.98267
771.2585, 33.46875
771.7407, 24.77271
772.2228, 25.54175
772.7049, 30.90649
773.1870, 34.08179
773.6691, 33.49048
774.1512, 31.04053
774.6334, 25.14526
775.1155, 18.98755
775.5976, 15.93140
776.0797, 17.33374
776.5618, 19.57300
777.0439, 23.72021
777.5261, 26.83960
778.0082, 23.83545
778.4903, 15.55347
778.9724, 9.195557
779.4545, 5.903809
779.9366, 5.594238
780.4188, 10.37476
780.9009, 17.46143
781.3830, 22.44531
781.8651, 23.74170
782.3472, 23.42749
782.8293, 21.36914
783.3115, 18.37817
783.7936, 15.15186
784.2757, 9.553711
784.7578, 9.841553
785.2399, 19.06519
785.7220, 30.90039
786.2042, 34.52856
786.6863, 31.02954
787.1684, 27.62500
787.6505, 25.81567
788.1326, 25.40186
788.6147, 26.98950
789.0969, 29.52881
789.5790, 31.31738
790.0611, 31.16357
790.5432, 30.82495
791.0253, 30.81494
791.5074, 30.71411
791.9896, 29.85547
792.4717, 28.01074
792.9538, 26.15625
793.4359, 24.39331
793.9180, 22.91602
794.4001, 22.47534
794.8823, 22.78467
795.3644, 22.53564
795.8465, 22.17627
796.3286, 19.79175
796.8107, 10.44238
797.2928, 1.259033
797.7750, 7.630127
798.2571, 0.8229980
798.7392, 5.358154
799.2213, 1.846680
799.7034, 12.26465
800.1855, 9.077637
800.6677, 11.54028
801.1498, 23.12427
801.6319, 17.85425
802.1140, 5.323242
802.5961, 0.2561040
803.0782, 1.361084
803.5604, 5.241211
804.0425, 13.46362
804.5246, 19.88306
805.0067, 19.43652
805.4888, 14.83130
805.9709, 10.60547
806.4531, 7.941650
806.9352, 5.145996
807.4173, 0.5688480
807.8994, 3.077393
808.3815, 1.386475
808.8636, 14.41040
809.3458, 21.26587
809.8279, 16.69507
810.3100, 8.448486
810.7921, 6.857666
811.2742, 9.947266
811.7563, 13.88818
812.2385, 20.08984
812.7206, 22.99023
813.2027, 16.35205
813.6848, 6.360596
814.1669, 3.529541
814.6490, 13.65381
815.1312, 19.71313
815.6133, 19.17578
816.0954, 14.82056
816.5775, 10.27271
817.0596, 5.869629
817.5417, 3.817627
818.0239, 5.091064
818.5060, 7.353027
818.9881, 9.549561
819.4702, 11.33984
819.9523, 12.02441
820.4344, 11.51929
820.9166, 9.722900
821.3987, 5.157471
821.8808, 2.4410000E-03
822.3629, 3.076416
822.8450, 3.918213
823.3271, 3.312012
823.8093, 0.9912110
824.2914, 1.662598
824.7735, 2.241455
825.2556, 1.474121
825.7377, 1.589111
826.2198, 3.364258
826.7020, 5.291992
827.1841, 6.241211
827.6662, 6.788574
828.1483, 7.655518
828.6304, 10.83179
829.1125, 11.48315
829.5947, 8.568115
830.0768, 4.333740
830.5589, 0.8122560
831.0410, 1.921875
831.5231, 2.039063
832.0052, 0.8837890
832.4874, 5.762939
832.9695, 14.07715
833.4516, 22.60498
833.9337, 25.81592
834.4158, 20.48218
834.8979, 16.26416
835.3801, 19.18042
835.8622, 22.80396
836.3443, 20.97461
836.8264, 9.579346
837.3085, 5.103271
837.7906, 9.193848
838.2728, 15.40356
838.7549, 16.43286
839.2370, 14.28589
839.7191, 17.15576
840.2012, 26.41357
840.6833, 32.63623
841.1655, 25.43262
841.6476, 14.35840
842.1297, 7.742676
842.6118, 7.714111
843.0939, 8.591553
843.5760, 9.639404
844.0582, 12.03662
844.5403, 18.16064
845.0224, 28.29346
845.5045, 30.22412
845.9866, 23.65894
846.4688, 16.46411
846.9509, 14.08838
847.4330, 15.25537
847.9151, 20.01514
848.3972, 28.13965
848.8793, 32.94214
849.3615, 26.93213
849.8436, 21.46167
850.3257, 23.18774
850.8078, 32.11377
851.2899, 37.84619
851.7720, 40.35645
852.2542, 39.53687
852.7363, 33.16479
853.2184, 23.96753
853.7005, 19.76367
854.1826, 19.80640
854.6647, 19.99292
855.1469, 16.58252
855.6290, 13.48193
856.1111, 14.97974
856.5932, 20.09790
857.0753, 22.02759
857.5574, 18.67920
858.0396, 14.73047
858.5217, 11.02246
859.0038, 7.684326
859.4859, 6.819580
859.9680, 8.219727
860.4501, 9.691162
860.9323, 10.16309
861.4144, 10.29395
861.8965, 10.33081
862.3786, 10.54688
862.8607, 11.63892
863.3428, 15.34595
863.8250, 18.02246
864.3071, 18.98022
864.7892, 18.49902
865.2713, 17.02295
865.7534, 14.45825
866.2355, 10.87036
866.7177, 5.425537
867.1998, 0.6342770
867.6819, 0.6896970
868.1640, 3.912354
868.6461, 7.163574
869.1282, 11.08398
869.6104, 12.08643
870.0925, 5.608643
870.5746, 2.886719
871.0567, 6.548340
871.5388, 3.480713
872.0209, 0.9914550
872.5031, 0.5678710
872.9852, 1.358398
873.4673, 1.462891
873.9494, 0.9648440
874.4315, 0.3366700
874.9136, 2.738037
875.3958, 3.732422
875.8779, 0.1137700
876.3600, 5.102051
876.8421, 7.442139
877.3242, 5.096680
877.8063, 5.310547
878.2885, 9.875488
878.7706, 13.76953
879.2527, 11.87695
879.7348, 5.325684
880.2169, 3.188477
880.6990, 5.647949
881.1812, 10.21338
881.6633, 15.90479
882.1454, 20.30273
882.6275, 19.72412
883.1096, 14.37451
883.5917, 11.25244
884.0739, 11.49365
884.5560, 14.46875
885.0381, 22.08398
885.5202, 32.44482
886.0023, 33.19775
886.4844, 24.57080
886.9666, 17.18994
887.4487, 17.99121
887.9308, 21.40039
888.4129, 19.37402
888.8950, 13.45264
889.3771, 8.599121
889.8593, 7.423340
890.3414, 6.801758
890.8235, 5.918457
891.3056, 5.256836
891.7877, 5.726563
892.2698, 7.369629
892.7520, 10.32910
893.2341, 15.38135
893.7162, 19.58594
894.1983, 17.73096
894.6804, 12.39697
895.1625, 8.486816
895.6447, 7.542480
896.1268, 7.327637
896.6089, 6.214355
897.0910, 5.710938
897.5731, 7.750000
898.0552, 14.09131
898.5374, 15.87402
899.0195, 11.95166
899.5016, 7.444824
899.9837, 7.580566
900.4658, 10.67871
900.9479, 13.09766
901.4301, 14.51172
901.9122, 16.04541
902.3943, 18.72461
902.8764, 21.36328
903.3585, 23.46191
903.8406, 25.03906
904.3228, 24.33496
904.8049, 20.46924
905.2870, 17.42822
905.7691, 17.93555
906.2512, 20.55859
906.7333, 21.26416
907.2155, 20.39551
907.6976, 19.40967
908.1797, 19.53076
908.6618, 19.79639
909.1439, 19.84668
909.6260, 19.33057
910.1082, 17.10986
910.5903, 10.78174
911.0724, 7.988281
911.5545, 11.99561
912.0366, 19.13525
912.5187, 22.61133
913.0009, 23.12793
913.4830, 22.96143
913.9651, 22.48633
914.4472, 22.20117
914.9293, 22.55713
915.4114, 23.22461
915.8936, 23.73975
916.3757, 23.04736
916.8578, 24.94629
917.3399, 31.31689
917.8220, 36.22510
918.3041, 31.38135
918.7863, 19.99268
919.2684, 17.05273
919.7505, 23.38623
920.2326, 28.43164
920.7147, 21.97412
921.1968, 13.60107
921.6790, 10.29102
922.1611, 12.98584
922.6432, 16.19482
923.1253, 21.27393
923.6074, 23.49072
924.0895, 19.36670
924.5717, 11.61230
925.0538, 10.39258
925.5359, 14.62598
926.0180, 18.83057
926.5001, 21.09131
926.9822, 21.51904
927.4644, 18.46729
927.9465, 13.90723
928.4286, 12.34766
928.9107, 17.28906
929.3928, 18.89355
929.8749, 14.17090
930.3571, 8.462891
930.8392, 11.84375
931.3213, 21.62256
931.8034, 25.86084
932.2855, 21.63428
932.7676, 14.96973
933.2498, 6.972656
933.7319, 1.078125
934.2140, 0.9028320
934.6961, 9.721680
935.1782, 13.00195
935.6603, 7.892090
936.1425, 3.241211
936.6246, 7.615234
937.1067, 17.59131
937.5888, 15.02637
938.0709, 1.668945
938.5530, 7.708008
939.0352, 1.692383
939.5173, 12.75000
939.9994, 13.57959
940.4815, 6.072754
940.9636, 1.286133
941.4457, 0.6787110
941.9279, 9.6190996E-02
942.4100, 2.736816
942.8921, 5.144531
943.3742, 0.9814450
943.8563, 7.123535
944.3384, 10.04980
944.8206, 2.505859
945.3027, 4.751953
945.7848, 4.833496
946.2669, 1.520996
946.7490, 0.9145510
947.2311, 1.398438
947.7133, 3.424316
948.1954, 7.729980
948.6775, 11.40479
949.1596, 10.84863
949.6417, 7.878418
950.1238, 7.856445
950.6060, 10.82617
951.0881, 12.14746
951.5702, 7.918945
952.0523, 2.610840
952.5344, 2.369629
953.0165, 6.544434
953.4987, 6.629395
953.9808, 1.709473
954.4629, 3.336426
954.9450, 6.843262
955.4271, 9.372559
955.9092, 12.62939
956.3914, 15.51953
956.8735, 15.19141
957.3556, 5.679688
957.8377, 1.8555000E-02
958.3198, 6.839355
958.8019, 17.38623
959.2841, 22.18555
959.7662, 20.31055
960.2483, 17.90039
960.7304, 15.33545
961.2125, 12.11963
961.6946, 5.458008
962.1768, 1.006348
962.6589, 0.5517580
963.1410, 7.304688
963.6231, 13.00586
964.1052, 13.22705
964.5873, 10.39307
965.0695, 4.372559
965.5516, 3.879883
966.0337, 8.331543
966.5158, 8.991211
966.9979, 9.525879
967.4800, 13.39795
967.9622, 15.29004
968.4443, 4.942871
968.9264, 10.91260
969.4085, 19.96973
969.8906, 12.11719
970.3727, 6.225098
970.8549, 3.658691
971.3370, 3.628906
971.8191, 6.592285
972.3012, 11.93994
972.7833, 13.19727
973.2654, 9.597168
973.7476, 5.820313
974.2296, 5.043945
974.7117, 6.125977
975.1938, 9.119629
975.6760, 13.98584
976.1581, 15.77295
976.6402, 13.59961
977.1223, 9.507324
977.6044, 3.094238
978.0865, 3.776855
978.5687, 4.946289
979.0508, 1.627441
979.5329, 1.624512
980.0150, 2.927734
980.4971, 3.752441
980.9792, 4.902832
981.4614, 6.126465
981.9435, 7.013672
982.4256, 7.333008
982.9077, 8.211914
983.3898, 9.741211
983.8719, 11.78760
984.3541, 14.14453
984.8362, 16.87451
985.3183, 20.29541
985.8004, 24.37061
986.2825, 28.29834
986.7646, 32.50293
987.2468, 35.35693
987.7289, 36.13379
988.2110, 34.90967
988.6931, 32.00537
989.1752, 27.30273
989.6573, 22.69678
990.1395, 18.38135
990.6216, 15.44238
991.1037, 16.90771
991.5858, 20.04443
992.0679, 20.73145
992.5500, 15.75439
993.0322, 12.27393
993.5143, 11.38672
993.9964, 11.57373
994.4785, 11.81494
994.9606, 12.10645
995.4427, 12.29639
995.9249, 12.29639
996.4070, 12.05176
996.8891, 13.15088
997.3712, 14.55664
997.8533, 14.78027
998.3354, 14.29346
998.8176, 17.55273
999.2997, 26.93945
999.7818, 33.40820
1000.264, 33.30225
1000.746, 30.24414
1001.228, 31.56982
1001.710, 35.42871
1002.192, 37.01904
1002.674, 33.88916
1003.157, 30.85107
1003.639, 31.10889
1004.121, 32.67432
1004.603, 34.08398
1005.085, 35.50537
1005.567, 34.52930
1006.049, 30.98291
1006.531, 27.80225
1007.014, 28.96582
1007.496, 30.41504
1007.978, 25.77686
1008.460, 16.91406
1008.942, 11.13135
1009.424, 13.75488
1009.906, 15.24414
1010.388, 12.87354
1010.870, 9.446777
1011.353, 10.35742
1011.835, 15.28809
1012.317, 21.22363
1012.799, 27.63037
1013.281, 32.94775
1013.763, 36.93652
1014.245, 38.53369
1014.727, 36.19092
1015.210, 29.61230
1015.692, 22.30176
1016.174, 13.17139
1016.656, 8.416992
1017.138, 13.65820
1017.620, 23.47510
1018.102, 26.41797
1018.584, 24.77002
1019.066, 24.75830
1019.549, 30.77539
1020.031, 36.29346
1020.513, 40.84277
1020.995, 43.46924
1021.477, 41.54688
1021.959, 34.92334
1022.441, 33.11182
1022.923, 36.91357
1023.406, 42.50781
1023.888, 48.59717
1024.370, 53.80811
1024.852, 56.19141
1025.334, 55.55908
1025.816, 55.58447
1026.298, 58.58643
1026.780, 59.41113
1027.262, 55.30371
1027.745, 49.52832
1028.227, 49.43652
1028.709, 53.40039
1029.191, 56.57275
1029.673, 56.17041
1030.155, 58.18164
1030.637, 68.23730
1031.119, 79.53027
1031.602, 86.60205
1032.084, 89.02051
1032.566, 91.35840
1033.048, 93.59961
1033.530, 95.28223
1034.012, 94.22900
1034.494, 93.85449
1034.976, 98.07617
1035.458, 106.1782
1035.941, 115.4600
1036.423, 127.5625
1036.905, 137.5103
1037.387, 143.2515
1037.869, 148.8750
1038.351, 163.1982
1038.833, 182.2983
1039.315, 190.0225
1039.797, 183.2573
1040.280, 180.3237
1040.762, 197.5562
1041.244, 216.7476
1041.726, 224.7617
1042.208, 223.5864
1042.690, 232.9829
1043.172, 253.7637
1043.654, 273.9209
1044.137, 288.1558
1044.619, 301.0840
1045.101, 317.4336
1045.583, 337.1318
1046.065, 360.3071
1046.547, 390.7964
1047.029, 417.3604
1047.511, 435.4629
1047.994, 457.1113
1048.476, 494.0229
1048.958, 542.5620
1049.440, 589.1450
1049.922, 633.4922
1050.404, 677.1934
1050.886, 718.2026
1051.368, 761.2676
1051.850, 806.1895
1052.333, 855.5312
1052.815, 916.8662
1053.297, 992.0386
1053.779, 1063.277
1054.261, 1126.187
1054.743, 1194.501
1055.225, 1285.252
1055.707, 1387.419
1056.189, 1490.510
1056.672, 1593.122
1057.154, 1698.439
1057.636, 1804.053
1058.118, 1918.264
1058.600, 2048.647
1059.082, 2185.330
1059.564, 2310.541
1060.046, 2421.191
1060.529, 2511.904
1061.011, 2581.355
1061.493, 2629.156
1061.975, 2658.880
1062.457, 2661.422
1062.939, 2627.215
1063.421, 2555.179
1063.903, 2469.075
1064.385, 2368.162
1064.868, 2250.892
1065.350, 2105.276
1065.832, 1952.409
1066.314, 1807.858
1066.796, 1671.838
1067.278, 1534.862
1067.760, 1389.905
1068.242, 1260.413
1068.724, 1151.651
1069.207, 1055.400
1069.689, 963.0327
1070.171, 876.1997
1070.653, 795.9409
1071.135, 722.2188
1071.617, 659.9619
1072.099, 619.1860
1072.581, 581.6045
1073.064, 540.0767
1073.546, 497.1479
1074.028, 459.5190
1074.510, 427.4658
1074.992, 398.1768
1075.474, 370.8921
1075.956, 344.7588
1076.438, 318.6826
1076.921, 295.1445
1077.403, 277.5088
1077.885, 266.3022
1078.367, 255.1011
1078.849, 244.0723
1079.331, 231.7275
1079.813, 216.2578
1080.295, 200.3853
1080.777, 186.1494
1081.260, 173.1353
1081.742, 161.6440
1082.224, 151.9175
1082.706, 144.1743
1083.188, 139.2168
1083.670, 134.6704
1084.152, 127.5010
1084.634, 118.7666
1085.116, 110.7656
1085.599, 103.9141
1086.081, 100.2725
1086.563, 105.3481
1087.045, 108.4829
1087.527, 103.9771
1088.009, 95.80469
1088.491, 94.59131
1088.973, 99.65820
1089.456, 95.03906
1089.938, 76.07129
1090.420, 58.32129
1090.902, 57.99609
1091.384, 62.22852
1091.866, 59.20947
1092.348, 48.27588
1092.830, 41.51367
1093.313, 39.36914
1093.795, 38.89404
1094.277, 39.02344
1094.759, 40.14746
1095.241, 45.09277
1095.723, 50.67578
1096.205, 51.36084
1096.687, 42.53271
1097.169, 35.81592
1097.651, 32.34277
1098.134, 30.33984
1098.616, 28.75928
1099.098, 27.58936
1099.580, 29.41748
1100.062, 32.78174
1100.544, 31.51562
1101.026, 15.20557
1101.508, 3.267090
1101.990, 3.275879
1102.473, 9.352539
1102.955, 17.09424
1103.437, 26.16602
1103.919, 28.38477
1104.401, 23.25977
1104.883, 16.79150
1105.365, 11.39648
1105.847, 7.886230
1106.330, 7.480957
1106.812, 9.462891
1107.294, 11.14111
1107.776, 12.46680
1108.258, 13.11768
1108.740, 12.54932
1109.222, 13.30615
1109.704, 21.16406
1110.187, 30.07324
1110.669, 32.08740
1111.151, 25.66943
1111.633, 22.30127
1112.115, 24.00244
1112.597, 25.39551
1113.079, 24.74268
1113.561, 22.62500
1114.043, 19.39893
1114.526, 15.79980
1115.008, 13.20312
1115.490, 12.39209
1115.972, 11.50977
1116.454, 10.40234
1116.936, 8.854492
1117.418, 6.344238
1117.900, 3.355469
1118.382, 2.950684
1118.865, 4.375000
1119.347, 4.144043
1119.829, 0.7343750
1120.311, 5.834961
1120.793, 11.10889
1121.275, 14.35205
1121.757, 12.22510
1122.239, 4.330078
1122.722, 1.384766
1123.204, 3.531250
1123.686, 5.612793
1124.168, 4.710938
1124.650, 1.864746
1125.132, 4.276855
1125.614, 11.38770
1126.096, 13.77783
1126.578, 10.71777
1127.061, 5.462402
1127.543, 2.270996
1128.025, 8.352051
1128.507, 7.505371
1128.989, 3.647461
1129.471, 0.3320310
1129.953, 1.978516
1130.435, 2.336426
1130.917, 0.3886720
1131.400, 2.761719
1131.882, 7.771484
1132.364, 11.55762
1132.846, 7.428223
1133.328, 0.2856450
1133.810, 4.179688
1134.292, 2.782227
1134.774, 1.322266
1135.257, 0.3261720
1135.739, 0.5917970
1136.221, 3.408691
1136.703, 6.635742
1137.185, 3.045410
1137.667, 4.470215
1138.149, 7.395508
1138.631, 2.429199
1139.114, 4.068359
1139.596, 12.59277
1140.078, 18.78467
1140.560, 19.49951
1141.042, 15.63574
1141.524, 12.11865
1142.006, 9.177246
1142.488, 8.145996
1142.970, 11.54883
1143.453, 14.06592
1143.935, 11.74219
1144.417, 8.109863
1144.899, 6.314453
1145.381, 6.376953
1145.863, 9.531250
1146.345, 15.64111
1146.827, 20.17480
1147.309, 18.06396
1147.792, 15.44678
1148.274, 17.97949
1148.756, 22.51807
1149.238, 23.09717
1149.720, 18.87402
1150.202, 13.80078
1150.684, 7.724609
1151.166, 4.743652
1151.649, 13.48730
1152.131, 22.72168
1152.613, 18.24756
1153.095, 4.569824
1153.577, 1.931152
1154.059, 16.82471
1154.541, 22.84619
1155.023, 15.03271
1155.505, 3.958984
1155.988, 0.1254880
1156.470, 0.5830080
1156.952, 4.696289
1157.434, 11.73340
1157.916, 16.97119
1158.398, 18.91650
1158.880, 22.20801
1159.362, 28.92969
1159.844, 34.81250
1160.327, 30.96094
1160.809, 22.90674
1161.291, 20.64404
1161.773, 26.21094
1162.255, 29.58691
1162.737, 28.64062
1163.219, 25.49268
1163.701, 19.65723
1164.184, 13.58838
1164.666, 13.36426
1165.148, 16.76123
1165.630, 18.41406
1166.112, 16.29199
1166.594, 15.88965
1167.076, 20.36572
1167.558, 24.49072
1168.041, 25.91797
1168.523, 25.34326
1169.005, 24.22803
1169.487, 22.99072
1169.969, 23.45410
1170.451, 28.73242
1170.933, 29.64307
1171.415, 16.19873
1171.897, 4.791016
1172.380, 6.974121
1172.862, 19.69922
1173.344, 24.79834
1173.826, 23.85547
1174.308, 24.97314
1174.790, 36.79395
1175.272, 43.82910
1175.754, 34.39111
1176.236, 22.11182
1176.719, 17.94873
1177.201, 21.59766
1177.683, 25.03027
1178.165, 27.95215
1178.647, 30.09326
1179.129, 32.45312
1179.611, 33.27197
1180.093, 30.61914
1180.576, 27.10205
1181.058, 25.65137
1181.540, 26.16260
1182.022, 26.46826
1182.504, 26.23682
1182.986, 25.10254
1183.468, 19.61621
1183.950, 16.09912
1184.432, 22.43945
1184.915, 31.15576
1185.397, 28.06201
1185.879, 12.23975
1186.361, 7.603516
1186.843, 16.28564
1187.325, 26.16455
1187.807, 28.87500
1188.289, 28.76758
1188.771, 27.68896
1189.254, 26.14111
1189.736, 25.34326
1190.218, 25.42090
1190.700, 25.68896
1191.182, 26.27783
1191.664, 26.00879
1192.146, 23.91699
1192.628, 20.95312
1193.111, 16.54980
1193.593, 12.00684
1194.075, 11.73096
1194.557, 16.05469
1195.039, 20.29541
1195.521, 23.32031
1196.003, 25.34619
1196.485, 26.48340
1196.968, 27.32227
1197.450, 27.67920
1197.932, 27.87695
1198.414, 30.23096
1198.896, 35.05615
1199.378, 37.00781
1199.860, 33.80420
1200.342, 31.04150
1200.824, 35.92725
1201.307, 42.63086
1201.789, 45.55322
1202.271, 44.81738
1202.753, 45.26221
1203.235, 47.14160
1203.717, 47.17529
1204.199, 44.00488
1204.681, 40.17090
1205.163, 38.17285
1205.646, 36.78418
1206.128, 34.52148
1206.610, 31.35010
1207.092, 29.64014
1207.574, 29.52148
1208.056, 29.71436
1208.538, 30.35010
1209.020, 29.52002
1209.503, 23.09131
1209.985, 15.61230
1210.467, 12.77881
1210.949, 14.66748
1211.431, 14.90088
1211.913, 13.51025
1212.395, 13.60352
1212.877, 17.23633
1213.359, 21.14355
1213.842, 22.31738
1214.324, 22.15039
1214.806, 22.10693
1215.288, 22.22510
1215.770, 21.52197
1216.252, 19.92773
1216.734, 18.35938
1217.216, 17.10693
1217.698, 16.30078
1218.181, 15.59717
1218.663, 15.68018
1219.145, 17.83447
1219.627, 22.35254
1220.109, 23.69189
1220.591, 21.70264
1221.073, 20.62305
1221.555, 23.35986
1222.038, 26.53076
1222.520, 27.60107
1223.002, 27.44922
1223.484, 27.08789
1223.966, 26.47656
1224.448, 27.13184
1224.930, 29.06934
1225.412, 29.07373
1225.895, 23.60352
1226.377, 18.11719
1226.859, 15.98486
1227.341, 16.58203
1227.823, 19.46094
1228.305, 25.10938
1228.787, 26.93018
1229.269, 25.11719
1229.751, 23.06738
1230.234, 22.08691
1230.716, 22.42236
1231.198, 25.64600
1231.680, 29.15918
1232.162, 30.00684
1232.644, 28.03369
1233.126, 24.28809
1233.608, 18.98682
1234.090, 15.14258
1234.573, 15.42334
1235.055, 16.61035
1235.537, 19.46045
1236.019, 20.61621
1236.501, 15.56592
1236.983, 4.616699
1237.465, 3.081543
1237.947, 7.491211
1238.430, 9.361328
1238.912, 9.707520
1239.394, 6.715820
1239.876, 4.873047
1240.358, 16.31104
1240.840, 17.42383
1241.322, 10.00342
1241.804, 9.840820
1242.286, 16.32617
1242.769, 22.35840
1243.251, 26.99414
1243.733, 26.53711
1244.215, 15.62158
1244.697, 5.006348
1245.179, 7.002930
1245.661, 18.49951
1246.143, 27.01953
1246.625, 31.95557
1247.108, 33.15381
1247.590, 27.94189
1248.072, 22.33691
1248.554, 16.63818
1249.036, 12.28271
1249.518, 10.20557
1250.000, 10.67969
1250.482, 16.87012
1250.965, 26.79736
1251.447, 32.65332
1251.929, 29.37646
1252.411, 23.94727
1252.893, 15.41455
1253.375, 9.096680
1253.857, 14.27246
1254.339, 23.47998
1254.822, 20.51465
1255.304, 8.354492
1255.786, 1.142578
1256.268, 4.459961
1256.750, 5.199707
1257.232, 3.387695
1257.714, 0.4106450
1258.196, 7.766113
1258.678, 15.26904
1259.161, 17.93311
1259.643, 16.60889
1260.125, 13.90430
1260.607, 8.223633
1261.089, 7.895508
1261.571, 14.42285
1262.053, 19.84375
1262.535, 15.32666
1263.017, 8.221680
1263.500, 4.230469
1263.982, 4.132324
1264.464, 10.16992
1264.946, 25.32764
1265.428, 29.89648
1265.910, 22.31055
1266.392, 15.13623
1266.874, 21.04395
1267.357, 27.97217
1267.839, 26.26709
1268.321, 19.43994
1268.803, 14.07178
1269.285, 10.08105
1269.767, 5.702637
1270.249, 1.684082
1270.731, 3.401855
1271.214, 20.77344
1271.696, 33.11035
1272.178, 23.42139
1272.660, 7.626465
1273.142, 3.373535
1273.624, 9.529785
1274.106, 13.90234
1274.588, 16.13037
1275.070, 17.08350
1275.552, 16.04102
1276.035, 15.38281
1276.517, 15.95215
1276.999, 16.81348
1277.481, 16.14453
1277.963, 15.11230
1278.445, 18.98535
1278.927, 24.86719
1279.409, 27.87354
1279.892, 25.56445
1280.374, 24.66357
1280.856, 25.86084
1281.338, 27.57617
1281.820, 29.70850
1282.302, 31.11133
1282.784, 28.91650
1283.266, 24.92041
1283.749, 22.20020
1284.231, 21.05518
1284.713, 23.01709
1285.195, 29.36719
1285.677, 33.12598
1286.159, 26.50879
1286.641, 17.27686
1287.123, 12.46143
1287.605, 11.39941
1288.088, 13.49512
1288.570, 19.49805
1289.052, 23.10352
1289.534, 24.08887
1290.016, 25.10156
1290.498, 29.59668
1290.980, 33.06982
1291.462, 31.74658
1291.944, 27.51074
1292.427, 22.56396
1292.909, 16.70654
1293.391, 13.68896
1293.873, 13.43945
1294.355, 14.92432
1294.837, 20.96338
1295.319, 24.11182
1295.801, 18.34277
1296.284, 10.99316
1296.766, 6.731445
1297.248, 5.499512
1297.730, 9.432129
1298.212, 16.31445
1298.694, 18.05469
1299.176, 5.750000
1299.658, 0.4140630
1300.141, 3.164551
1300.623, 3.396484
1301.105, 0.0000000E+00
##END=



