##NAMES=Tsumcorite
##RRUFFID=R060081
##IDEAL CHEMISTRY=Pb^2+^Zn^2+^_2_(As^5+^O_4_)_2_&#183;2H_2_O
##LOCALITY=Tsumeb mine, Tsumeb, Otavi District, Oshikoto, Namibia
##OWNER=RRUFF
##SOURCE=Marcus Origlieri
##DESCRIPTION=Aggregate of yellowish-orange bladed crystals with significant chemical oscillations, associated with green duftite
##STATUS=The identification of this mineral is confirmed by single-crystal X-ray diffraction and chemical analysis.
##URL=rruff.info/R060081
##MEASURED CHEMISTRY=Pb_1.00_Zn_1.00_(Fe_0.80_Zn_0.20_)_Σ=1_(As_1.00_O_4_)_2_(OH)·H_2_O ; trace amounts of Ca, Na, Cu, Al ; H_2_O estimated by difference
110.3409, 0.0000000E+00
110.8230, 0.3876950
111.3051, 0.7398220
111.7872, 1.008591
112.2693, 0.6786190
112.7515, 0.1665650
113.2336, 0.1468350
113.7157, 0.2458190
114.1978, 0.1171880
114.6799, 0.2199400
115.1620, 0.6987610
115.6442, 1.370865
116.1263, 2.221725
116.6084, 2.887085
117.0905, 3.045670
117.5726, 3.133560
118.0547, 3.464020
118.5369, 4.089462
119.0190, 4.823502
119.5011, 5.360901
119.9832, 5.477371
120.4653, 5.939102
120.9474, 7.149597
121.4296, 8.548050
121.9117, 9.622437
122.3938, 10.14749
122.8759, 10.33965
123.3580, 10.91695
123.8401, 12.26054
124.3223, 13.62790
124.8044, 14.98834
125.2865, 16.32663
125.7686, 17.59747
126.2507, 18.76834
126.7328, 19.86032
127.2150, 21.18851
127.6971, 23.05475
128.1792, 24.81586
128.6613, 26.02368
129.1434, 26.78375
129.6255, 27.69954
130.1077, 29.31830
130.5898, 31.58914
131.0719, 33.65259
131.5540, 35.20059
132.0361, 36.68440
132.5182, 38.66461
133.0004, 41.27087
133.4825, 43.94400
133.9646, 46.32504
134.4467, 48.45850
134.9288, 50.27913
135.4109, 51.55533
135.8931, 52.46011
136.3752, 53.63829
136.8573, 55.26624
137.3394, 56.99216
137.8215, 58.65306
138.3036, 60.24541
138.7858, 61.76135
139.2679, 63.34219
139.7500, 65.07758
140.2321, 66.13039
140.7142, 65.63075
141.1963, 65.12262
141.6785, 65.30417
142.1606, 66.17947
142.6427, 67.27109
143.1248, 67.97583
143.6069, 68.09348
144.0890, 68.25200
144.5712, 68.30885
145.0533, 68.48320
145.5354, 69.02647
146.0175, 69.97699
146.4996, 71.05849
146.9817, 71.77113
147.4639, 71.79558
147.9460, 71.94005
148.4281, 72.14441
148.9102, 72.51039
149.3923, 73.24333
149.8744, 74.47385
150.3566, 75.93855
150.8387, 77.02597
151.3208, 77.71098
151.8029, 78.25232
152.2850, 78.80740
152.7671, 79.30969
153.2493, 79.52797
153.7314, 79.32368
154.2135, 78.78505
154.6956, 78.21112
155.1777, 77.69960
155.6598, 76.92924
156.1420, 75.62500
156.6241, 73.78265
157.1062, 71.62970
157.5883, 69.03188
158.0704, 66.26582
158.5525, 63.58229
159.0347, 61.06693
159.5168, 58.58353
159.9989, 55.88112
160.4810, 52.86905
160.9631, 49.87567
161.4452, 46.94684
161.9274, 44.10129
162.4095, 41.34590
162.8916, 38.69775
163.3737, 36.14027
163.8558, 33.65195
164.3379, 31.30432
164.8201, 28.92647
165.3022, 26.23247
165.7843, 23.55016
166.2664, 21.36633
166.7485, 19.99168
167.2306, 19.31815
167.7128, 18.32893
168.1949, 16.50365
168.6770, 14.81793
169.1591, 13.49467
169.6412, 12.46103
170.1233, 11.52876
170.6055, 10.56839
171.0876, 9.577133
171.5697, 8.691971
172.0518, 7.906952
172.5339, 7.210205
173.0160, 6.635727
173.4982, 6.161087
173.9803, 5.673767
174.4624, 5.040253
174.9445, 4.304443
175.4266, 3.866058
175.9087, 4.004776
176.3909, 4.248779
176.8730, 4.191086
177.3551, 3.797913
177.8372, 3.318405
178.3193, 2.841385
178.8014, 2.431198
179.2836, 2.306503
179.7657, 2.715744
180.2478, 3.369919
180.7299, 3.884232
181.2120, 4.273087
181.6941, 4.430099
182.1763, 4.032257
182.6584, 3.367386
183.1405, 2.985245
183.6226, 3.312729
184.1047, 4.123352
184.5868, 4.651062
185.0690, 4.740845
185.5511, 4.747040
186.0332, 4.847000
186.5153, 5.000687
186.9974, 5.121170
187.4795, 5.124313
187.9617, 5.031540
188.4438, 5.071671
188.9259, 5.341797
189.4080, 5.642944
189.8901, 5.933640
190.3722, 6.186737
190.8544, 6.361237
191.3365, 6.432480
191.8186, 6.409576
192.3007, 6.468658
192.7828, 6.727356
193.2649, 6.974976
193.7471, 7.099274
194.2292, 7.123962
194.7113, 7.151657
195.1934, 7.313263
195.6755, 7.680786
196.1576, 8.034119
196.6398, 8.383926
197.1219, 8.655350
197.6040, 8.735214
198.0861, 8.684265
198.5682, 8.706848
199.0503, 9.002563
199.5325, 9.613388
200.0146, 10.03470
200.4967, 10.17844
200.9788, 10.25937
201.4609, 10.42708
201.9430, 10.68695
202.4252, 10.92297
202.9073, 10.98734
203.3894, 10.82713
203.8715, 10.72156
204.3536, 10.87027
204.8357, 11.02339
205.3179, 10.90335
205.8000, 10.47031
206.2821, 9.940308
206.7642, 9.485245
207.2463, 9.101395
207.7284, 8.776474
208.2106, 8.518036
208.6927, 8.315491
209.1748, 8.158463
209.6569, 8.048645
210.1390, 7.974915
210.6211, 7.981766
211.1033, 8.026459
211.5854, 7.987701
212.0675, 7.785553
212.5496, 7.472519
213.0317, 7.174759
213.5138, 6.932144
213.9960, 6.628265
214.4781, 6.148239
214.9602, 5.558533
215.4423, 4.993027
215.9244, 4.545639
216.4065, 4.179688
216.8886, 3.737045
217.3708, 3.064743
217.8529, 2.560974
218.3350, 2.477127
218.8171, 2.660522
219.2992, 2.824020
219.7813, 2.781525
220.2635, 2.565048
220.7456, 2.391846
221.2277, 2.288483
221.7098, 2.202866
222.1919, 2.157104
222.6740, 2.113800
223.1562, 2.011047
223.6383, 1.804642
224.1204, 1.500458
224.6025, 1.160278
225.0846, 0.5446780
225.5667, 0.1607210
226.0489, 0.2250370
226.5310, 0.5992740
227.0131, 1.052200
227.4952, 1.445969
227.9773, 1.772766
228.4594, 1.921326
228.9416, 1.700378
229.4237, 1.490387
229.9058, 1.339493
230.3879, 1.263336
230.8700, 1.297729
231.3521, 1.484833
231.8343, 1.803314
232.3164, 1.901184
232.7985, 1.564514
233.2806, 1.255493
233.7627, 1.031372
234.2448, 0.9253230
234.7270, 1.006836
235.2091, 1.345505
235.6912, 1.898590
236.1733, 2.248138
236.6554, 2.365891
237.1375, 2.362244
237.6197, 2.162582
238.1018, 1.861938
238.5839, 1.678955
239.0660, 1.765656
239.5481, 2.053116
240.0302, 2.149170
240.5124, 2.033951
240.9945, 1.797806
241.4766, 1.348602
241.9587, 0.7883450
242.4408, 0.3961640
242.9229, 0.3564450
243.4051, 0.5499730
243.8872, 0.5682680
244.3693, 0.3607030
244.8514, 8.5205004E-02
245.3335, 0.2473450
245.8156, 0.6052400
246.2978, 0.9020080
246.7799, 1.123947
247.2620, 1.226013
247.7441, 1.102615
248.2262, 0.6334380
248.7083, 0.2337340
249.1905, 0.1302800
249.6726, 0.2729190
250.1547, 0.4979100
250.6368, 0.8054660
251.1189, 1.100143
251.6010, 1.180603
252.0832, 0.9663390
252.5653, 0.9162450
253.0474, 1.476089
253.5295, 2.479752
254.0116, 3.173370
254.4937, 3.227753
254.9759, 3.023621
255.4580, 3.063202
255.9401, 3.359146
256.4222, 3.556625
256.9043, 3.321091
257.3864, 2.754074
257.8686, 2.395477
258.3507, 2.439041
258.8328, 2.611038
259.3149, 2.748184
259.7970, 2.832993
260.2791, 2.710999
260.7613, 2.134125
261.2434, 1.206421
261.7255, 0.5175020
262.2076, 0.2164920
262.6897, 7.5728998E-02
263.1718, 1.8005000E-02
263.6540, 8.8165000E-02
264.1361, 0.2131040
264.6182, 0.4193420
265.1003, 0.7132870
265.5824, 1.170898
266.0645, 1.950897
266.5467, 2.666901
267.0288, 2.981186
267.5109, 3.087997
267.9930, 3.416840
268.4751, 4.317963
268.9572, 5.651459
269.4394, 6.784897
269.9215, 7.627365
270.4036, 8.391998
270.8857, 9.167603
271.3678, 9.933868
271.8499, 10.62752
272.3321, 11.15109
272.8142, 11.63033
273.2963, 12.52541
273.7784, 14.08699
274.2605, 15.65700
274.7426, 17.17044
275.2248, 18.54623
275.7069, 19.62059
276.1890, 20.28967
276.6711, 20.73866
277.1532, 21.46234
277.6353, 22.68880
278.1175, 23.76956
278.5996, 24.35475
279.0817, 24.86577
279.5638, 25.74590
280.0459, 27.16512
280.5280, 28.85753
281.0102, 30.32495
281.4923, 31.45041
281.9744, 32.57072
282.4565, 33.79024
282.9386, 34.97223
283.4207, 35.98438
283.9029, 36.82384
284.3850, 37.60861
284.8671, 38.49934
285.3492, 39.54556
285.8313, 40.56171
286.3134, 41.60823
286.7956, 42.57156
287.2777, 43.44275
287.7598, 44.18526
288.2419, 44.70221
288.7240, 44.83638
289.2061, 44.45746
289.6883, 44.16756
290.1704, 43.88918
290.6525, 43.74475
291.1346, 43.92722
291.6167, 44.34355
292.0988, 44.67932
292.5810, 44.62939
293.0631, 44.16112
293.5452, 43.70024
294.0273, 43.54494
294.5094, 43.09354
294.9915, 41.85387
295.4737, 40.13774
295.9558, 38.65848
296.4379, 37.98093
296.9200, 38.03481
297.4021, 37.67520
297.8842, 36.38875
298.3664, 35.21179
298.8485, 34.45079
299.3306, 33.91193
299.8127, 33.30121
300.2948, 32.45781
300.7769, 31.42735
301.2591, 30.36215
301.7412, 29.07883
302.2233, 27.97807
302.7054, 27.06932
303.1875, 26.36066
303.6696, 25.93733
304.1518, 25.83134
304.6339, 25.85522
305.1160, 25.57838
305.5981, 24.58073
306.0802, 23.97704
306.5623, 23.97968
307.0445, 24.21086
307.5266, 24.36415
308.0087, 24.36383
308.4908, 24.33281
308.9729, 24.47763
309.4550, 24.98099
309.9372, 25.25330
310.4193, 24.93990
310.9014, 24.66261
311.3835, 24.81538
311.8656, 25.42641
312.3477, 26.27931
312.8299, 27.13159
313.3120, 27.96239
313.7941, 28.86795
314.2762, 30.05104
314.7583, 31.14563
315.2404, 31.84612
315.7226, 32.31882
316.2047, 32.99883
316.6868, 34.23299
317.1689, 35.98524
317.6510, 37.66263
318.1331, 39.29495
318.6153, 40.88608
319.0974, 42.24556
319.5795, 43.60017
320.0616, 45.39247
320.5437, 47.88359
321.0258, 50.73325
321.5080, 52.82956
321.9901, 52.88832
322.4722, 53.77350
322.9543, 56.34528
323.4364, 59.45871
323.9185, 61.92432
324.4007, 63.34615
324.8828, 64.32074
325.3649, 65.88445
325.8470, 68.49278
326.3291, 70.85718
326.8112, 72.84314
327.2934, 74.73865
327.7755, 76.67763
328.2576, 78.71759
328.7397, 80.94885
329.2218, 83.52367
329.7039, 86.57281
330.1861, 89.34843
330.6682, 91.63290
331.1503, 93.89351
331.6324, 96.25099
332.1145, 98.75287
332.5966, 101.4477
333.0788, 104.4091
333.5609, 107.6087
334.0430, 110.5535
334.5251, 113.0347
335.0072, 115.4964
335.4893, 118.0816
335.9715, 120.6772
336.4536, 123.0779
336.9357, 125.1569
337.4178, 127.0596
337.8999, 129.1870
338.3820, 131.9595
338.8642, 134.3230
339.3463, 136.0475
339.8284, 137.4592
340.3105, 138.8670
340.7926, 140.3536
341.2747, 141.7279
341.7568, 142.6868
342.2390, 143.0908
342.7211, 143.3993
343.2032, 143.4588
343.6853, 143.5601
344.1674, 143.9123
344.6495, 144.4857
345.1317, 145.0904
345.6138, 145.5799
346.0959, 145.9626
346.5780, 146.0957
347.0601, 145.6520
347.5422, 145.2649
348.0244, 145.0428
348.5065, 145.0060
348.9886, 145.2084
349.4707, 145.7307
349.9528, 146.4479
350.4349, 146.7692
350.9171, 146.3284
351.3992, 146.0644
351.8813, 146.3896
352.3634, 146.8320
352.8455, 146.9024
353.3276, 146.4378
353.8098, 145.6866
354.2919, 144.9926
354.7740, 144.2605
355.2561, 143.8790
355.7382, 144.6610
356.2203, 145.2158
356.7025, 144.4856
357.1846, 142.5190
357.6667, 140.3392
358.1488, 139.0577
358.6309, 138.7337
359.1130, 137.7981
359.5952, 135.8249
360.0773, 133.7038
360.5594, 131.7149
361.0415, 129.8609
361.5236, 128.1599
362.0057, 126.7395
362.4879, 125.3838
362.9700, 123.3703
363.4521, 120.4685
363.9342, 117.4590
364.4163, 114.5151
364.8984, 111.6655
365.3806, 108.9387
365.8627, 106.3428
366.3448, 103.7871
366.8269, 101.2162
367.3090, 98.64459
367.7911, 95.79475
368.2733, 92.22200
368.7554, 88.65973
369.2375, 85.70935
369.7196, 83.35326
370.2017, 81.08580
370.6838, 78.57202
371.1660, 75.84779
371.6481, 73.08159
372.1302, 70.22314
372.6123, 67.44543
373.0944, 64.90817
373.5765, 62.53499
374.0587, 60.12149
374.5408, 57.51811
375.0229, 54.89732
375.5050, 52.55325
375.9871, 50.52594
376.4692, 48.50473
376.9514, 46.27379
377.4335, 44.01131
377.9156, 41.99799
378.3977, 40.34557
378.8798, 38.69914
379.3619, 36.73952
379.8441, 34.54716
380.3262, 32.43896
380.8083, 30.41171
381.2904, 28.63823
381.7725, 27.38921
382.2546, 26.64003
382.7368, 25.99132
383.2189, 25.56755
383.7010, 25.06325
384.1831, 23.85310
384.6652, 21.82231
385.1473, 19.96736
385.6295, 19.18506
386.1116, 19.32381
386.5937, 19.08211
387.0758, 18.12637
387.5579, 17.05547
388.0400, 16.17592
388.5222, 15.47540
389.0043, 14.89815
389.4864, 14.44633
389.9685, 14.06267
390.4506, 13.59293
390.9327, 12.96323
391.4149, 12.41927
391.8970, 12.11324
392.3791, 11.87395
392.8612, 11.40009
393.3433, 10.64545
393.8254, 10.00243
394.3076, 9.985046
394.7897, 10.78287
395.2718, 11.16643
395.7539, 10.83328
396.2360, 10.40086
396.7181, 10.23856
397.2003, 10.27475
397.6824, 10.22375
398.1645, 9.891281
398.6466, 9.346680
399.1287, 8.926285
399.6108, 8.682373
400.0930, 8.510956
400.5751, 8.453827
401.0572, 8.439880
401.5393, 8.499802
402.0214, 8.608002
402.5035, 8.500671
402.9857, 7.697189
403.4678, 5.746384
403.9499, 4.420441
404.4320, 4.278732
404.9141, 4.157700
405.3962, 3.397385
405.8784, 2.133530
406.3605, 0.9052280
406.8426, 0.1238250
407.3247, 0.2721100
407.8068, 0.6831670
408.2889, 1.182480
408.7711, 1.580597
409.2532, 1.766953
409.7353, 1.873566
410.2174, 2.046295
410.6995, 2.335510
411.1816, 2.672775
411.6638, 2.961823
412.1459, 3.191208
412.6280, 3.430237
413.1101, 3.784561
413.5922, 4.061401
414.0743, 4.151260
414.5565, 4.062134
415.0386, 3.860016
415.5207, 3.504333
416.0028, 3.066513
416.4849, 2.835068
416.9670, 2.895721
417.4492, 2.947693
417.9313, 2.898422
418.4134, 2.727081
418.8955, 2.353516
419.3776, 1.678665
419.8597, 0.9829100
420.3419, 0.6213230
420.8240, 0.5414890
421.3061, 0.2055360
421.7882, 0.7212980
422.2703, 1.708099
422.7524, 2.009705
423.2346, 1.651505
423.7167, 1.462769
424.1988, 1.776825
424.6809, 2.413452
425.1630, 3.229950
425.6451, 4.212601
426.1273, 5.080917
426.6094, 5.595795
427.0915, 5.807327
427.5736, 6.082230
428.0557, 6.424667
428.5378, 6.822647
429.0200, 7.232483
429.5021, 7.697754
429.9842, 8.310822
430.4663, 9.108826
430.9484, 10.05305
431.4305, 11.12239
431.9127, 12.53558
432.3948, 13.48195
432.8769, 13.64423
433.3590, 13.57281
433.8411, 13.55972
434.3232, 13.66910
434.8054, 13.93855
435.2875, 14.41838
435.7696, 15.07977
436.2517, 15.62816
436.7338, 15.92134
437.2159, 16.26486
437.6981, 16.76183
438.1802, 17.30466
438.6623, 17.75407
439.1444, 18.06970
439.6265, 18.35254
440.1086, 18.77086
440.5908, 19.39041
441.0729, 19.92941
441.5550, 20.38164
442.0371, 20.76062
442.5192, 21.06335
443.0013, 21.29613
443.4835, 21.45586
443.9656, 21.50609
444.4477, 21.51497
444.9298, 21.71620
445.4119, 22.17783
445.8940, 22.66164
446.3762, 23.14343
446.8583, 23.58366
447.3404, 23.99467
447.8225, 24.38425
448.3046, 24.55206
448.7867, 24.05669
449.2689, 23.09294
449.7510, 22.80109
450.2331, 23.56888
450.7152, 24.54437
451.1973, 24.97549
451.6794, 25.06578
452.1616, 25.35080
452.6437, 26.23418
453.1258, 27.15919
453.6079, 27.51634
454.0900, 27.38713
454.5721, 27.27243
455.0543, 27.32402
455.5364, 27.58749
456.0185, 28.26308
456.5006, 29.49847
456.9827, 30.48369
457.4648, 30.84149
457.9470, 30.96790
458.4291, 31.20001
458.9112, 31.60989
459.3933, 32.28308
459.8754, 33.34090
460.3575, 34.77017
460.8397, 36.00159
461.3218, 36.87334
461.8039, 37.77530
462.2860, 38.83350
462.7681, 39.97580
463.2502, 41.09477
463.7324, 42.15342
464.2145, 43.18564
464.6966, 44.21132
465.1787, 45.10021
465.6608, 46.31915
466.1429, 47.94319
466.6251, 49.78767
467.1072, 51.93030
467.5893, 54.24512
468.0714, 56.43825
468.5535, 58.27069
469.0356, 59.95494
469.5178, 62.18661
469.9999, 65.22191
470.4820, 68.15175
470.9641, 70.63713
471.4462, 73.00761
471.9283, 75.38801
472.4105, 77.83300
472.8926, 80.62001
473.3747, 84.19687
473.8568, 88.33401
474.3389, 92.00676
474.8210, 94.94981
475.3032, 97.97273
475.7853, 101.6416
476.2674, 105.7913
476.7495, 110.1234
477.2316, 114.7120
477.7137, 119.2946
478.1959, 123.6573
478.6780, 127.8168
479.1601, 131.9683
479.6422, 136.1455
480.1243, 140.3009
480.6064, 144.3176
481.0886, 148.1469
481.5707, 152.2961
482.0528, 157.0742
482.5349, 161.9225
483.0170, 166.4508
483.4991, 170.7120
483.9813, 174.9269
484.4634, 179.2328
484.9455, 183.5952
485.4276, 187.9365
485.9097, 192.2566
486.3918, 196.5450
486.8740, 200.9172
487.3561, 205.1913
487.8382, 209.3857
488.3203, 213.4076
488.8024, 216.9530
489.2845, 219.8005
489.7667, 221.9719
490.2488, 223.6625
490.7309, 224.8119
491.2130, 225.5471
491.6951, 226.1021
492.1772, 226.2300
492.6594, 225.7046
493.1415, 224.4724
493.6236, 222.5237
494.1057, 219.9239
494.5878, 216.6312
495.0699, 212.3335
495.5521, 206.7722
496.0342, 200.6246
496.5163, 194.4093
496.9984, 188.0038
497.4805, 181.1093
497.9626, 173.3396
498.4448, 165.4021
498.9269, 157.9380
499.4090, 150.8429
499.8911, 143.6436
500.3732, 136.1244
500.8553, 128.6745
501.3375, 121.8029
501.8196, 115.5672
502.3017, 109.6075
502.7838, 103.9540
503.2659, 98.51491
503.7480, 93.14524
504.2302, 87.91769
504.7123, 82.97408
505.1944, 78.39378
505.6765, 74.15819
506.1586, 70.18835
506.6407, 66.45609
507.1228, 63.05666
507.6049, 60.17548
508.0871, 57.43950
508.5692, 54.45357
509.0513, 51.31955
509.5334, 48.55612
510.0155, 46.66504
510.4977, 45.44354
510.9798, 43.91745
511.4619, 41.92887
511.9440, 39.97279
512.4261, 38.17606
512.9083, 36.49412
513.3904, 34.88051
513.8725, 33.32745
514.3546, 31.92548
514.8367, 30.76334
515.3188, 29.79745
515.8010, 28.87820
516.2831, 27.97761
516.7652, 27.19415
517.2473, 26.72752
517.7294, 26.41547
518.2115, 25.72681
518.6937, 24.33285
519.1758, 23.02751
519.6579, 22.25082
520.1400, 21.76637
520.6221, 21.21498
521.1042, 20.50797
521.5864, 19.71101
522.0685, 18.85186
522.5506, 17.89166
523.0327, 17.24340
523.5148, 17.25806
523.9969, 17.12917
524.4791, 16.55270
524.9612, 15.69641
525.4433, 14.71323
525.9254, 13.68710
526.4075, 12.80771
526.8896, 12.51755
527.3718, 13.04131
527.8539, 12.98119
528.3360, 11.73238
528.8181, 10.52462
529.3002, 9.950706
529.7823, 9.770935
530.2645, 9.502113
530.7466, 8.930977
531.2287, 8.254509
531.7108, 7.715576
532.1929, 7.309120
532.6750, 6.964455
533.1572, 6.723030
533.6393, 6.441559
534.1214, 5.881615
534.6035, 5.100304
535.0856, 4.455963
535.5677, 4.110390
536.0499, 3.852638
536.5320, 3.527100
537.0141, 3.155624
537.4962, 2.801811
537.9783, 2.493805
538.4604, 2.220482
538.9426, 1.978516
539.4247, 1.816254
539.9068, 1.536873
540.3889, 0.9563520
540.8710, 0.4472890
541.3531, 0.2370000
541.8353, 0.2504960
542.3174, 0.2837370
542.7995, 0.2255400
543.2816, 0.1284870
543.7637, 0.1234740
544.2458, 0.2517170
544.7280, 0.3190540
545.2101, 0.2821430
545.6922, 0.1964570
546.1743, 8.4784999E-02
546.6564, 5.5084001E-02
547.1385, 0.2259980
547.6207, 0.4534840
548.1028, 0.6894450
548.5849, 0.8697660
549.0670, 0.9979480
549.5491, 1.068039
550.0313, 1.048523
550.5134, 1.003113
550.9955, 1.038933
551.4776, 1.158302
551.9597, 1.248055
552.4418, 1.312141
552.9240, 1.317108
553.4061, 1.207039
553.8882, 1.011215
554.3703, 0.8183670
554.8524, 0.6735460
555.3345, 0.5590210
555.8167, 0.4275820
556.2988, 0.2041400
556.7809, 0.1206440
557.2630, 0.2537380
557.7451, 0.4382170
558.2272, 0.6289600
558.7094, 0.7955020
559.1915, 0.8968200
559.6736, 0.9135360
560.1557, 0.8471450
560.6378, 0.6726230
561.1199, 0.3652950
561.6021, 0.1113660
562.0842, 2.6161000E-02
562.5663, 0.1232380
563.0484, 0.2637100
563.5305, 0.4301450
564.0126, 0.5277480
564.4948, 0.5224300
564.9769, 0.4304120
565.4590, 0.1947780
565.9411, 0.1325840
566.4232, 0.3023830
566.9053, 0.1993180
567.3875, 2.7877999E-02
567.8696, 0.1478500
568.3517, 0.1088940
568.8338, 0.1390230
569.3159, 0.2291110
569.7980, 0.3928990
570.2802, 0.7182690
570.7623, 1.112556
571.2444, 1.395561
571.7265, 1.483383
572.2086, 1.456291
572.6907, 1.441666
573.1729, 1.419762
573.6550, 1.485252
574.1371, 1.733025
574.6192, 1.973541
575.1013, 2.113472
575.5834, 2.185173
576.0656, 2.245605
576.5477, 2.291130
577.0298, 2.390350
577.5119, 2.733292
577.9940, 3.236809
578.4761, 3.393082
578.9583, 3.000732
579.4404, 2.528297
579.9225, 2.451981
580.4046, 2.754036
580.8867, 2.947433
581.3688, 2.922356
581.8510, 2.896751
582.3331, 2.945335
582.8152, 3.058655
583.2973, 3.259079
583.7794, 3.538635
584.2615, 3.766289
584.7437, 3.753288
585.2258, 3.473854
585.7079, 3.439919
586.1900, 3.889648
586.6721, 4.289841
587.1542, 4.484688
587.6363, 4.577423
588.1184, 4.705261
588.6005, 4.896400
589.0826, 5.022804
589.5648, 4.897209
590.0469, 4.605225
590.5290, 4.451630
591.0111, 4.447830
591.4932, 4.611603
591.9753, 5.043983
592.4575, 5.615677
592.9396, 6.024040
593.4217, 6.280128
593.9038, 6.360741
594.3859, 6.097832
594.8680, 5.756683
595.3502, 5.592941
595.8323, 5.631592
596.3144, 5.834076
596.7965, 6.202126
597.2786, 6.647552
597.7607, 6.836395
598.2429, 6.594612
598.7250, 6.407173
599.2071, 6.338020
599.6892, 6.298065
600.1713, 6.152229
600.6534, 5.975609
601.1356, 6.032211
601.6177, 6.588894
602.0998, 7.301029
602.5819, 7.502296
603.0640, 7.191002
603.5461, 7.008118
604.0283, 7.204357
604.5104, 7.452213
604.9925, 7.277042
605.4746, 6.737568
605.9567, 6.477249
606.4388, 6.864067
606.9210, 7.281498
607.4031, 7.379700
607.8852, 7.256561
608.3673, 7.075939
608.8494, 6.890865
609.3315, 6.734261
609.8137, 6.662636
610.2958, 6.684383
610.7779, 6.713718
611.2600, 6.784058
611.7421, 6.842342
612.2242, 6.842033
612.7064, 6.840633
613.1885, 6.908176
613.6706, 7.058041
614.1527, 7.243942
614.6348, 7.449841
615.1169, 7.635578
615.5991, 7.698399
616.0812, 7.623493
616.5633, 7.520939
617.0454, 7.434399
617.5275, 7.373966
618.0096, 7.376026
618.4918, 7.500507
618.9739, 7.535084
619.4560, 7.347393
619.9381, 7.106003
620.4202, 6.878201
620.9023, 6.719093
621.3845, 6.772205
621.8666, 7.126976
622.3487, 7.611912
622.8308, 7.823898
623.3129, 7.650841
623.7950, 7.519234
624.2772, 7.582497
624.7593, 7.605923
625.2414, 7.350719
625.7235, 6.965096
626.2056, 6.807159
626.6877, 7.065289
627.1699, 7.471100
627.6520, 7.843292
628.1341, 8.154095
628.6162, 8.270691
629.0983, 8.147560
629.5804, 7.967049
630.0626, 7.854675
630.5447, 7.814384
631.0268, 7.866611
631.5089, 8.184906
631.9910, 8.362598
632.4731, 8.170120
632.9553, 7.909840
633.4374, 7.916931
633.9195, 8.170944
634.4016, 8.367199
634.8837, 8.254406
635.3658, 7.968018
635.8480, 7.944431
636.3301, 8.249329
636.8122, 8.498837
637.2943, 8.630421
637.7764, 8.644669
638.2585, 8.502918
638.7407, 8.263599
639.2228, 8.138016
639.7049, 8.238461
640.1870, 8.446850
640.6691, 8.747566
641.1512, 9.039932
641.6334, 9.119125
642.1155, 8.951954
642.5976, 8.698986
643.0797, 8.494549
643.5618, 8.336914
644.0439, 8.313004
644.5261, 8.609596
645.0082, 8.731812
645.4903, 8.490639
645.9724, 8.240616
646.4545, 8.250843
646.9366, 8.499603
647.4188, 8.758865
647.9009, 8.851044
648.3830, 8.837452
648.8651, 8.887474
649.3472, 9.025127
649.8293, 9.146210
650.3115, 9.206882
650.7936, 9.187752
651.2757, 9.055222
651.7578, 8.810047
652.2399, 8.672569
652.7220, 8.807182
653.2042, 8.887718
653.6863, 8.681862
654.1684, 8.349480
654.6505, 8.141144
655.1326, 8.117126
655.6147, 8.156574
656.0969, 8.127674
656.5790, 8.034264
657.0611, 7.919582
657.5432, 7.752922
658.0253, 7.629669
658.5074, 7.677883
658.9896, 7.724911
659.4717, 7.565056
659.9538, 7.196503
660.4359, 6.938240
660.9180, 7.024220
661.4001, 7.215649
661.8823, 7.272881
662.3644, 7.217171
662.8465, 7.155602
663.3286, 7.128967
663.8107, 7.090721
664.2928, 6.976185
664.7750, 6.776199
665.2571, 6.560421
665.7392, 6.297935
666.2213, 6.052895
666.7034, 5.802299
667.1855, 5.598026
667.6677, 5.523251
668.1498, 5.582069
668.6319, 5.646263
669.1140, 5.694138
669.5961, 5.652760
670.0782, 5.232597
670.5604, 4.432602
671.0425, 3.892998
671.5246, 3.924698
672.0067, 4.246292
672.4888, 4.471977
672.9709, 4.601669
673.4531, 4.611320
673.9352, 4.392189
674.4173, 4.167992
674.8994, 4.054955
675.3815, 3.991463
675.8636, 3.864471
676.3458, 3.653366
676.8279, 3.467995
677.3100, 3.444984
677.7921, 3.553612
678.2742, 3.601463
678.7563, 3.592651
679.2385, 3.506477
679.7206, 3.282028
680.2027, 3.022682
680.6848, 2.908318
681.1669, 2.943474
681.6490, 2.792000
682.1312, 2.034576
682.6133, 1.391335
683.0954, 1.525635
683.5775, 2.094673
684.0596, 2.411507
684.5417, 2.265884
685.0239, 1.917274
685.5060, 1.634300
685.9881, 1.416862
686.4702, 1.304398
686.9523, 1.354607
687.4344, 1.398087
687.9166, 1.403793
688.3987, 1.368690
688.8808, 1.257217
689.3629, 1.080582
689.8450, 0.9635390
690.3271, 1.053581
690.8093, 1.149269
691.2914, 1.023933
691.7735, 0.7452930
692.2556, 0.4862900
692.7377, 0.2995380
693.2198, 0.1805110
693.7020, 0.1288380
694.1841, 0.1451490
694.6662, 0.2239840
695.1483, 0.5129930
695.6304, 0.6404950
696.1125, 0.4887240
696.5947, 0.2058110
697.0768, 0.1734540
697.5589, 0.5899280
698.0410, 0.8376920
698.5231, 0.6894070
699.0052, 0.4410930
699.4874, 0.4860840
699.9695, 0.7582700
700.4516, 1.019806
700.9337, 1.222374
701.4158, 1.247612
701.8979, 0.8975370
702.3801, 0.2186130
702.8622, 2.2621000E-02
703.3443, 0.9077610
703.8264, 1.496506
704.3085, 1.558815
704.7906, 1.360504
705.2728, 0.9798580
705.7549, 0.5156560
706.2370, 0.1997530
706.7191, 0.2255100
707.2012, 0.3399730
707.6833, 0.1325990
708.1655, 0.3294450
708.6476, 0.6446990
709.1297, 0.7176130
709.6118, 0.7400050
710.0939, 0.8664550
710.5760, 1.066132
711.0582, 1.187912
711.5403, 1.114899
712.0224, 1.159119
712.5045, 1.494835
712.9866, 1.821579
713.4688, 1.801811
713.9509, 1.596436
714.4330, 1.643967
714.9151, 2.178772
715.3972, 2.906815
715.8793, 3.504646
716.3615, 3.963982
716.8436, 4.225067
717.3257, 4.248337
717.8078, 4.214294
718.2899, 4.202843
718.7720, 4.236115
719.2542, 4.376236
719.7363, 4.666489
720.2184, 4.938019
720.7005, 5.165413
721.1826, 5.380371
721.6647, 5.565536
722.1469, 5.761833
722.6290, 6.050102
723.1111, 6.457581
723.5932, 6.905502
724.0753, 7.331390
724.5574, 7.727936
725.0396, 7.975677
725.5217, 8.026917
726.0038, 8.304756
726.4859, 9.123238
726.9680, 10.10479
727.4501, 10.57261
727.9323, 10.41978
728.4144, 10.44106
728.8965, 10.76199
729.3786, 11.18722
729.8607, 11.68956
730.3428, 12.21654
730.8250, 12.69865
731.3071, 13.12384
731.7892, 13.54075
732.2713, 14.00056
732.7534, 14.47929
733.2355, 14.89422
733.7177, 15.24090
734.1998, 15.59295
734.6819, 15.96941
735.1640, 16.37218
735.6461, 16.78794
736.1282, 17.22175
736.6104, 17.74248
737.0925, 18.58876
737.5746, 19.20580
738.0567, 19.35184
738.5388, 19.28295
739.0209, 19.09391
739.5031, 18.90573
739.9852, 19.02853
740.4673, 19.74120
740.9494, 20.61813
741.4315, 20.86898
741.9136, 20.53922
742.3958, 20.20935
742.8779, 19.93629
743.3600, 19.75320
743.8421, 19.71623
744.3242, 19.77841
744.8063, 19.76505
745.2885, 19.60596
745.7706, 19.52082
746.2527, 19.81892
746.7348, 19.90934
747.2169, 19.23280
747.6990, 18.13841
748.1812, 17.27547
748.6633, 16.87420
749.1454, 16.69337
749.6275, 16.64964
750.1096, 16.61610
750.5917, 16.00911
751.0739, 14.78597
751.5560, 13.95216
752.0381, 14.08817
752.5202, 14.46100
753.0023, 13.94917
753.4844, 12.34251
753.9666, 11.09706
754.4487, 10.33794
754.9308, 9.721077
755.4129, 9.265770
755.8950, 8.840286
756.3771, 8.427956
756.8593, 7.964485
757.3414, 7.177460
757.8235, 5.665276
758.3056, 4.009949
758.7877, 3.200371
759.2698, 3.064644
759.7520, 2.742607
760.2341, 2.047234
760.7162, 1.410660
761.1983, 1.185493
761.6804, 1.261673
762.1625, 1.044472
762.6447, 0.2776720
763.1268, 0.3131940
763.6089, 0.6487270
764.0910, 0.8736110
764.5731, 0.9906160
765.0552, 1.097427
765.5374, 1.369682
766.0195, 1.884346
766.5016, 2.348450
766.9837, 2.548370
767.4658, 2.555580
767.9479, 2.387177
768.4301, 2.099739
768.9122, 2.020241
769.3943, 2.310867
769.8764, 2.698280
770.3585, 2.759956
770.8406, 2.466957
771.3228, 2.194351
771.8049, 1.935883
772.2870, 1.706062
772.7691, 1.525772
773.2512, 1.361763
773.7333, 1.211601
774.2155, 1.062241
774.6976, 0.8375170
775.1797, 0.5197910
775.6618, 0.1057740
776.1439, 0.5289080
776.6260, 1.212021
777.1082, 1.564438
777.5903, 1.600006
778.0724, 1.803413
778.5545, 2.543388
779.0366, 3.625336
779.5187, 4.514969
780.0009, 5.174599
780.4830, 5.912140
780.9651, 6.757904
781.4472, 7.676941
781.9293, 8.751450
782.4114, 9.846123
782.8936, 10.61601
783.3757, 10.89124
783.8578, 11.46049
784.3399, 12.67076
784.8220, 14.07967
785.3041, 15.37492
785.7863, 16.66035
786.2684, 18.15842
786.7505, 19.93435
787.2326, 21.87267
787.7147, 23.96815
788.1968, 26.09759
788.6790, 27.74918
789.1611, 28.90053
789.6432, 30.35848
790.1253, 32.39270
790.6074, 34.64384
791.0895, 36.77433
791.5717, 38.80052
792.0538, 40.86011
792.5359, 42.75006
793.0180, 44.96655
793.5001, 47.83737
793.9822, 50.79398
794.4644, 53.47371
794.9465, 55.95049
795.4286, 58.47189
795.9107, 61.12082
796.3928, 63.88402
796.8749, 66.67663
797.3571, 69.62016
797.8392, 72.96257
798.3213, 76.69607
798.8034, 80.68243
799.2855, 84.89715
799.7676, 89.05030
800.2498, 92.67902
800.7319, 95.76333
801.2140, 98.79141
801.6961, 101.6323
802.1782, 104.6663
802.6603, 107.8755
803.1425, 111.3910
803.6246, 115.3862
804.1067, 119.8000
804.5888, 124.2990
805.0709, 128.8104
805.5530, 133.3458
806.0352, 137.8814
806.5173, 142.4349
806.9994, 147.0502
807.4815, 151.7148
807.9636, 156.4139
808.4457, 161.1153
808.9279, 165.9467
809.4100, 171.1608
809.8921, 176.7451
810.3742, 182.0292
810.8563, 186.8836
811.3384, 191.9787
811.8206, 197.5786
812.3027, 203.5616
812.7848, 209.7819
813.2669, 216.2784
813.7490, 222.5388
814.2311, 228.6507
814.7133, 234.3851
815.1954, 238.8114
815.6775, 243.4191
816.1596, 249.8611
816.6417, 257.8451
817.1238, 265.7059
817.6060, 272.5314
818.0881, 279.0515
818.5702, 286.0390
819.0523, 293.2419
819.5344, 300.2224
820.0165, 306.9051
820.4987, 312.9640
820.9808, 318.1544
821.4629, 322.8489
821.9450, 327.6687
822.4271, 332.6406
822.9092, 337.8284
823.3914, 343.8086
823.8735, 348.8959
824.3556, 352.2398
824.8377, 354.5833
825.3198, 356.6426
825.8019, 358.4117
826.2841, 359.5995
826.7662, 359.9619
827.2483, 359.9325
827.7304, 359.7203
828.2125, 359.2046
828.6946, 358.1878
829.1768, 356.7369
829.6589, 355.1516
830.1410, 353.6264
830.6231, 351.8318
831.1052, 349.1550
831.5873, 345.8133
832.0695, 342.8059
832.5516, 340.2074
833.0337, 337.1633
833.5158, 333.2354
833.9979, 328.7924
834.4800, 324.2965
834.9622, 319.7137
835.4443, 315.4133
835.9264, 311.7810
836.4085, 307.8788
836.8906, 303.5999
837.3727, 298.9528
837.8549, 293.7346
838.3370, 288.1157
838.8191, 282.6813
839.3012, 277.7071
839.7833, 272.6698
840.2654, 267.3156
840.7476, 261.7240
841.2297, 255.8152
841.7118, 249.7463
842.1939, 244.0627
842.6760, 238.9788
843.1581, 233.9392
843.6403, 228.0918
844.1224, 221.6861
844.6045, 216.1443
845.0866, 211.5647
845.5687, 206.6298
846.0508, 200.8015
846.5330, 194.9894
847.0151, 190.1628
847.4972, 186.2498
847.9793, 182.2741
848.4614, 178.0338
848.9435, 173.9999
849.4257, 170.5664
849.9078, 166.9531
850.3899, 162.3798
850.8720, 157.4164
851.3541, 153.1719
851.8362, 149.9202
852.3184, 146.7603
852.8005, 142.8873
853.2826, 139.2068
853.7647, 136.7371
854.2468, 135.0355
854.7289, 133.2609
855.2111, 131.1908
855.6932, 128.8960
856.1753, 126.3952
856.6574, 123.7673
857.1395, 121.2322
857.6216, 118.7820
858.1038, 116.4785
858.5859, 114.3868
859.0680, 112.3028
859.5501, 110.0284
860.0322, 107.6810
860.5143, 105.5936
860.9965, 103.9111
861.4786, 102.0748
861.9607, 99.85856
862.4428, 97.75362
862.9249, 96.01990
863.4070, 94.38592
863.8892, 92.53069
864.3713, 90.44822
864.8534, 88.47601
865.3355, 86.75761
865.8176, 85.18563
866.2997, 83.82442
866.7819, 82.47086
867.2640, 80.78725
867.7461, 78.87001
868.2282, 77.20435
868.7103, 76.03141
869.1924, 75.01667
869.6746, 73.77065
870.1567, 72.29976
870.6388, 70.57172
871.1209, 68.57858
871.6030, 66.63545
872.0851, 64.83088
872.5673, 63.09328
873.0494, 61.34105
873.5315, 59.58667
874.0136, 57.98409
874.4957, 56.62369
874.9778, 55.21251
875.4600, 53.70630
875.9421, 52.17847
876.4242, 50.65142
876.9063, 49.13625
877.3884, 47.67412
877.8705, 46.30319
878.3527, 44.78108
878.8348, 42.85841
879.3169, 40.94398
879.7990, 39.38197
880.2811, 37.98329
880.7632, 36.39999
881.2454, 34.64381
881.7275, 33.06651
882.2096, 31.96683
882.6917, 31.04508
883.1738, 29.83381
883.6559, 28.43575
884.1381, 27.19640
884.6202, 26.14438
885.1023, 25.15902
885.5844, 24.18161
886.0665, 23.25858
886.5486, 22.48434
887.0308, 21.86604
887.5129, 21.08817
887.9950, 20.08107
888.4771, 19.08338
888.9592, 18.11704
889.4413, 17.18643
889.9235, 16.31874
890.4056, 15.49152
890.8877, 14.58614
891.3698, 13.42920
891.8519, 12.52135
892.3340, 12.12674
892.8162, 11.80069
893.2983, 11.32883
893.7804, 10.74786
894.2625, 10.16827
894.7446, 9.599457
895.2267, 8.914879
895.7089, 7.889816
896.1910, 6.863953
896.6731, 6.210106
897.1552, 5.789345
897.6373, 5.375816
898.1194, 4.936768
898.6016, 4.519974
899.0837, 4.154884
899.5658, 3.797562
900.0479, 3.346428
900.5300, 2.830307
901.0121, 2.501411
901.4943, 2.380836
901.9764, 2.154671
902.4585, 1.692825
902.9406, 1.170296
903.4227, 0.7779390
903.9048, 0.4955670
904.3870, 0.1388320
904.8691, 0.4507830
905.3512, 0.8087160
905.8333, 0.6861190
906.3154, 0.5677030
906.7975, 0.6902160
907.2797, 0.9535830
907.7618, 1.248169
908.2439, 1.580063
908.7260, 1.744133
909.2081, 1.453613
909.6902, 1.249939
910.1724, 1.552345
910.6545, 1.973694
911.1366, 2.030228
911.6187, 1.779892
912.1008, 1.663437
912.5829, 1.915138
913.0651, 2.200371
913.5472, 2.228104
914.0293, 2.088387
914.5114, 1.818344
914.9935, 1.506897
915.4756, 1.500740
915.9578, 1.889587
916.4398, 2.278854
916.9219, 2.258400
917.4041, 1.949951
917.8862, 1.749451
918.3683, 1.658752
918.8504, 1.559593
919.3325, 1.435028
919.8146, 1.310356
920.2968, 1.216644
920.7789, 1.099838
921.2610, 0.8359760
921.7431, 0.3710100
922.2252, 0.1023640
922.7073, 0.2102810
923.1895, 0.2308040
923.6716, 8.3619999E-03
924.1537, 0.2970960
924.6358, 0.6107100
925.1179, 0.9132770
925.6000, 1.150383
926.0822, 1.311943
926.5643, 1.417961
927.0464, 1.354546
927.5285, 1.362724
928.0106, 1.684513
928.4927, 2.116756
928.9749, 2.404484
929.4570, 2.496014
929.9391, 2.423943
930.4212, 2.082073
930.9033, 1.775692
931.3854, 1.774185
931.8676, 1.993092
932.3497, 2.431282
932.8318, 2.977951
933.3139, 3.271309
933.7960, 3.156082
934.2781, 2.887772
934.7603, 2.758057
935.2424, 2.721996
935.7245, 2.626511
936.2066, 2.480457
936.6887, 2.331535
937.1708, 2.181828
937.6530, 2.201237
938.1351, 2.556957
938.6172, 3.056225
939.0993, 3.211517
939.5814, 2.971424
940.0635, 2.638889
940.5457, 2.065651
941.0278, 1.771774
941.5099, 2.062405
941.9920, 2.537113
942.4741, 2.801277
942.9562, 2.874565
943.4384, 2.949017
943.9205, 3.142326
944.4026, 3.160095
944.8847, 2.783653
945.3668, 2.454903
945.8489, 2.334358
946.3311, 2.419327
946.8132, 2.786583
947.2953, 3.421425
947.7774, 3.880268
948.2595, 3.904503
948.7416, 3.844116
949.2238, 3.865147
949.7059, 3.899342
950.1880, 3.833908
950.6701, 3.723740
951.1522, 3.744812
951.6343, 3.960659
952.1165, 4.168434
952.5986, 4.176132
953.0807, 4.095573
953.5628, 4.036999
954.0449, 4.025173
954.5270, 4.126492
955.0092, 4.337193
955.4913, 4.576775
955.9734, 4.797970
956.4555, 4.996429
956.9376, 5.196171
957.4197, 5.372234
957.9019, 5.329903
958.3840, 5.072098
958.8661, 4.961166
959.3482, 5.119682
959.8303, 5.370426
960.3124, 5.572422
960.7946, 5.696609
961.2767, 5.572292
961.7588, 5.094646
962.2409, 4.927788
962.7230, 5.190498
963.2051, 5.474884
963.6873, 5.649433
964.1694, 5.743420
964.6515, 5.764141
965.1336, 5.703789
965.6157, 5.677349
966.0978, 5.821667
966.5800, 5.787685
967.0621, 5.304150
967.5442, 4.943398
968.0263, 5.092831
968.5084, 5.466602
968.9905, 5.666679
969.4727, 5.675575
969.9548, 5.523083
970.4369, 4.945583
970.9190, 4.507751
971.4011, 4.622810
971.8832, 4.836746
972.3654, 4.699440
972.8475, 4.335526
973.3296, 4.118984
973.8117, 4.154789
974.2938, 4.175007
974.7759, 4.020653
975.2581, 3.856808
975.7402, 3.813217
976.2223, 3.827259
976.7044, 3.831005
977.1865, 3.801746
977.6686, 3.713818
978.1508, 3.550148
978.6329, 3.336128
979.1150, 3.016346
979.5971, 2.732208
980.0792, 2.761322
980.5613, 2.999638
981.0435, 3.161839
981.5256, 3.187965
982.0077, 3.143639
982.4898, 3.066704
982.9719, 2.965916
983.4540, 2.856453
983.9362, 2.739319
984.4183, 2.568817
984.9004, 2.347286
985.3825, 2.410587
985.8646, 2.910587
986.3467, 3.448284
986.8289, 3.622749
987.3110, 3.494728
987.7931, 3.243599
988.2752, 2.800480
988.7573, 2.823158
989.2394, 3.554977
989.7216, 4.027679
990.2037, 3.725651
990.6858, 3.138615
991.1679, 2.861206
991.6500, 2.879822
992.1321, 3.005280
992.6143, 3.393982
993.0964, 3.526035
993.5785, 3.170986
994.0606, 2.815399
994.5427, 2.692825
995.0248, 2.724518
995.5070, 2.844467
995.9891, 3.078529
996.4712, 3.156239
996.9533, 2.926437
997.4354, 2.723171
997.9175, 2.560024
998.3997, 2.463100
998.8818, 2.516590
999.3639, 2.651012
999.8460, 2.742447
1000.328, 2.771717
1000.810, 2.694862
1001.292, 2.405121
1001.774, 2.134205
1002.257, 1.870262
1002.739, 1.734322
1003.221, 1.974403
1003.703, 2.403358
1004.185, 2.589890
1004.667, 2.421692
1005.149, 2.210804
1005.631, 2.060188
1006.114, 1.951618
1006.596, 1.891983
1007.078, 1.871616
1007.560, 1.881516
1008.042, 1.914665
1008.524, 1.967075
1009.006, 2.040581
1009.488, 2.118477
1009.970, 2.256729
1010.453, 2.325500
1010.935, 2.049793
1011.417, 1.653996
1011.899, 1.591873
1012.381, 1.858509
1012.863, 2.127975
1013.345, 2.236584
1013.827, 2.211456
1014.310, 2.033543
1014.792, 1.776966
1015.274, 1.519497
1015.756, 1.302628
1016.238, 1.298359
1016.720, 1.514137
1017.202, 1.763702
1017.684, 1.931938
1018.166, 2.009563
1018.649, 1.964947
1019.131, 1.827854
1019.613, 1.701759
1020.095, 1.580235
1020.577, 1.398666
1021.059, 1.146973
1021.541, 1.056526
1022.023, 1.318726
1022.505, 1.657948
1022.988, 1.458206
1023.470, 0.7863350
1023.952, 0.5227240
1024.434, 0.6770170
1024.916, 0.8011550
1025.398, 0.7752080
1025.880, 0.8000220
1026.362, 1.058960
1026.845, 1.372890
1027.327, 1.239700
1027.809, 0.6015360
1028.291, 0.3875810
1028.773, 0.6859550
1029.255, 0.9102940
1029.737, 0.8742600
1030.219, 0.8241420
1030.702, 0.9893260
1031.184, 1.250530
1031.666, 1.254089
1032.148, 0.9346120
1032.630, 0.7008440
1033.112, 0.5395240
1033.594, 0.5252990
1034.076, 0.7782710
1034.558, 0.9807740
1035.041, 0.7880630
1035.523, 0.3938060
1036.005, 0.4400100
1036.487, 1.169426
1036.969, 1.455681
1037.451, 1.012257
1037.933, 0.6532630
1038.415, 0.6784970
1038.897, 0.7504730
1039.380, 0.5272180
1039.862, 0.1462940
1040.344, 9.1259003E-02
1040.826, 0.5618020
1041.308, 0.7630040
1041.790, 0.4530560
1042.272, 0.2257880
1042.754, 0.1991770
1043.237, 0.3266910
1043.719, 0.7497100
1044.201, 1.287720
1044.683, 1.350872
1045.165, 0.6676180
1045.647, 0.2910500
1046.129, 0.5361670
1046.611, 0.7283170
1047.094, 0.5815930
1047.576, 0.4200020
1048.058, 0.5486680
1048.540, 0.8573150
1049.022, 1.046642
1049.504, 1.087753
1049.986, 1.042370
1050.468, 0.7764630
1050.950, 0.6127430
1051.432, 0.7549970
1051.915, 0.9417800
1052.397, 0.9616170
1052.879, 0.8583410
1053.361, 0.7349660
1053.843, 0.5946460
1054.325, 0.5027050
1054.807, 0.4697380
1055.289, 0.4927520
1055.772, 0.6571120
1056.254, 0.7970280
1056.736, 0.7509080
1057.218, 0.5820200
1057.700, 0.4384960
1058.182, 0.3445890
1058.664, 0.2783620
1059.146, 0.1876910
1059.629, 0.1818120
1060.111, 0.4118690
1060.593, 0.6531750
1061.075, 0.7522510
1061.557, 0.7041820
1062.039, 0.4545520
1062.521, 2.1217000E-02
1063.003, 0.2593350
1063.485, 0.1011160
1063.968, 0.4636230
1064.450, 0.5622860
1064.932, 0.5687070
1065.414, 0.6357120
1065.896, 0.7168390
1066.378, 0.6908340
1066.860, 0.5385970
1067.342, 0.3980480
1067.824, 0.2949790
1068.307, 0.2465250
1068.789, 0.3490600
1069.271, 0.4227910
1069.753, 0.2080650
1070.235, 8.2588002E-02
1070.717, 4.5889998E-03
1071.199, 0.4885100
1071.681, 0.7324520
1072.164, 0.2539410
1072.646, 0.1609420
1073.128, 3.1013001E-02
1073.610, 0.1783980
1074.092, 2.6989000E-02
1074.574, 0.2567370
1075.056, 0.2308730
1075.538, 0.1070020
1076.021, 0.2869800
1076.503, 5.5335999E-02
1076.985, 0.2098050
1077.467, 0.4659960
1077.949, 1.146339
1078.431, 1.080177
1078.913, 0.7007290
1079.395, 0.7203370
1079.877, 1.108082
1080.359, 1.210224
1080.842, 0.6553120
1081.324, 0.1879350
1081.806, 0.2600400
1082.288, 0.4342310
1082.770, 0.4442830
1083.252, 0.3949170
1083.734, 0.4596180
1084.216, 0.6034510
1084.698, 0.6772690
1085.181, 0.6175880
1085.663, 0.5560990
1086.145, 0.5785600
1086.627, 0.6096230
1087.109, 0.6657790
1087.591, 0.6848600
1088.073, 0.5515400
1088.555, 0.3361850
1089.038, 0.2384830
1089.520, 0.3181760
1090.002, 0.4211010
1090.484, 0.4756550
1090.966, 0.5510790
1091.448, 0.7878990
1091.930, 0.9656790
1092.412, 0.8397670
1092.895, 0.5074270
1093.377, 0.1394420
1093.859, 0.2226300
1094.341, 0.3420680
1094.823, 9.5463000E-02
1095.305, 0.4903490
1095.787, 0.5820160
1096.269, 0.5472110
1096.751, 0.4841420
1097.234, 0.4021570
1097.716, 0.2983360
1098.198, 0.1740910
1098.680, 4.7339998E-02
1099.162, 0.1393810
1099.644, 0.2338940
1100.126, 6.8340003E-02
1100.608, 7.4470997E-02
1101.090, 7.1830000E-03
1101.573, 0.1724320
1102.055, 0.2538110
1102.537, 0.2403300
1103.019, 0.1811870
1103.501, 4.6496999E-02
1103.983, 5.2104998E-02
1104.465, 7.3611997E-02
1104.947, 7.7826999E-02
1105.430, 0.1170160
1105.912, 0.1392560
1106.394, 9.0805002E-02
1106.876, 9.8919999E-03
1107.358, 0.1051410
1107.840, 0.1905170
1108.322, 0.2542500
1108.804, 0.3614390
1109.286, 0.3548930
1109.769, 3.5168000E-02
1110.251, 0.2714420
1110.733, 0.2967380
1111.215, 0.1386910
1111.697, 1.1250000E-03
1112.179, 0.1225550
1112.661, 0.1177790
1113.143, 0.1920200
1113.625, 0.3759610
1114.108, 0.2648240
1114.590, 0.1317330
1115.072, 0.1293560
1115.554, 0.1837690
1116.036, 0.2067450
1116.518, 0.1969410
1117.000, 0.1260340
1117.482, 0.1178510
1117.965, 0.2179680
1118.447, 8.2661003E-02
1118.929, 7.4322000E-02
1119.411, 0.1929550
1119.893, 0.2809410
1120.375, 0.3511240
1120.857, 0.3952710
1121.339, 0.3854450
1121.822, 0.3024600
1122.304, 0.2150800
1122.786, 0.1167680
1123.268, 2.8770000E-02
1123.750, 4.5258000E-02
1124.232, 0.1030430
1124.714, 0.1469990
1125.196, 0.1668780
1125.678, 0.1252980
1126.161, 1.0689000E-02
1126.643, 2.9316001E-02
1127.125, 0.2438200
1127.607, 0.3330350
1128.089, 0.2356070
1128.571, 2.2133000E-02
1129.053, 0.3195380
1129.535, 0.6099240
1130.017, 0.5752030
1130.500, 0.2777440
1130.982, 0.1481020
1131.464, 0.1986310
1131.946, 0.2077560
1132.428, 0.1410330
1132.910, 0.2382740
1133.392, 0.6222530
1133.874, 0.8775480
1134.357, 0.5681880
1134.839, 4.7490001E-03
1135.321, 2.5660999E-02
1135.803, 0.4259830
1136.285, 0.5576930
1136.767, 0.3810730
1137.249, 0.3875080
1137.731, 0.6782380
1138.214, 0.8263740
1138.696, 0.5530620
1139.178, 0.1750910
1139.660, 0.2731020
1140.142, 0.5281490
1140.624, 0.5997660
1141.106, 6.1661001E-02
1141.588, 0.2232670
1142.070, 0.1288950
1142.552, 1.8909000E-02
1143.035, 0.4367790
1143.517, 0.1182710
1143.999, 0.2910580
1144.481, 0.3153190
1144.963, 0.5159110
1145.445, 0.3405760
1145.927, 0.2902070
1146.409, 0.6159060
1146.892, 0.7223400
1147.374, 0.4965400
1147.856, 0.7077830
1148.338, 0.1387410
1148.820, 0.2542760
1149.302, 0.6651730
1149.784, 0.4586640
1150.266, 0.6765670
1150.749, 0.7327420
1151.231, 5.3059001E-02
1151.713, 0.6460800
1152.195, 0.6830640
1152.677, 0.1607480
1153.159, 0.7158200
1153.641, 0.2729380
1154.123, 0.1862220
1154.605, 0.3675160
1155.088, 0.2692950
1155.570, 0.6111980
1156.052, 0.5280910
1156.534, 0.4068180
1157.016, 0.4485020
1157.498, 1.8200001E-02
1157.980, 0.4615440
1158.462, 0.3120380
1158.944, 0.4574010
1159.427, 0.6669730
1159.909, 0.3721120
1160.391, 0.6227460
1160.873, 2.0331999E-02
1161.355, 0.1246490
1161.837, 0.1540370
1162.319, 0.6335720
1162.801, 3.8284000E-02
1163.284, 0.1236340
1163.766, 0.4988670
1164.248, 0.4685480
1164.730, 0.6071130
1165.212, 0.2415350
1165.694, 0.3451190
1166.176, 0.3167840
1166.658, 0.7334480
1167.141, 0.7956540
1167.623, 0.4403040
1168.105, 8.8252999E-02
1168.587, 0.5485880
1169.069, 0.3443530
1169.551, 0.2764890
1170.033, 0.2781560
1170.515, 0.4595640
1170.997, 0.6860850
1171.479, 0.6583520
1171.962, 0.4107970
1172.444, 0.3016090
1172.926, 0.3271180
1173.408, 0.4077030
1173.890, 0.5294190
1174.372, 0.6969640
1174.854, 0.9126660
1175.336, 1.050465
1175.819, 0.9570120
1176.301, 0.7545390
1176.783, 0.6226040
1177.265, 0.5804790
1177.747, 0.7891540
1178.229, 1.135483
1178.711, 1.186539
1179.193, 0.8987730
1179.676, 0.6304780
1180.158, 0.5835990
1180.640, 0.6263470
1181.122, 0.6465070
1181.604, 0.6766930
1182.086, 0.8153040
1182.568, 0.9473610
1183.050, 0.8547360
1183.532, 0.6311910
1184.015, 0.5533140
1184.497, 0.6724700
1184.979, 0.7482800
1185.461, 0.6213260
1185.943, 0.5352060
1186.425, 0.6290970
1186.907, 0.7658690
1187.389, 0.8563960
1187.871, 0.9365080
1188.354, 1.087757
1188.836, 1.271702
1189.318, 1.343792
1189.800, 1.278034
1190.282, 1.125679
1190.764, 0.6838000
1191.246, 0.4665680
1191.728, 0.6759760
1192.211, 0.9925990
1192.693, 1.343174
1193.175, 1.600376
1193.657, 1.560276
1194.139, 1.253136
1194.621, 1.001320
1195.103, 0.8095820
1195.585, 0.6370890
1196.068, 0.4520070
1196.550, 0.4705280
1197.032, 0.7977410
1197.514, 1.052387
1197.996, 0.8995970
1198.478, 0.6054950
1198.960, 0.6454320
1199.442, 0.9634780
1199.924, 1.247528
1200.406, 1.470661
1200.889, 1.473515
1201.371, 1.239574
1201.853, 0.8621290
1202.335, 0.3808560
1202.817, 3.1470000E-03
1203.299, 0.1174550
1203.781, 3.2191999E-02
1204.263, 0.3323440
1204.746, 0.7504690
1205.228, 0.8712120
1205.710, 0.7890430
1206.192, 0.6430820
1206.674, 0.5027310
1207.156, 0.4825170
1207.638, 0.6199070
1208.120, 0.7331280
1208.603, 0.7047200
1209.085, 0.6385540
1209.567, 0.5675430
1210.049, 0.5199430
1210.531, 0.5263480
1211.013, 0.5796590
1211.495, 0.6615940
1211.977, 0.7454830
1212.459, 0.7558020
1212.942, 0.6604880
1213.424, 0.5506400
1213.906, 0.3631170
1214.388, 0.2693670
1214.870, 0.3649440
1215.352, 0.4642940
1215.834, 0.5041660
1216.316, 0.4553260
1216.798, 0.2434500
1217.281, 8.2442999E-02
1217.763, 0.1211740
1218.245, 0.1747590
1218.727, 0.3422280
1219.209, 0.3606720
1219.691, 0.3742710
1220.173, 0.4254300
1220.655, 0.4495120
1221.138, 0.4134370
1221.620, 0.3552970
1222.102, 0.3377800
1222.584, 0.3343700
1223.066, 0.2845460
1223.548, 0.2122380
1224.030, 0.1694790
1224.512, 0.1698570
1224.995, 0.2356530
1225.477, 0.3553470
1225.959, 0.4298290
1226.441, 0.4074520
1226.923, 0.3152580
1227.405, 7.3455997E-02
1227.887, 0.1198120
1228.369, 5.3688001E-02
1228.851, 0.1146320
1229.333, 0.2021870
1229.816, 0.2447930
1230.298, 0.3902050
1230.780, 0.6512370
1231.262, 0.7872430
1231.744, 0.6431880
1232.226, 0.5316810
1232.708, 0.4045750
1233.190, 0.4473500
1233.673, 0.9617580
1234.155, 1.365452
1234.637, 1.105629
1235.119, 0.5099870
1235.601, 0.2743910
1236.083, 0.3981900
1236.565, 0.4735950
1237.047, 0.4831160
1237.530, 0.6192210
1238.012, 0.9187390
1238.494, 1.070881
1238.976, 0.9589350
1239.458, 0.8356360
1239.940, 0.9105260
1240.422, 1.052670
1240.904, 1.032532
1241.386, 0.8917660
1241.869, 0.8417630
1242.351, 0.8564220
1242.833, 0.8867530
1243.315, 0.9077720
1243.797, 0.8544200
1244.279, 0.7185170
1244.761, 0.5908430
1245.243, 0.4892350
1245.725, 0.4927670
1246.208, 0.7891500
1246.690, 1.051132
1247.172, 0.9862750
1247.654, 0.8242680
1248.136, 0.7952650
1248.618, 0.8169750
1249.100, 0.8629650
1249.582, 0.8801120
1250.065, 0.8521540
1250.547, 0.7165910
1251.029, 0.6475910
1251.511, 0.6619640
1251.993, 0.7366070
1252.475, 0.9325900
1252.957, 1.024685
1253.439, 0.7928240
1253.922, 0.3776970
1254.404, 0.1954920
1254.886, 0.1970140
1255.368, 0.3914340
1255.850, 0.7447050
1256.332, 0.9688990
1256.814, 1.049095
1257.296, 1.094574
1257.778, 1.135296
1258.260, 1.128418
1258.743, 1.028538
1259.225, 0.9617840
1259.707, 1.164242
1260.189, 1.366615
1260.671, 1.203629
1261.153, 0.9154170
1261.635, 0.7535060
1262.117, 0.7420350
1262.600, 0.9576000
1263.082, 1.339828
1263.564, 1.441113
1264.046, 1.001858
1264.528, 0.6443370
1265.010, 0.4058530
1265.492, 0.3860660
1265.974, 0.8228450
1266.457, 1.215675
1266.939, 1.309593
1267.421, 1.134968
1267.903, 0.6245160
1268.385, 7.8654997E-02
1268.867, 4.2702001E-02
1269.349, 0.7887570
1269.831, 1.201145
1270.313, 1.161373
1270.796, 0.9358140
1271.278, 0.5978390
1271.760, 0.3438190
1272.242, 0.2735670
1272.724, 0.2920270
1273.206, 0.3132060
1273.688, 0.3575250
1274.170, 0.2083820
1274.652, 0.3167040
1275.135, 0.6488950
1275.617, 0.9893420
1276.099, 0.9148670
1276.581, 0.5108150
1277.063, 0.2005310
1277.545, 4.0100001E-02
1278.027, 1.4950000E-03
1278.509, 0.1464580
1278.992, 0.0000000E+00
##END=



