##NAMES=Tunellite
##RRUFFID=R070755
##IDEAL CHEMISTRY=SrB_6_O_9_(OH)_2_&#183;3H_2_O
##LOCALITY=Jennifer mine, U.S. Borax Mine, Boron, Kramer District, Kern Co., California, USA
##OWNER=RRUFF
##SOURCE=Michael Scott
##DESCRIPTION=Colorless rhombohedron with defined cleavage
##STATUS=The identification of this mineral has been confirmed by single-crystal X-ray diffraction.
##URL=rruff.info/R070755
164.5130, 0.0000000E+00
164.9951, 7.051758
165.4772, 7.152344
165.9593, 2.753906
166.4414, 7.279297
166.9236, 65.91211
167.4057, 126.6094
167.8878, 153.7188
168.3699, 143.6289
168.8520, 130.1094
169.3341, 128.6533
169.8163, 139.1426
170.2984, 161.4277
170.7805, 209.5986
171.2626, 262.6777
171.7447, 301.5820
172.2268, 325.3857
172.7090, 332.8740
173.1911, 309.9785
173.6732, 267.1660
174.1553, 234.2334
174.6374, 242.6133
175.1195, 267.6230
175.6017, 270.5469
176.0838, 232.1348
176.5659, 186.1025
177.0480, 173.9795
177.5301, 192.7314
178.0122, 215.6729
178.4944, 220.2158
178.9765, 213.0166
179.4586, 209.7451
179.9407, 219.2695
180.4228, 241.3994
180.9049, 261.9883
181.3871, 273.2803
181.8692, 296.3428
182.3513, 312.8955
182.8334, 320.0361
183.3155, 312.5078
183.7976, 292.9971
184.2797, 273.5117
184.7619, 253.5781
185.2440, 234.4355
185.7261, 226.2334
186.2082, 248.4453
186.6903, 298.5020
187.1724, 344.5234
187.6546, 367.3848
188.1367, 371.6387
188.6188, 375.0576
189.1009, 376.5732
189.5830, 375.0459
190.0651, 379.3613
190.5473, 391.0156
191.0294, 396.4404
191.5115, 377.1162
191.9936, 338.0059
192.4757, 312.4873
192.9578, 312.2227
193.4400, 325.1523
193.9221, 315.7041
194.4042, 283.3887
194.8863, 235.7568
195.3684, 166.3525
195.8505, 74.89551
196.3327, 10.26172
196.8148, 5.489258
197.2969, 20.47754
197.7790, 25.69629
198.2611, 4.023438
198.7432, 26.93359
199.2254, 42.30176
199.7075, 39.78711
200.1896, 32.63379
200.6717, 28.86426
201.1538, 26.81543
201.6359, 9.935547
202.1181, 25.65332
202.6002, 65.26074
203.0823, 77.29004
203.5644, 49.43555
204.0465, 41.00391
204.5286, 96.41211
205.0108, 229.6143
205.4929, 306.5234
205.9750, 308.5781
206.4571, 262.4756
206.9392, 235.5449
207.4213, 233.1475
207.9035, 234.5029
208.3856, 226.5615
208.8677, 205.9414
209.3498, 190.4355
209.8319, 184.8545
210.3140, 185.1064
210.7962, 171.1299
211.2783, 137.7354
211.7604, 100.7861
212.2425, 70.67090
212.7246, 45.32617
213.2067, 35.30762
213.6889, 49.55762
214.1710, 85.50488
214.6531, 98.56738
215.1352, 81.10645
215.6173, 52.81836
216.0994, 31.21289
216.5816, 13.70508
217.0637, 9.823242
217.5458, 26.51660
218.0279, 65.50391
218.5100, 89.83105
218.9921, 92.08496
219.4743, 86.31445
219.9564, 91.71680
220.4385, 113.3672
220.9206, 134.1816
221.4027, 149.5059
221.8848, 159.5332
222.3670, 166.5498
222.8491, 167.7305
223.3312, 162.6953
223.8133, 149.3506
224.2954, 118.2461
224.7775, 94.74316
225.2596, 90.74902
225.7418, 117.7910
226.2239, 134.4268
226.7060, 134.3672
227.1881, 127.0791
227.6702, 138.7637
228.1523, 185.5771
228.6345, 221.6787
229.1166, 221.6592
229.5987, 170.3838
230.0808, 126.8076
230.5629, 90.87793
231.0450, 63.45508
231.5272, 54.81055
232.0093, 77.59863
232.4914, 103.0752
232.9735, 113.5508
233.4556, 103.1973
233.9377, 89.39258
234.4199, 70.25000
234.9020, 47.35059
235.3841, 37.56543
235.8662, 49.60645
236.3483, 64.93359
236.8304, 68.80762
237.3126, 52.60938
237.7947, 42.05078
238.2768, 39.38770
238.7589, 44.55469
239.2410, 62.69043
239.7231, 104.2266
240.2053, 148.3848
240.6874, 173.6592
241.1695, 163.0967
241.6516, 164.8369
242.1337, 197.0254
242.6158, 264.9697
243.0980, 294.3027
243.5801, 259.9043
244.0622, 207.2910
244.5443, 190.9248
245.0264, 230.9639
245.5085, 272.9697
245.9907, 304.3047
246.4728, 323.3252
246.9549, 341.1514
247.4370, 355.5889
247.9191, 370.3818
248.4012, 390.9961
248.8834, 419.4883
249.3655, 450.6162
249.8476, 485.8994
250.3297, 530.7432
250.8118, 557.1660
251.2939, 558.1650
251.7761, 544.5068
252.2582, 534.4688
252.7403, 526.7891
253.2224, 524.3877
253.7045, 528.0410
254.1866, 537.5674
254.6688, 553.4502
255.1509, 585.2354
255.6330, 620.4863
256.1151, 629.7363
256.5972, 594.9678
257.0793, 563.1885
257.5615, 560.0273
258.0436, 604.7939
258.5257, 622.9766
259.0078, 600.8477
259.4899, 557.5098
259.9720, 546.9492
260.4542, 588.7129
260.9363, 624.6592
261.4184, 619.9443
261.9005, 556.5234
262.3826, 511.3174
262.8647, 489.4502
263.3469, 487.5186
263.8290, 500.2471
264.3111, 536.4023
264.7932, 569.5264
265.2753, 584.5283
265.7574, 579.0518
266.2396, 561.5830
266.7217, 530.0283
267.2038, 487.2295
267.6859, 439.2451
268.1680, 378.1445
268.6501, 330.0303
269.1323, 321.0381
269.6144, 363.6953
270.0965, 386.4346
270.5786, 376.2646
271.0607, 340.6064
271.5428, 309.3721
272.0250, 283.5645
272.5071, 260.9258
272.9892, 240.0273
273.4713, 221.2559
273.9534, 201.9951
274.4355, 179.6553
274.9177, 157.0557
275.3998, 149.6641
275.8819, 163.2461
276.3640, 175.1729
276.8461, 164.2246
277.3282, 127.9746
277.8104, 90.82324
278.2925, 54.21777
278.7746, 20.65918
279.2567, 4.954102
279.7388, 10.92480
280.2209, 19.97266
280.7031, 12.37793
281.1852, 12.86816
281.6673, 29.91016
282.1494, 30.09277
282.6315, 18.43848
283.1136, 14.90430
283.5958, 19.69824
284.0779, 30.19629
284.5600, 51.63770
285.0421, 83.22656
285.5242, 93.97852
286.0063, 65.47754
286.4884, 13.06445
286.9706, 5.458984
287.4527, 14.14062
287.9348, 40.21289
288.4169, 43.09473
288.8990, 24.62891
289.3811, 1.583984
289.8633, 38.71484
290.3454, 78.47754
290.8275, 95.43652
291.3096, 88.23730
291.7917, 70.91016
292.2738, 50.28223
292.7560, 28.70996
293.2381, 19.37402
293.7202, 36.71680
294.2023, 65.58203
294.6844, 68.86816
295.1665, 45.54590
295.6487, 19.22461
296.1308, 15.85645
296.6129, 28.91602
297.0950, 35.65723
297.5771, 22.59375
298.0592, 2.009766
298.5414, 3.995117
299.0235, 4.526367
299.5056, 14.96973
299.9877, 9.299805
300.4698, 3.144531
300.9519, 1.002930
301.4341, 27.02539
301.9162, 70.95801
302.3983, 130.5938
302.8804, 204.7285
303.3625, 260.0205
303.8446, 248.8086
304.3268, 200.7715
304.8089, 169.0732
305.2910, 186.2158
305.7731, 220.3164
306.2552, 241.4229
306.7373, 250.1953
307.2195, 255.2842
307.7016, 262.3008
308.1837, 269.8037
308.6658, 275.6025
309.1479, 266.6104
309.6300, 264.9180
310.1122, 293.3076
310.5943, 350.3340
311.0764, 405.0742
311.5585, 440.4648
312.0406, 463.1006
312.5227, 480.7568
313.0049, 481.9004
313.4870, 490.4180
313.9691, 520.2676
314.4512, 570.8916
314.9333, 630.2266
315.4154, 703.5488
315.8976, 778.2197
316.3797, 842.2764
316.8618, 889.9990
317.3439, 928.4727
317.8260, 954.8330
318.3081, 970.5273
318.7903, 989.9248
319.2724, 1014.266
319.7545, 1046.052
320.2366, 1087.261
320.7187, 1144.182
321.2008, 1205.070
321.6830, 1252.002
322.1651, 1290.395
322.6472, 1373.577
323.1293, 1578.213
323.6114, 1792.397
324.0935, 1940.715
324.5757, 1926.323
325.0578, 1941.424
325.5399, 2005.958
326.0220, 2119.773
326.5041, 2281.412
326.9862, 2506.202
327.4684, 2768.358
327.9505, 3055.319
328.4326, 3400.798
328.9147, 3728.312
329.3968, 4046.692
329.8789, 4347.896
330.3611, 4592.678
330.8432, 4786.902
331.3253, 4920.875
331.8074, 4991.536
332.2895, 5014.395
332.7716, 4943.317
333.2538, 4756.586
333.7359, 4473.062
334.2180, 4163.588
334.7001, 3813.946
335.1822, 3457.205
335.6643, 3111.665
336.1465, 2770.784
336.6286, 2453.997
337.1107, 2164.192
337.5928, 1900.029
338.0749, 1660.523
338.5570, 1439.015
339.0392, 1260.602
339.5213, 1157.410
340.0034, 1140.878
340.4855, 1099.950
340.9676, 1020.679
341.4497, 921.8301
341.9319, 841.9268
342.4140, 781.7148
342.8961, 728.9248
343.3782, 681.3496
343.8603, 641.1240
344.3424, 602.8682
344.8246, 558.5869
345.3067, 524.8174
345.7888, 538.8467
346.2709, 599.3311
346.7530, 661.4336
347.2351, 704.8447
347.7173, 730.9717
348.1994, 742.6943
348.6815, 735.3682
349.1636, 734.3320
349.6457, 777.1562
350.1278, 854.5645
350.6100, 931.5703
351.0921, 988.7090
351.5742, 1035.387
352.0563, 1085.317
352.5384, 1138.650
353.0205, 1202.003
353.5027, 1290.979
353.9848, 1393.480
354.4669, 1483.379
354.9490, 1540.776
355.4311, 1589.126
355.9132, 1645.430
356.3954, 1709.605
356.8775, 1786.606
357.3596, 1894.483
357.8417, 2015.459
358.3238, 2127.933
358.8059, 2226.689
359.2881, 2311.562
359.7702, 2371.835
360.2523, 2410.609
360.7344, 2464.466
361.2165, 2562.032
361.6986, 2675.231
362.1808, 2780.771
362.6629, 2850.593
363.1450, 2933.676
363.6271, 3048.681
364.1092, 3191.958
364.5913, 3337.756
365.0735, 3487.646
365.5556, 3633.817
366.0377, 3771.313
366.5198, 3861.921
367.0019, 3992.059
367.4840, 4204.795
367.9662, 4472.120
368.4482, 4676.625
368.9304, 4817.404
369.4125, 4897.493
369.8946, 4914.850
370.3767, 4840.639
370.8588, 4751.006
371.3409, 4650.323
371.8231, 4532.484
372.3052, 4382.648
372.7873, 4198.667
373.2694, 3987.562
373.7515, 3743.182
374.2336, 3447.920
374.7158, 3199.571
375.1979, 3013.331
375.6800, 2858.124
376.1621, 2679.407
376.6442, 2471.812
377.1263, 2259.618
377.6085, 2040.787
378.0906, 1819.958
378.5727, 1630.932
379.0548, 1477.765
379.5369, 1349.241
380.0190, 1238.810
380.5012, 1145.150
380.9833, 1057.345
381.4654, 968.1387
381.9475, 882.5371
382.4296, 808.6182
382.9117, 746.5908
383.3939, 700.0977
383.8760, 687.6465
384.3581, 696.1670
384.8402, 684.3926
385.3223, 628.2100
385.8044, 557.1318
386.2866, 514.4951
386.7687, 497.3916
387.2508, 482.3428
387.7329, 448.0664
388.2150, 407.7148
388.6971, 379.0752
389.1793, 370.8291
389.6614, 369.3574
390.1435, 364.9287
390.6256, 359.1797
391.1077, 356.8242
391.5898, 364.1836
392.0720, 373.6465
392.5541, 380.5039
393.0362, 385.1953
393.5183, 383.8330
394.0004, 373.3271
394.4825, 355.7490
394.9647, 334.9395
395.4468, 295.3965
395.9289, 266.3428
396.4110, 263.4873
396.8931, 296.7744
397.3752, 323.7598
397.8574, 345.3438
398.3395, 355.1816
398.8216, 344.8740
399.3037, 283.5410
399.7858, 236.7373
400.2679, 218.7773
400.7501, 231.4287
401.2322, 250.1855
401.7143, 285.5293
402.1964, 316.8555
402.6785, 325.2920
403.1606, 303.4111
403.6428, 276.0205
404.1249, 241.7715
404.6070, 204.6084
405.0891, 192.0645
405.5712, 214.1689
406.0533, 231.8896
406.5355, 211.9873
407.0176, 151.4805
407.4997, 104.1406
407.9818, 78.66895
408.4639, 63.95312
408.9460, 32.35547
409.4282, 16.05371
409.9103, 55.09863
410.3924, 67.43750
410.8745, 58.37695
411.3566, 41.25098
411.8387, 13.62012
412.3209, 7.737305
412.8030, 9.150391
413.2851, 50.85156
413.7672, 77.88086
414.2493, 55.25293
414.7314, 16.26758
415.2136, 3.045898
415.6957, 17.27246
416.1778, 31.04297
416.6599, 22.32227
417.1420, 1.830078
417.6241, 16.05371
418.1063, 23.03320
418.5884, 29.18066
419.0705, 42.18555
419.5526, 60.21582
420.0347, 72.51367
420.5168, 71.74902
420.9990, 65.69043
421.4811, 59.79883
421.9632, 58.49414
422.4453, 53.28711
422.9274, 46.57617
423.4095, 35.82324
423.8917, 13.44824
424.3738, 49.65039
424.8559, 98.44629
425.3380, 109.8662
425.8201, 63.26367
426.3022, 35.08594
426.7844, 35.60254
427.2665, 48.25781
427.7486, 49.15234
428.2307, 35.45410
428.7128, 17.02637
429.1949, 7.058594
429.6771, 35.74121
430.1592, 45.62207
430.6413, 29.09570
431.1234, 11.94336
431.6055, 22.96094
432.0876, 62.78809
432.5698, 101.2090
433.0519, 132.5410
433.5340, 158.0664
434.0161, 185.2617
434.4982, 213.9277
434.9803, 231.0986
435.4625, 224.2402
435.9446, 198.9229
436.4267, 162.5156
436.9088, 107.9102
437.3909, 67.94531
437.8730, 97.55273
438.3552, 174.5312
438.8373, 236.3613
439.3194, 232.1631
439.8015, 209.0762
440.2836, 210.6914
440.7657, 242.1172
441.2479, 278.8457
441.7300, 313.6455
442.2121, 343.6670
442.6942, 366.0928
443.1763, 376.5381
443.6584, 382.1367
444.1406, 381.6260
444.6227, 375.8584
445.1048, 376.5439
445.5869, 389.8213
446.0690, 407.5498
446.5511, 424.9404
447.0333, 430.7363
447.5154, 450.9316
447.9975, 494.0879
448.4796, 551.0986
448.9617, 599.4121
449.4438, 629.3398
449.9260, 665.7891
450.4081, 719.4404
450.8902, 792.2852
451.3723, 870.9121
451.8544, 961.7725
452.3365, 1048.586
452.8186, 1097.872
453.3008, 1103.230
453.7829, 1143.343
454.2650, 1249.466
454.7471, 1406.054
455.2292, 1564.004
455.7113, 1723.688
456.1935, 1888.153
456.6756, 2062.703
457.1577, 2244.086
457.6398, 2432.960
458.1219, 2625.237
458.6040, 2828.908
459.0862, 3059.541
459.5683, 3308.377
460.0504, 3551.396
460.5325, 3808.467
461.0146, 4031.360
461.4967, 4169.846
461.9789, 4209.315
462.4610, 4214.467
462.9431, 4235.532
463.4252, 4236.236
463.9073, 4169.056
464.3894, 3982.529
464.8716, 3762.653
465.3537, 3524.280
465.8358, 3268.570
466.3179, 3028.943
466.8000, 2802.548
467.2821, 2594.261
467.7643, 2406.170
468.2464, 2243.309
468.7285, 2098.003
469.2106, 1979.396
469.6927, 1878.288
470.1748, 1767.495
470.6570, 1635.730
471.1391, 1513.432
471.6212, 1416.198
472.1033, 1347.231
472.5854, 1290.822
473.0675, 1249.703
473.5497, 1207.931
474.0318, 1143.980
474.5139, 1061.206
474.9960, 983.9082
475.4781, 912.6309
475.9602, 854.7090
476.4424, 834.0332
476.9245, 848.4111
477.4066, 865.8877
477.8887, 866.5469
478.3708, 854.7744
478.8529, 832.7148
479.3351, 792.1621
479.8172, 763.5957
480.2993, 789.5049
480.7814, 844.0078
481.2635, 872.7178
481.7456, 828.0732
482.2278, 769.4180
482.7099, 725.0693
483.1920, 699.4014
483.6741, 691.9033
484.1562, 716.6650
484.6383, 747.7510
485.1205, 763.5254
485.6026, 756.1826
486.0847, 741.9277
486.5668, 721.3184
487.0489, 694.7539
487.5310, 660.4072
488.0132, 607.1309
488.4953, 565.9082
488.9774, 558.4902
489.4595, 596.2656
489.9416, 610.3486
490.4237, 596.0186
490.9059, 566.9043
491.3880, 541.0576
491.8701, 517.6592
492.3522, 490.4775
492.8343, 457.2627
493.3164, 424.0176
493.7986, 410.6973
494.2807, 417.0068
494.7628, 416.7900
495.2449, 379.5586
495.7270, 323.0820
496.2091, 279.5439
496.6913, 257.0508
497.1734, 243.6943
497.6555, 228.6230
498.1376, 214.9590
498.6197, 209.9814
499.1018, 229.3682
499.5840, 247.4531
500.0661, 248.1436
500.5482, 227.4092
501.0303, 207.6201
501.5124, 198.0059
501.9945, 188.9502
502.4767, 171.8193
502.9588, 138.1240
503.4409, 106.2246
503.9230, 79.53027
504.4051, 56.43164
504.8872, 24.00781
505.3694, 37.94922
505.8515, 21.23828
506.3336, 27.70508
506.8157, 69.48242
507.2978, 104.4756
507.7799, 112.3242
508.2621, 155.2686
508.7442, 184.1670
509.2263, 212.5000
509.7084, 260.4199
510.1905, 272.2939
510.6726, 319.9326
511.1548, 297.3750
511.6369, 309.3027
512.1190, 319.8838
512.6011, 338.0322
513.0832, 371.5742
513.5653, 433.4512
514.0474, 531.9805
514.5295, 640.2559
515.0117, 746.2939
515.4938, 850.5898
515.9759, 952.4561
516.4580, 1035.508
516.9401, 1132.875
517.4222, 1260.396
517.9044, 1419.700
518.3865, 1584.877
518.8686, 1761.800
519.3507, 1937.957
519.8328, 2109.188
520.3149, 2281.771
520.7971, 2436.358
521.2792, 2582.591
521.7613, 2704.746
522.2434, 2758.735
522.7255, 2732.706
523.2076, 2690.723
523.6898, 2671.551
524.1719, 2664.304
524.6540, 2570.480
525.1361, 2382.255
525.6182, 2169.048
526.1003, 1999.784
526.5825, 1861.238
527.0646, 1715.247
527.5467, 1550.754
528.0288, 1385.285
528.5109, 1231.374
528.9930, 1092.509
529.4752, 974.0176
529.9573, 890.6230
530.4394, 821.3691
530.9215, 750.3789
531.4036, 673.3076
531.8857, 613.3193
532.3679, 593.0801
532.8500, 585.5459
533.3321, 566.4619
533.8142, 524.8018
534.2963, 479.8428
534.7784, 424.9365
535.2606, 367.2002
535.7427, 334.8965
536.2248, 343.8721
536.7069, 347.4707
537.1890, 324.3408
537.6711, 272.5117
538.1533, 219.6924
538.6354, 163.5654
539.1175, 112.1299
539.5996, 74.96387
540.0817, 51.03223
540.5638, 36.65723
541.0460, 33.75977
541.5281, 36.44824
542.0102, 36.05762
542.4923, 33.25781
542.9744, 30.82031
543.4565, 37.06543
543.9387, 40.67969
544.4208, 26.88574
544.9029, 8.138672
545.3850, 34.22656
545.8671, 28.30371
546.3492, 11.49805
546.8314, 5.948242
547.3135, 30.56445
547.7956, 51.25293
548.2777, 65.73145
548.7598, 70.51465
549.2419, 53.70898
549.7241, 1.619141
550.2062, 48.22949
550.6883, 63.76660
551.1704, 40.29297
551.6525, 35.33887
552.1346, 48.06250
552.6168, 77.18945
553.0989, 133.5479
553.5810, 214.4980
554.0631, 260.3291
554.5452, 246.5723
555.0273, 203.4365
555.5095, 177.4531
555.9916, 168.6396
556.4737, 178.2793
556.9558, 212.5479
557.4379, 262.8184
557.9200, 320.9209
558.4022, 386.0527
558.8843, 455.8975
559.3664, 540.7109
559.8485, 624.7871
560.3306, 692.2637
560.8127, 700.0801
561.2949, 733.4180
561.7770, 819.9453
562.2591, 947.9648
562.7412, 1070.701
563.2233, 1187.163
563.7054, 1297.453
564.1876, 1392.183
564.6697, 1465.702
565.1518, 1591.441
565.6339, 1791.161
566.1160, 1990.569
566.5981, 2112.470
567.0803, 2157.848
567.5624, 2187.285
568.0445, 2214.835
568.5266, 2225.871
569.0087, 2193.678
569.4908, 2122.445
569.9730, 2031.302
570.4551, 1922.547
570.9372, 1803.181
571.4193, 1668.646
571.9014, 1520.310
572.3835, 1387.913
572.8657, 1300.090
573.3478, 1229.062
573.8299, 1153.251
574.3120, 1068.556
574.7941, 976.7412
575.2762, 860.7266
575.7584, 739.4902
576.2405, 654.0527
576.7226, 621.5928
577.2047, 596.9834
577.6868, 569.8135
578.1689, 540.2510
578.6511, 511.6367
579.1332, 484.0498
579.6153, 456.7432
580.0974, 432.5625
580.5795, 409.5312
581.0616, 369.8779
581.5438, 305.3428
582.0259, 246.3350
582.5080, 245.7842
582.9901, 280.9834
583.4722, 295.7480
583.9543, 229.5811
584.4365, 163.3320
584.9186, 171.5303
585.4007, 240.2637
585.8828, 292.8857
586.3649, 292.7852
586.8470, 270.6104
587.3292, 238.9238
587.8113, 187.0332
588.2934, 158.4287
588.7755, 172.9922
589.2576, 199.0908
589.7397, 198.9570
590.2219, 154.8184
590.7040, 134.7363
591.1861, 157.5195
591.6682, 206.8398
592.1503, 233.5264
592.6324, 236.3086
593.1146, 236.7266
593.5967, 245.6621
594.0788, 261.0215
594.5609, 280.8984
595.0430, 305.5703
595.5251, 321.5586
596.0073, 310.2627
596.4894, 285.9316
596.9715, 266.6963
597.4536, 256.8467
597.9357, 253.1738
598.4178, 261.6855
598.9000, 274.4229
599.3821, 276.0449
599.8642, 269.7617
600.3463, 244.9141
600.8284, 190.5518
601.3105, 107.8135
601.7927, 44.17090
602.2748, 3.074219
602.7569, 24.38770
603.2390, 40.83008
603.7211, 44.13379
604.2032, 48.20703
604.6854, 52.77637
605.1675, 62.98730
605.6496, 94.32031
606.1317, 138.8252
606.6138, 162.8799
607.0959, 146.5977
607.5781, 110.9268
608.0602, 87.08789
608.5423, 70.51172
609.0244, 42.84570
609.5065, 20.81348
609.9886, 85.92969
610.4708, 125.1631
610.9529, 131.0137
611.4350, 151.6318
611.9171, 216.2383
612.3992, 286.6035
612.8813, 332.7168
613.3635, 338.2666
613.8456, 351.3838
614.3277, 372.4297
614.8098, 403.8535
615.2919, 450.9873
615.7740, 514.2373
616.2562, 586.5664
616.7383, 664.9248
617.2204, 750.6201
617.7025, 850.5459
618.1846, 964.4189
618.6667, 1072.843
619.1489, 1153.711
619.6310, 1225.581
620.1131, 1311.959
620.5952, 1418.625
621.0773, 1528.783
621.5594, 1642.624
622.0416, 1750.521
622.5237, 1841.619
623.0058, 1903.335
623.4879, 1960.181
623.9700, 2012.245
624.4521, 2062.180
624.9343, 2116.572
625.4164, 2174.285
625.8985, 2237.556
626.3806, 2307.066
626.8627, 2382.639
627.3448, 2464.888
627.8270, 2554.407
628.3091, 2644.726
628.7912, 2732.456
629.2733, 2816.498
629.7554, 2895.405
630.2375, 2968.364
630.7197, 3040.487
631.2018, 3112.277
631.6839, 3185.569
632.1660, 3264.431
632.6481, 3369.378
633.1302, 3461.402
633.6124, 3525.928
634.0945, 3566.661
634.5766, 3597.527
635.0587, 3618.278
635.5408, 3630.981
636.0229, 3639.444
636.5051, 3644.746
636.9872, 3619.399
637.4693, 3555.262
637.9514, 3482.005
638.4335, 3428.758
638.9156, 3391.760
639.3978, 3336.833
639.8799, 3258.516
640.3620, 3169.060
640.8441, 3080.733
641.3262, 2991.938
641.8083, 2896.552
642.2905, 2778.797
642.7726, 2668.843
643.2547, 2597.768
643.7368, 2553.255
644.2189, 2490.583
644.7010, 2370.500
645.1832, 2254.519
645.6653, 2177.928
646.1474, 2147.500
646.6295, 2078.722
647.1116, 1946.034
647.5938, 1811.407
648.0759, 1723.230
648.5580, 1685.147
649.0401, 1649.373
649.5222, 1614.170
650.0043, 1574.960
650.4865, 1523.661
650.9686, 1462.304
651.4507, 1398.578
651.9328, 1326.942
652.4149, 1263.640
652.8970, 1235.799
653.3792, 1230.739
653.8613, 1210.230
654.3434, 1134.764
654.8255, 1059.729
655.3076, 1014.826
655.7897, 1004.905
656.2718, 987.1670
656.7539, 948.0020
657.2360, 913.0703
657.7181, 899.9199
658.2003, 915.1680
658.6824, 924.9648
659.1645, 930.8477
659.6466, 926.0068
660.1287, 894.1396
660.6108, 840.7900
661.0930, 798.0762
661.5751, 779.8262
662.0572, 769.3604
662.5393, 747.2363
663.0214, 716.2793
663.5035, 683.5430
663.9857, 653.5049
664.4678, 622.0947
664.9499, 583.9834
665.4320, 540.7402
665.9141, 513.8887
666.3962, 520.6064
666.8784, 531.6191
667.3605, 535.7480
667.8426, 527.8584
668.3247, 518.9375
668.8068, 509.3730
669.2889, 497.7480
669.7711, 479.8369
670.2532, 457.0156
670.7353, 442.3340
671.2174, 439.7354
671.6995, 443.5850
672.1816, 457.0566
672.6638, 471.8711
673.1459, 467.8750
673.6280, 414.6494
674.1101, 360.4775
674.5922, 326.3174
675.0743, 313.1982
675.5565, 322.6406
676.0386, 393.9443
676.5207, 449.3184
677.0028, 455.4033
677.4849, 405.2490
677.9670, 367.2051
678.4492, 339.3613
678.9313, 325.9766
679.4134, 345.8838
679.8955, 393.0098
680.3776, 389.5986
680.8597, 320.5146
681.3419, 233.8018
681.8240, 176.4678
682.3061, 142.9316
682.7882, 121.7383
683.2703, 121.1309
683.7524, 116.8447
684.2346, 88.63672
684.7167, 46.94922
685.1988, 14.90039
685.6809, 5.850586
686.1630, 0.2705080
686.6451, 7.412109
687.1273, 15.60645
687.6094, 29.50391
688.0915, 55.06934
688.5736, 70.78613
689.0557, 59.34277
689.5378, 23.92480
690.0200, 1.568359
690.5021, 16.61133
690.9842, 22.64258
691.4663, 5.522461
691.9484, 15.31836
692.4305, 2.203125
692.9127, 67.03027
693.3948, 125.8320
693.8769, 120.9326
694.3590, 88.24121
694.8411, 75.54004
695.3232, 104.8457
695.8054, 140.2012
696.2875, 180.8457
696.7696, 223.5781
697.2517, 259.5586
697.7338, 287.4795
698.2159, 313.2480
698.6981, 337.1758
699.1802, 360.7910
699.6623, 393.6953
700.1444, 434.8184
700.6265, 466.6797
701.1086, 465.3076
701.5908, 453.8545
702.0729, 461.3311
702.5550, 490.5039
703.0371, 525.8252
703.5192, 570.1357
704.0013, 611.0137
704.4835, 638.1191
704.9656, 635.3838
705.4477, 644.3457
705.9298, 668.2764
706.4119, 701.5840
706.8940, 742.0898
707.3762, 793.4932
707.8583, 826.4834
708.3404, 830.8525
708.8225, 823.6592
709.3046, 833.2637
709.7867, 857.9160
710.2689, 890.8750
710.7510, 936.4619
711.2331, 983.3760
711.7152, 1024.636
712.1973, 1059.264
712.6794, 1082.649
713.1616, 1079.194
713.6437, 1075.970
714.1258, 1085.239
714.6079, 1107.424
715.0900, 1132.838
715.5721, 1162.989
716.0543, 1194.508
716.5364, 1223.955
717.0185, 1252.293
717.5006, 1276.069
717.9827, 1295.449
718.4648, 1309.369
718.9470, 1304.256
719.4291, 1294.297
719.9112, 1309.440
720.3933, 1366.014
720.8754, 1428.365
721.3575, 1476.471
721.8397, 1515.869
722.3218, 1553.411
722.8039, 1569.062
723.2860, 1609.346
723.7681, 1691.544
724.2502, 1799.078
724.7324, 1884.613
725.2145, 1942.652
725.6966, 1991.755
726.1787, 2028.744
726.6608, 2067.478
727.1429, 2152.103
727.6251, 2278.445
728.1072, 2400.714
728.5893, 2493.438
729.0714, 2564.493
729.5535, 2620.025
730.0356, 2660.470
730.5178, 2698.361
730.9999, 2736.477
731.4820, 2775.492
731.9641, 2818.875
732.4462, 2878.071
732.9283, 2911.356
733.4105, 2907.975
733.8926, 2895.583
734.3747, 2901.961
734.8568, 2926.805
735.3389, 2953.190
735.8210, 2980.652
736.3032, 3002.884
736.7853, 3008.646
737.2674, 3003.024
737.7495, 2997.481
738.2316, 3009.485
738.7137, 3004.481
739.1959, 2946.673
739.6780, 2859.399
740.1601, 2796.271
740.6422, 2801.890
741.1243, 2789.512
741.6064, 2743.129
742.0886, 2666.502
742.5707, 2573.648
743.0528, 2462.910
743.5349, 2346.355
744.0170, 2224.083
744.4991, 2101.532
744.9813, 1996.393
745.4634, 1906.362
745.9455, 1813.715
746.4276, 1704.892
746.9097, 1592.119
747.3918, 1482.404
747.8740, 1373.405
748.3561, 1280.272
748.8382, 1212.965
749.3203, 1155.818
749.8024, 1100.686
750.2845, 1049.499
750.7667, 993.7441
751.2488, 931.5322
751.7309, 868.3145
752.2130, 805.7402
752.6951, 746.6875
753.1772, 709.6191
753.6594, 703.4121
754.1415, 700.5791
754.6236, 672.8887
755.1057, 630.3701
755.5878, 588.1133
756.0699, 554.2607
756.5521, 519.2100
757.0342, 469.6719
757.5163, 419.0264
757.9984, 401.4219
758.4805, 440.6289
758.9626, 458.7988
759.4448, 428.0000
759.9269, 369.7539
760.4090, 359.3789
760.8911, 393.3057
761.3732, 414.6338
761.8553, 379.3623
762.3375, 322.5234
762.8196, 287.9863
763.3017, 272.9492
763.7838, 257.2217
764.2659, 221.1162
764.7480, 189.8604
765.2302, 181.2754
765.7123, 199.8525
766.1944, 204.9668
766.6765, 191.2939
767.1586, 172.3311
767.6407, 154.1279
768.1229, 136.6445
768.6050, 131.1992
769.0871, 139.6250
769.5692, 144.7422
770.0513, 122.7471
770.5334, 89.33105
771.0156, 73.25391
771.4977, 83.99512
771.9798, 88.29004
772.4619, 53.75977
772.9440, 12.22852
773.4261, 3.153320
773.9083, 42.95898
774.3904, 64.24609
774.8725, 49.87109
775.3546, 20.17871
775.8367, 2.771484
776.3188, 2.231445
776.8010, 8.468750
777.2831, 18.15137
777.7652, 31.00781
778.2473, 49.21680
778.7294, 70.11621
779.2115, 88.31250
779.6937, 104.2373
780.1758, 113.6553
780.6579, 112.3057
781.1400, 103.0020
781.6221, 94.50684
782.1042, 97.39941
782.5864, 84.74414
783.0685, 44.27344
783.5506, 13.46973
784.0327, 49.66797
784.5148, 63.83887
784.9969, 69.47070
785.4791, 70.65625
785.9612, 68.95508
786.4433, 68.98535
786.9254, 69.46973
787.4075, 63.40430
787.8896, 31.01562
788.3718, 5.161133
788.8539, 11.25391
789.3360, 53.78320
789.8181, 76.55566
790.3002, 67.61328
790.7823, 56.15332
791.2645, 57.05566
791.7466, 70.18848
792.2287, 89.10449
792.7108, 114.7539
793.1929, 131.4678
793.6750, 111.7168
794.1572, 80.04004
794.6393, 72.65723
795.1214, 94.47559
795.6035, 129.6084
796.0856, 194.1855
796.5677, 253.1572
797.0499, 274.4746
797.5320, 237.3555
798.0141, 211.9141
798.4962, 201.3066
798.9783, 197.1436
799.4604, 186.1562
799.9426, 170.2920
800.4247, 180.7461
800.9068, 226.0840
801.3889, 276.8467
801.8710, 310.5156
802.3531, 326.6318
802.8353, 320.5566
803.3174, 266.3623
803.7995, 236.2783
804.2816, 279.6484
804.7637, 350.4697
805.2458, 381.4795
805.7280, 346.6729
806.2101, 336.6230
806.6922, 367.5977
807.1743, 418.4795
807.6564, 452.7666
808.1385, 473.1191
808.6207, 495.3262
809.1028, 519.9678
809.5849, 554.7129
810.0670, 622.6455
810.5491, 704.0127
811.0313, 760.4551
811.5134, 737.5654
811.9955, 737.7715
812.4776, 817.2861
812.9597, 931.9395
813.4418, 963.6865
813.9240, 891.9727
814.4061, 823.0527
814.8882, 785.5400
815.3703, 773.1670
815.8524, 776.2314
816.3345, 793.3037
816.8167, 816.3711
817.2988, 853.1465
817.7809, 884.6084
818.2630, 903.2656
818.7451, 906.7285
819.2272, 885.4668
819.7094, 814.2002
820.1915, 743.0176
820.6736, 682.9209
821.1556, 633.3877
821.6378, 599.0391
822.1199, 581.4844
822.6020, 562.0049
823.0841, 529.8594
823.5662, 489.3574
824.0483, 439.1611
824.5305, 384.0283
825.0126, 347.7285
825.4947, 371.0723
825.9768, 392.9600
826.4589, 373.1328
826.9410, 308.0186
827.4232, 264.6094
827.9053, 257.6846
828.3874, 246.6982
828.8695, 205.8682
829.3516, 142.0439
829.8337, 107.3574
830.3159, 101.5732
830.7980, 101.2090
831.2801, 87.35840
831.7622, 73.33789
832.2443, 70.13477
832.7264, 78.30957
833.2086, 91.20020
833.6907, 114.1416
834.1728, 134.2637
834.6549, 144.8389
835.1370, 145.1553
835.6191, 143.0000
836.1013, 139.4033
836.5834, 128.3320
837.0655, 100.3682
837.5476, 62.31445
838.0297, 33.53418
838.5118, 15.66113
838.9940, 4.566406
839.4761, 11.08984
839.9582, 16.58105
840.4403, 9.148438
840.9224, 83.06934
841.4045, 126.4795
841.8867, 115.0586
842.3688, 91.79395
842.8509, 83.43457
843.3330, 90.21289
843.8151, 96.01953
844.2972, 100.3057
844.7794, 105.7236
845.2615, 119.5986
845.7436, 133.3838
846.2257, 132.3359
846.7078, 113.8574
847.1899, 100.5674
847.6721, 104.9922
848.1542, 113.8164
848.6363, 114.7031
849.1184, 98.82520
849.6005, 116.1641
850.0826, 178.3125
850.5648, 242.4961
851.0469, 269.7393
851.5290, 266.7783
852.0111, 252.2529
852.4932, 227.1348
852.9753, 204.2549
853.4575, 197.8838
853.9396, 195.3350
854.4217, 182.6758
854.9038, 148.7070
855.3859, 133.8672
855.8680, 149.2754
856.3502, 172.0234
856.8323, 183.2412
857.3144, 182.5596
857.7965, 191.0879
858.2786, 210.7012
858.7607, 231.2500
859.2429, 248.7578
859.7250, 259.1221
860.2071, 252.3037
860.6892, 221.6572
861.1713, 200.2520
861.6534, 224.1328
862.1356, 245.1348
862.6177, 222.3740
863.0998, 132.2725
863.5819, 93.54883
864.0640, 117.7666
864.5461, 153.1523
865.0283, 147.7764
865.5104, 115.6885
865.9925, 93.26855
866.4746, 84.25098
866.9567, 88.87109
867.4388, 129.1387
867.9210, 166.5293
868.4031, 167.6191
868.8852, 110.2812
869.3673, 77.80469
869.8494, 80.58691
870.3315, 92.45508
870.8137, 92.22852
871.2958, 80.21484
871.7779, 87.16797
872.2600, 116.3057
872.7421, 143.3047
873.2242, 137.9600
873.7064, 122.0117
874.1885, 118.0342
874.6706, 130.3457
875.1527, 144.7637
875.6348, 157.2168
876.1169, 169.4014
876.5991, 182.5186
877.0812, 197.0938
877.5633, 206.5596
878.0454, 210.2588
878.5275, 211.5117
879.0096, 211.4160
879.4918, 211.2568
879.9739, 215.0420
880.4560, 223.0898
880.9381, 227.1914
881.4202, 213.0957
881.9023, 202.0635
882.3845, 211.0684
882.8666, 243.7695
883.3487, 262.0898
883.8308, 261.3398
884.3129, 261.0215
884.7950, 280.6025
885.2772, 312.7256
885.7593, 328.2012
886.2414, 324.3760
886.7235, 313.3525
887.2056, 300.1719
887.6877, 288.9209
888.1699, 282.8350
888.6520, 282.8418
889.1341, 284.0654
889.6162, 280.2295
890.0983, 282.3643
890.5804, 298.3838
891.0626, 326.1572
891.5447, 353.6895
892.0268, 378.1650
892.5089, 396.1025
892.9910, 396.2412
893.4731, 394.9873
893.9553, 407.1475
894.4374, 431.9922
894.9195, 458.9668
895.4016, 502.5146
895.8837, 527.9541
896.3658, 512.0332
896.8480, 464.1592
897.3301, 453.5527
897.8122, 480.4346
898.2943, 506.0713
898.7764, 511.7061
899.2585, 506.4072
899.7407, 490.1533
900.2228, 464.5020
900.7049, 445.8818
901.1870, 445.0215
901.6691, 451.7432
902.1512, 465.9775
902.6334, 480.9199
903.1155, 477.3506
903.5976, 456.4102
904.0797, 427.1641
904.5618, 385.0537
905.0439, 342.3047
905.5261, 324.3457
906.0082, 323.4131
906.4903, 318.4766
906.9724, 295.5918
907.4545, 272.6416
907.9366, 255.1875
908.4188, 241.6660
908.9009, 227.7588
909.3830, 210.2559
909.8651, 208.4062
910.3472, 234.2510
910.8293, 262.1523
911.3115, 239.6953
911.7936, 186.0537
912.2757, 147.3750
912.7578, 148.2188
913.2399, 152.7979
913.7220, 146.4287
914.2042, 132.8838
914.6863, 116.7021
915.1684, 94.59473
915.6505, 80.67090
916.1326, 78.86816
916.6147, 78.40039
917.0969, 54.61328
917.5790, 20.34961
918.0611, 20.06445
918.5432, 71.81641
919.0253, 117.1104
919.5074, 112.5977
919.9896, 87.03027
920.4717, 67.31738
920.9538, 55.41504
921.4359, 51.48633
921.9180, 58.54980
922.4001, 67.41602
922.8823, 74.35449
923.3644, 76.35742
923.8465, 53.34375
924.3286, 2.952148
924.8107, 33.84668
925.2928, 10.63281
925.7750, 26.11621
926.2571, 38.22852
926.7392, 16.51172
927.2213, 5.711914
927.7034, 9.829102
928.1855, 8.537109
928.6677, 9.714844
929.1498, 20.75195
929.6319, 24.98047
930.1140, 2.030273
930.5961, 14.11426
931.0782, 12.13770
931.5604, 9.547852
932.0425, 26.51855
932.5246, 7.399414
933.0067, 24.01953
933.4888, 26.34082
933.9709, 35.17676
934.4531, 29.86523
934.9352, 28.89746
935.4173, 42.05371
935.8994, 47.37598
936.3815, 40.36133
936.8636, 49.52246
937.3458, 29.75781
937.8279, 47.16797
938.3100, 46.91406
938.7921, 54.00488
939.2742, 80.83105
939.7563, 94.13477
940.2385, 86.91309
940.7206, 67.66992
941.2027, 51.77344
941.6848, 38.06348
942.1669, 16.78711
942.6490, 21.45215
943.1312, 48.61523
943.6133, 34.79688
944.0954, 0.5175780
944.5775, 29.67188
945.0596, 62.22754
945.5417, 66.60938
946.0239, 26.09082
946.5060, 15.28027
946.9881, 2.652344
947.4702, 64.19727
947.9523, 76.94238
948.4344, 28.38672
948.9166, 15.31055
949.3987, 11.39453
949.8808, 53.82812
950.3629, 63.18945
950.8450, 25.16016
951.3271, 2.087891
951.8093, 1.540039
952.2914, 2.765625
952.7735, 11.37305
953.2556, 34.16309
953.7377, 27.71777
954.2198, 4.331055
954.7020, 29.70801
955.1841, 32.36523
955.6662, 17.79395
956.1483, 23.13770
956.6304, 82.93652
957.1125, 112.7227
957.5947, 96.75098
958.0768, 86.26660
958.5589, 101.2393
959.0410, 125.3574
959.5231, 113.2139
960.0052, 74.61133
960.4874, 45.40039
960.9695, 49.81348
961.4516, 54.14258
961.9337, 33.77051
962.4158, 2.735352
962.8979, 12.31836
963.3801, 1.427734
963.8622, 2.875977
964.3443, 35.01074
964.8264, 72.73340
965.3085, 84.95898
965.7906, 79.23535
966.2728, 71.73340
966.7549, 62.20410
967.2370, 67.77539
967.7191, 105.4287
968.2012, 156.4756
968.6833, 205.6143
969.1655, 251.7051
969.6476, 303.9990
970.1297, 367.2754
970.6118, 418.1367
971.0939, 428.0410
971.5760, 417.8594
972.0582, 432.5215
972.5403, 470.4189
973.0224, 501.9873
973.5045, 499.6357
973.9866, 503.0029
974.4688, 534.8057
974.9509, 587.8047
975.4330, 623.8223
975.9151, 639.8613
976.3972, 673.9873
976.8793, 748.0781
977.3615, 836.7158
977.8436, 913.1006
978.3257, 974.8496
978.8078, 1013.760
979.2899, 983.2803
979.7720, 988.2734
980.2542, 1069.121
980.7363, 1177.617
981.2184, 1245.942
981.7005, 1272.672
982.1826, 1309.441
982.6647, 1362.391
983.1469, 1424.624
983.6290, 1493.406
984.1111, 1559.372
984.5932, 1611.424
985.0753, 1641.585
985.5574, 1682.000
986.0395, 1744.519
986.5216, 1804.291
987.0037, 1836.595
987.4858, 1846.404
987.9680, 1892.690
988.4501, 1974.579
988.9322, 2058.292
989.4143, 2130.942
989.8964, 2189.894
990.3785, 2228.968
990.8607, 2251.547
991.3428, 2271.955
991.8249, 2291.312
992.3070, 2309.148
992.7891, 2325.258
993.2712, 2339.973
993.7534, 2354.357
994.2355, 2367.469
994.7176, 2377.567
995.1997, 2392.732
995.6818, 2388.377
996.1639, 2358.388
996.6461, 2296.100
997.1282, 2190.390
997.6103, 2018.005
998.0924, 1883.675
998.5745, 1797.051
999.0566, 1722.637
999.5388, 1622.156
1000.021, 1510.379
1000.503, 1414.054
1000.985, 1338.259
1001.467, 1258.370
1001.949, 1152.882
1002.431, 1053.302
1002.914, 971.8311
1003.396, 908.3486
1003.878, 878.8486
1004.360, 882.9463
1004.842, 870.0820
1005.324, 794.3789
1005.806, 704.9541
1006.288, 654.0908
1006.771, 630.5391
1007.253, 611.2334
1007.735, 587.5693
1008.217, 569.5811
1008.699, 563.9082
1009.181, 557.1846
1009.663, 519.7617
1010.145, 460.0889
1010.627, 427.0693
1011.110, 432.2461
1011.592, 447.4062
1012.074, 453.8955
1012.556, 457.2393
1013.038, 465.8350
1013.520, 483.9893
1014.002, 484.6328
1014.484, 462.2158
1014.966, 432.8242
1015.449, 406.7188
1015.931, 383.7148
1016.413, 362.5762
1016.895, 342.7471
1017.377, 326.2266
1017.859, 310.5283
1018.341, 304.0615
1018.823, 311.0713
1019.306, 326.5674
1019.788, 341.5645
1020.270, 356.7021
1020.752, 365.9102
1021.234, 366.4854
1021.716, 364.8564
1022.198, 364.4980
1022.680, 368.0244
1023.162, 379.3799
1023.645, 402.9521
1024.127, 427.3213
1024.609, 453.9590
1025.091, 477.7764
1025.573, 498.7998
1026.055, 514.7012
1026.537, 499.1699
1027.019, 455.0771
1027.502, 429.5996
1027.984, 464.9258
1028.466, 517.7871
1028.948, 569.6787
1029.430, 616.1816
1029.912, 636.3477
1030.394, 617.7637
1030.876, 623.7998
1031.359, 684.0352
1031.841, 755.4795
1032.323, 754.3164
1032.805, 715.0645
1033.287, 709.3330
1033.769, 785.0439
1034.251, 846.4287
1034.733, 865.6045
1035.215, 868.3516
1035.698, 870.2832
1036.180, 871.4551
1036.662, 892.3389
1037.144, 934.2168
1037.626, 976.3184
1038.108, 1006.520
1038.590, 1026.683
1039.072, 1032.625
1039.554, 1026.280
1040.037, 1036.271
1040.519, 1078.478
1041.001, 1098.824
1041.483, 1070.735
1041.965, 1024.108
1042.447, 1027.837
1042.929, 1062.638
1043.411, 1075.404
1043.894, 1039.240
1044.376, 995.3105
1044.858, 951.2842
1045.340, 912.6895
1045.822, 884.1416
1046.304, 865.6875
1046.786, 861.5059
1047.268, 873.2295
1047.750, 880.3447
1048.233, 865.4248
1048.715, 837.6777
1049.197, 802.4521
1049.679, 761.2969
1050.161, 728.5352
1050.643, 706.9639
1051.125, 691.2148
1051.607, 682.0879
1052.089, 675.3301
1052.572, 658.9551
1053.054, 636.2715
1053.536, 617.4893
1054.018, 607.2891
1054.500, 599.0098
1054.982, 587.6904
1055.464, 578.2725
1055.946, 576.3760
1056.429, 584.0488
1056.911, 588.0439
1057.393, 588.6094
1057.875, 580.2256
1058.357, 541.4453
1058.839, 502.9219
1059.321, 504.4229
1059.803, 542.8691
1060.286, 573.0654
1060.768, 583.4727
1061.250, 593.7412
1061.732, 608.5908
1062.214, 625.8594
1062.696, 646.1504
1063.178, 665.2119
1063.660, 668.0039
1064.142, 644.3984
1064.625, 619.5996
1065.107, 596.5654
1065.589, 587.3193
1066.071, 605.2109
1066.553, 656.2900
1067.035, 683.3154
1067.517, 687.1514
1067.999, 680.4756
1068.481, 673.1826
1068.964, 662.9248
1069.446, 643.9922
1069.928, 620.4697
1070.410, 607.9365
1070.892, 609.2197
1071.374, 621.5205
1071.856, 650.8770
1072.338, 681.5635
1072.820, 675.6494
1073.303, 649.3242
1073.785, 650.8779
1074.267, 696.5469
1074.749, 737.4375
1075.231, 755.2666
1075.713, 760.5342
1076.195, 755.5654
1076.677, 740.9326
1077.160, 751.5918
1077.642, 788.5566
1078.124, 828.0791
1078.606, 867.0596
1079.088, 891.6973
1079.570, 878.0010
1080.052, 841.4824
1080.534, 822.7266
1081.016, 837.3955
1081.499, 843.1992
1081.981, 833.4502
1082.463, 817.2686
1082.945, 811.6494
1083.427, 809.2197
1083.909, 788.8125
1084.391, 744.7568
1084.873, 704.7275
1085.355, 687.6494
1085.838, 676.0215
1086.320, 664.9531
1086.802, 650.6924
1087.284, 619.1973
1087.766, 572.8193
1088.248, 528.2588
1088.730, 493.5420
1089.212, 461.2490
1089.695, 424.6826
1090.177, 388.4805
1090.659, 359.1133
1091.141, 334.4463
1091.623, 328.5371
1092.105, 345.2598
1092.587, 363.1387
1093.069, 371.2578
1093.552, 363.8428
1094.034, 323.4160
1094.516, 254.1240
1094.998, 202.0781
1095.480, 177.9600
1095.962, 173.8447
1096.444, 193.5283
1096.926, 221.0566
1097.408, 226.0811
1097.891, 214.9062
1098.373, 209.7900
1098.855, 223.1270
1099.337, 222.0840
1099.819, 168.6445
1100.301, 114.7539
1100.783, 104.0098
1101.265, 137.8262
1101.747, 132.8408
1102.230, 89.79199
1102.712, 58.85352
1103.194, 92.82031
1103.676, 133.4941
1104.158, 125.5371
1104.640, 87.92773
1105.122, 72.53418
1105.604, 86.96680
1106.087, 111.4277
1106.569, 147.8652
1107.051, 179.2686
1107.533, 180.2490
1108.015, 164.4160
1108.497, 149.6699
1108.979, 137.7285
1109.461, 135.3730
1109.943, 154.1836
1110.426, 167.1602
1110.908, 162.9111
1111.390, 146.8486
1111.872, 132.6504
1112.354, 121.1172
1112.836, 116.8984
1113.318, 130.3555
1113.800, 135.0859
1114.282, 106.0117
1114.765, 72.80078
1115.247, 65.57520
1115.729, 87.39258
1116.211, 94.34473
1116.693, 86.08984
1117.175, 77.18848
1117.657, 80.00977
1118.139, 84.90527
1118.622, 80.61230
1119.104, 71.89160
1119.586, 80.21582
1120.068, 118.0117
1120.550, 125.8301
1121.032, 88.54980
1121.514, 35.75098
1121.996, 3.875000
1122.479, 30.89062
1122.961, 45.76465
1123.443, 48.90332
1123.925, 36.38965
1124.407, 11.60156
1124.889, 35.32520
1125.371, 5.762695
1125.853, 78.26953
1126.335, 82.65234
1126.818, 38.56250
1127.300, 4.108398
1127.782, 10.50488
1128.264, 15.90723
1128.746, 4.215820
1129.228, 10.04395
1129.710, 15.21387
1130.192, 11.45117
1130.674, 4.030273
1131.157, 29.89551
1131.639, 39.29785
1132.121, 13.01855
1132.603, 60.14258
1133.085, 47.20508
1133.567, 1.384766
1134.049, 16.73926
1134.531, 4.880859
1135.014, 25.20898
1135.496, 39.03418
1135.978, 42.65430
1136.460, 23.12402
1136.942, 2.709961
1137.424, 15.51465
1137.906, 10.60254
1138.388, 14.38477
1138.870, 30.69141
1139.353, 41.06348
1139.835, 32.81445
1140.317, 19.89355
1140.799, 33.81055
1141.281, 59.01562
1141.763, 64.91113
1142.245, 19.46094
1142.727, 2.387695
1143.209, 15.66406
1143.692, 37.45605
1144.174, 31.71875
1144.656, 6.669922
1145.138, 15.07129
1145.620, 31.94629
1146.102, 39.28711
1146.584, 22.09180
1147.066, 11.12988
1147.549, 19.26953
1148.031, 33.98145
1148.513, 32.27832
1148.995, 17.15039
1149.477, 8.028320
1149.959, 7.966797
1150.441, 10.81445
1150.923, 17.81934
1151.406, 21.67676
1151.888, 16.24414
1152.370, 3.803711
1152.852, 9.574219
1153.334, 23.54297
1153.816, 15.32324
1154.298, 35.71191
1154.780, 81.56055
1155.262, 66.74219
1155.745, 30.04785
1156.227, 17.04492
1156.709, 32.50977
1157.191, 55.31738
1157.673, 87.20996
1158.155, 111.8848
1158.637, 108.2715
1159.119, 100.0322
1159.601, 123.7373
1160.084, 163.4336
1160.566, 177.8936
1161.048, 143.7871
1161.530, 127.2832
1162.012, 137.3525
1162.494, 151.7637
1162.976, 143.3398
1163.458, 125.8066
1163.941, 122.8770
1164.423, 134.3604
1164.905, 138.1064
1165.387, 112.2646
1165.869, 107.6865
1166.351, 142.8291
1166.833, 192.4834
1167.315, 213.0596
1167.797, 214.0576
1168.280, 217.8779
1168.762, 229.6484
1169.244, 238.6602
1169.726, 241.2832
1170.208, 239.7285
1170.690, 230.4639
1171.172, 219.6094
1171.654, 236.6377
1172.136, 273.0146
1172.619, 295.3037
1173.101, 276.7520
1173.583, 265.9336
1174.065, 290.7725
1174.547, 323.9736
1175.029, 348.8457
1175.511, 364.8867
1175.993, 359.3203
1176.476, 334.5039
1176.958, 315.7285
1177.440, 317.3350
1177.922, 330.1797
1178.404, 363.6973
1178.886, 398.7539
1179.368, 402.1113
1179.850, 372.7480
1180.333, 363.0928
1180.815, 379.8408
1181.297, 393.5117
1181.779, 371.7148
1182.261, 348.7676
1182.743, 350.9805
1183.225, 372.2314
1183.707, 379.3076
1184.189, 373.7598
1184.672, 390.6377
1185.154, 443.0273
1185.636, 488.9033
1186.118, 489.1201
1186.600, 464.1045
1187.082, 423.0703
1187.564, 365.1211
1188.046, 350.7344
1188.528, 385.6875
1189.011, 416.3975
1189.493, 419.5693
1189.975, 414.7266
1190.457, 423.7061
1190.939, 433.5107
1191.421, 422.2734
1191.903, 375.6836
1192.385, 345.4180
1192.868, 333.1367
1193.350, 323.7080
1193.832, 298.1455
1194.314, 275.9854
1194.796, 295.6689
1195.278, 338.6084
1195.760, 355.1328
1196.242, 317.6748
1196.724, 297.4023
1197.207, 301.4824
1197.689, 316.5859
1198.171, 336.5264
1198.653, 352.0596
1199.135, 348.4893
1199.617, 328.6465
1200.099, 314.4385
1200.581, 313.5684
1201.063, 298.9199
1201.546, 258.7207
1202.028, 221.2461
1202.510, 227.5742
1202.992, 262.6133
1203.474, 310.1855
1203.956, 369.5166
1204.438, 398.2842
1204.920, 370.9150
1205.403, 353.4502
1205.885, 372.3232
1206.367, 405.5635
1206.849, 416.3105
1207.331, 405.2168
1207.813, 372.1113
1208.295, 300.7275
1208.777, 269.7285
1209.260, 305.0107
1209.742, 347.7266
1210.224, 370.8398
1210.706, 376.1963
1211.188, 364.4277
1211.670, 342.1338
1212.152, 324.0820
1212.634, 302.0879
1213.116, 303.4453
1213.599, 343.9629
1214.081, 383.3096
1214.563, 383.7695
1215.045, 360.4463
1215.527, 366.1865
1216.009, 391.6670
1216.491, 397.2783
1216.973, 330.7188
1217.455, 294.7480
1217.938, 312.4424
1218.420, 317.4932
1218.902, 328.9717
1219.384, 333.2676
1219.866, 330.7559
1220.348, 301.0947
1220.830, 306.5059
1221.312, 297.8604
1221.795, 288.6445
1222.277, 299.0283
1222.759, 273.3438
1223.241, 283.2480
1223.723, 278.8760
1224.205, 281.0078
1224.687, 268.9834
1225.169, 261.3105
1225.651, 267.7725
1226.134, 279.0166
1226.616, 283.8350
1227.098, 292.1748
1227.580, 311.3066
1228.062, 331.8740
1228.544, 323.4102
1229.026, 270.4023
1229.508, 232.4941
1229.990, 243.6914
1230.473, 251.0645
1230.955, 228.1680
1231.437, 187.9795
1231.919, 164.2168
1232.401, 154.2529
1232.883, 151.0264
1233.365, 158.6738
1233.847, 157.1748
1234.329, 134.1494
1234.812, 114.5420
1235.294, 113.4941
1235.776, 128.4727
1236.258, 159.2461
1236.740, 199.9141
1237.222, 231.4463
1237.704, 260.9082
1238.186, 254.1191
1238.669, 190.7148
1239.151, 123.2520
1239.633, 99.34082
1240.115, 108.4463
1240.597, 139.0508
1241.079, 180.5518
1241.561, 191.2012
1242.043, 110.3457
1242.526, 62.95605
1243.008, 74.69043
1243.490, 108.0811
1243.972, 128.2549
1244.454, 135.8096
1244.936, 123.1289
1245.418, 94.43262
1245.900, 82.37598
1246.382, 120.6602
1246.865, 139.7334
1247.347, 122.1924
1247.829, 94.59766
1248.311, 100.6631
1248.793, 119.8174
1249.275, 107.0020
1249.757, 58.31738
1250.239, 31.31348
1250.721, 42.86133
1251.204, 62.79883
1251.686, 87.59668
1252.168, 109.3584
1252.650, 117.9170
1253.132, 114.3027
1253.614, 95.75098
1254.096, 59.37109
1254.578, 37.21582
1255.061, 32.12891
1255.543, 41.66992
1256.025, 73.39258
1256.507, 103.1973
1256.989, 83.20117
1257.471, 41.53711
1257.953, 20.52539
1258.435, 33.66211
1258.917, 42.88574
1259.400, 48.01758
1259.882, 47.08105
1260.364, 35.72266
1260.846, 22.78809
1261.328, 19.29395
1261.810, 22.23145
1262.292, 29.47266
1262.774, 46.19824
1263.256, 38.87012
1263.739, 2.614258
1264.221, 23.65625
1264.703, 9.681641
1265.185, 17.33984
1265.667, 37.72266
1266.149, 48.87891
1266.631, 44.13184
1267.113, 17.42480
1267.596, 3.611328
1268.078, 3.352539
1268.560, 6.129883
1269.042, 1.995117
1269.524, 0.5908200
1270.006, 9.519531
1270.488, 26.67383
1270.970, 48.24219
1271.453, 75.28125
1271.935, 98.79297
1272.417, 109.0205
1272.899, 116.5215
1273.381, 116.1992
1273.863, 106.1875
1274.345, 79.19727
1274.827, 46.75098
1275.309, 26.46094
1275.792, 18.50293
1276.274, 14.54980
1276.756, 15.43359
1277.238, 22.49121
1277.720, 53.18359
1278.202, 71.14355
1278.684, 51.21094
1279.166, 16.65527
1279.648, 0.2060550
1280.131, 0.0000000E+00
##END=



