##NAMES=Tyrrellite
##RRUFFID=R060481
##IDEAL CHEMISTRY=Cu(Co,Ni)_2_Se_4_
##LOCALITY=Eagle Claims, near Hal Lake, Beaverlodge Lake area, Saskatchewan, Canada
##OWNER=RRUFF
##SOURCE=Michael Scott
##DESCRIPTION=Gray metallic bleb
##STATUS=The identification of this mineral is confirmed by single-crystal X-ray diffraction and chemical analysis.
##URL=rruff.info/R060481
##MEASURED CHEMISTRY=Cu_1.00_(Co_1.37_Ni_0.63_)_Σ=2_Se_4.00_
195.4273, 0.0000000E+00
195.9094, 0.4237210
196.3915, 4.8980000E-03
196.8737, 0.1741750
197.3558, 8.3622001E-02
197.8379, 0.6785350
198.3200, 1.584747
198.8021, 2.703041
199.2842, 3.939407
199.7664, 5.282269
200.2485, 6.746922
200.7306, 8.361534
201.2127, 10.09972
201.6948, 11.88370
202.1769, 13.73525
202.6591, 15.56195
203.1412, 17.25522
203.6233, 18.81059
204.1054, 20.29105
204.5875, 21.65931
205.0696, 22.94231
205.5518, 24.41639
206.0339, 26.10792
206.5160, 27.94581
206.9981, 29.81036
207.4802, 31.58559
207.9623, 33.76011
208.4445, 36.52143
208.9266, 39.83407
209.4087, 42.93067
209.8908, 45.59936
210.3729, 48.45613
210.8550, 52.22280
211.3372, 57.00961
211.8193, 62.16986
212.3014, 67.55598
212.7835, 73.12209
213.2656, 79.18700
213.7477, 85.98732
214.2299, 92.97895
214.7120, 99.57812
215.1941, 106.0643
215.6762, 111.6012
216.1583, 116.3120
216.6404, 120.2887
217.1226, 122.0869
217.6047, 121.7666
218.0868, 119.5027
218.5689, 115.3476
219.0510, 108.4712
219.5331, 100.5988
220.0153, 91.68796
220.4974, 81.47837
220.9795, 72.91951
221.4616, 66.02835
221.9437, 60.41069
222.4258, 55.51006
222.9080, 51.44331
223.3901, 47.96349
223.8722, 45.13467
224.3543, 42.97326
224.8364, 41.11182
225.3185, 39.61913
225.8007, 38.37976
226.2828, 37.25794
226.7649, 36.34493
227.2470, 35.38202
227.7291, 34.30347
228.2112, 33.05933
228.6934, 31.88951
229.1755, 30.76797
229.6576, 29.73986
230.1397, 28.94796
230.6218, 28.68100
231.1039, 28.07005
231.5861, 26.87691
232.0682, 25.02198
232.5503, 23.07781
233.0324, 21.04919
233.5145, 18.94042
233.9966, 16.71531
234.4788, 14.34165
234.9609, 11.92617
235.4430, 9.382622
235.9251, 6.601452
236.4072, 4.472740
236.8893, 3.212563
237.3715, 2.422710
237.8536, 1.619957
238.3357, 0.7175790
238.8178, 6.8053998E-02
239.2999, 0.6820140
239.7820, 1.105698
240.2642, 1.461437
240.7463, 1.810780
241.2284, 2.064468
241.7105, 2.085201
242.1926, 1.744301
242.6747, 1.416981
243.1569, 1.171013
243.6390, 1.000076
244.1211, 0.8347210
244.6032, 0.6590040
245.0853, 0.4883840
245.5674, 0.3760380
246.0496, 0.4346080
246.5317, 0.3509710
247.0138, 1.9005001E-02
247.4959, 0.5926400
247.9780, 1.184696
248.4601, 1.728821
248.9423, 2.239574
249.4244, 2.691067
249.9065, 3.024879
250.3886, 3.421860
250.8707, 3.866035
251.3528, 4.380127
251.8350, 4.838730
252.3171, 5.269257
252.7992, 5.608208
253.2813, 5.859447
253.7634, 5.910183
254.2455, 5.928772
254.7277, 5.975201
255.2098, 6.050587
255.6919, 5.931435
256.1740, 5.506577
256.6561, 5.026806
257.1382, 4.759319
257.6204, 4.814106
258.1025, 4.801105
258.5846, 4.627300
259.0667, 4.300617
259.5488, 4.019426
260.0309, 3.778027
260.5131, 3.603523
260.9952, 3.539963
261.4773, 3.622971
261.9594, 3.716583
262.4415, 3.812386
262.9236, 3.904425
263.4058, 3.925478
263.8879, 3.818600
264.3700, 3.736233
264.8521, 3.795738
265.3342, 4.022026
265.8163, 4.320820
266.2985, 4.722853
266.7806, 5.189865
267.2627, 5.502153
267.7448, 5.631214
268.2269, 5.663654
268.7090, 5.634777
269.1912, 5.509758
269.6733, 5.467501
270.1554, 5.549074
270.6375, 5.722429
271.1196, 5.874313
271.6017, 6.015682
272.0839, 6.109138
272.5660, 6.118258
273.0481, 6.029190
273.5302, 5.942974
274.0123, 5.862694
274.4944, 5.793701
274.9766, 5.744877
275.4587, 5.711264
275.9408, 5.705559
276.4229, 5.766609
276.9050, 5.907173
277.3871, 5.969656
277.8693, 5.940573
278.3514, 5.828041
278.8335, 5.622654
279.3156, 5.303864
279.7977, 5.002102
280.2798, 4.853630
280.7620, 4.863066
281.2441, 4.607864
281.7262, 4.006458
282.2083, 3.245243
282.6904, 2.633741
283.1725, 2.175642
283.6547, 1.802458
284.1368, 1.469284
284.6189, 1.185806
285.1010, 1.043200
285.5831, 1.073969
286.0652, 1.159056
286.5474, 1.125387
287.0295, 0.9748990
287.5116, 0.7979260
287.9937, 0.5918540
288.4758, 0.3763640
288.9579, 0.3131330
289.4401, 0.4245740
289.9222, 0.5619140
290.4043, 0.5067810
290.8864, 0.2871190
291.3685, 0.1270520
291.8506, 0.1220440
292.3328, 0.2392180
292.8149, 0.4169220
293.2970, 0.6625100
293.7791, 0.8843570
294.2612, 0.9658990
294.7433, 0.9313740
295.2255, 0.8956470
295.7076, 0.8916240
296.1897, 0.9028000
296.6718, 0.9077110
297.1539, 0.8995400
297.6360, 0.8445360
298.1182, 0.6885590
298.6003, 0.4599780
299.0824, 0.2259390
299.5645, 3.9519998E-03
300.0466, 0.1704830
300.5287, 0.1780680
301.0109, 5.3289000E-02
301.4930, 4.8085999E-02
301.9751, 4.2174999E-02
302.4572, 0.2175770
302.9393, 0.2807660
303.4214, 0.1370410
303.9036, 1.1316000E-02
304.3857, 0.1179100
304.8678, 0.4216460
305.3499, 0.5769980
305.8320, 0.2733310
306.3141, 0.2190760
306.7963, 0.5841670
307.2784, 0.7679820
307.7605, 0.8300000
308.2426, 0.6695020
308.7247, 0.4131090
309.2068, 0.3633860
309.6890, 1.006781
310.1711, 1.730268
310.6532, 1.910273
311.1353, 1.371304
311.6174, 0.8563900
312.0995, 0.9267270
312.5817, 1.326492
313.0638, 1.641445
313.5459, 1.679464
314.0280, 1.598808
314.5101, 1.460333
314.9922, 1.263363
315.4744, 1.109869
315.9565, 1.075615
316.4386, 1.103359
316.9207, 1.128805
317.4028, 1.171768
317.8849, 1.172775
318.3671, 1.047834
318.8492, 0.8083440
319.3313, 0.6971930
319.8134, 0.9079420
320.2955, 1.222054
320.7776, 1.462952
321.2598, 1.617912
321.7419, 1.672163
322.2240, 1.546446
322.7061, 1.286005
323.1882, 1.124731
323.6703, 1.194164
324.1525, 1.314137
324.6346, 1.386301
325.1167, 1.348957
325.5988, 1.331221
326.0809, 1.314671
326.5630, 1.323116
327.0452, 1.421753
327.5273, 1.780602
328.0094, 2.086647
328.4915, 2.222984
328.9736, 2.105658
329.4557, 2.001217
329.9379, 1.925987
330.4200, 1.857929
330.9021, 1.754313
331.3842, 1.500582
331.8663, 1.364807
332.3484, 1.485579
332.8306, 1.940306
333.3127, 2.107485
333.7948, 1.770613
334.2769, 1.339466
334.7590, 1.309402
335.2411, 1.920439
335.7233, 2.390024
336.2054, 2.515640
336.6875, 2.320475
337.1696, 2.239563
337.6517, 2.333012
338.1339, 2.432644
338.6160, 2.375275
339.0981, 2.113037
339.5802, 1.919489
340.0623, 1.836678
340.5444, 1.849998
341.0266, 1.940802
341.5087, 2.133890
341.9908, 2.284605
342.4729, 2.266684
342.9550, 2.083214
343.4371, 2.012478
343.9193, 2.102160
344.4014, 2.263271
344.8835, 2.344275
345.3656, 2.345877
345.8477, 2.321365
346.3298, 2.292105
346.8120, 2.253696
347.2941, 2.183050
347.7762, 2.071455
348.2583, 1.969999
348.7404, 1.957113
349.2225, 2.011848
349.7047, 2.056236
350.1868, 2.094040
350.6689, 2.094477
351.1510, 1.930107
351.6331, 1.604548
352.1152, 1.367861
352.5974, 1.555662
353.0795, 1.964031
353.5616, 2.210878
354.0437, 2.147116
354.5258, 1.938623
355.0079, 1.666670
355.4901, 1.364357
355.9722, 1.173712
356.4543, 1.256382
356.9364, 1.459902
357.4185, 1.651844
357.9006, 1.845396
358.3828, 1.921743
358.8649, 1.695190
359.3470, 1.296497
359.8291, 0.9945910
360.3112, 0.9323160
360.7933, 0.9811800
361.2755, 1.120308
361.7576, 1.371311
362.2397, 1.514334
362.7218, 1.350576
363.2039, 1.062279
363.6860, 0.8776890
364.1682, 0.9565120
364.6503, 1.030313
365.1324, 1.007633
365.6145, 0.8902720
366.0966, 0.7817080
366.5787, 0.7044390
367.0609, 0.6389810
367.5430, 0.5750870
368.0251, 0.4609950
368.5072, 0.4040990
368.9893, 0.4630870
369.4714, 0.5905020
369.9536, 0.6274680
370.4357, 0.4753570
370.9178, 0.3567330
371.3999, 0.3501970
371.8820, 0.4944820
372.3641, 0.6046490
372.8463, 0.6743950
373.3284, 0.7140730
373.8105, 0.7320290
374.2926, 0.7033100
374.7747, 0.7152210
375.2568, 0.8337880
375.7390, 1.061628
376.2211, 1.060272
376.7032, 0.7288150
377.1853, 0.3776700
377.6674, 0.3562890
378.1495, 0.7083440
378.6317, 0.9457340
379.1138, 0.9578270
379.5959, 0.8058910
380.0780, 0.6388150
380.5601, 0.4485000
381.0422, 0.3412020
381.5244, 0.4749910
382.0065, 0.7888930
382.4886, 0.9082760
382.9707, 0.7568260
383.4528, 0.5182510
383.9349, 0.4810490
384.4171, 0.6053770
384.8992, 0.6742740
385.3813, 0.4918670
385.8634, 0.2149090
386.3455, 0.1247370
386.8276, 0.2259540
387.3098, 0.3986840
387.7919, 0.6021480
388.2740, 0.8019430
388.7561, 0.9315220
389.2382, 0.9532090
389.7203, 0.9125330
390.2025, 0.8175450
390.6846, 0.6832770
391.1667, 0.5710870
391.6488, 0.5771580
392.1309, 0.5842700
392.6130, 0.4703600
393.0952, 0.1254250
393.5773, 0.1371800
394.0594, 0.1141490
394.5415, 7.6293997E-02
395.0236, 0.2145560
395.5057, 0.1718440
395.9879, 0.1195830
396.4700, 0.1520440
396.9521, 0.3028960
397.4342, 0.3574680
397.9163, 0.1769560
398.3984, 4.6459001E-02
398.8806, 0.1658990
399.3627, 4.7522999E-02
399.8448, 3.2341000E-02
400.3269, 2.0855000E-02
400.8090, 6.6877000E-02
401.2911, 0.1135790
401.7733, 8.9647003E-02
402.2554, 6.0461000E-02
402.7375, 7.1989000E-02
403.2196, 0.1833310
403.7017, 0.1747110
404.1838, 1.3030000E-03
404.6660, 0.2675110
405.1481, 0.4908560
405.6302, 0.6830460
406.1123, 0.7741130
406.5944, 0.6941030
407.0765, 0.4589250
407.5587, 0.3759310
408.0408, 0.4636550
408.5229, 0.6283760
409.0050, 0.8349020
409.4871, 1.069302
409.9692, 1.117367
410.4514, 0.8325860
410.9335, 0.4480150
411.4156, 0.5435980
411.8977, 1.075272
412.3798, 1.533298
412.8619, 1.497538
413.3441, 1.161985
413.8262, 0.8878730
414.3083, 0.7152860
414.7904, 0.6035180
415.2725, 0.5251800
415.7546, 0.4764890
416.2368, 0.4471580
416.7189, 0.4943370
417.2010, 0.5161580
417.6831, 0.3977380
418.1652, 0.1489870
418.6473, 7.3077001E-02
419.1295, 0.1993550
419.6116, 0.2511410
420.0937, 0.2416020
420.5758, 0.1299060
421.0579, 1.6620000E-03
421.5400, 0.1345910
422.0222, 0.2577710
422.5043, 0.3255020
422.9864, 0.2948060
423.4685, 0.2392290
423.9506, 0.1613090
424.4327, 2.3584999E-02
424.9149, 1.0436000E-02
425.3970, 0.1964480
425.8791, 0.4422390
426.3612, 0.5250450
426.8433, 0.3548200
427.3254, 0.1555100
427.8076, 0.1060180
428.2897, 0.3937970
428.7718, 0.3875360
429.2539, 5.3727001E-02
429.7360, 0.5037000
430.2181, 0.6781060
430.7003, 0.5267410
431.1824, 0.4315250
431.6645, 0.4162550
432.1466, 0.4481220
432.6287, 0.5037150
433.1108, 0.5849650
433.5930, 0.5797000
434.0751, 0.3792640
434.5572, 6.8411998E-02
435.0393, 5.1931001E-02
435.5214, 2.3922000E-02
436.0035, 0.1486620
436.4857, 0.2018830
436.9678, 0.2030950
437.4499, 0.1951040
437.9320, 0.1782050
438.4141, 0.1730810
438.8962, 0.2240380
439.3784, 0.3106030
439.8605, 0.3696690
440.3426, 0.3021830
440.8247, 0.2336020
441.3068, 0.3222350
441.7889, 0.6016710
442.2711, 0.7640190
442.7532, 0.5252310
443.2353, 0.1414340
443.7174, 0.1223850
444.1995, 0.1317520
444.6816, 7.2742000E-02
445.1638, 3.0679001E-02
445.6459, 0.1669780
446.1280, 0.2917660
446.6101, 0.4572310
447.0922, 0.5613400
447.5743, 0.5433560
448.0565, 0.3291320
448.5386, 0.1800950
449.0207, 9.7847000E-02
449.5028, 8.0862001E-02
449.9849, 0.1417730
450.4670, 0.3345170
450.9492, 0.4814050
451.4313, 0.5242220
451.9134, 0.4852250
452.3955, 0.5201010
452.8776, 0.6578160
453.3597, 0.7609450
453.8419, 0.7250920
454.3240, 0.5539280
454.8061, 0.3228110
455.2882, 4.2429999E-03
455.7703, 0.2761460
456.2524, 0.1646570
456.7346, 0.2667680
457.2167, 0.5978590
457.6988, 0.5762500
458.1809, 0.3732290
458.6630, 0.2879310
459.1451, 0.3141000
459.6273, 0.3393700
460.1094, 0.2685680
460.5915, 0.1476390
461.0736, 2.7164999E-02
461.5557, 9.7713001E-02
462.0378, 0.1728970
462.5200, 0.1537870
463.0021, 6.6637002E-02
463.4842, 3.9760999E-02
463.9663, 0.1879820
464.4484, 0.3161950
464.9305, 0.3924850
465.4127, 0.4143860
465.8948, 0.4088210
466.3769, 0.3568990
466.8590, 0.2939880
467.3411, 0.2458160
467.8232, 0.2224660
468.3054, 0.2004630
468.7875, 0.1645060
469.2696, 0.1320030
469.7517, 0.1521270
470.2338, 0.2557920
470.7159, 0.3550060
471.1981, 0.4214710
471.6802, 0.4546730
472.1623, 0.4611010
472.6444, 0.4337910
473.1265, 0.3989210
473.6086, 0.3914640
474.0908, 0.4104740
474.5729, 0.3921170
475.0550, 0.3058860
475.5371, 0.2062100
476.0192, 0.2375270
476.5013, 0.3742810
476.9835, 0.4348530
477.4656, 0.2210230
477.9477, 9.2609003E-02
478.4298, 0.1926000
478.9119, 6.1301999E-02
479.3940, 8.6328998E-02
479.8762, 5.8515999E-02
480.3583, 4.6445001E-02
480.8404, 9.9220000E-02
481.3225, 5.7218999E-02
481.8046, 3.6821999E-02
482.2867, 0.1930040
482.7689, 0.3867310
483.2510, 0.5563960
483.7331, 0.6985240
484.2152, 0.7957130
484.6973, 0.8246880
485.1794, 0.7647910
485.6616, 0.7332880
486.1437, 0.7834880
486.6258, 0.8397690
487.1079, 0.8467260
487.5900, 0.7253520
488.0721, 0.6470180
488.5543, 0.6321330
489.0364, 0.6678840
489.5185, 0.7329040
490.0006, 0.8488930
490.4827, 0.9231100
490.9648, 0.9135340
491.4470, 0.8222960
491.9291, 0.6540740
492.4112, 0.3824660
492.8933, 0.1612680
493.3754, 0.1968520
493.8575, 0.4361280
494.3397, 0.6649320
494.8218, 0.8526910
495.3039, 0.9759060
495.7860, 0.9644020
496.2681, 0.8499950
496.7502, 0.7413370
497.2324, 0.6917420
497.7145, 0.6763930
498.1966, 0.6627860
498.6787, 0.6488650
499.1608, 0.6828550
499.6429, 0.8006290
500.1251, 0.9717050
500.6072, 1.177926
501.0893, 1.510527
501.5714, 1.733127
502.0535, 1.736015
502.5356, 1.607966
503.0178, 1.547302
503.4999, 1.632527
503.9820, 1.711391
504.4641, 1.769878
504.9462, 1.813343
505.4283, 1.705777
505.9105, 1.317501
506.3926, 0.9660480
506.8747, 0.9390680
507.3568, 1.301958
507.8389, 1.561445
508.3210, 1.651731
508.8032, 1.621301
509.2853, 1.530299
509.7674, 1.383667
510.2495, 1.256518
510.7316, 1.174198
511.2137, 1.145237
511.6959, 1.169203
512.1780, 1.228978
512.6601, 1.276988
513.1422, 1.242340
513.6243, 1.169298
514.1064, 1.162047
514.5886, 1.237926
515.0707, 1.290807
515.5528, 1.237245
516.0349, 1.133101
516.5170, 1.057517
516.9991, 1.083370
517.4813, 1.091005
517.9634, 1.022754
518.4455, 0.8896420
518.9276, 0.7873760
519.4097, 0.7689760
519.8918, 0.7436250
520.3740, 0.6664160
520.8561, 0.4933720
521.3382, 0.4389600
521.8203, 0.5166170
522.3024, 0.6736990
522.7845, 0.9108230
523.2667, 1.279013
523.7488, 1.430313
524.2309, 1.227299
524.7130, 0.8286910
525.1951, 0.6301130
525.6772, 0.6281030
526.1594, 0.6745990
526.6415, 0.6751350
527.1236, 0.6653310
527.6057, 0.7332720
528.0878, 0.8829040
528.5699, 1.066087
529.0521, 1.295822
529.5342, 1.510324
530.0163, 1.621767
530.4984, 1.581027
530.9805, 1.482470
531.4626, 1.329866
531.9448, 1.157446
532.4269, 1.034551
532.9090, 1.015344
533.3911, 1.014657
533.8732, 0.9782680
534.3553, 0.9018740
534.8375, 0.9474630
535.3196, 1.257882
535.8017, 1.553682
536.2838, 1.676600
536.7659, 1.567239
537.2480, 1.472425
537.7302, 1.390841
538.2123, 1.318977
538.6944, 1.262866
539.1765, 1.229554
539.6586, 1.195090
540.1407, 1.151068
540.6229, 1.099236
541.1050, 1.041196
541.5871, 0.9803400
542.0692, 0.9501700
542.5513, 0.9824820
543.0334, 1.055440
543.5156, 1.152870
543.9977, 1.277241
544.4798, 1.363011
544.9619, 1.342331
545.4440, 1.266282
545.9261, 1.187473
546.4083, 1.114032
546.8904, 1.047763
547.3725, 0.9998920
547.8546, 0.9596070
548.3367, 0.9023810
548.8188, 0.7595490
549.3010, 0.6696860
549.7831, 0.6827410
550.2652, 0.7969210
550.7473, 0.8918670
551.2294, 0.9887960
551.7115, 1.033916
552.1937, 0.9703770
552.6758, 0.7810710
553.1579, 0.6549850
553.6400, 0.6041650
554.1221, 0.6054490
554.6042, 0.6464180
555.0864, 0.7198060
555.5685, 0.7817340
556.0506, 0.8249210
556.5327, 0.8419490
557.0148, 0.7895290
557.4969, 0.6918980
557.9791, 0.6405760
558.4612, 0.7791010
558.9433, 0.9229370
559.4254, 0.8685870
559.9075, 0.5982410
560.3896, 0.4300020
560.8718, 0.6830430
561.3539, 0.9731330
561.8360, 1.003531
562.3181, 0.4069490
562.8002, 4.8570000E-02
563.2823, 0.1382210
563.7645, 0.4170470
564.2466, 0.4722490
564.7287, 0.1581820
565.2108, 4.5945998E-02
565.6929, 3.4590000E-03
566.1750, 0.2441280
566.6572, 0.4092450
567.1393, 0.5001360
567.6214, 0.4915840
568.1035, 0.2513200
568.5856, 0.1139360
569.0677, 0.1153870
569.5499, 0.2873570
570.0320, 0.6674720
570.5141, 0.5113450
570.9962, 9.0503998E-02
571.4783, 0.1373380
571.9604, 1.8678000E-02
572.4426, 0.2215290
572.9247, 0.2468760
573.4068, 0.1701140
573.8889, 0.1266360
574.3710, 0.1798380
574.8531, 0.2545730
575.3353, 0.3460790
575.8174, 0.4487900
576.2995, 0.5036560
576.7816, 0.5161470
577.2637, 0.4726720
577.7458, 0.3426870
578.2280, 9.0816997E-02
578.7101, 4.9061000E-02
579.1922, 6.0463998E-02
579.6743, 5.1480001E-03
580.1564, 0.1241520
580.6385, 0.2907950
581.1207, 0.3948970
581.6028, 0.3992130
582.0849, 0.3726230
582.5670, 0.4287270
583.0491, 0.5431880
583.5313, 0.6398260
584.0134, 0.7239420
584.4955, 0.7431760
584.9776, 0.5758700
585.4597, 0.2671560
585.9418, 6.8971999E-02
586.4240, 0.2405830
586.9061, 0.4497120
587.3882, 0.4822370
587.8703, 0.2528050
588.3524, 9.0976998E-02
588.8345, 5.9602998E-02
589.3167, 9.4977997E-02
589.7988, 0.1594250
590.2809, 0.2959960
590.7630, 0.3615670
591.2451, 0.3384270
591.7272, 0.2497760
592.2094, 0.1065080
592.6915, 9.7788997E-02
593.1736, 0.2282380
593.6557, 0.2262490
594.1378, 0.1288780
594.6199, 3.1369999E-03
595.1021, 0.1497130
595.5842, 0.2912570
596.0663, 0.4372700
596.5484, 0.5424650
597.0305, 0.5286540
597.5126, 0.3859920
597.9948, 0.2510060
598.4769, 0.1755400
598.9590, 0.1564610
599.4411, 0.1998250
599.9232, 0.4017190
600.4053, 0.5099180
600.8875, 0.3569850
601.3696, 0.1350840
601.8517, 0.1320370
602.3338, 0.5192320
602.8159, 0.7832730
603.2980, 0.8040210
603.7802, 0.6437060
604.2623, 0.5060480
604.7444, 0.3876290
605.2265, 0.3303930
605.7086, 0.4020200
606.1907, 0.5529960
606.6729, 0.5960580
607.1550, 0.5331680
607.6371, 0.4677460
608.1192, 0.5315520
608.6013, 0.6225200
609.0834, 0.5790700
609.5656, 0.3319600
610.0477, 0.1329340
610.5298, 0.1616650
611.0119, 0.2963210
611.4940, 0.4000310
611.9761, 0.4103640
612.4583, 0.4233680
612.9404, 0.4442920
613.4225, 0.4794740
613.9046, 0.5555120
614.3867, 0.7212410
614.8688, 0.8147290
615.3510, 0.7483780
615.8331, 0.5660160
616.3152, 0.5758440
616.7973, 0.7983700
617.2794, 1.006497
617.7615, 1.049602
618.2437, 0.9579400
618.7258, 0.7792480
619.2079, 0.5088020
619.6900, 0.2932030
620.1721, 0.2702740
620.6542, 0.3646750
621.1364, 0.5179390
621.6185, 0.7979900
622.1006, 0.9455390
622.5827, 0.7158370
623.0648, 0.3202460
623.5469, 7.2295003E-02
624.0291, 8.5175999E-02
624.5112, 0.1839790
624.9933, 0.4162090
625.4754, 0.7125010
625.9575, 0.8104900
626.4396, 0.6251530
626.9218, 0.4610950
627.4039, 0.4500310
627.8860, 0.5574650
628.3681, 0.6641330
628.8502, 0.7690560
629.3323, 0.8140020
629.8145, 0.7596290
630.2966, 0.6403760
630.7787, 0.5071550
631.2608, 0.3592140
631.7429, 0.2684760
632.2250, 0.3086190
632.7072, 0.4271430
633.1893, 0.5831880
633.6714, 0.8754730
634.1535, 1.016319
634.6356, 0.7813770
635.1177, 0.3889420
635.5999, 0.1935470
636.0820, 0.3499070
636.5641, 0.4523510
637.0462, 0.4185260
637.5283, 0.3029590
638.0104, 0.2839570
638.4926, 0.3777730
638.9747, 0.4483330
639.4568, 0.4055230
639.9389, 0.2973220
640.4210, 0.3068980
640.9031, 0.4272760
641.3853, 0.5375160
641.8674, 0.5183960
642.3495, 0.4556190
642.8316, 0.4714620
643.3137, 0.5903900
643.7958, 0.6596260
644.2780, 0.5535740
644.7601, 0.3941600
645.2422, 0.2886460
645.7243, 0.2337560
646.2064, 0.2881930
646.6885, 0.5862180
647.1707, 0.9012250
647.6528, 0.8955290
648.1349, 0.4378500
648.6170, 0.1071100
649.0991, 1.9659000E-02
649.5812, 0.1048830
650.0634, 0.2501260
650.5455, 0.4381590
651.0276, 0.5113950
651.5097, 0.3181690
651.9918, 3.3769000E-02
652.4739, 8.1129000E-02
652.9561, 4.7892001E-02
653.4382, 3.4109998E-02
653.9203, 0.1369360
654.4024, 0.2465400
654.8845, 0.3665610
655.3666, 0.5006570
655.8488, 0.5893470
656.3309, 0.5911440
656.8130, 0.5646930
657.2951, 0.5444700
657.7772, 0.5297820
658.2593, 0.5212770
658.7415, 0.5097150
659.2236, 0.5168090
659.7057, 0.5987390
660.1878, 0.7539520
660.6699, 0.8177540
661.1520, 0.7388250
661.6342, 0.6117080
662.1163, 0.5745590
662.5984, 0.5969310
663.0805, 0.5986580
663.5626, 0.5273880
664.0447, 0.4456550
664.5269, 0.3833300
665.0090, 0.3444970
665.4911, 0.3390660
665.9732, 0.4444450
666.4553, 0.5114970
666.9374, 0.4612210
667.4196, 0.3037730
667.9017, 0.1756730
668.3838, 6.4726003E-02
668.8659, 1.0113000E-02
669.3480, 6.3124001E-02
669.8301, 0.2206540
670.3123, 0.2476340
670.7944, 0.1273370
671.2765, 4.0509999E-03
671.7586, 1.5550000E-03
672.2407, 8.5121997E-02
672.7228, 0.2439120
673.2050, 0.4978570
673.6871, 0.6600760
674.1692, 0.4905700
674.6513, 0.1940900
675.1334, 9.8670004E-03
675.6155, 2.5811000E-02
676.0977, 0.1135670
676.5798, 0.3537090
677.0619, 0.6129400
677.5440, 0.6749080
678.0261, 0.4265910
678.5082, 0.2243590
678.9904, 0.1319200
679.4725, 0.1199090
679.9546, 0.1232040
680.4367, 0.1421620
680.9188, 0.1444230
681.4009, 8.0600001E-02
681.8831, 1.5108000E-02
682.3652, 9.8520003E-02
682.8473, 0.3019010
683.3294, 0.4756220
683.8115, 0.5458750
684.2936, 0.5451710
684.7758, 0.4494710
685.2579, 0.2614760
685.7400, 0.1849990
686.2221, 0.3981910
686.7042, 0.6325550
687.1863, 0.7533600
687.6685, 0.7399610
688.1506, 0.6896720
688.6327, 0.5846680
689.1148, 0.4769320
689.5969, 0.4314730
690.0790, 0.4406820
690.5612, 0.3713140
691.0433, 0.1971830
691.5254, 2.3525000E-02
692.0075, 3.5985999E-02
692.4896, 1.2760000E-02
692.9717, 3.3826999E-02
693.4539, 7.8024000E-02
693.9360, 0.1585490
694.4181, 0.3706330
694.9002, 0.6134490
695.3823, 0.7309260
695.8644, 0.4904720
696.3466, 0.3715850
696.8287, 0.5385810
697.3108, 0.8460280
697.7929, 0.8735470
698.2750, 0.5263880
698.7571, 0.2654910
699.2393, 0.2859650
699.7214, 0.4697710
700.2035, 0.4285300
700.6856, 0.1882370
701.1677, 2.4695000E-02
701.6498, 3.3875000E-02
702.1320, 2.7787000E-02
702.6141, 9.1909999E-03
703.0962, 0.1337540
703.5783, 0.2103780
704.0604, 0.2045370
704.5425, 0.1101830
705.0247, 0.1344080
705.5068, 0.5992570
705.9889, 0.8061650
706.4710, 0.6050470
706.9531, 0.3355500
707.4352, 0.2224750
707.9174, 0.2812820
708.3995, 0.3086230
708.8816, 0.2906500
709.3637, 0.2912860
709.8458, 0.4454660
710.3279, 0.6607130
710.8101, 0.6938920
711.2922, 0.4622970
711.7743, 0.2208850
712.2564, 0.1556800
712.7385, 0.1946220
713.2206, 0.2526810
713.7028, 0.3015090
714.1849, 0.3761780
714.6670, 0.5328300
715.1491, 0.6980330
715.6312, 0.7633640
716.1133, 0.6832700
716.5955, 0.6327640
717.0776, 0.6556420
717.5597, 0.7069930
718.0418, 0.6617520
718.5239, 0.5347790
719.0060, 0.4867410
719.4882, 0.6707700
719.9703, 0.8661380
720.4524, 0.7113930
720.9345, 0.3295290
721.4166, 8.0293000E-02
721.8987, 0.3199340
722.3809, 0.5538920
722.8630, 0.4686970
723.3451, 0.1143710
723.8272, 1.4688000E-02
724.3093, 0.2678760
724.7914, 0.5273760
725.2736, 0.5939560
725.7557, 0.4854840
726.2378, 0.4114190
726.7199, 0.3705950
727.2020, 0.3747220
727.6841, 0.4752380
728.1663, 0.6148810
728.6484, 0.6463040
729.1305, 0.5687490
729.6126, 0.4975310
730.0947, 0.5615710
730.5768, 0.6305690
731.0590, 0.5715350
731.5411, 0.3275190
732.0232, 0.1728530
732.5053, 0.2662350
732.9874, 0.3737490
733.4695, 0.3372820
733.9517, 7.6757997E-02
734.4338, 2.6595000E-02
734.9159, 6.4418003E-02
735.3980, 0.2042190
735.8801, 0.2144650
736.3622, 0.1344470
736.8444, 0.1348930
737.3265, 0.2509180
737.8086, 0.4059120
738.2907, 0.5798300
738.7728, 0.7285740
739.2549, 0.7850330
739.7371, 0.6623970
740.2192, 0.5855050
740.7013, 0.6835310
741.1834, 0.8041350
741.6655, 0.7541340
742.1476, 0.4069200
742.6298, 0.1998460
743.1119, 0.2146860
743.5940, 0.3513310
744.0761, 0.4636130
744.5582, 0.5454900
745.0403, 0.5329790
745.5225, 0.3595720
746.0046, 0.1673050
746.4867, 0.1866050
746.9688, 0.3269820
747.4509, 0.3865550
747.9330, 0.1617030
748.4152, 3.2963000E-02
748.8973, 9.4345003E-02
749.3794, 2.8972000E-02
749.8615, 0.1394020
750.3436, 0.5302430
750.8257, 0.8076180
751.3079, 0.8657610
751.7900, 0.7585900
752.2721, 0.6736030
752.7542, 0.6106340
753.2363, 0.5188570
753.7184, 0.3253880
754.2006, 0.1206830
754.6827, 6.0821999E-02
755.1648, 0.1212240
755.6469, 0.2019120
756.1290, 0.2738700
756.6111, 0.3321040
757.0933, 0.3647630
757.5754, 0.3737170
758.0575, 0.4070560
758.5396, 0.4910990
759.0217, 0.5663700
759.5038, 0.6012540
759.9860, 0.6035050
760.4681, 0.6090000
760.9502, 0.6152850
761.4323, 0.5714310
761.9144, 0.3761380
762.3965, 0.1438990
762.8787, 9.3153998E-02
763.3608, 0.2149210
763.8429, 0.3627900
764.3250, 0.5062800
764.8071, 0.6089640
765.2892, 0.6434980
765.7714, 0.6061570
766.2535, 0.5076870
766.7356, 0.2779120
767.2177, 8.2736000E-02
767.6998, 2.1276999E-02
768.1819, 0.1004730
768.6641, 0.2073030
769.1462, 0.3497920
769.6283, 0.4523300
770.1104, 0.3868480
770.5925, 0.2540820
771.0746, 0.2552990
771.5568, 0.4125300
772.0389, 0.6184160
772.5210, 0.9696950
773.0031, 1.232070
773.4852, 1.181806
773.9673, 0.6399480
774.4495, 0.2668620
774.9316, 0.1269420
775.4137, 0.1091740
775.8958, 0.1453600
776.3779, 0.2386380
776.8600, 0.3625950
777.3422, 0.5254830
777.8243, 0.6652980
778.3064, 0.7230360
778.7885, 0.7125850
779.2706, 0.6388250
779.7527, 0.4877830
780.2349, 0.3749270
780.7170, 0.4389430
781.1991, 0.5321830
781.6812, 0.5162750
782.1633, 0.2730700
782.6454, 0.1185190
783.1276, 8.4899999E-02
783.6097, 0.1013640
784.0918, 8.2643002E-02
784.5739, 2.6335999E-02
785.0560, 9.4478004E-02
785.5381, 0.3266860
786.0203, 0.5513990
786.5024, 0.5388920
786.9845, 0.4143090
787.4666, 0.4249230
787.9487, 0.6994890
788.4308, 0.8665860
788.9130, 0.6125560
789.3951, 0.2310470
789.8772, 2.6779000E-02
790.3593, 0.1551300
790.8414, 0.2211860
791.3235, 0.2033960
791.8057, 0.1475770
792.2878, 9.8526001E-02
792.7699, 5.8488000E-02
793.2520, 3.4242999E-02
793.7341, 2.1624001E-02
794.2162, 4.7993999E-02
794.6984, 0.2155510
795.1805, 0.4200420
795.6626, 0.4881930
796.1447, 0.3286550
796.6268, 0.1486700
797.1089, 6.9793999E-02
797.5911, 0.2214920
798.0732, 0.1747060
798.5553, 0.2394690
799.0374, 0.4329930
799.5195, 0.3047280
800.0016, 8.2703002E-02
800.4838, 9.7609997E-02
800.9659, 0.2970830
801.4480, 0.3584080
801.9301, 0.1932440
802.4122, 3.2299999E-03
802.8943, 7.3662996E-02
803.3765, 3.3096999E-02
803.8586, 0.1534500
804.3407, 0.6885360
804.8228, 1.011534
805.3049, 0.8421130
805.7870, 0.5028910
806.2692, 0.3016340
806.7513, 0.2697940
807.2334, 0.2493350
807.7155, 0.2192350
808.1976, 0.2069120
808.6797, 0.2537990
809.1619, 0.3496790
809.6440, 0.4890400
810.1261, 0.7033410
810.6082, 0.8320130
811.0903, 0.6461070
811.5724, 0.3619900
812.0546, 0.2193850
812.5367, 0.3697400
813.0188, 0.4993540
813.5009, 0.6259380
813.9830, 0.6935290
814.4651, 0.6194070
814.9473, 0.3922750
815.4294, 0.1930930
815.9115, 2.7083000E-02
816.3936, 5.1270001E-02
816.8757, 0.1144330
817.3578, 0.3860140
817.8400, 0.5150570
818.3221, 0.4221680
818.8042, 0.2856880
819.2863, 0.1591110
819.7684, 5.7000998E-02
820.2505, 8.3250003E-03
820.7327, 6.4186998E-02
821.2148, 1.7635001E-02
821.6969, 0.1666040
822.1790, 0.3899620
822.6611, 0.5448620
823.1432, 0.6420800
823.6254, 0.7633710
824.1075, 0.9403510
824.5896, 1.016618
825.0717, 0.7463270
825.5538, 0.3742700
826.0359, 0.2029760
826.5181, 0.3473310
827.0002, 0.4633120
827.4823, 0.4141880
827.9644, 0.3460370
828.4465, 0.3723130
828.9286, 0.5264080
829.4108, 0.6047190
829.8929, 0.5949090
830.3750, 0.5612350
830.8571, 0.5725390
831.3392, 0.6023020
831.8214, 0.5865110
832.3035, 0.5174380
832.7856, 0.4469010
833.2677, 0.4180840
833.7498, 0.3995940
834.2319, 0.3487880
834.7141, 0.2096390
835.1962, 0.1805980
835.6783, 0.3234430
836.1604, 0.4835950
836.6425, 0.5611910
837.1246, 0.5623020
837.6068, 0.5348220
838.0889, 0.4795270
838.5710, 0.4437590
839.0531, 0.4605250
839.5352, 0.5177730
840.0173, 0.6559350
840.4995, 0.8718830
840.9816, 0.9321560
841.4637, 0.5853190
841.9458, 0.2314700
842.4279, 2.1849999E-02
842.9100, 4.2996999E-02
843.3922, 7.9976000E-02
843.8743, 0.4290390
844.3564, 0.7553400
844.8385, 0.9274970
845.3206, 0.9653410
845.8027, 0.8658710
846.2849, 0.6539550
846.7670, 0.4706860
847.2491, 0.4072840
847.7312, 0.3836870
848.2133, 0.3352190
848.6954, 0.2747860
849.1776, 0.3344320
849.6597, 0.6101030
850.1418, 0.8173810
850.6239, 0.8496560
851.1060, 0.7506260
851.5881, 0.6193750
852.0703, 0.4695630
852.5524, 0.4171230
853.0345, 0.6264500
853.5166, 0.8589240
853.9987, 0.8560050
854.4808, 0.7038540
854.9630, 0.6158660
855.4451, 0.7756080
855.9272, 0.8602380
856.4093, 0.7801790
856.8914, 0.5977590
857.3735, 0.4635600
857.8557, 0.3750960
858.3378, 0.3728520
858.8199, 0.4947010
859.3020, 0.6510080
859.7841, 0.7056550
860.2662, 0.6932260
860.7484, 0.6840690
861.2305, 0.7516290
861.7126, 0.7745270
862.1947, 0.6169820
862.6768, 0.4233100
863.1589, 0.4138290
863.6411, 0.7060980
864.1232, 0.8283380
864.6053, 0.6935150
865.0874, 0.4870520
865.5695, 0.4617910
866.0516, 0.5669990
866.5338, 0.6422600
867.0159, 0.6550610
867.4980, 0.6528220
867.9801, 0.7067360
868.4622, 0.7407390
868.9443, 0.6721060
869.4265, 0.4181130
869.9086, 0.2242910
870.3907, 8.4041998E-02
870.8728, 1.6573999E-02
871.3549, 7.6513998E-02
871.8370, 0.2477770
872.3192, 0.3145700
872.8013, 0.2674160
873.2834, 0.2304640
873.7655, 0.3848740
874.2476, 0.5445670
874.7297, 0.4832740
875.2119, 0.1680790
875.6940, 2.9963000E-02
876.1761, 7.2314002E-02
876.6582, 0.2177240
877.1403, 0.3211640
877.6224, 0.3826280
878.1046, 0.3916970
878.5867, 0.3438440
879.0688, 0.3042560
879.5509, 0.3538680
880.0330, 0.4032730
880.5151, 0.2750890
880.9973, 2.4341000E-02
881.4794, 0.1373810
881.9615, 1.4346000E-02
882.4436, 9.7856998E-02
882.9257, 6.3786998E-02
883.4078, 6.0945999E-02
883.8900, 0.1335240
884.3721, 0.1612740
884.8542, 8.1831001E-02
885.3363, 0.1722980
885.8184, 0.4614620
886.3005, 0.5163700
886.7827, 0.4084410
887.2648, 0.3186750
887.7469, 0.3153040
888.2290, 0.3399180
888.7111, 0.4160750
889.1932, 0.4848370
889.6754, 0.4581220
890.1575, 0.2974820
890.6396, 0.1243370
891.1217, 8.5383996E-02
891.6038, 0.2227080
892.0859, 5.5695999E-02
892.5681, 0.2947900
893.0502, 0.4295910
893.5323, 0.2579570
894.0144, 6.2977001E-02
894.4965, 1.5456000E-02
894.9786, 6.1989999E-03
895.4608, 0.1416830
895.9429, 0.4508520
896.4250, 0.6298570
896.9071, 0.6166390
897.3892, 0.5945840
897.8713, 0.7209470
898.3535, 0.9572540
898.8356, 1.079471
899.3177, 1.087561
899.7998, 1.006510
900.2819, 0.7720290
900.7640, 0.5159020
901.2462, 0.3191160
901.7283, 0.1881340
902.2104, 0.1755880
902.6925, 0.3746310
903.1746, 0.5356700
903.6567, 0.5803590
904.1389, 0.5424200
904.6210, 0.5455440
905.1031, 0.5839320
905.5852, 0.5565220
906.0673, 0.3454690
906.5494, 0.1580320
907.0316, 0.2268550
907.5137, 0.4422060
907.9958, 0.6119270
908.4779, 0.6510250
908.9600, 0.6960540
909.4421, 0.8055260
909.9243, 0.8764660
910.4064, 0.7076550
910.8885, 0.3203540
911.3706, 0.1065110
911.8527, 0.1410270
912.3348, 0.2435930
912.8170, 0.2031140
913.2991, 0.1542760
913.7812, 0.2855690
914.2633, 0.7022250
914.7454, 0.9779880
915.2275, 1.042362
915.7097, 0.9604640
916.1918, 0.6887500
916.6739, 0.2345340
917.1560, 0.1550410
917.6381, 0.4539960
918.1202, 0.7329580
918.6024, 0.6540360
919.0845, 0.4530980
919.5666, 0.3748110
920.0487, 0.4098650
920.5308, 0.4491800
921.0129, 0.4604960
921.4951, 0.4735230
921.9772, 0.4916710
922.4593, 0.5184090
922.9414, 0.5832680
923.4235, 0.6838870
923.9056, 0.7152560
924.3878, 0.6013560
924.8699, 0.4869160
925.3520, 0.6155190
925.8341, 0.8323620
926.3162, 0.8882880
926.7983, 0.5005950
927.2805, 0.2734400
927.7626, 0.3035100
928.2447, 0.4790020
928.7268, 0.7608660
929.2089, 1.153479
929.6910, 1.210375
930.1732, 0.8711350
930.6553, 0.5299050
931.1374, 0.6086600
931.6195, 0.8450880
932.1016, 0.9545100
932.5837, 0.8996420
933.0659, 0.7986180
933.5480, 0.5994530
934.0301, 0.4519930
934.5122, 0.4268200
934.9943, 0.5011590
935.4764, 0.5021810
935.9586, 0.4333880
936.4407, 0.4261010
936.9228, 0.6453390
937.4049, 0.8645210
937.8870, 0.8141370
938.3691, 0.5836460
938.8513, 0.3805380
939.3334, 0.1776320
939.8155, 0.1280170
940.2976, 0.3059650
940.7797, 0.5743670
941.2618, 0.6972460
941.7440, 0.6787260
942.2261, 0.6649170
942.7082, 0.6955160
943.1903, 0.7229050
943.6724, 0.6628020
944.1545, 0.5857830
944.6367, 0.5764410
945.1188, 0.6772170
945.6009, 0.7211480
946.0830, 0.6635070
946.5651, 0.5983520
947.0472, 0.5974850
947.5294, 0.6442930
948.0115, 0.5869840
948.4936, 0.4334230
948.9757, 0.2695070
949.4578, 0.1040740
949.9399, 9.7669996E-03
950.4221, 4.7796998E-02
950.9042, 0.1867860
951.3863, 0.3262140
951.8684, 0.5162530
952.3505, 0.5810990
952.8326, 0.4433140
953.3148, 0.2335380
953.7969, 0.2307520
954.2790, 0.3810260
954.7611, 0.4317500
955.2432, 0.2821230
955.7253, 0.1733720
956.2075, 0.3592210
956.6896, 0.5854230
957.1717, 0.6042110
957.6538, 0.2818980
958.1359, 0.1329650
958.6180, 0.2171360
959.1002, 0.3236500
959.5823, 0.2848630
960.0644, 0.1468640
960.5465, 2.1864999E-02
961.0286, 8.0237001E-02
961.5107, 0.1028520
961.9929, 3.9360002E-02
962.4750, 0.2158930
962.9571, 0.3981540
963.4392, 0.5591230
963.9213, 0.6042920
964.4034, 0.4955160
964.8856, 0.4301140
965.3677, 0.4759610
965.8498, 0.5446580
966.3319, 0.4726530
966.8140, 0.3206600
967.2961, 0.2136640
967.7783, 0.1832590
968.2604, 0.2031340
968.7425, 0.2698570
969.2246, 0.3807810
969.7067, 0.5662160
970.1888, 0.8606290
970.6710, 0.9261520
971.1531, 0.7418150
971.6352, 0.5231660
972.1173, 0.4206070
972.5994, 0.3918770
973.0815, 0.3863290
973.5637, 0.4033870
974.0458, 0.4519580
974.5279, 0.6031450
975.0100, 0.7002830
975.4921, 0.6947600
975.9742, 0.6188370
976.4564, 0.5378650
976.9385, 0.4533210
977.4206, 0.4026370
977.9027, 0.3977140
978.3848, 0.4243980
978.8669, 0.4977630
979.3491, 0.5816970
979.8312, 0.6287980
980.3133, 0.5920210
980.7954, 0.6169940
981.2775, 0.7576000
981.7596, 0.8819620
982.2418, 0.8850970
982.7239, 0.7791770
983.2060, 0.6123470
983.6881, 0.3970170
984.1702, 0.2381650
984.6523, 0.2237110
985.1345, 0.2692430
985.6166, 0.3543510
986.0987, 0.4504590
986.5808, 0.4317340
987.0629, 0.2321810
987.5450, 0.1398160
988.0272, 0.2387840
988.5093, 0.3994920
988.9914, 0.4267620
989.4735, 0.3675930
989.9556, 0.3110430
990.4377, 0.2717850
990.9199, 0.2572080
991.4020, 0.2705570
991.8841, 0.3125490
992.3662, 0.4046820
992.8483, 0.5503860
993.3304, 0.5579400
993.8126, 0.4192660
994.2947, 0.2827130
994.7768, 0.2299500
995.2589, 0.2383880
995.7410, 0.3433570
996.2231, 0.4882460
996.7053, 0.5149990
997.1874, 0.2448870
997.6695, 2.5448000E-02
998.1516, 0.1121120
998.6337, 0.1619100
999.1158, 8.8528998E-02
999.5980, 9.1734998E-02
1000.080, 0.2781800
1000.562, 0.4685950
1001.044, 0.5672610
1001.526, 0.4132990
1002.009, 0.2020360
1002.491, 8.1665002E-02
1002.973, 6.7644998E-02
1003.455, 0.1844260
1003.937, 0.5114990
1004.419, 0.7099930
1004.901, 0.5534280
1005.383, 0.2329720
1005.865, 0.1730590
1006.348, 0.2982650
1006.830, 0.3889420
1007.312, 0.3292750
1007.794, 0.2464780
1008.276, 0.1518530
1008.758, 7.0446000E-02
1009.240, 1.8662000E-02
1009.722, 8.5100001E-03
1010.205, 8.4840998E-02
1010.687, 0.3228670
1011.169, 0.5163840
1011.651, 0.4807710
1012.133, 0.3261500
1012.615, 9.0960003E-02
1013.097, 0.2008810
1013.579, 0.2491290
1014.061, 0.1974730
1014.544, 0.5430840
1015.026, 0.5920570
1015.508, 0.4540210
1015.990, 0.3684430
1016.472, 0.3317770
1016.954, 0.3352410
1017.436, 0.3940670
1017.918, 0.4463910
1018.401, 0.4310980
1018.883, 0.4015130
1019.365, 0.4303040
1019.847, 0.5580410
1020.329, 0.5712800
1020.811, 0.4546680
1021.293, 0.3079780
1021.775, 0.1733720
1022.257, 7.9288997E-02
1022.740, 8.5129999E-02
1023.222, 0.1808300
1023.704, 0.2768770
1024.186, 0.3937260
1024.668, 0.4307650
1025.150, 0.3239010
1025.632, 0.1725380
1026.114, 0.1593440
1026.596, 0.2671480
1027.079, 0.3411110
1027.561, 0.3559340
1028.043, 0.3411260
1028.525, 0.3167390
1029.007, 0.2759290
1029.489, 0.1928800
1029.971, 6.1917000E-02
1030.453, 2.4234001E-02
1030.936, 0.1061010
1031.418, 0.1923970
1031.900, 0.2218520
1032.382, 0.2404250
1032.864, 0.3863900
1033.346, 0.5905900
1033.828, 0.6825620
1034.310, 0.5110330
1034.792, 0.3609020
1035.275, 0.3331710
1035.757, 0.3253090
1036.239, 0.2273760
1036.721, 4.0160999E-02
1037.203, 3.1303000E-02
1037.685, 1.9671001E-02
1038.167, 6.7418002E-02
1038.649, 2.4677999E-02
1039.132, 0.1193190
1039.614, 8.3011001E-02
1040.096, 5.7498001E-02
1040.578, 0.1434470
1041.060, 0.1628480
1041.542, 0.1220380
1042.024, 2.1379000E-02
1042.506, 0.1253040
1042.989, 0.1376000
1043.471, 0.5739080
1043.953, 0.7517590
1044.435, 0.5472160
1044.917, 0.3483440
1045.399, 0.2979290
1045.881, 0.3013140
1046.363, 0.3283470
1046.845, 0.3711300
1047.328, 0.3256000
1047.810, 0.2029280
1048.292, 0.2062230
1048.774, 0.5729990
1049.256, 0.9023000
1049.738, 0.7646320
1050.220, 0.4143210
1050.702, 0.2729990
1051.184, 0.5025430
1051.667, 0.6265070
1052.149, 0.6185980
1052.631, 0.5597970
1053.113, 0.5016650
1053.595, 0.4505800
1054.077, 0.4170310
1054.559, 0.4016600
1055.041, 0.4050870
1055.523, 0.4476940
1056.006, 0.4818990
1056.488, 0.5207720
1056.970, 0.5384550
1057.452, 0.4282870
1057.934, 0.2084150
1058.416, 8.2130998E-02
1058.898, 8.7944001E-02
1059.380, 0.1953830
1059.863, 0.4869990
1060.345, 0.7878420
1060.827, 0.9725210
1061.309, 1.035836
1061.791, 0.8512380
1062.273, 0.3340180
1062.755, 2.0656001E-02
1063.237, 7.5736001E-02
1063.719, 0.3617130
1064.202, 0.4647970
1064.684, 0.4479470
1065.166, 0.4293220
1065.648, 0.4260930
1066.130, 0.4590880
1066.612, 0.5512200
1067.094, 0.6459150
1067.576, 0.7052680
1068.059, 0.7291940
1068.541, 0.6840440
1069.023, 0.5809790
1069.505, 0.5107200
1069.987, 0.6187540
1070.469, 0.6771340
1070.951, 0.4678320
1071.433, 0.1536130
1071.916, 5.8770001E-02
1072.398, 0.1980120
1072.880, 0.2797530
1073.362, 0.2541080
1073.844, 0.2362100
1074.326, 0.4231070
1074.808, 0.6253810
1075.290, 0.5874600
1075.772, 0.2884050
1076.255, 0.1720760
1076.737, 0.3627780
1077.219, 0.5110460
1077.701, 0.5083700
1078.183, 0.3922190
1078.665, 0.1223040
1079.147, 0.1866260
1079.629, 0.2322150
1080.111, 0.1821850
1080.594, 0.5094710
1081.076, 0.4801610
1081.558, 0.3807560
1082.040, 0.3708560
1082.522, 0.4382420
1083.004, 0.4431200
1083.486, 0.3947950
1083.968, 0.3825720
1084.450, 0.5177150
1084.933, 0.6361110
1085.415, 0.5869430
1085.897, 0.4730100
1086.379, 0.4740990
1086.861, 0.6522030
1087.343, 0.6856710
1087.825, 0.5393920
1088.307, 0.3892370
1088.790, 0.3915670
1089.272, 0.4758410
1089.754, 0.6015770
1090.236, 0.7429680
1090.718, 0.7767630
1091.200, 0.5794580
1091.682, 0.4688590
1092.164, 0.5297030
1092.646, 0.6416620
1093.129, 0.6017430
1093.611, 0.4702250
1094.093, 0.4016120
1094.575, 0.4236220
1095.057, 0.4369380
1095.539, 0.3974340
1096.021, 0.3417430
1096.503, 0.2583510
1096.986, 0.1753670
1097.468, 0.2871140
1097.950, 0.5606250
1098.432, 0.6468560
1098.914, 0.3497210
1099.396, 5.8056001E-02
1099.878, 4.8524000E-02
1100.360, 0.1836100
1100.843, 0.3681750
1101.325, 0.6028080
1101.807, 0.7258480
1102.289, 0.7313420
1102.771, 0.6663950
1103.253, 0.4920340
1103.735, 0.3178400
1104.217, 0.2683730
1104.699, 0.3167260
1105.182, 0.4187640
1105.664, 0.6993710
1106.146, 0.7574300
1106.628, 0.5173200
1107.110, 0.2296240
1107.592, 9.2317000E-02
1108.074, 7.9526000E-02
1108.556, 0.1662410
1109.038, 0.3314030
1109.521, 0.4765090
1110.003, 0.5984720
1110.485, 0.6407110
1110.967, 0.5513960
1111.449, 0.4320380
1111.931, 0.4847560
1112.413, 0.6500970
1112.895, 0.6052510
1113.377, 0.3080100
1113.860, 0.1073540
1114.342, 0.3166610
1114.824, 0.5798220
1115.306, 0.7380810
1115.788, 0.7876430
1116.270, 0.6631920
1116.752, 0.3685760
1117.234, 0.1642520
1117.717, 0.1170240
1118.199, 0.1711110
1118.681, 0.3435310
1119.163, 0.5477280
1119.645, 0.7249770
1120.127, 0.8747510
1120.609, 0.8459600
1121.091, 0.6028320
1121.573, 0.4237680
1122.056, 0.4571680
1122.538, 0.5640020
1123.020, 0.5683890
1123.502, 0.5227020
1123.984, 0.5165290
1124.466, 0.6321690
1124.948, 0.6159830
1125.430, 0.4142740
1125.913, 0.2133480
1126.395, 0.1215660
1126.877, 0.1263680
1127.359, 0.2308440
1127.841, 0.4062690
1128.323, 0.5715390
1128.805, 0.7806690
1129.287, 0.8410660
1129.770, 0.6631090
1130.252, 0.4419470
1130.734, 0.3859140
1131.216, 0.4493320
1131.698, 0.4353860
1132.180, 0.3480610
1132.662, 0.2779280
1133.144, 0.2358110
1133.626, 0.2709250
1134.109, 0.4793330
1134.591, 0.7104020
1135.073, 0.7032050
1135.555, 0.4797000
1136.037, 0.2910780
1136.519, 0.1642680
1137.001, 9.9946998E-02
1137.483, 0.1616750
1137.965, 0.2642350
1138.448, 0.3309460
1138.930, 0.3741310
1139.412, 0.4326000
1139.894, 0.5073720
1140.376, 0.6068160
1140.858, 0.7485920
1141.340, 0.8307220
1141.822, 0.6652830
1142.304, 0.4644570
1142.787, 0.4506550
1143.269, 0.6354530
1143.751, 0.7288860
1144.233, 0.7160890
1144.715, 0.6895340
1145.197, 0.6834830
1145.679, 0.6698340
1146.161, 0.6036060
1146.644, 0.5122320
1147.126, 0.4244380
1147.608, 0.3365490
1148.090, 0.3163060
1148.572, 0.3901380
1149.054, 0.4200430
1149.536, 0.3211890
1150.018, 0.1988460
1150.500, 0.2661130
1150.983, 0.4427810
1151.465, 0.5698920
1151.947, 0.5898520
1152.429, 0.5850260
1152.911, 0.5688960
1153.393, 0.5185190
1153.875, 0.4016220
1154.357, 0.2448040
1154.840, 0.1071070
1155.322, 9.4299996E-03
1155.804, 9.2161998E-02
1156.286, 0.1118620
1156.768, 0.1333180
1157.250, 0.1707320
1157.732, 0.2067070
1158.214, 0.2479420
1158.697, 0.2739570
1159.179, 0.1514470
1159.661, 8.9725003E-02
1160.143, 0.2595350
1160.625, 0.1651950
1161.107, 0.1128350
1161.589, 0.2494420
1162.071, 0.4182300
1162.553, 0.3943030
1163.036, 0.2091300
1163.518, 7.5689003E-02
1164.000, 1.1044000E-02
1164.482, 3.5826001E-02
1164.964, 0.3160630
1165.446, 0.5155400
1165.928, 0.3841570
1166.410, 0.1201360
1166.892, 0.1302210
1167.375, 0.3873970
1167.857, 0.4703110
1168.339, 0.3178270
1168.821, 0.1490420
1169.303, 0.1229850
1169.785, 0.1292100
1170.267, 8.4353000E-02
1170.749, 1.5505000E-02
1171.231, 2.6370001E-03
1171.714, 4.5251999E-02
1172.196, 0.1407920
1172.678, 0.3001410
1173.160, 0.4317020
1173.642, 0.4068020
1174.124, 0.3620720
1174.606, 0.4633940
1175.088, 0.6637560
1175.571, 0.6067000
1176.053, 0.2720330
1176.535, 0.1001380
1177.017, 0.2594000
1177.499, 0.4602530
1177.981, 0.3815180
1178.463, 0.2364600
1178.945, 0.2586620
1179.427, 0.4576380
1179.910, 0.5560740
1180.392, 0.5479830
1180.874, 0.4980140
1181.356, 0.4081170
1181.838, 0.3376130
1182.320, 0.3807030
1182.802, 0.4612200
1183.284, 0.4704980
1183.767, 0.3767600
1184.249, 0.4381180
1184.731, 0.6932410
1185.213, 0.8519700
1185.695, 0.6963210
1186.177, 0.4321170
1186.659, 0.2542480
1187.141, 0.1682990
1187.624, 0.2134280
1188.106, 0.4634190
1188.588, 0.5432110
1189.070, 0.4231240
1189.552, 0.3009080
1190.034, 0.2981920
1190.516, 0.3458460
1190.998, 0.3354920
1191.480, 0.3206490
1191.963, 0.4079070
1192.445, 0.7079950
1192.927, 0.8516960
1193.409, 0.8206880
1193.891, 0.7157300
1194.373, 0.5505620
1194.855, 0.3929970
1195.337, 0.3201610
1195.819, 0.3263560
1196.302, 0.4077120
1196.784, 0.6198640
1197.266, 0.7837140
1197.748, 0.9086330
1198.230, 0.9306810
1198.712, 0.6811490
1199.194, 0.3812980
1199.676, 0.3546780
1200.158, 0.5268460
1200.641, 0.6935340
1201.123, 0.8638420
1201.605, 0.9096920
1202.087, 0.7983350
1202.569, 0.6683040
1203.051, 0.6824070
1203.533, 0.7277870
1204.015, 0.6533090
1204.498, 0.4774750
1204.980, 0.2655390
1205.462, 8.3572000E-02
1205.944, 0.1716300
1206.426, 8.7833002E-02
1206.908, 0.4009970
1207.390, 0.4403060
1207.872, 0.3862820
1208.354, 0.4716950
1208.837, 0.6817260
1209.319, 0.9084130
1209.801, 1.225528
1210.283, 1.316922
1210.765, 1.107614
1211.247, 0.8131720
1211.729, 0.5770700
1212.211, 0.4411070
1212.694, 0.5699270
1213.176, 0.8872600
1213.658, 0.8966250
1214.140, 0.4035180
1214.622, 0.1191600
1215.104, 0.1717150
1215.586, 0.3365750
1216.068, 0.4323890
1216.551, 0.4681010
1217.033, 0.4057040
1217.515, 0.2750800
1217.997, 0.2296830
1218.479, 0.3217180
1218.961, 0.3256100
1219.443, 0.1758510
1219.925, 4.8532002E-02
1220.407, 0.2154120
1220.890, 0.4625430
1221.372, 0.5233140
1221.854, 0.4023670
1222.336, 0.3805900
1222.818, 0.5177660
1223.300, 0.5349250
1223.782, 0.3525810
1224.264, 0.1550110
1224.746, 0.1806880
1225.229, 0.2733690
1225.711, 0.2091180
1226.193, 1.5511000E-02
1226.675, 0.1424390
1227.157, 0.6955140
1227.639, 0.9795270
1228.121, 0.8042990
1228.603, 0.5288700
1229.085, 0.5239930
1229.568, 0.6144050
1230.050, 0.6419160
1230.532, 0.5981510
1231.014, 0.5200580
1231.496, 0.3897580
1231.978, 0.4088910
1232.460, 0.6597910
1232.942, 0.8870350
1233.425, 0.8030370
1233.907, 0.6204330
1234.389, 0.5186670
1234.871, 0.4942420
1235.353, 0.4599750
1235.835, 0.4144310
1236.317, 0.3989790
1236.799, 0.4244110
1237.281, 0.4782200
1237.764, 0.6050050
1238.246, 0.7091390
1238.728, 0.7022250
1239.210, 0.6055560
1239.692, 0.4547270
1240.174, 0.2679910
1240.656, 0.2644500
1241.138, 0.5586370
1241.621, 0.7347680
1242.103, 0.2338840
1242.585, 0.2494650
1243.067, 0.1880150
1243.549, 0.2501670
1244.031, 0.4585950
1244.513, 0.4629300
1244.995, 0.4462270
1245.478, 0.4416750
1245.960, 0.4617640
1246.442, 0.5983650
1246.924, 0.6585270
1247.406, 0.4724510
1247.888, 0.1823680
1248.370, 0.3192650
1248.852, 0.7624660
1249.334, 0.9786960
1249.817, 0.8152480
1250.299, 0.6400710
1250.781, 0.6367590
1251.263, 0.6505060
1251.745, 0.6129890
1252.227, 0.5570040
1252.709, 0.5695040
1253.191, 0.6305640
1253.673, 0.6848290
1254.156, 0.6975560
1254.638, 0.7237830
1255.120, 0.7858410
1255.602, 0.7660790
1256.084, 0.5906250
1256.566, 0.3596400
1257.048, 0.2208040
1257.530, 0.1950050
1258.012, 0.3995930
1258.495, 0.8987440
1258.977, 1.099698
1259.459, 0.7456460
1259.941, 0.5189310
1260.423, 0.6861560
1260.905, 0.9785140
1261.387, 0.9701690
1261.869, 0.8051320
1262.352, 0.6840330
1262.834, 0.6384520
1263.316, 0.6150720
1263.798, 0.6154610
1264.280, 0.6135050
1264.762, 0.5984480
1265.244, 0.5959010
1265.726, 0.6686330
1266.208, 0.7512850
1266.691, 0.7635730
1267.173, 0.6986420
1267.655, 0.6371710
1268.137, 0.5738320
1268.619, 0.5616070
1269.101, 0.6243440
1269.583, 0.6973920
1270.065, 0.7508900
1270.548, 0.7622460
1271.030, 0.6656060
1271.512, 0.5041440
1271.994, 0.5130550
1272.476, 0.6552380
1272.958, 0.5837820
1273.440, 0.1889420
1273.922, 0.1225130
1274.405, 8.3462998E-02
1274.887, 0.3420610
1275.369, 0.3634470
1275.851, 0.2350740
1276.333, 0.1906900
1276.815, 0.2222720
1277.297, 0.3213840
1277.779, 0.4960370
1278.261, 0.5709370
1278.744, 0.2460860
1279.226, 8.1436001E-02
1279.708, 0.3633210
1280.190, 0.8060350
1280.672, 0.8062650
1281.154, 0.5377340
1281.636, 0.4723090
1282.118, 0.6743870
1282.600, 0.8160510
1283.083, 0.7704220
1283.565, 0.6955110
1284.047, 0.5975870
1284.529, 0.5522420
1285.011, 0.7900740
1285.493, 1.086863
1285.975, 1.023030
1286.457, 0.5963890
1286.939, 0.3706250
1287.422, 0.4387990
1287.904, 0.5484650
1288.386, 0.6294270
1288.868, 0.7268070
1289.350, 0.8473630
1289.832, 0.9043400
1290.314, 0.7364090
1290.796, 0.4096270
1291.279, 0.2910550
1291.761, 0.4030650
1292.243, 0.4381980
1292.725, 0.3455750
1293.207, 0.3019460
1293.689, 0.4967660
1294.171, 0.7414290
1294.653, 0.9553870
1295.135, 1.106758
1295.618, 1.149512
1296.100, 1.078684
1296.582, 0.7789340
1297.064, 0.2626910
1297.546, 7.6889999E-02
1298.028, 0.1170260
1298.510, 0.3700980
1298.992, 0.5608450
1299.475, 0.6882530
1299.957, 0.4439600
1300.439, 0.2652560
1300.921, 0.1368420
1301.403, 7.9595000E-02
1301.885, 0.0000000E+00
##END=



