##NAMES=Violarite
##RRUFFID=R060846
##IDEAL CHEMISTRY=Fe^2+^Ni^3+^_2_S_4_
##LOCALITY=Perseverance mine, Agnew, Western Australia
##OWNER=RRUFF
##SOURCE=Michael Scott
##DESCRIPTION=Violet metallic massive
##STATUS=The identification of this mineral has been confirmed only by chemical analysis
##URL=rruff.info/R060846
##MEASURED CHEMISTRY=lighter phase: (Fe^2+^_0.99_Co_0.01_)_Σ=1_Ni^3+^_2.00_S_4.00_   ; trace amounts of Cu ; darker phase: (Fe_0.98_Co_0.01_Ni_0.01_)_Σ=1_S_2.00_
175.0424, 0.0000000E+00
175.5245, 0.6964720
176.0066, 1.028320
176.4887, 7.0312999E-02
176.9708, 1.578857
177.4530, 7.582581
177.9351, 13.29889
178.4172, 15.83936
178.8993, 16.99628
179.3814, 26.03522
179.8635, 32.10864
180.3457, 39.59253
180.8278, 45.51093
181.3099, 50.44867
181.7920, 50.51013
182.2741, 34.52222
182.7562, 9.648743
183.2384, 4.158325
183.7205, 10.12085
184.2026, 34.65155
184.6847, 48.04547
185.1668, 49.55688
185.6489, 46.38348
186.1311, 40.77582
186.6132, 34.29608
187.0953, 31.19049
187.5774, 36.75836
188.0595, 45.24408
188.5416, 46.25500
189.0238, 37.50385
189.5059, 28.22296
189.9880, 27.61713
190.4701, 31.64545
190.9522, 32.12488
191.4343, 21.87091
191.9165, 8.141235
192.3986, 2.161560
192.8807, 5.330811
193.3628, 13.60681
193.8449, 27.20422
194.3270, 42.22906
194.8092, 52.13416
195.2913, 51.31573
195.7734, 44.30292
196.2555, 42.51526
196.7376, 47.69696
197.2197, 51.80188
197.7019, 46.52618
198.1840, 36.41748
198.6661, 28.99194
199.1482, 28.18347
199.6303, 30.66217
200.1124, 30.24957
200.5946, 25.42749
201.0767, 24.02570
201.5588, 36.20874
202.0409, 54.74384
202.5230, 68.83447
203.0051, 76.29761
203.4873, 77.06476
203.9694, 70.76019
204.4515, 54.84338
204.9336, 38.05243
205.4157, 40.15210
205.8978, 52.35266
206.3800, 61.19952
206.8621, 62.36761
207.3442, 58.64258
207.8263, 49.79535
208.3084, 34.59827
208.7905, 25.23718
209.2727, 37.71539
209.7548, 57.67212
210.2369, 65.04657
210.7190, 48.81421
211.2011, 25.90631
211.6832, 15.81513
212.1654, 18.47247
212.6475, 23.35297
213.1296, 29.62585
213.6117, 32.57404
214.0938, 33.95514
214.5760, 27.91125
215.0581, 23.16821
215.5402, 27.48621
216.0223, 41.16943
216.5044, 52.99512
216.9865, 58.89905
217.4687, 61.73981
217.9508, 57.16504
218.4329, 44.91382
218.9150, 35.51892
219.3971, 36.27942
219.8792, 48.14447
220.3614, 58.97534
220.8435, 58.34821
221.3256, 50.51447
221.8077, 49.59491
222.2898, 60.84833
222.7719, 71.80121
223.2541, 67.56024
223.7362, 50.81213
224.2183, 40.11255
224.7004, 42.65430
225.1825, 51.59406
225.6646, 58.05652
226.1468, 63.28241
226.6289, 64.25574
227.1110, 55.45184
227.5931, 40.81714
228.0752, 34.56653
228.5573, 44.25854
229.0395, 57.93793
229.5216, 58.41925
230.0037, 43.84406
230.4858, 30.75598
230.9679, 37.36877
231.4500, 54.37256
231.9322, 57.26184
232.4143, 30.61511
232.8964, 1.787720
233.3785, 11.21497
233.8606, 2.320068
234.3427, 18.75775
234.8249, 37.42493
235.3070, 54.04443
235.7891, 58.57428
236.2712, 47.40326
236.7533, 32.03741
237.2354, 25.30011
237.7176, 26.75671
238.1997, 30.79895
238.6818, 39.27747
239.1639, 25.90723
239.6460, 52.59955
240.1281, 66.98553
240.6103, 69.68567
241.0924, 25.43219
241.5745, 41.64331
242.0566, 33.83374
242.5387, 25.03339
243.0208, 49.72595
243.5030, 12.68561
243.9851, 36.83521
244.4672, 36.55133
244.9493, 47.44354
245.4314, 34.12091
245.9135, 28.27063
246.3957, 46.63367
246.8778, 51.58331
247.3599, 35.45526
247.8420, 47.02881
248.3241, 9.092896
248.8062, 14.59112
249.2884, 38.82544
249.7705, 23.75647
250.2526, 35.46344
250.7347, 36.99420
251.2168, 7.966675
251.6989, 28.19379
252.1811, 29.28937
252.6632, 5.618896
253.1453, 3.243469
253.6274, 0.6992800
254.1095, 4.210327
254.5916, 6.795898
255.0738, 5.245178
255.5559, 0.9747920
256.0380, 4.581726
256.5201, 10.96570
257.0022, 16.98309
257.4843, 19.85260
257.9665, 19.10547
258.4486, 15.39502
258.9307, 1.820251
259.4128, 11.44049
259.8949, 10.62476
260.3770, 7.478455
260.8592, 29.71191
261.3413, 34.40277
261.8234, 5.451782
262.3055, 9.259644
262.7876, 1.959229
263.2697, 17.60449
263.7519, 22.48907
264.2340, 14.67871
264.7161, 1.463074
265.1982, 9.612366
265.6803, 19.57928
266.1624, 22.90253
266.6446, 14.86230
267.1267, 5.374939
267.6088, 2.790771
268.0909, 8.502808
268.5730, 10.11304
269.0551, 5.197021
269.5373, 6.619263
270.0194, 13.62622
270.5015, 11.96680
270.9836, 8.793213
271.4657, 3.989258
271.9478, 0.8864750
272.4300, 2.942383
272.9121, 0.3452150
273.3942, 6.993408
273.8763, 8.342651
274.3584, 0.4261470
274.8405, 7.112305
275.3227, 8.632568
275.8048, 6.725708
276.2869, 2.359863
276.7690, 4.717041
277.2511, 11.20569
277.7332, 9.913086
278.2154, 1.946533
278.6975, 13.64563
279.1796, 28.33386
279.6617, 38.58826
280.1438, 34.43298
280.6259, 12.99915
281.1081, 9.126831
281.5902, 8.917236
282.0723, 16.02246
282.5544, 29.17407
283.0365, 14.25476
283.5186, 7.235229
284.0008, 22.78027
284.4829, 31.30591
284.9650, 30.77405
285.4471, 11.38965
285.9292, 20.87280
286.4113, 36.21863
286.8935, 25.89160
287.3756, 6.999878
287.8577, 12.29065
288.3398, 30.10498
288.8219, 36.67664
289.3040, 16.29285
289.7862, 13.58435
290.2683, 20.48669
290.7504, 2.687256
291.2325, 24.69836
291.7146, 19.72656
292.1967, 4.920410
292.6789, 27.15759
293.1610, 44.60059
293.6431, 57.42932
294.1252, 65.64929
294.6073, 69.27173
295.0894, 67.62317
295.5716, 58.13647
296.0537, 44.59888
296.5358, 38.41772
297.0179, 38.00366
297.5000, 45.89258
297.9821, 69.75269
298.4643, 101.9202
298.9464, 127.1300
299.4285, 139.6268
299.9106, 143.3533
300.3927, 143.9385
300.8748, 132.0018
301.3570, 137.4829
301.8391, 180.0444
302.3212, 233.3022
302.8033, 271.5464
303.2854, 289.8860
303.7675, 299.7632
304.2497, 314.0500
304.7318, 333.3027
305.2139, 355.5692
305.6960, 372.0249
306.1781, 398.2887
306.6602, 449.8552
307.1424, 520.9845
307.6245, 591.5338
308.1066, 643.9301
308.5887, 679.7424
309.0708, 737.7700
309.5529, 825.4744
310.0351, 933.1509
310.5172, 1059.784
310.9993, 1205.486
311.4814, 1366.662
311.9635, 1540.778
312.4456, 1731.758
312.9278, 1952.928
313.4099, 2212.797
313.8920, 2487.016
314.3741, 2770.921
314.8562, 3064.853
315.3383, 3371.077
315.8205, 3689.839
316.3026, 4014.908
316.7847, 4344.372
317.2668, 4679.767
317.7489, 5002.439
318.2310, 5312.159
318.7132, 5607.162
319.1953, 5906.320
319.6774, 6198.254
320.1595, 6437.039
320.6416, 6620.991
321.1237, 6731.358
321.6059, 6692.772
322.0880, 6477.591
322.5701, 6166.952
323.0522, 5772.814
323.5343, 5323.751
324.0164, 4869.649
324.4986, 4405.179
324.9807, 3955.279
325.4628, 3543.997
325.9449, 3171.206
326.4270, 2842.675
326.9091, 2567.401
327.3913, 2337.878
327.8734, 2128.916
328.3555, 1935.876
328.8376, 1772.130
329.3197, 1651.378
329.8018, 1563.764
330.2840, 1488.466
330.7661, 1419.624
331.2482, 1359.894
331.7303, 1314.069
332.2124, 1284.911
332.6945, 1263.536
333.1767, 1250.675
333.6588, 1244.597
334.1409, 1245.757
334.6230, 1253.010
335.1051, 1262.151
335.5873, 1270.495
336.0694, 1278.503
336.5515, 1282.521
337.0336, 1284.492
337.5157, 1281.160
337.9979, 1269.192
338.4800, 1251.427
338.9621, 1233.614
339.4442, 1219.764
339.9263, 1206.090
340.4084, 1179.977
340.8906, 1137.991
341.3727, 1087.331
341.8548, 1025.379
342.3369, 957.9890
342.8190, 887.1084
343.3011, 814.8033
343.7833, 747.7288
344.2654, 696.6444
344.7475, 663.8975
345.2296, 625.5941
345.7117, 570.5640
346.1938, 518.0872
346.6760, 482.1204
347.1581, 460.1351
347.6402, 437.9078
348.1223, 403.0923
348.6044, 362.1793
349.0865, 332.1396
349.5687, 315.8074
350.0508, 304.1395
350.5329, 292.2833
351.0150, 281.1417
351.4971, 272.4983
351.9792, 267.3124
352.4614, 263.8014
352.9435, 261.2921
353.4256, 259.5042
353.9077, 257.1915
354.3898, 254.0573
354.8719, 250.0273
355.3541, 244.2301
355.8362, 235.7389
356.3183, 229.6445
356.8004, 228.4561
357.2825, 229.6007
357.7646, 231.9146
358.2468, 234.7451
358.7289, 233.5898
359.2110, 222.2045
359.6931, 198.4963
360.1752, 189.3508
360.6573, 203.6387
361.1395, 220.8859
361.6216, 235.0664
362.1037, 245.8578
362.5858, 253.7206
363.0679, 258.7333
363.5500, 261.9009
364.0322, 266.0140
364.5143, 268.4303
364.9964, 276.6215
365.4785, 295.9557
365.9606, 317.6350
366.4427, 330.9875
366.9249, 335.4539
367.4070, 344.5934
367.8891, 377.6648
368.3712, 436.8278
368.8533, 485.9061
369.3354, 515.6606
369.8176, 544.5640
370.2997, 582.6261
370.7818, 627.4156
371.2639, 671.5420
371.7460, 707.0493
372.2281, 742.5509
372.7103, 793.3021
373.1924, 859.8568
373.6745, 935.4994
374.1566, 1013.248
374.6387, 1101.455
375.1208, 1212.960
375.6030, 1353.005
376.0851, 1504.646
376.5672, 1660.927
377.0493, 1822.716
377.5314, 1993.039
378.0135, 2173.248
378.4957, 2357.959
378.9778, 2540.627
379.4599, 2719.250
379.9420, 2903.542
380.4241, 3103.032
380.9063, 3300.711
381.3884, 3483.648
381.8705, 3653.620
382.3526, 3826.970
382.8347, 4018.620
383.3168, 4215.158
383.7990, 4339.240
384.2811, 4402.029
384.7632, 4367.213
385.2453, 4212.050
385.7274, 3970.082
386.2095, 3654.587
386.6917, 3274.615
387.1738, 2871.919
387.6559, 2496.205
388.1380, 2142.189
388.6201, 1836.992
389.1022, 1596.331
389.5844, 1394.916
390.0665, 1222.085
390.5486, 1075.712
391.0307, 956.3959
391.5128, 871.2494
391.9949, 807.8004
392.4771, 741.8510
392.9592, 672.8948
393.4413, 608.5117
393.9234, 547.7383
394.4055, 496.5310
394.8876, 466.1113
395.3698, 466.4647
395.8519, 463.3917
396.3340, 435.2227
396.8161, 391.5707
397.2982, 350.6670
397.7803, 316.8594
398.2625, 287.8469
398.7446, 259.9639
399.2267, 232.7323
399.7088, 211.1342
400.1909, 193.2131
400.6730, 182.5343
401.1552, 189.9525
401.6373, 206.1046
402.1194, 208.9009
402.6015, 184.7488
403.0836, 143.8467
403.5657, 120.4100
404.0479, 131.0176
404.5300, 132.4427
405.0121, 111.0541
405.4942, 88.30939
405.9763, 81.31897
406.4584, 90.48401
406.9406, 102.7537
407.4227, 103.4224
407.9048, 93.41400
408.3869, 94.26685
408.8690, 116.0657
409.3511, 132.9254
409.8333, 125.1125
410.3154, 103.5172
410.7975, 89.09314
411.2796, 93.22681
411.7617, 100.0865
412.2438, 87.47443
412.7260, 59.51929
413.2081, 47.88568
413.6902, 67.89709
414.1723, 101.3881
414.6544, 120.0716
415.1365, 123.1461
415.6187, 123.1439
416.1008, 118.9888
416.5829, 114.7372
417.0650, 113.9489
417.5471, 117.1174
418.0292, 123.3922
418.5114, 131.9420
418.9935, 142.2017
419.4756, 147.2031
419.9577, 140.7430
420.4398, 136.5660
420.9219, 138.5704
421.4041, 142.4743
421.8862, 143.9491
422.3683, 141.7523
422.8504, 137.4602
423.3325, 132.2599
423.8146, 125.7924
424.2968, 123.0007
424.7789, 129.9452
425.2610, 133.1979
425.7431, 121.8139
426.2252, 102.2032
426.7073, 89.29755
427.1895, 93.06281
427.6716, 103.2194
428.1537, 104.1115
428.6358, 96.21057
429.1179, 92.81226
429.6000, 101.7770
430.0822, 113.8164
430.5643, 112.6536
431.0464, 96.04871
431.5285, 79.63208
432.0106, 65.21088
432.4927, 54.41132
432.9749, 50.42316
433.4570, 52.80603
433.9391, 57.00446
434.4212, 60.10919
434.9033, 61.88379
435.3854, 58.37170
435.8676, 42.52631
436.3497, 29.94708
436.8318, 22.67584
437.3139, 20.28925
437.7960, 24.77124
438.2781, 35.78442
438.7603, 45.16486
439.2424, 39.82361
439.7245, 17.64819
440.2066, 2.639160
440.6887, 0.8121950
441.1708, 1.006897
441.6530, 0.1502080
442.1351, 0.9629520
442.6172, 2.999512
443.0993, 18.39459
443.5814, 33.49310
444.0635, 31.16119
444.5457, 13.31543
445.0278, 1.087830
445.5099, 5.610779
445.9920, 3.558350
446.4741, 1.260010
446.9562, 9.373474
447.4384, 15.62763
447.9205, 19.56641
448.4026, 21.02271
448.8847, 18.23193
449.3668, 12.14514
449.8489, 7.158997
450.3311, 6.388794
450.8132, 8.843140
451.2953, 10.28595
451.7774, 8.228455
452.2595, 8.846619
452.7416, 16.47980
453.2238, 24.32886
453.7059, 26.01709
454.1880, 20.85602
454.6701, 14.04871
455.1522, 12.08887
455.6343, 13.93152
456.1165, 7.385071
456.5986, 14.35876
457.0807, 30.32172
457.5628, 21.88293
458.0449, 1.794189
458.5270, 11.00793
459.0092, 11.62085
459.4913, 7.481934
459.9734, 1.438477
460.4555, 5.425110
460.9376, 11.35638
461.4197, 16.19189
461.9019, 16.99341
462.3840, 8.783203
462.8661, 10.96429
463.3482, 21.83661
463.8303, 18.26929
464.3124, 12.25085
464.7946, 6.899658
465.2767, 3.187378
465.7588, 3.082092
466.2409, 7.570923
466.7230, 12.76410
467.2051, 10.56104
467.6873, 1.615173
468.1694, 11.86237
468.6515, 20.56732
469.1336, 25.70477
469.6157, 24.73083
470.0978, 19.02625
470.5800, 13.09955
471.0621, 8.689758
471.5442, 5.521667
472.0263, 2.538391
472.5084, 0.1434330
472.9905, 2.003540
473.4727, 13.68970
473.9548, 27.79333
474.4369, 28.76526
474.9190, 12.26245
475.4011, 3.489746
475.8832, 15.08917
476.3654, 30.37866
476.8475, 33.92621
477.3296, 26.85278
477.8117, 20.29779
478.2938, 21.99615
478.7759, 29.95007
479.2581, 35.40314
479.7402, 39.05438
480.2223, 38.47339
480.7044, 29.13824
481.1865, 19.14832
481.6686, 15.45068
482.1508, 18.21887
482.6329, 21.66931
483.1150, 18.52551
483.5971, 12.38898
484.0792, 18.69739
484.5613, 41.53308
485.0435, 57.17908
485.5256, 48.65118
486.0077, 26.73175
486.4898, 15.04663
486.9719, 16.78149
487.4540, 21.34760
487.9362, 26.94073
488.4183, 32.02405
488.9004, 33.48218
489.3825, 31.41943
489.8646, 30.47742
490.3467, 34.92120
490.8289, 44.35419
491.3110, 52.06317
491.7931, 59.26251
492.2752, 62.94128
492.7573, 61.62085
493.2394, 57.22003
493.7216, 50.22253
494.2037, 41.24670
494.6858, 34.14447
495.1679, 33.49066
495.6500, 38.40198
496.1321, 43.06805
496.6143, 47.54547
497.0964, 51.01733
497.5785, 51.34406
498.0606, 50.71881
498.5427, 54.06720
499.0248, 65.27051
499.5070, 74.03833
499.9891, 73.89673
500.4712, 68.58075
500.9533, 63.35657
501.4355, 59.08539
501.9176, 54.13782
502.3997, 45.66797
502.8818, 33.05127
503.3639, 31.77618
503.8460, 59.55035
504.3282, 78.06812
504.8103, 76.29480
505.2924, 63.35059
505.7745, 46.42163
506.2566, 28.29639
506.7387, 15.18604
507.2209, 16.24554
507.7030, 29.34741
508.1851, 37.52948
508.6672, 37.88763
509.1493, 38.88440
509.6314, 49.91541
510.1136, 65.07666
510.5957, 70.78308
511.0778, 62.27234
511.5599, 50.86060
512.0420, 38.91156
512.5241, 28.97162
513.0062, 25.08002
513.4883, 27.52734
513.9705, 33.32654
514.4526, 39.91827
514.9347, 46.64227
515.4168, 49.50012
515.8989, 43.14996
516.3810, 38.43164
516.8632, 41.12036
517.3453, 45.74225
517.8274, 45.81384
518.3095, 40.11273
518.7916, 33.63428
519.2737, 30.62360
519.7559, 30.84802
520.2380, 33.62531
520.7201, 38.49884
521.2022, 42.64154
521.6843, 46.13983
522.1664, 48.11426
522.6486, 46.20172
523.1307, 38.03821
523.6128, 29.95599
524.0949, 21.90308
524.5770, 15.73041
525.0591, 15.16589
525.5413, 20.51703
526.0234, 27.54010
526.5055, 33.19836
526.9876, 37.07123
527.4697, 36.31000
527.9518, 24.02026
528.4340, 18.87219
528.9161, 31.71368
529.3982, 47.11658
529.8803, 52.17542
530.3624, 45.67407
530.8445, 35.59686
531.3267, 23.57812
531.8088, 12.77118
532.2909, 11.50037
532.7730, 19.73700
533.2551, 27.08624
533.7372, 29.24847
534.2194, 28.07690
534.7015, 28.33746
535.1836, 31.90973
535.6657, 32.13635
536.1478, 22.36371
536.6299, 14.15942
537.1121, 18.88037
537.5942, 33.20020
538.0763, 44.57458
538.5584, 44.85150
539.0405, 38.40851
539.5226, 37.63727
540.0048, 45.14301
540.4869, 48.79407
540.9690, 41.25488
541.4511, 33.86676
541.9332, 38.19910
542.4153, 51.75543
542.8975, 59.61200
543.3796, 52.37701
543.8617, 40.35187
544.3438, 30.44849
544.8259, 23.71783
545.3080, 22.68073
545.7902, 28.47955
546.2723, 38.03009
546.7544, 47.70544
547.2365, 59.34296
547.7186, 63.11981
548.2007, 52.01843
548.6829, 41.70227
549.1650, 38.65387
549.6471, 39.49811
550.1292, 38.29523
550.6113, 32.78851
551.0934, 27.34991
551.5756, 28.00903
552.0577, 33.68500
552.5398, 36.78625
553.0219, 35.72675
553.5040, 35.10553
553.9861, 39.39722
554.4683, 46.67737
554.9504, 49.03143
555.4325, 42.50134
555.9146, 36.40814
556.3967, 32.67218
556.8788, 31.42987
557.3610, 35.26190
557.8431, 42.92462
558.3252, 46.54443
558.8073, 38.06683
559.2894, 20.51349
559.7715, 12.52789
560.2537, 17.65564
560.7358, 24.29224
561.2179, 33.71503
561.7000, 17.20734
562.1821, 43.01923
562.6642, 56.53015
563.1464, 58.40137
563.6285, 13.71881
564.1106, 28.87189
564.5927, 19.67957
565.0748, 9.543274
565.5569, 33.17786
566.0391, 4.753601
566.5212, 18.54596
567.0033, 17.33368
567.4854, 4.890625
567.9675, 0.8484500
568.4496, 4.173279
568.9318, 9.758789
569.4139, 17.13647
569.8960, 24.85944
570.3781, 31.29736
570.8602, 36.04114
571.3423, 37.97284
571.8245, 32.35632
572.3066, 21.55786
572.7887, 21.28870
573.2708, 36.76782
573.7529, 49.63776
574.2350, 44.30792
574.7172, 24.74274
575.1993, 14.47522
575.6814, 19.19897
576.1635, 20.72375
576.6456, 12.02698
577.1277, 2.939209
577.6099, 4.639465
578.0920, 16.91473
578.5741, 30.37726
579.0562, 37.78162
579.5383, 40.55951
580.0204, 44.56140
580.5026, 51.29486
580.9847, 53.05328
581.4668, 44.39630
581.9489, 33.03265
582.4310, 26.90289
582.9132, 25.97186
583.3953, 25.13898
583.8774, 20.71973
584.3596, 15.77124
584.8417, 13.71570
585.3238, 14.18683
585.8059, 15.35358
586.2880, 16.60547
586.7701, 19.11816
587.2523, 24.83472
587.7344, 34.45374
588.2165, 40.92743
588.6986, 43.66559
589.1807, 43.78113
589.6628, 40.90802
590.1450, 36.24640
590.6271, 30.60278
591.1092, 22.46191
591.5913, 18.06757
592.0734, 26.74597
592.5555, 40.38348
593.0377, 45.20422
593.5198, 40.87384
594.0019, 35.42389
594.4840, 33.42535
594.9661, 32.81152
595.4482, 28.35522
595.9304, 11.52777
596.4125, 6.999512
596.8946, 28.07861
597.3767, 47.16980
597.8588, 45.42981
598.3409, 31.13409
598.8231, 24.41113
599.3052, 35.75385
599.7873, 51.15045
600.2694, 53.62756
600.7515, 45.98468
601.2336, 39.86853
601.7158, 37.02472
602.1979, 37.26056
602.6800, 41.17896
603.1621, 48.17059
603.6442, 53.63635
604.1263, 59.01538
604.6085, 61.08356
605.0906, 55.72479
605.5727, 49.55499
606.0548, 49.09271
606.5369, 53.64941
607.0190, 57.19135
607.5012, 55.27002
607.9833, 50.29089
608.4654, 47.80609
608.9475, 47.87854
609.4296, 44.80756
609.9117, 35.48907
610.3939, 25.80347
610.8760, 20.94263
611.3581, 21.16107
611.8402, 27.42731
612.3223, 48.69720
612.8044, 64.77246
613.2866, 67.11169
613.7687, 60.97852
614.2508, 49.89874
614.7329, 36.41931
615.2150, 27.98102
615.6971, 35.46332
616.1793, 52.97583
616.6614, 49.98987
617.1435, 20.49945
617.6256, 1.998413
618.1077, 13.48279
618.5898, 35.63385
619.0720, 43.08356
619.5541, 35.75891
620.0362, 26.45709
620.5183, 12.53705
621.0004, 1.909973
621.4825, 2.369751
621.9647, 8.611206
622.4468, 10.76337
622.9289, 5.898926
623.4110, 0.3156130
623.8931, 0.9703370
624.3752, 3.998535
624.8574, 5.683044
625.3395, 1.698608
625.8216, 1.045410
626.3037, 9.944214
626.7858, 22.82751
627.2679, 32.88306
627.7501, 40.54102
628.2322, 41.72168
628.7143, 27.47150
629.1964, 13.26599
629.6785, 13.72632
630.1606, 23.43756
630.6428, 29.10925
631.1249, 25.39240
631.6070, 15.93140
632.0891, 0.8977050
632.5712, 21.29303
633.0533, 21.86371
633.5355, 12.58356
634.0176, 40.76843
634.4997, 35.45355
634.9818, 15.26862
635.4639, 7.879578
635.9460, 17.44733
636.4282, 27.97150
636.9103, 38.38910
637.3924, 44.36157
637.8745, 39.45282
638.3566, 26.81836
638.8387, 15.17639
639.3209, 8.213989
639.8030, 3.754883
640.2851, 3.272949
640.7672, 13.84692
641.2493, 15.15851
641.7314, 2.431458
642.2136, 11.21057
642.6957, 21.00616
643.1778, 26.69061
643.6599, 26.22864
644.1420, 16.29724
644.6241, 11.63300
645.1063, 23.83679
645.5884, 38.24097
646.0705, 42.66211
646.5526, 37.59735
647.0347, 25.19519
647.5168, 6.919006
647.9990, 8.816833
648.4811, 4.826477
648.9632, 22.33514
649.4453, 37.26807
649.9274, 35.28699
650.4095, 27.54736
650.8917, 14.54034
651.3738, 1.605896
651.8559, 4.5226999E-02
652.3380, 14.77576
652.8201, 26.09937
653.3022, 24.37610
653.7844, 19.73083
654.2665, 19.74219
654.7486, 24.31506
655.2307, 32.41852
655.7128, 43.72937
656.1949, 53.25214
656.6771, 49.91370
657.1592, 33.45380
657.6413, 30.17078
658.1234, 47.70410
658.6055, 61.61053
659.0876, 55.44031
659.5698, 38.19312
660.0519, 29.92554
660.5340, 33.04797
661.0161, 37.47839
661.4982, 47.00952
661.9803, 51.98193
662.4625, 37.88544
662.9446, 14.73517
663.4267, 6.539673
663.9088, 23.35413
664.3909, 47.46674
664.8730, 54.85333
665.3552, 47.25763
665.8373, 40.25806
666.3194, 34.37024
666.8015, 30.21674
667.2836, 29.69604
667.7657, 29.96875
668.2479, 23.80988
668.7300, 7.090637
669.2121, 2.455688
669.6942, 0.3750610
670.1763, 6.211365
670.6584, 18.50818
671.1406, 30.94067
671.6227, 31.95007
672.1048, 18.08130
672.5869, 6.378723
673.0690, 21.24182
673.5511, 52.56012
674.0333, 63.92413
674.5154, 53.42133
674.9975, 42.36951
675.4796, 40.17120
675.9617, 42.90625
676.4438, 44.40961
676.9260, 45.47144
677.4081, 42.20190
677.8902, 26.72693
678.3723, 16.30164
678.8544, 19.62488
679.3365, 30.14648
679.8187, 42.20764
680.3008, 53.81775
680.7829, 58.06940
681.2650, 42.55347
681.7471, 19.98608
682.2292, 13.21570
682.7114, 20.21814
683.1935, 26.29590
683.6756, 26.02057
684.1577, 23.49530
684.6398, 24.19678
685.1219, 28.59479
685.6041, 30.37518
686.0862, 25.90759
686.5683, 24.03381
687.0504, 33.17688
687.5325, 41.25262
688.0146, 33.93042
688.4968, 11.81470
688.9789, 6.041321
689.4610, 8.729126
689.9431, 5.947021
690.4252, 6.860840
690.9073, 9.005188
691.3895, 8.294983
691.8716, 5.520325
692.3537, 1.404114
692.8358, 2.976746
693.3179, 8.267273
693.8000, 21.27979
694.2822, 49.45740
694.7643, 60.86475
695.2464, 35.47894
695.7285, 5.016785
696.2106, 2.618835
696.6927, 8.503662
697.1749, 19.85449
697.6570, 29.90302
698.1391, 37.68365
698.6212, 42.89423
699.1033, 45.77765
699.5854, 46.78290
700.0676, 45.41028
700.5497, 41.36249
701.0318, 34.30878
701.5139, 25.62518
701.9960, 16.64563
702.4781, 7.617004
702.9603, 4.857117
703.4424, 11.61005
703.9245, 15.24182
704.4066, 3.624329
704.8887, 17.05200
705.3708, 23.01642
705.8530, 1.408081
706.3351, 12.36212
706.8172, 11.00134
707.2993, 7.163696
707.7814, 8.859619
708.2635, 13.88141
708.7457, 16.76147
709.2278, 15.40015
709.7099, 12.26837
710.1920, 5.216858
710.6741, 0.3667600
711.1563, 11.83099
711.6384, 39.67432
712.1205, 58.62799
712.6026, 56.27417
713.0847, 42.43182
713.5668, 33.10193
714.0490, 28.49011
714.5311, 27.51422
715.0132, 31.62354
715.4953, 37.29279
715.9774, 47.63538
716.4595, 56.33411
716.9417, 55.20081
717.4238, 43.46277
717.9059, 32.31079
718.3880, 25.61304
718.8701, 20.84332
719.3522, 14.08411
719.8344, 8.706970
720.3165, 12.89435
720.7986, 27.22272
721.2807, 41.07037
721.7628, 44.23938
722.2449, 39.80859
722.7271, 37.76550
723.2092, 38.15027
723.6913, 40.75098
724.1734, 46.36212
724.6555, 52.22546
725.1376, 56.21973
725.6198, 58.29736
726.1019, 57.95679
726.5840, 51.72986
727.0661, 47.89594
727.5482, 50.66943
728.0303, 54.30713
728.5125, 54.39117
728.9946, 51.54877
729.4767, 48.38196
729.9588, 45.88397
730.4409, 43.79456
730.9230, 41.26617
731.4052, 39.16217
731.8873, 39.80469
732.3694, 43.04468
732.8515, 46.21759
733.3336, 47.95227
733.8157, 48.31744
734.2979, 47.41589
734.7800, 45.20337
735.2621, 41.77948
735.7442, 36.22272
736.2263, 30.98328
736.7084, 24.76544
737.1906, 20.69897
737.6727, 23.73694
738.1548, 34.75836
738.6369, 45.23175
739.1190, 53.56281
739.6011, 60.46948
740.0833, 66.68396
740.5654, 71.64099
741.0475, 74.69055
741.5296, 75.63403
742.0117, 73.89551
742.4938, 66.20166
742.9760, 58.27313
743.4581, 68.37201
743.9402, 92.77142
744.4223, 94.89337
744.9044, 63.16626
745.3865, 32.24176
745.8687, 33.66534
746.3508, 60.81464
746.8329, 75.74353
747.3150, 69.41248
747.7971, 68.18756
748.2792, 81.38641
748.7614, 92.11700
749.2435, 88.37372
749.7256, 76.73877
750.2077, 71.63025
750.6898, 77.77545
751.1719, 84.59906
751.6541, 85.92651
752.1362, 86.37701
752.6183, 91.09222
753.1004, 99.01074
753.5825, 106.9399
754.0646, 113.3124
754.5468, 116.9387
755.0289, 115.0146
755.5110, 108.3624
755.9931, 99.52136
756.4752, 87.73260
756.9573, 85.39856
757.4395, 100.2885
757.9216, 117.3939
758.4037, 117.1661
758.8858, 98.81287
759.3679, 91.48651
759.8500, 107.4907
760.3322, 118.4359
760.8143, 114.6007
761.2964, 109.6830
761.7785, 117.3227
762.2606, 133.4410
762.7427, 140.2476
763.2249, 127.8043
763.7070, 115.4702
764.1891, 116.8975
764.6712, 122.5519
765.1533, 118.9956
765.6354, 107.1204
766.1176, 96.02972
766.5997, 90.43408
767.0818, 87.89398
767.5639, 85.26093
768.0460, 82.49451
768.5281, 77.85510
769.0103, 70.28992
769.4924, 68.46039
769.9745, 79.28522
770.4566, 91.90649
770.9387, 88.12927
771.4208, 63.51843
771.9030, 55.00800
772.3851, 79.12683
772.8672, 96.44678
773.3493, 92.24603
773.8314, 83.76056
774.3135, 88.96204
774.7957, 105.3973
775.2778, 114.2731
775.7599, 104.6992
776.2420, 90.14423
776.7241, 76.12738
777.2062, 64.64758
777.6884, 57.78302
778.1705, 56.18268
778.6526, 62.20105
779.1347, 77.87335
779.6168, 95.10547
780.0989, 98.93634
780.5811, 91.11761
781.0632, 87.83496
781.5453, 90.27026
782.0274, 95.09528
782.5095, 102.5649
782.9916, 107.9659
783.4738, 102.8171
783.9559, 84.53113
784.4380, 72.52441
784.9201, 70.51001
785.4022, 70.01361
785.8843, 68.08789
786.3665, 67.88696
786.8486, 74.15338
787.3307, 85.43854
787.8128, 93.07233
788.2949, 93.18182
788.7770, 90.63660
789.2592, 84.65253
789.7413, 79.63641
790.2234, 82.55487
790.7055, 91.50128
791.1876, 99.01447
791.6697, 101.4860
792.1519, 99.54999
792.6340, 89.99280
793.1161, 76.71985
793.5982, 76.19537
794.0803, 88.91864
794.5624, 102.9663
795.0446, 114.4179
795.5267, 119.7830
796.0088, 113.1602
796.4909, 94.02100
796.9730, 77.56403
797.4551, 64.18842
797.9373, 52.64563
798.4194, 42.46924
798.9015, 34.30896
799.3836, 30.01727
799.8657, 28.50568
800.3478, 24.38074
800.8300, 9.485901
801.3121, 3.236755
801.7942, 22.13214
802.2763, 41.94495
802.7584, 39.17847
803.2405, 22.56909
803.7227, 15.53436
804.2048, 27.13263
804.6869, 39.13013
805.1690, 33.22015
805.6511, 19.17401
806.1332, 9.725342
806.6154, 6.121155
807.0975, 13.01477
807.5796, 31.36249
808.0617, 49.70837
808.5438, 56.90521
809.0259, 53.55786
809.5081, 39.22180
809.9902, 11.07281
810.4723, 6.172302
810.9544, 6.114014
811.4365, 0.9168700
811.9186, 9.075073
812.4008, 17.55682
812.8829, 23.61707
813.3650, 27.10254
813.8471, 28.30194
814.3292, 25.36707
814.8113, 22.29230
815.2935, 19.57330
815.7756, 18.29779
816.2577, 20.89996
816.7398, 27.72546
817.2219, 32.22333
817.7040, 31.20734
818.1862, 27.64343
818.6683, 22.68121
819.1504, 16.95935
819.6325, 10.63269
820.1146, 4.429626
820.5967, 0.5543210
821.0789, 4.775146
821.5610, 5.899536
822.0431, 2.630371
822.5252, 16.46588
823.0073, 17.76910
823.4894, 5.979431
823.9716, 1.317566
824.4537, 15.01398
824.9358, 34.35724
825.4179, 37.97565
825.9000, 25.00464
826.3821, 16.72925
826.8643, 14.77954
827.3464, 12.63434
827.8285, 8.488281
828.3106, 3.318054
828.7927, 4.104431
829.2748, 13.06586
829.7570, 10.84576
830.2391, 17.84570
830.7212, 34.62952
831.2033, 28.33179
831.6854, 16.30768
832.1675, 2.917664
832.6497, 6.286865
833.1318, 1.096924
833.6139, 32.17383
834.0960, 54.06573
834.5781, 38.77942
835.0602, 17.97833
835.5424, 20.03192
836.0245, 35.51666
836.5066, 47.45715
836.9887, 51.41589
837.4708, 49.44824
837.9529, 41.19525
838.4351, 31.00024
838.9172, 27.85443
839.3993, 29.34491
839.8814, 24.10773
840.3635, 11.56622
840.8456, 5.965027
841.3278, 16.90698
841.8099, 34.01782
842.2920, 36.33148
842.7741, 22.37811
843.2562, 16.18347
843.7383, 19.50159
844.2205, 25.24512
844.7026, 32.94659
845.1847, 39.32336
845.6668, 39.00641
846.1489, 32.39368
846.6310, 33.80133
847.1132, 56.60870
847.5953, 68.11414
848.0774, 56.74762
848.5595, 42.77441
849.0416, 37.27118
849.5237, 38.01483
850.0059, 40.65454
850.4880, 45.72540
850.9701, 46.75836
851.4522, 36.67120
851.9343, 26.77686
852.4164, 23.60297
852.8986, 26.01947
853.3807, 34.57068
853.8628, 47.56714
854.3449, 56.83099
854.8270, 57.17432
855.3091, 51.66858
855.7913, 38.59747
856.2734, 24.08337
856.7555, 21.43890
857.2376, 30.54437
857.7197, 44.54828
858.2018, 60.65869
858.6840, 72.67139
859.1661, 65.98779
859.6482, 42.98376
860.1303, 29.55328
860.6124, 26.23755
861.0945, 31.57507
861.5767, 47.20651
862.0588, 60.46527
862.5409, 58.76166
863.0230, 44.81726
863.5051, 32.46027
863.9872, 20.17471
864.4694, 12.94965
864.9515, 12.69876
865.4336, 15.30698
865.9157, 20.12918
866.3978, 25.66113
866.8799, 30.05362
867.3621, 34.21417
867.8442, 32.57520
868.3263, 16.79272
868.8084, 5.532166
869.2905, 6.579224
869.7726, 12.16833
870.2548, 17.59253
870.7369, 22.26428
871.2190, 26.49832
871.7011, 31.08810
872.1832, 33.80023
872.6653, 33.68457
873.1475, 30.88626
873.6296, 23.70245
874.1117, 14.63205
874.5938, 7.106201
875.0759, 2.460449
875.5580, 3.035156
876.0402, 16.79504
876.5223, 30.30090
877.0044, 20.80661
877.4865, 5.0659001E-02
877.9686, 3.253296
878.4507, 12.33441
878.9329, 26.45947
879.4150, 27.20532
879.8971, 21.21371
880.3792, 17.46225
880.8613, 15.83707
881.3434, 16.05127
881.8256, 18.05121
882.3077, 20.32507
882.7898, 22.32227
883.2719, 25.24060
883.7540, 31.44183
884.2361, 38.91159
884.7183, 35.42017
885.2004, 18.05743
885.6825, 3.256683
886.1646, 8.027374
886.6467, 14.04364
887.1288, 12.21033
887.6110, 5.975372
888.0931, 2.185425
888.5752, 1.250824
889.0573, 2.771423
889.5394, 13.62085
890.0215, 17.24878
890.5037, 2.908936
890.9858, 13.47784
891.4679, 18.39819
891.9500, 14.30325
892.4321, 10.96231
892.9142, 9.315125
893.3964, 8.901031
893.8785, 11.21457
894.3606, 13.02252
894.8427, 9.913391
895.3248, 6.447479
895.8069, 11.69888
896.2891, 25.68332
896.7712, 33.30600
897.2533, 19.38495
897.7354, 6.299255
898.2175, 11.39484
898.6996, 23.08759
899.1818, 29.99695
899.6639, 30.88232
900.1460, 25.81302
900.6281, 14.57782
901.1102, 6.211578
901.5923, 13.56699
902.0745, 25.71194
902.5566, 25.01175
903.0387, 16.02930
903.5208, 11.76660
904.0029, 14.49637
904.4850, 17.33859
904.9672, 15.41190
905.4493, 10.93222
905.9314, 6.594055
906.4135, 2.997559
906.8956, 3.648315
907.3777, 8.404449
907.8599, 12.66858
908.3420, 14.72089
908.8241, 14.42941
909.3062, 10.82953
909.7883, 5.260010
910.2704, 5.083954
910.7526, 10.73557
911.2347, 16.05212
911.7169, 19.94531
912.1990, 24.67511
912.6811, 32.40271
913.1632, 40.26996
913.6453, 43.19312
914.1274, 41.14795
914.6096, 33.44968
915.0917, 16.70187
915.5738, 1.847473
916.0559, 13.38568
916.5380, 18.63071
917.0201, 1.146332
917.5023, 37.74908
917.9844, 56.32065
918.4665, 47.24817
918.9486, 39.39081
919.4307, 34.22873
919.9128, 28.46741
920.3950, 14.99066
920.8771, 4.359131
921.3592, 13.42773
921.8413, 40.14746
922.3234, 53.25308
922.8055, 33.23410
923.2877, 20.89755
923.7698, 31.92877
924.2519, 46.18677
924.7340, 54.59457
925.2161, 55.49191
925.6982, 43.10138
926.1804, 16.08710
926.6625, 1.821045
927.1446, 25.84561
927.6267, 47.51758
928.1088, 41.17639
928.5909, 24.49652
929.0731, 12.83414
929.5552, 8.743317
930.0373, 13.60687
930.5194, 29.39514
931.0015, 42.40543
931.4836, 43.51169
931.9658, 37.42978
932.4479, 21.86664
932.9300, 5.377441
933.4121, 4.208679
933.8942, 19.18524
934.3763, 34.65781
934.8585, 42.53485
935.3406, 47.51941
935.8227, 57.24142
936.3048, 66.10803
936.7869, 59.10764
937.2690, 41.92700
937.7512, 34.23016
938.2333, 40.84991
938.7154, 47.95554
939.1975, 42.52356
939.6796, 33.30792
940.1617, 38.50034
940.6439, 52.28552
941.1260, 54.83786
941.6081, 46.20068
942.0902, 41.47528
942.5723, 47.16858
943.0544, 54.81512
943.5366, 53.48563
944.0187, 45.97382
944.5008, 45.80377
944.9829, 52.00040
945.4650, 48.89117
945.9471, 33.79190
946.4293, 23.27548
946.9114, 27.42227
947.3935, 37.23920
947.8756, 39.59595
948.3577, 35.95218
948.8398, 27.65347
949.3220, 13.19687
949.8041, 12.93445
950.2862, 34.19803
950.7683, 54.87134
951.2504, 57.62863
951.7325, 49.85925
952.2147, 51.47559
952.6968, 65.08145
953.1789, 66.51010
953.6610, 51.90390
954.1431, 42.71405
954.6252, 47.68570
955.1074, 54.54095
955.5895, 51.09741
956.0716, 40.30746
956.5537, 34.15445
957.0358, 33.02710
957.5179, 35.73224
958.0001, 45.77881
958.4822, 51.03436
958.9643, 43.78961
959.4464, 33.85275
959.9285, 33.08469
960.4106, 40.40714
960.8928, 42.27924
961.3749, 33.22366
961.8570, 30.75842
962.3391, 40.42480
962.8212, 50.27307
963.3033, 55.52939
963.7855, 57.22934
964.2676, 55.89429
964.7497, 51.41910
965.2318, 49.74332
965.7139, 52.50171
966.1960, 55.32071
966.6782, 60.52075
967.1603, 63.15701
967.6424, 57.27780
968.1245, 47.27481
968.6066, 43.88394
969.0887, 48.97601
969.5709, 52.92969
970.0530, 54.00879
970.5351, 55.67282
971.0172, 62.01657
971.4993, 65.82214
971.9814, 58.63126
972.4636, 46.40591
972.9457, 42.67563
973.4278, 50.44336
973.9099, 54.40884
974.3920, 52.46408
974.8741, 49.59280
975.3563, 45.92789
975.8384, 40.98682
976.3205, 31.49762
976.8026, 19.17435
977.2847, 15.52582
977.7668, 24.29669
978.2490, 32.84604
978.7311, 42.16632
979.2132, 46.33600
979.6953, 33.90720
980.1774, 21.88565
980.6595, 30.90375
981.1417, 54.62244
981.6238, 68.72232
982.1059, 66.03128
982.5880, 60.15045
983.0701, 55.59982
983.5522, 48.15634
984.0344, 29.34381
984.5165, 10.62695
984.9986, 7.339081
985.4807, 16.89774
985.9628, 25.36899
986.4449, 28.65567
986.9271, 31.54446
987.4092, 36.78439
987.8913, 41.18829
988.3734, 43.72852
988.8555, 43.53180
989.3376, 40.10312
989.8198, 33.21411
990.3019, 21.25452
990.7840, 2.121246
991.2661, 17.45770
991.7482, 10.19687
992.2303, 1.126404
992.7125, 3.626984
993.1946, 2.683990
993.6767, 7.131775
994.1588, 17.03143
994.6409, 24.93762
995.1230, 26.97406
995.6052, 29.38080
996.0873, 36.35318
996.5694, 43.31360
997.0515, 48.99838
997.5336, 51.37885
998.0157, 44.57889
998.4979, 30.32971
998.9800, 23.77795
999.4621, 35.01321
999.9442, 46.83902
1000.426, 53.18118
1000.908, 54.95682
1001.391, 50.06467
1001.873, 42.55240
1002.355, 38.71298
1002.837, 38.88303
1003.319, 37.11865
1003.801, 27.58661
1004.283, 21.79309
1004.765, 32.42374
1005.247, 41.81741
1005.730, 30.91611
1006.212, 11.98410
1006.694, 4.008148
1007.176, 9.729858
1007.658, 22.34784
1008.140, 49.87076
1008.622, 65.92801
1009.104, 44.86105
1009.587, 20.92447
1010.069, 24.71796
1010.551, 41.73306
1011.033, 45.65857
1011.515, 34.05539
1011.997, 26.34161
1012.479, 33.93027
1012.961, 40.33862
1013.443, 36.22235
1013.926, 30.47806
1014.408, 30.65189
1014.890, 33.19788
1015.372, 31.15259
1015.854, 24.30621
1016.336, 20.28046
1016.818, 21.17029
1017.300, 26.24625
1017.783, 45.52835
1018.265, 58.32654
1018.747, 41.54181
1019.229, 13.51941
1019.711, 2.300018
1020.193, 9.713928
1020.675, 16.38275
1021.157, 16.36893
1021.639, 14.79977
1022.122, 10.09851
1022.604, 7.872131
1023.086, 18.49539
1023.568, 29.79642
1024.050, 20.14142
1024.532, 8.637207
1025.014, 24.31589
1025.496, 12.21667
1025.979, 2.498383
1026.461, 20.73483
1026.943, 31.49036
1027.425, 21.37988
1027.907, 4.780487
1028.389, 0.1986080
1028.871, 6.516296
1029.353, 12.24722
1029.835, 12.24530
1030.318, 15.45444
1030.800, 28.06577
1031.282, 38.89062
1031.764, 46.76474
1032.246, 47.10339
1032.728, 26.94370
1033.210, 8.304962
1033.692, 21.64020
1034.174, 6.639832
1034.657, 27.07376
1035.139, 28.13055
1035.621, 28.77026
1036.103, 42.70901
1036.585, 54.61792
1037.067, 43.69684
1037.549, 15.53354
1038.031, 0.7958980
1038.514, 4.868164
1038.996, 13.40674
1039.478, 35.83011
1039.960, 49.47202
1040.442, 41.12302
1040.924, 27.94537
1041.406, 24.07187
1041.888, 27.66965
1042.370, 32.14200
1042.853, 37.73770
1043.335, 43.64288
1043.817, 50.55667
1044.299, 56.51913
1044.781, 62.72189
1045.263, 65.19449
1045.745, 59.65295
1046.227, 48.65878
1046.709, 37.92609
1047.192, 25.14902
1047.674, 26.44229
1048.156, 48.47107
1048.638, 65.75943
1049.120, 72.93689
1049.602, 71.47589
1050.084, 58.56256
1050.566, 41.20663
1051.049, 36.87848
1051.531, 46.61670
1052.013, 42.24634
1052.495, 19.19086
1052.977, 8.062378
1053.459, 16.48325
1053.941, 27.76938
1054.423, 32.77704
1054.906, 32.94003
1055.388, 30.07455
1055.870, 24.47021
1056.352, 16.58475
1056.834, 6.215881
1057.316, 10.40436
1057.798, 32.48157
1058.280, 45.85004
1058.762, 36.99838
1059.245, 19.56937
1059.727, 8.698578
1060.209, 4.592590
1060.691, 9.982178
1061.173, 23.14505
1061.655, 33.47699
1062.137, 39.83798
1062.619, 43.22488
1063.101, 43.99008
1063.584, 40.34839
1064.066, 28.24631
1064.548, 13.27530
1065.030, 9.732513
1065.512, 14.10620
1065.994, 18.46750
1066.476, 21.37253
1066.958, 18.26913
1067.441, 9.289825
1067.923, 6.241150
1068.405, 19.77307
1068.887, 35.10352
1069.369, 30.68350
1069.851, 18.16644
1070.333, 16.24631
1070.815, 21.07932
1071.297, 22.37286
1071.780, 18.54355
1072.262, 13.14810
1072.744, 7.220947
1073.226, 4.362610
1073.708, 10.72549
1074.190, 18.95859
1074.672, 20.30307
1075.154, 17.95535
1075.636, 15.63385
1076.119, 14.42297
1076.601, 15.71210
1077.083, 20.28525
1077.565, 24.00299
1078.047, 25.35104
1078.529, 24.76642
1079.011, 19.55438
1079.494, 15.12045
1079.976, 18.60013
1080.458, 25.96072
1080.940, 27.43585
1081.422, 21.17194
1081.904, 17.89096
1082.386, 22.89294
1082.868, 25.52307
1083.350, 22.82626
1083.833, 21.06229
1084.315, 24.36145
1084.797, 29.50699
1085.279, 32.03473
1085.761, 31.84732
1086.243, 30.95563
1086.725, 28.49423
1087.207, 27.15457
1087.689, 28.08633
1088.172, 28.39502
1088.654, 26.60983
1089.136, 24.22955
1089.618, 21.72015
1090.100, 20.21942
1090.582, 24.87375
1091.064, 37.58081
1091.546, 45.60480
1092.029, 50.98517
1092.511, 52.92126
1092.993, 29.92087
1093.475, 56.09451
1093.957, 69.96921
1094.439, 72.20685
1094.921, 27.94864
1095.403, 43.73129
1095.885, 35.44482
1096.368, 26.17639
1096.850, 50.41125
1097.332, 12.91867
1097.814, 36.62338
1098.296, 35.89981
1098.778, 46.36829
1099.260, 33.44086
1099.742, 28.21143
1100.224, 46.16266
1100.707, 50.69415
1101.189, 34.15784
1101.671, 45.32895
1102.153, 6.996460
1102.635, 12.10489
1103.117, 35.95691
1103.599, 20.63950
1104.081, 13.55487
1104.564, 26.42331
1105.046, 39.08276
1105.528, 35.86072
1106.010, 23.50473
1106.492, 13.40332
1106.974, 7.635834
1107.456, 4.001312
1107.938, 1.565186
1108.421, 1.580505
1108.903, 7.568604
1109.385, 12.77890
1109.867, 11.61752
1110.349, 9.064758
1110.831, 8.980072
1111.313, 11.76620
1111.795, 19.49954
1112.277, 33.67148
1112.760, 37.65164
1113.242, 15.06485
1113.724, 3.483612
1114.206, 19.22644
1114.688, 35.27206
1115.170, 37.31784
1115.652, 32.82950
1116.134, 32.69757
1116.616, 35.60059
1117.099, 28.25549
1117.581, 0.5728150
1118.063, 0.2044070
1118.545, 45.92078
1119.027, 75.09915
1119.509, 66.82367
1119.991, 42.54453
1120.473, 15.91867
1120.956, 7.060852
1121.438, 11.94687
1121.920, 0.2539370
1122.402, 17.22244
1122.884, 38.20258
1123.366, 50.36401
1123.848, 51.62451
1124.330, 44.77466
1124.813, 31.11719
1125.295, 19.73434
1125.777, 23.17200
1126.259, 32.21008
1126.741, 27.21732
1127.223, 16.24899
1127.705, 16.99094
1128.187, 27.01141
1128.669, 36.03079
1129.151, 40.90277
1129.634, 42.45297
1130.116, 41.97580
1130.598, 35.71014
1131.080, 11.32806
1131.562, 9.732117
1132.044, 3.974640
1132.526, 11.97467
1133.008, 17.23114
1133.491, 12.71072
1133.973, 8.228088
1134.455, 4.972900
1134.937, 7.774994
1135.419, 26.12631
1135.901, 38.83548
1136.383, 33.73798
1136.865, 28.32440
1137.348, 35.37079
1137.830, 47.11356
1138.312, 55.20322
1138.794, 59.05194
1139.276, 49.38193
1139.758, 16.84213
1140.240, 1.706085
1140.722, 9.806732
1141.204, 20.45651
1141.687, 28.34802
1142.169, 32.07886
1142.651, 30.26367
1143.133, 24.42786
1143.615, 14.33563
1144.097, 2.362335
1144.579, 11.52872
1145.061, 37.04794
1145.543, 44.01974
1146.026, 29.76413
1146.508, 17.77679
1146.990, 18.18045
1147.472, 19.87439
1147.954, 9.894287
1148.436, 0.1934510
1148.918, 10.38776
1149.400, 28.05725
1149.883, 36.74924
1150.365, 37.97946
1150.847, 36.75073
1151.329, 34.37424
1151.811, 30.63712
1152.293, 24.56345
1152.775, 20.72369
1153.257, 21.86115
1153.740, 25.00500
1154.222, 32.92480
1154.704, 38.23038
1155.186, 33.84589
1155.668, 22.57870
1156.150, 7.683380
1156.632, 11.67767
1157.114, 15.13861
1157.596, 8.847656
1158.078, 23.61038
1158.561, 23.65237
1159.043, 20.94806
1159.525, 18.51205
1160.007, 18.98465
1160.489, 26.00912
1160.971, 35.49866
1161.453, 36.27301
1161.935, 28.83627
1162.418, 20.36740
1162.900, 11.50430
1163.382, 8.492096
1163.864, 12.28394
1164.346, 22.51892
1164.828, 38.85046
1165.310, 49.77759
1165.792, 40.35962
1166.275, 24.88626
1166.757, 23.16116
1167.239, 27.73477
1167.721, 27.85181
1168.203, 25.40689
1168.685, 28.16406
1169.167, 34.83417
1169.649, 32.74435
1170.131, 14.72388
1170.614, 1.953156
1171.096, 12.75726
1171.578, 17.43573
1172.060, 15.80853
1172.542, 8.071198
1173.024, 13.70862
1173.506, 37.56882
1173.988, 38.72552
1174.470, 18.06577
1174.953, 13.25858
1175.435, 9.571808
1175.917, 38.36826
1176.399, 54.88458
1176.881, 59.76224
1177.363, 18.14395
1177.845, 36.56488
1178.327, 30.92453
1178.810, 23.89594
1179.292, 50.05508
1179.774, 15.17670
1180.256, 41.51526
1180.738, 43.42523
1181.220, 56.51486
1181.702, 45.39453
1182.184, 41.75140
1182.667, 62.32727
1183.149, 69.49182
1183.631, 55.58316
1184.113, 69.38190
1184.595, 33.67560
1185.077, 43.94165
1185.559, 51.60986
1186.041, 56.87595
1186.523, 40.50714
1187.005, 11.55472
1187.488, 1.053131
1187.970, 17.40628
1188.452, 28.25589
1188.934, 22.74426
1189.416, 21.60605
1189.898, 32.42325
1190.380, 42.59320
1190.862, 49.32654
1191.345, 52.14441
1191.827, 49.72983
1192.309, 43.93799
1192.791, 40.66721
1193.273, 39.88303
1193.755, 36.62885
1194.237, 31.62933
1194.719, 38.79297
1195.202, 58.11896
1195.684, 64.22430
1196.166, 46.15036
1196.648, 26.58887
1197.130, 27.06174
1197.612, 35.63388
1198.094, 42.66049
1198.576, 45.38394
1199.058, 34.46405
1199.541, 20.09653
1200.023, 21.41003
1200.505, 11.67929
1200.987, 39.76083
1201.469, 55.54413
1201.951, 59.66687
1202.433, 17.29767
1202.915, 34.98544
1203.397, 28.63394
1203.880, 21.25400
1204.362, 47.37228
1204.844, 11.76300
1205.326, 37.34982
1205.808, 38.50803
1206.290, 50.78720
1206.772, 38.91489
1207.254, 34.51984
1207.737, 54.34158
1208.219, 60.75302
1208.701, 46.09116
1209.183, 59.13467
1209.665, 22.67407
1210.147, 29.67914
1210.629, 55.59891
1211.111, 42.38092
1211.594, 55.94290
1212.076, 59.18338
1212.558, 15.79868
1213.040, 53.43454
1213.522, 56.02393
1214.004, 22.49069
1214.486, 56.31369
1214.968, 26.90735
1215.450, 21.15228
1215.932, 26.07990
1216.415, 22.32047
1216.897, 27.37289
1217.379, 34.79657
1217.861, 44.48212
1218.343, 51.30798
1218.825, 49.04062
1219.307, 40.94073
1219.789, 37.54980
1220.272, 38.71027
1220.754, 31.53687
1221.236, 17.45703
1221.718, 12.27875
1222.200, 17.11349
1222.682, 22.31277
1223.164, 21.51788
1223.646, 18.66010
1224.129, 16.33478
1224.611, 16.16913
1225.093, 19.50858
1225.575, 25.99088
1226.057, 38.11295
1226.539, 51.04886
1227.021, 59.71378
1227.503, 63.64243
1227.985, 62.44281
1228.468, 55.53445
1228.950, 29.88922
1229.432, 57.69653
1229.914, 73.09741
1230.396, 76.96515
1230.878, 34.34006
1231.360, 51.74860
1231.842, 45.09467
1232.324, 37.45294
1232.807, 63.30804
1233.289, 27.43539
1233.771, 52.75803
1234.253, 53.65118
1234.735, 65.72372
1235.217, 53.58542
1235.699, 48.92374
1236.181, 68.47833
1236.664, 74.59595
1237.146, 59.66534
1237.628, 72.44122
1238.110, 35.71094
1238.592, 42.38956
1239.074, 67.84033
1239.556, 54.12170
1240.038, 67.33478
1240.521, 70.28851
1241.003, 26.62558
1241.485, 64.02948
1241.967, 66.36566
1242.449, 32.68774
1242.931, 67.30264
1243.413, 38.60938
1243.895, 44.64630
1244.377, 42.32428
1244.859, 33.56689
1245.342, 31.76614
1245.824, 43.42548
1246.306, 47.77475
1246.788, 17.91718
1247.270, 15.03842
1247.752, 0.3129270
1248.234, 30.05630
1248.716, 28.44571
1249.199, 12.22440
1249.681, 8.771179
1250.163, 17.35049
1250.645, 26.04425
1251.127, 32.82800
1251.609, 34.18918
1252.091, 22.18262
1252.573, 17.57410
1253.056, 26.16678
1253.538, 32.91605
1254.020, 33.23483
1254.502, 29.62619
1254.984, 22.92163
1255.466, 17.02698
1255.948, 19.01349
1256.430, 26.63818
1256.912, 33.71448
1257.395, 39.73621
1257.877, 43.44937
1258.359, 44.77994
1258.841, 43.99942
1259.323, 41.07147
1259.805, 28.83548
1260.287, 13.39172
1260.769, 8.248688
1261.251, 33.59143
1261.734, 53.40045
1262.216, 50.36743
1262.698, 40.75940
1263.180, 29.47012
1263.662, 21.22696
1264.144, 21.60855
1264.626, 27.61188
1265.108, 29.96106
1265.591, 28.81152
1266.073, 34.00891
1266.555, 43.65497
1267.037, 37.05081
1267.519, 14.58777
1268.001, 0.4091490
1268.483, 0.6969600
1268.965, 7.036163
1269.448, 20.38437
1269.930, 30.74551
1270.412, 12.97244
1270.894, 1.632660
1271.376, 8.666718
1271.858, 0.0000000E+00
##END=



