##NAMES=Vuonnemite
##RRUFFID=R070690
##IDEAL CHEMISTRY=Na_11_Ti^4+^Nb^5+^_2_(Si_2_O_7_)_2_(PO_4_)_2_O_3_F
##LOCALITY=Yubileinaya (Yubileinoye; Jubilejnaja) pegmatite,  Karnasurt Mt, Lovozero Massif, Kola Peninsula,  Murmanskaja Oblast', Northern Region, Russia
##OWNER=RRUFF
##SOURCE=Michael Scott
##DESCRIPTION=Cream colored platy massive associated with pinkish ussingite, light yellow-green sphalerite, and brown elongated tabular serandite
##STATUS=The identification of this mineral has been confirmed only by single crystal X-ray diffraction.
##URL=rruff.info/R070690
164.1253, 0.0000000E+00
164.6075, 0.7070310
165.0896, 5.620117
165.5717, 22.24609
166.0538, 48.58789
166.5359, 80.50391
167.0180, 113.3809
167.5002, 146.9941
167.9823, 179.5869
168.4644, 208.7129
168.9465, 234.4414
169.4286, 261.0615
169.9107, 295.9033
170.3929, 336.5605
170.8750, 372.4805
171.3571, 402.7100
171.8392, 424.4385
172.3213, 431.9062
172.8034, 420.7979
173.2856, 414.0859
173.7677, 417.4590
174.2498, 421.6719
174.7319, 425.3271
175.2140, 433.9219
175.6961, 446.4053
176.1783, 446.0459
176.6604, 371.4814
177.1425, 288.5410
177.6246, 256.2041
178.1067, 267.5352
178.5888, 277.1074
179.0710, 242.2080
179.5531, 181.0645
180.0352, 135.6221
180.5173, 123.9082
180.9994, 124.4102
181.4815, 94.06934
181.9637, 34.19043
182.4458, 17.21875
182.9279, 17.54004
183.4100, 20.49121
183.8921, 49.01172
184.3742, 50.51953
184.8564, 35.54688
185.3385, 30.00488
185.8206, 35.16113
186.3027, 36.42676
186.7848, 8.122070
187.2669, 43.89648
187.7491, 74.54590
188.2312, 56.11621
188.7133, 3.815430
189.1954, 26.95410
189.6775, 33.76367
190.1596, 28.18359
190.6418, 20.19434
191.1239, 9.924805
191.6060, 5.484375
192.0881, 11.42676
192.5702, 26.84961
193.0524, 43.38184
193.5345, 59.12598
194.0166, 78.63379
194.4987, 114.0176
194.9808, 166.6377
195.4629, 208.4717
195.9451, 222.4277
196.4272, 209.5459
196.9093, 194.4482
197.3914, 176.2422
197.8735, 158.5068
198.3556, 149.2002
198.8378, 151.3535
199.3199, 157.2061
199.8020, 161.8213
200.2841, 168.2900
200.7662, 162.1562
201.2483, 137.2275
201.7305, 101.3994
202.2126, 72.02930
202.6947, 46.72266
203.1768, 36.85352
203.6589, 58.14355
204.1410, 117.4932
204.6232, 154.3291
205.1053, 156.7324
205.5874, 136.0459
206.0695, 129.4863
206.5516, 139.5107
207.0337, 157.2598
207.5159, 176.4648
207.9980, 194.8691
208.4801, 224.1006
208.9622, 274.5020
209.4443, 336.6279
209.9264, 358.9082
210.4086, 326.3389
210.8907, 284.0361
211.3728, 267.8994
211.8549, 285.8262
212.3370, 304.8086
212.8191, 327.8555
213.3013, 350.5957
213.7834, 333.3496
214.2655, 258.0098
214.7476, 171.6523
215.2297, 117.1299
215.7118, 106.1318
216.1940, 93.17578
216.6761, 66.35547
217.1582, 27.01855
217.6403, 8.304688
218.1224, 17.20410
218.6045, 37.29688
219.0867, 55.76270
219.5688, 77.77051
220.0509, 84.04102
220.5330, 62.60645
221.0151, 12.36328
221.4972, 11.21875
221.9794, 0.6064450
222.4615, 26.00977
222.9436, 39.11426
223.4257, 35.33594
223.9078, 27.84375
224.3899, 13.50488
224.8721, 10.35156
225.3542, 1.156250
225.8363, 63.60547
226.3184, 140.2900
226.8005, 176.8584
227.2827, 155.9795
227.7648, 126.7314
228.2469, 99.41113
228.7290, 73.92090
229.2111, 49.72363
229.6932, 19.46777
230.1754, 3.554688
230.6575, 3.866211
231.1396, 71.45508
231.6217, 115.7158
232.1038, 106.3115
232.5859, 28.99512
233.0681, 25.59668
233.5502, 53.51074
234.0323, 61.76270
234.5144, 57.51758
234.9965, 30.31836
235.4786, 8.692383
235.9608, 3.100586
236.4429, 18.75293
236.9250, 27.82031
237.4071, 29.81445
237.8892, 25.59668
238.3713, 15.03613
238.8535, 9.095703
239.3356, 27.20020
239.8177, 29.20605
240.2998, 4.627930
240.7819, 1.589844
241.2640, 35.23633
241.7462, 82.60352
242.2283, 104.9678
242.7104, 87.00195
243.1925, 69.15527
243.6746, 63.36621
244.1567, 69.76562
244.6389, 89.62012
245.1210, 127.5596
245.6031, 173.6475
246.0852, 210.3779
246.5673, 232.5371
247.0494, 255.7100
247.5316, 284.2988
248.0137, 316.4941
248.4958, 362.5547
248.9779, 432.6729
249.4600, 510.5928
249.9421, 560.9170
250.4243, 564.9766
250.9064, 575.8398
251.3885, 617.5312
251.8706, 706.5742
252.3527, 769.9521
252.8348, 794.1865
253.3170, 801.0117
253.7991, 833.7793
254.2812, 906.3809
254.7633, 976.9883
255.2454, 1025.265
255.7275, 1036.843
256.2097, 1080.168
256.6918, 1169.792
257.1739, 1280.402
257.6560, 1367.295
258.1381, 1426.959
258.6202, 1470.053
259.1024, 1494.969
259.5845, 1490.706
260.0666, 1514.933
260.5487, 1581.312
261.0308, 1665.725
261.5129, 1727.734
261.9951, 1762.438
262.4772, 1784.676
262.9593, 1796.318
263.4414, 1793.544
263.9235, 1802.165
264.4056, 1831.622
264.8878, 1863.942
265.3699, 1866.695
265.8520, 1832.625
266.3341, 1790.146
266.8162, 1750.186
267.2983, 1714.486
267.7805, 1669.760
268.2626, 1611.652
268.7447, 1549.623
269.2268, 1502.025
269.7089, 1473.521
270.1910, 1442.791
270.6732, 1397.098
271.1553, 1333.230
271.6374, 1288.406
272.1195, 1265.252
272.6016, 1257.311
273.0837, 1256.059
273.5659, 1262.420
274.0480, 1270.861
274.5301, 1278.783
275.0122, 1285.918
275.4943, 1297.740
275.9764, 1313.795
276.4586, 1335.379
276.9407, 1364.773
277.4228, 1401.561
277.9049, 1444.953
278.3870, 1501.027
278.8691, 1568.291
279.3513, 1606.639
279.8334, 1607.705
280.3155, 1602.170
280.7976, 1638.340
281.2798, 1717.865
281.7619, 1790.213
282.2440, 1836.441
282.7261, 1858.602
283.2082, 1868.559
283.6903, 1862.363
284.1725, 1858.119
284.6546, 1888.260
285.1367, 1950.531
285.6188, 1994.650
286.1009, 1988.947
286.5830, 1949.312
287.0652, 1950.766
287.5473, 1998.787
288.0294, 2054.410
288.5115, 2071.695
288.9936, 2054.918
289.4757, 2039.002
289.9579, 2036.301
290.4400, 2042.650
290.9221, 2050.396
291.4042, 2060.066
291.8863, 2060.861
292.3684, 2035.467
292.8506, 1990.127
293.3327, 1948.830
293.8148, 1916.820
294.2969, 1894.078
294.7790, 1881.285
295.2611, 1878.605
295.7433, 1883.895
296.2254, 1900.316
296.7075, 1924.121
297.1896, 1943.209
297.6717, 1951.994
298.1538, 1956.992
298.6360, 1964.832
299.1181, 1976.057
299.6002, 1995.066
300.0823, 2031.643
300.5644, 2077.975
301.0465, 2118.611
301.5287, 2143.586
302.0108, 2168.605
302.4929, 2223.160
302.9750, 2300.240
303.4571, 2355.840
303.9392, 2341.115
304.4214, 2293.377
304.9035, 2263.902
305.3856, 2272.387
305.8677, 2290.762
306.3498, 2302.465
306.8319, 2306.281
307.3141, 2296.533
307.7962, 2265.658
308.2783, 2221.557
308.7604, 2171.508
309.2425, 2118.729
309.7246, 2058.092
310.2068, 1982.816
310.6889, 1896.141
311.1710, 1806.814
311.6531, 1703.959
312.1352, 1609.061
312.6173, 1546.277
313.0995, 1533.867
313.5816, 1511.953
314.0637, 1435.547
314.5458, 1329.615
315.0279, 1240.807
315.5100, 1217.416
315.9922, 1196.910
316.4743, 1140.885
316.9564, 1035.555
317.4385, 933.6133
317.9206, 843.4082
318.4027, 769.0312
318.8849, 716.1699
319.3670, 712.2949
319.8491, 707.3965
320.3312, 680.8262
320.8133, 627.1348
321.2954, 575.2871
321.7776, 530.0684
322.2597, 489.4453
322.7418, 451.2305
323.2239, 411.6602
323.7060, 377.9258
324.1881, 353.8496
324.6703, 340.3984
325.1524, 324.8535
325.6345, 308.0059
326.1166, 287.9316
326.5987, 262.9121
327.0808, 222.5605
327.5630, 189.4004
328.0451, 163.6074
328.5272, 145.5195
329.0093, 144.6445
329.4914, 182.5352
329.9735, 217.9414
330.4557, 222.5566
330.9378, 175.9590
331.4199, 133.2852
331.9020, 93.88281
332.3841, 60.74609
332.8662, 50.77148
333.3484, 75.90039
333.8305, 106.1289
334.3126, 127.1328
334.7947, 139.7969
335.2768, 136.8145
335.7589, 106.6133
336.2411, 66.76367
336.7232, 68.99609
337.2053, 130.8809
337.6874, 183.2070
338.1695, 184.9316
338.6516, 127.3496
339.1338, 96.13672
339.6159, 97.72070
340.0980, 118.4199
340.5801, 134.6836
341.0622, 145.6309
341.5443, 163.5176
342.0265, 202.8691
342.5086, 258.6719
342.9907, 282.0918
343.4728, 267.1602
343.9549, 242.1445
344.4370, 242.2676
344.9192, 265.2461
345.4013, 289.9238
345.8834, 307.3145
346.3655, 321.2246
346.8476, 339.1504
347.3297, 360.8125
347.8119, 389.7695
348.2940, 440.9219
348.7761, 503.5312
349.2582, 542.5078
349.7403, 536.9961
350.2225, 515.7852
350.7046, 524.4961
351.1867, 559.2129
351.6688, 588.6641
352.1509, 581.4473
352.6331, 556.9258
353.1152, 546.5176
353.5973, 565.8457
354.0794, 584.5840
354.5615, 568.8965
355.0436, 528.8984
355.5258, 495.3652
356.0079, 502.6055
356.4900, 514.0508
356.9721, 492.6895
357.4542, 422.1738
357.9363, 355.0312
358.4185, 327.0996
358.9006, 321.7969
359.3827, 310.4414
359.8648, 280.6777
360.3469, 242.9395
360.8290, 199.2207
361.3112, 128.4460
361.7933, 137.6544
362.2754, 137.3697
362.7575, 128.1579
363.2396, 80.07222
363.7217, 84.64277
364.2039, 69.61259
364.6860, 54.80898
365.1681, 69.85925
365.6502, 32.94798
366.1323, 49.68758
366.6144, 46.51176
367.0966, 54.01429
367.5787, 41.79002
368.0608, 37.06328
368.5429, 54.21632
369.0250, 60.92127
369.5071, 50.59431
369.9893, 65.14608
370.4714, 38.23800
370.9535, 49.72535
371.4356, 78.38909
371.9177, 74.47239
372.3998, 94.76884
372.8820, 107.3267
373.3641, 80.90542
373.8462, 125.2089
374.3283, 140.4636
374.8104, 125.8612
375.2925, 213.1914
375.7747, 268.6328
376.2568, 294.5449
376.7389, 313.5762
377.2210, 357.8008
377.7031, 428.9375
378.1852, 499.8105
378.6674, 557.7266
379.1495, 609.0000
379.6316, 687.3125
380.1137, 794.0410
380.5958, 909.0117
381.0779, 1018.355
381.5601, 1121.662
382.0422, 1205.434
382.5243, 1258.043
383.0064, 1303.713
383.4885, 1389.918
383.9706, 1512.131
384.4528, 1630.727
384.9349, 1714.455
385.4170, 1778.934
385.8991, 1852.846
386.3812, 1943.551
386.8633, 2036.396
387.3455, 2122.051
387.8276, 2199.539
388.3097, 2268.045
388.7918, 2320.529
389.2739, 2367.162
389.7560, 2417.184
390.2382, 2471.951
390.7203, 2522.189
391.2024, 2569.562
391.6845, 2607.281
392.1666, 2628.049
392.6487, 2624.730
393.1309, 2607.857
393.6130, 2573.480
394.0951, 2523.998
394.5772, 2485.490
395.0593, 2485.299
395.5414, 2485.031
396.0236, 2460.646
396.5057, 2399.242
396.9878, 2324.713
397.4699, 2221.568
397.9520, 2104.635
398.4341, 2021.650
398.9163, 2001.080
399.3984, 1985.094
399.8805, 1952.154
400.3626, 1893.844
400.8447, 1842.127
401.3268, 1789.520
401.8090, 1749.100
402.2911, 1743.871
402.7732, 1790.330
403.2553, 1827.857
403.7374, 1833.002
404.2195, 1809.078
404.7017, 1819.088
405.1838, 1869.486
405.6659, 1937.033
406.1480, 2005.115
406.6301, 2074.174
407.1122, 2132.689
407.5944, 2172.666
408.0765, 2207.242
408.5586, 2270.461
409.0407, 2362.066
409.5228, 2456.834
410.0049, 2535.357
410.4871, 2603.195
410.9692, 2680.332
411.4513, 2772.234
411.9334, 2860.232
412.4155, 2923.062
412.8976, 2966.102
413.3798, 3002.393
413.8619, 3029.156
414.3440, 3058.053
414.8261, 3114.773
415.3082, 3202.201
415.7903, 3266.621
416.2725, 3260.369
416.7546, 3212.033
417.2367, 3156.891
417.7188, 3105.721
418.2009, 3052.123
418.6830, 2998.494
419.1652, 2942.748
419.6473, 2875.574
420.1294, 2778.242
420.6115, 2677.773
421.0937, 2586.746
421.5758, 2511.230
422.0579, 2438.193
422.5400, 2352.035
423.0221, 2270.457
423.5042, 2222.430
423.9864, 2230.219
424.4685, 2249.186
424.9506, 2277.789
425.4327, 2318.459
425.9148, 2308.178
426.3969, 2216.314
426.8791, 2116.469
427.3612, 2073.135
427.8433, 2101.727
428.3254, 2131.092
428.8075, 2156.244
429.2896, 2176.262
429.7718, 2182.189
430.2539, 2172.658
430.7360, 2160.975
431.2181, 2151.654
431.7002, 2144.844
432.1823, 2147.328
432.6645, 2162.152
433.1466, 2175.986
433.6287, 2155.906
434.1108, 2112.992
434.5929, 2098.980
435.0750, 2158.227
435.5572, 2246.395
436.0393, 2286.396
436.5214, 2281.297
437.0035, 2260.018
437.4856, 2216.127
437.9677, 2179.623
438.4499, 2196.168
438.9320, 2306.820
439.4141, 2418.742
439.8962, 2452.430
440.3783, 2436.314
440.8604, 2442.750
441.3426, 2534.012
441.8247, 2633.711
442.3068, 2694.975
442.7889, 2704.615
443.2710, 2715.951
443.7531, 2746.830
444.2353, 2785.215
444.7174, 2818.273
445.1995, 2839.045
445.6816, 2859.934
446.1637, 2888.156
446.6458, 2921.471
447.1280, 2936.539
447.6101, 2919.027
448.0922, 2899.078
448.5743, 2896.857
449.0564, 2930.043
449.5385, 2932.824
450.0207, 2897.754
450.5028, 2837.023
450.9849, 2771.273
451.4670, 2700.516
451.9491, 2628.006
452.4312, 2561.318
452.9134, 2496.389
453.3955, 2394.994
453.8776, 2254.312
454.3597, 2100.232
454.8418, 1954.666
455.3239, 1816.676
455.8061, 1687.998
456.2882, 1566.895
456.7703, 1456.023
457.2524, 1360.447
457.7345, 1278.846
458.2166, 1203.732
458.6988, 1141.648
459.1809, 1078.971
459.6630, 998.1309
460.1451, 893.7500
460.6272, 792.2910
461.1093, 704.3398
461.5915, 631.2559
462.0736, 576.6250
462.5557, 564.1621
463.0378, 548.1367
463.5199, 504.2715
464.0020, 437.6504
464.4842, 386.3594
464.9663, 369.8008
465.4484, 362.5801
465.9305, 352.1953
466.4126, 343.2715
466.8947, 321.4570
467.3769, 278.2266
467.8590, 225.9727
468.3411, 184.5723
468.8232, 158.0918
469.3053, 134.7129
469.7874, 110.5215
470.2696, 85.89062
470.7517, 70.66602
471.2338, 69.23828
471.7159, 63.87891
472.1980, 27.76758
472.6801, 37.68945
473.1623, 64.11523
473.6444, 32.89648
474.1265, 23.31250
474.6086, 54.20898
475.0907, 61.29492
475.5728, 54.26953
476.0550, 27.70898
476.5371, 6.099609
477.0192, 27.89648
477.5013, 37.13281
477.9834, 37.24805
478.4655, 23.38672
478.9477, 4.236328
479.4298, 8.968750
479.9119, 15.77734
480.3940, 12.56836
480.8761, 16.58594
481.3582, 59.25781
481.8404, 79.25977
482.3225, 42.96289
482.8046, 0.7207030
483.2867, 30.46094
483.7688, 41.96094
484.2509, 48.06836
484.7331, 49.72461
485.2152, 46.37305
485.6973, 36.75391
486.1794, 14.14258
486.6615, 3.037109
487.1436, 10.83398
487.6258, 11.24219
488.1079, 14.22070
488.5900, 21.57812
489.0721, 26.61914
489.5542, 18.10742
490.0363, 4.429688
490.5185, 11.26953
491.0006, 76.57617
491.4827, 146.4785
491.9648, 159.5996
492.4470, 123.4316
492.9291, 75.58203
493.4112, 16.32617
493.8933, 35.84180
494.3754, 41.30078
494.8575, 6.679688
495.3397, 27.08789
495.8218, 40.94922
496.3039, 36.20898
496.7860, 7.808594
497.2681, 54.50391
497.7502, 104.2168
498.2324, 103.7891
498.7145, 79.85547
499.1966, 68.82031
499.6787, 103.3008
500.1608, 130.1406
500.6429, 122.1992
501.1251, 82.87891
501.6072, 70.38672
502.0893, 103.9492
502.5714, 151.7148
503.0535, 204.3691
503.5356, 284.6035
504.0178, 309.7539
504.4999, 249.2305
504.9820, 161.1562
505.4641, 138.8047
505.9462, 195.1621
506.4283, 249.4941
506.9105, 277.8984
507.3926, 286.5352
507.8747, 301.1582
508.3568, 322.4414
508.8389, 338.1289
509.3210, 328.1211
509.8032, 305.8281
510.2853, 312.7148
510.7674, 359.1973
511.2495, 412.3027
511.7316, 436.0332
512.2137, 441.6191
512.6959, 451.4570
513.1780, 476.7637
513.6601, 508.1426
514.1422, 542.4414
514.6243, 578.7207
515.1064, 611.2168
515.5886, 640.4277
516.0707, 663.3145
516.5528, 675.2539
517.0349, 662.4883
517.5170, 666.8164
517.9991, 701.5762
518.4813, 751.8242
518.9634, 799.9062
519.4455, 849.0098
519.9276, 890.7129
520.4097, 924.8320
520.8918, 950.0586
521.3740, 958.3320
521.8561, 943.3574
522.3382, 932.3105
522.8203, 952.6250
523.3024, 1000.727
523.7845, 1012.555
524.2667, 977.1602
524.7488, 934.1699
525.2309, 941.9746
525.7130, 985.0410
526.1951, 1007.674
526.6772, 973.4395
527.1594, 926.0957
527.6415, 930.5293
528.1236, 972.1797
528.6057, 987.4512
529.0878, 892.0996
529.5699, 787.9629
530.0521, 768.3359
530.5342, 870.3379
531.0163, 927.8320
531.4984, 854.9766
531.9805, 731.0938
532.4626, 636.7500
532.9448, 580.4434
533.4269, 556.9062
533.9090, 582.9863
534.3911, 641.9727
534.8732, 672.1289
535.3553, 671.1738
535.8375, 648.7070
536.3196, 602.9414
536.8017, 531.8750
537.2838, 479.4062
537.7659, 446.7695
538.2480, 424.7969
538.7302, 403.8223
539.2123, 382.8223
539.6944, 364.7285
540.1765, 356.1465
540.6586, 349.5371
541.1407, 321.6035
541.6229, 280.8125
542.1050, 259.9883
542.5871, 301.1621
543.0692, 354.0723
543.5513, 368.9980
544.0334, 343.0645
544.5156, 317.7363
544.9977, 313.8438
545.4798, 318.8750
545.9619, 321.8320
546.4440, 309.9336
546.9261, 311.4570
547.4083, 349.1055
547.8904, 400.8672
548.3725, 421.2207
548.8546, 387.0137
549.3367, 350.7949
549.8188, 325.8750
550.3010, 315.6875
550.7831, 328.8340
551.2652, 371.4492
551.7473, 418.4336
552.2294, 449.2969
552.7115, 465.2422
553.1937, 481.8340
553.6758, 500.8457
554.1579, 525.5625
554.6400, 568.1113
555.1221, 620.7383
555.6042, 658.6094
556.0864, 651.3418
556.5685, 647.3418
557.0506, 697.5703
557.5327, 792.4609
558.0148, 894.0879
558.4969, 995.3281
558.9791, 1088.764
559.4612, 1160.498
559.9433, 1198.795
560.4254, 1270.539
560.9075, 1402.969
561.3896, 1565.555
561.8718, 1732.703
562.3539, 1905.963
562.8360, 2080.014
563.3181, 2243.559
563.8002, 2410.857
564.2823, 2617.895
564.7645, 2862.785
565.2466, 3149.852
565.7287, 3496.055
566.2108, 3885.336
566.6929, 4228.963
567.1750, 4522.576
567.6572, 4805.359
568.1393, 5095.098
568.6214, 5395.178
569.1035, 5700.801
569.5856, 6012.322
570.0677, 6337.275
570.5499, 6703.652
571.0320, 7087.432
571.5141, 7453.436
571.9962, 7768.893
572.4783, 8081.635
572.9604, 8419.104
573.4426, 8771.330
573.9247, 9092.865
574.4068, 9379.049
574.8889, 9625.900
575.3710, 9834.420
575.8531, 10012.67
576.3353, 10115.40
576.8174, 10148.18
577.2995, 10095.89
577.7816, 9931.131
578.2637, 9647.664
578.7458, 9323.369
579.2280, 8966.691
579.7101, 8581.336
580.1922, 8165.441
580.6743, 7722.643
581.1564, 7274.449
581.6385, 6810.281
582.1207, 6356.625
582.6028, 5952.482
583.0849, 5599.199
583.5670, 5279.881
584.0491, 5002.234
584.5313, 4745.512
585.0134, 4486.973
585.4955, 4213.215
585.9776, 3974.744
586.4597, 3808.383
586.9418, 3673.910
587.4240, 3527.141
587.9061, 3363.572
588.3882, 3193.594
588.8703, 3009.193
589.3524, 2821.625
589.8345, 2668.781
590.3167, 2559.791
590.7988, 2449.176
591.2809, 2315.084
591.7630, 2163.695
592.2451, 2031.715
592.7272, 1919.424
593.2094, 1818.885
593.6915, 1717.066
594.1736, 1623.670
594.6557, 1563.053
595.1378, 1547.658
595.6199, 1532.717
596.1021, 1482.873
596.5842, 1413.160
597.0663, 1344.668
597.5485, 1262.488
598.0306, 1206.055
598.5127, 1203.195
598.9948, 1241.102
599.4769, 1264.076
599.9590, 1267.439
600.4412, 1257.355
600.9233, 1229.240
601.4054, 1180.246
601.8875, 1161.148
602.3696, 1185.316
602.8517, 1207.125
603.3339, 1164.775
603.8160, 1067.387
604.2981, 1053.104
604.7802, 1151.389
605.2623, 1284.904
605.7444, 1364.648
606.2266, 1400.402
606.7087, 1413.158
607.1908, 1385.795
607.6729, 1365.596
608.1550, 1400.422
608.6371, 1475.305
609.1193, 1542.967
609.6014, 1580.748
610.0835, 1609.178
610.5656, 1635.729
611.0477, 1660.811
611.5298, 1687.643
612.0120, 1738.434
612.4941, 1768.943
612.9762, 1743.322
613.4583, 1641.693
613.9404, 1561.447
614.4225, 1519.848
614.9047, 1477.217
615.3868, 1362.490
615.8689, 1181.018
616.3510, 1017.260
616.8331, 897.8438
617.3152, 806.4648
617.7974, 719.6758
618.2795, 639.2207
618.7616, 568.1660
619.2437, 521.7617
619.7258, 475.6875
620.2079, 401.8965
620.6901, 299.9648
621.1722, 220.2812
621.6543, 199.0840
622.1364, 192.5781
622.6185, 171.7871
623.1006, 122.6191
623.5828, 86.77344
624.0649, 69.54297
624.5470, 60.79883
625.0291, 46.65234
625.5112, 23.86914
625.9933, 15.58398
626.4755, 32.58594
626.9576, 57.30078
627.4397, 50.50000
627.9218, 15.42383
628.4039, 23.23047
628.8860, 65.79492
629.3682, 98.44336
629.8503, 89.45898
630.3324, 45.40820
630.8145, 15.58008
631.2966, 54.96484
631.7787, 100.8984
632.2609, 102.7207
632.7430, 38.36523
633.2251, 8.300781
633.7072, 4.226563
634.1893, 14.16992
634.6714, 15.11328
635.1536, 18.25781
635.6357, 29.83008
636.1178, 6.669922
636.5999, 30.88477
637.0820, 45.26953
637.5641, 35.63477
638.0463, 21.60352
638.5284, 11.77734
639.0105, 0.6679690
639.4926, 45.63672
639.9747, 113.9023
640.4568, 151.1152
640.9390, 93.46680
641.4211, 10.26172
641.9032, 31.62891
642.3853, 27.41406
642.8674, 23.34375
643.3495, 49.77148
643.8317, 74.80078
644.3138, 75.32617
644.7959, 32.45117
645.2780, 4.755859
645.7601, 39.40430
646.2422, 65.62305
646.7244, 74.00781
647.2065, 60.35547
647.6886, 50.67773
648.1707, 51.40820
648.6528, 55.61328
649.1349, 43.98633
649.6171, 19.97070
650.0992, 7.621094
650.5813, 25.69141
651.0634, 56.84961
651.5455, 86.02344
652.0276, 111.7715
652.5098, 124.4551
652.9919, 110.8125
653.4740, 88.91992
653.9561, 62.35547
654.4382, 25.40430
654.9203, 23.02734
655.4025, 104.8555
655.8846, 186.9375
656.3667, 208.3105
656.8488, 141.7324
657.3309, 95.75391
657.8130, 75.17578
658.2952, 73.57812
658.7773, 90.58398
659.2594, 123.8691
659.7415, 142.2285
660.2236, 133.6641
660.7057, 112.8926
661.1879, 89.49219
661.6700, 69.86719
662.1521, 72.43945
662.6342, 136.4277
663.1163, 199.2852
663.5984, 217.7754
664.0806, 196.1016
664.5627, 176.4609
665.0448, 173.2168
665.5269, 170.3984
666.0090, 156.8516
666.4911, 127.6680
666.9733, 126.7871
667.4554, 163.0273
667.9375, 210.1113
668.4196, 249.5547
668.9017, 281.4629
669.3839, 306.8320
669.8660, 327.3848
670.3481, 333.6973
670.8302, 302.8984
671.3123, 250.5254
671.7944, 209.1719
672.2766, 187.4492
672.7587, 181.9609
673.2408, 203.4629
673.7229, 238.1641
674.2050, 259.5039
674.6871, 235.0762
675.1693, 223.4746
675.6514, 250.3418
676.1335, 306.0977
676.6156, 341.0645
677.0977, 352.2910
677.5798, 348.6445
678.0620, 323.8887
678.5441, 283.4590
679.0262, 285.7051
679.5083, 332.5586
679.9904, 385.2051
680.4725, 411.1523
680.9547, 422.2129
681.4368, 439.2188
681.9189, 464.6875
682.4010, 493.2773
682.8831, 526.5703
683.3652, 558.8262
683.8474, 583.0312
684.3295, 590.0957
684.8116, 600.5957
685.2937, 616.4297
685.7758, 638.2051
686.2579, 665.6074
686.7401, 695.5195
687.2222, 736.8535
687.7043, 797.9941
688.1864, 869.8047
688.6685, 921.9922
689.1506, 953.9180
689.6328, 989.2207
690.1149, 1044.518
690.5970, 1113.262
691.0791, 1179.594
691.5612, 1243.875
692.0433, 1310.463
692.5255, 1386.447
693.0076, 1463.648
693.4897, 1535.201
693.9718, 1600.053
694.4539, 1668.422
694.9360, 1758.285
695.4182, 1838.582
695.9003, 1885.107
696.3824, 1877.098
696.8645, 1922.531
697.3466, 2030.691
697.8287, 2167.266
698.3109, 2314.562
698.7930, 2464.031
699.2751, 2560.984
699.7572, 2581.348
700.2393, 2592.082
700.7214, 2663.625
701.2036, 2770.316
701.6857, 2871.104
702.1678, 2948.422
702.6499, 3027.307
703.1320, 3125.957
703.6141, 3229.545
704.0963, 3304.447
704.5784, 3343.494
705.0605, 3366.367
705.5426, 3380.998
706.0247, 3382.637
706.5068, 3345.486
706.9890, 3265.307
707.4711, 3174.230
707.9532, 3083.652
708.4353, 2997.301
708.9174, 2939.029
709.3995, 2903.750
709.8817, 2842.572
710.3638, 2697.992
710.8459, 2528.158
711.3280, 2389.234
711.8101, 2290.543
712.2922, 2183.582
712.7744, 2033.445
713.2565, 1884.770
713.7386, 1765.062
714.2207, 1681.178
714.7028, 1613.035
715.1849, 1566.889
715.6671, 1525.447
716.1492, 1464.564
716.6313, 1387.520
717.1134, 1323.686
717.5955, 1280.162
718.0776, 1237.900
718.5598, 1178.768
719.0419, 1107.605
719.5240, 1030.209
720.0061, 916.2188
720.4882, 832.9316
720.9703, 837.4238
721.4525, 895.2246
721.9346, 925.0684
722.4167, 885.5938
722.8988, 849.5234
723.3809, 835.3867
723.8630, 838.5957
724.3452, 828.2305
724.8273, 798.4043
725.3094, 778.6855
725.7915, 790.3008
726.2736, 821.7129
726.7557, 848.3203
727.2379, 870.6387
727.7200, 879.9180
728.2021, 847.9531
728.6842, 811.3945
729.1663, 806.6641
729.6484, 837.3906
730.1306, 855.7773
730.6127, 834.6309
731.0948, 814.6699
731.5769, 817.0469
732.0590, 845.5938
732.5411, 872.5957
733.0233, 897.4023
733.5054, 920.4941
733.9875, 952.4629
734.4696, 988.3809
734.9517, 975.8535
735.4338, 898.9980
735.9160, 823.6816
736.3981, 828.8398
736.8802, 882.5605
737.3623, 932.8809
737.8444, 963.9688
738.3266, 983.1562
738.8087, 1001.100
739.2908, 1008.822
739.7729, 988.4961
740.2551, 902.3477
740.7372, 854.2930
741.2193, 871.1172
741.7014, 926.3574
742.1835, 963.9492
742.6656, 982.6289
743.1478, 987.7363
743.6299, 975.7988
744.1120, 956.0020
744.5941, 943.0449
745.0762, 935.5176
745.5583, 928.5488
746.0405, 924.4707
746.5226, 916.2148
747.0047, 899.3203
747.4868, 875.7734
747.9689, 852.1387
748.4510, 823.1738
748.9332, 800.4492
749.4153, 783.7715
749.8974, 774.2012
750.3795, 793.8223
750.8616, 846.0273
751.3438, 895.9805
751.8259, 926.8379
752.3080, 938.5234
752.7901, 922.3594
753.2722, 880.4238
753.7543, 848.4453
754.2365, 867.4297
754.7186, 894.1016
755.2007, 892.7305
755.6828, 855.8066
756.1649, 812.4043
756.6470, 743.3418
757.1292, 690.2715
757.6113, 684.1387
758.0934, 740.1016
758.5755, 776.4141
759.0576, 793.6562
759.5397, 790.9648
760.0219, 749.1230
760.5040, 685.9219
760.9861, 664.9668
761.4682, 703.1270
761.9503, 744.6133
762.4324, 749.8418
762.9146, 731.7793
763.3967, 703.7949
763.8788, 644.3281
764.3609, 615.8477
764.8430, 662.1113
765.3251, 725.3730
765.8073, 737.5176
766.2894, 683.2578
766.7715, 637.0273
767.2536, 608.3867
767.7357, 593.1660
768.2178, 593.2930
768.7000, 603.0059
769.1821, 595.0918
769.6642, 545.9062
770.1463, 500.5293
770.6284, 434.9405
771.1105, 508.4709
771.5927, 541.6822
772.0748, 536.7766
772.5569, 378.2359
773.0390, 419.1064
773.5211, 380.6862
774.0032, 339.4448
774.4854, 409.6538
774.9675, 275.7537
775.4496, 345.1011
775.9317, 333.9391
776.4138, 360.2740
776.8959, 306.8275
777.3781, 278.6024
777.8602, 331.0823
778.3423, 339.5723
778.8244, 278.6737
779.3065, 310.0417
779.7886, 177.8037
780.2708, 189.9672
780.7529, 264.6920
781.2350, 210.0603
781.7171, 245.1269
782.1992, 246.6472
782.6813, 94.13297
783.1635, 210.7215
783.6456, 211.5720
784.1277, 93.57170
784.6098, 202.2959
785.0919, 101.6339
785.5740, 76.31628
786.0562, 107.8080
786.5383, 80.98888
787.0204, 147.2565
787.5025, 124.7232
787.9846, 94.66251
788.4667, 99.84645
788.9489, 6.868941
789.4310, 97.27374
789.9131, 63.16489
790.3952, 91.61708
790.8773, 134.5947
791.3594, 70.21491
791.8416, 120.4111
792.3237, -5.934687
792.8058, 16.25846
793.2879, 22.95106
793.7700, 124.7477
794.2521, 1.049670
794.7343, 20.91419
795.2164, 102.1605
795.6985, 98.58942
796.1806, 131.1140
796.6627, 58.54792
797.1448, 85.57153
797.6270, 85.71557
798.1091, 180.7370
798.5912, 201.6547
799.0733, 133.1112
799.5554, 65.39475
800.0375, 168.9975
800.5197, 111.0935
801.0018, 141.0063
801.4839, 81.12799
801.9660, 99.61020
802.4481, 117.3032
802.9302, 175.3820
803.4124, 112.7999
803.8945, 207.7603
804.3766, 212.3687
804.8587, 244.1703
805.3408, 273.4427
805.8229, 181.3154
806.3051, 189.5226
806.7872, 341.0940
807.2693, 275.1489
807.7514, 253.6427
808.2335, 263.8561
808.7156, 422.1074
809.1978, 443.6247
809.6799, 301.6026
810.1620, 454.6909
810.6441, 426.9437
811.1262, 453.5136
811.6083, 460.8736
812.0905, 474.5047
812.5726, 414.5698
813.0547, 452.6087
813.5368, 570.3911
814.0189, 553.4297
814.5010, 628.7734
814.9832, 537.1588
815.4653, 545.3553
815.9474, 580.3784
816.4295, 716.3672
816.9116, 829.6777
817.3937, 944.8047
817.8759, 1059.551
818.3580, 1167.344
818.8401, 1255.482
819.3222, 1344.104
819.8043, 1452.971
820.2864, 1584.670
820.7686, 1720.988
821.2507, 1856.799
821.7328, 2001.936
822.2149, 2171.975
822.6970, 2360.383
823.1791, 2551.164
823.6613, 2736.771
824.1434, 2925.852
824.6255, 3121.729
825.1076, 3323.869
825.5897, 3527.557
826.0718, 3734.938
826.5540, 3943.494
827.0361, 4151.238
827.5182, 4365.258
828.0003, 4602.936
828.4824, 4862.867
828.9645, 5122.014
829.4467, 5373.395
829.9288, 5627.867
830.4109, 5901.336
830.8930, 6183.678
831.3751, 6460.406
831.8572, 6710.186
832.3394, 6985.129
832.8215, 7336.229
833.3036, 7712.242
833.7857, 8054.072
834.2678, 8330.572
834.7499, 8645.402
835.2321, 9017.215
835.7142, 9395.949
836.1963, 9716.152
836.6784, 9987.512
837.1605, 10238.96
837.6426, 10474.62
838.1248, 10698.37
838.6069, 10899.46
839.0890, 11088.16
839.5711, 11274.03
840.0532, 11476.16
840.5353, 11653.44
841.0175, 11804.73
841.4996, 11930.12
841.9817, 12020.23
842.4638, 12072.15
842.9459, 12144.50
843.4280, 12256.26
843.9102, 12326.87
844.3923, 12246.15
844.8744, 12071.10
845.3565, 11889.10
845.8386, 11712.90
846.3207, 11536.32
846.8029, 11357.05
847.2850, 11178.88
847.7671, 11005.94
848.2492, 10843.61
848.7313, 10669.94
849.2134, 10477.95
849.6956, 10294.19
850.1777, 10143.31
850.6598, 10023.38
851.1419, 9924.406
851.6240, 9843.551
852.1061, 9779.645
852.5883, 9760.430
853.0704, 9744.580
853.5525, 9680.014
854.0346, 9508.680
854.5167, 9455.193
854.9988, 9601.617
855.4810, 9775.154
855.9631, 9851.738
856.4452, 9827.766
856.9273, 9805.021
857.4094, 9784.457
857.8915, 9777.781
858.3737, 9821.922
858.8558, 9873.217
859.3379, 9881.328
859.8200, 9840.273
860.3021, 9748.699
860.7842, 9584.863
861.2664, 9386.355
861.7485, 9175.051
862.2306, 8947.867
862.7127, 8717.523
863.1948, 8482.848
863.6769, 8242.598
864.1591, 7983.605
864.6412, 7720.316
865.1233, 7485.477
865.6054, 7276.664
866.0875, 7066.266
866.5696, 6793.262
867.0518, 6547.355
867.5339, 6388.781
868.0160, 6324.695
868.4981, 6281.168
868.9802, 6238.398
869.4623, 6256.918
869.9445, 6378.477
870.4266, 6583.574
870.9087, 6768.133
871.3908, 6941.902
871.8729, 7175.266
872.3550, 7514.051
872.8372, 7931.453
873.3193, 8414.555
873.8014, 8961.883
874.2835, 9546.391
874.7656, 10186.28
875.2477, 10836.86
875.7299, 11490.10
876.2120, 12143.20
876.6941, 12802.54
877.1762, 13465.30
877.6583, 14164.59
878.1404, 14929.61
878.6226, 15713.74
879.1047, 16483.96
879.5869, 17220.64
880.0690, 17892.74
880.5511, 18471.44
881.0332, 19000.93
881.5153, 19506.48
881.9974, 19967.04
882.4796, 20361.21
882.9617, 20704.77
883.4438, 20896.21
883.9259, 20916.16
884.4080, 20760.80
884.8901, 20405.60
885.3723, 19870.18
885.8544, 19197.21
886.3365, 18405.82
886.8186, 17481.16
887.3007, 16360.04
887.7828, 15131.52
888.2650, 13912.81
888.7471, 12689.46
889.2292, 11553.19
889.7113, 10510.01
890.1934, 9555.395
890.6755, 8659.348
891.1577, 7837.586
891.6398, 7118.715
892.1219, 6523.016
892.6040, 5988.410
893.0861, 5464.555
893.5682, 4993.941
894.0504, 4626.758
894.5325, 4421.672
895.0146, 4188.371
895.4967, 3892.609
895.9788, 3632.336
896.4609, 3512.176
896.9431, 3509.469
897.4252, 3487.832
897.9073, 3440.062
898.3894, 3399.480
898.8715, 3372.602
899.3536, 3376.367
899.8358, 3421.562
900.3179, 3508.246
900.8000, 3654.016
901.2821, 3890.125
901.7642, 4134.984
902.2463, 4352.629
902.7285, 4545.500
903.2106, 4750.590
903.6927, 4968.473
904.1748, 5229.367
904.6569, 5568.254
905.1390, 5950.492
905.6212, 6342.914
906.1033, 6745.090
906.5854, 7183.324
907.0675, 7669.242
907.5496, 8183.492
908.0317, 8717.809
908.5139, 9275.473
908.9960, 9882.660
909.4781, 10537.23
909.9602, 11218.07
910.4423, 11930.06
910.9244, 12632.04
911.4066, 13254.73
911.8887, 13829.39
912.3708, 14422.88
912.8529, 15087.61
913.3350, 15730.73
913.8171, 16362.29
914.2993, 16941.37
914.7814, 17398.23
915.2635, 17725.84
915.7456, 18027.54
916.2277, 18322.48
916.7098, 18574.97
917.1920, 18760.30
917.6741, 18867.66
918.1562, 18879.05
918.6383, 18788.55
919.1204, 18609.46
919.6025, 18300.64
920.0847, 17937.86
920.5668, 17580.36
921.0489, 17241.28
921.5310, 16790.27
922.0131, 16222.23
922.4952, 15603.64
922.9774, 14966.97
923.4595, 14330.30
923.9416, 13703.79
924.4237, 13091.45
924.9058, 12514.75
925.3879, 11982.40
925.8701, 11485.60
926.3522, 11019.14
926.8343, 10578.23
927.3164, 10140.71
927.7985, 9703.770
928.2806, 9279.000
928.7628, 8882.387
929.2449, 8493.535
929.7270, 8078.766
930.2091, 7646.543
930.6912, 7209.797
931.1733, 6757.855
931.6555, 6320.531
932.1376, 5919.277
932.6197, 5532.145
933.1018, 5115.906
933.5839, 4658.859
934.0660, 4249.781
934.5482, 3903.613
935.0303, 3602.246
935.5124, 3330.758
935.9945, 3076.613
936.4766, 2812.855
936.9587, 2499.656
937.4409, 2259.434
937.9230, 2191.082
938.4051, 2161.562
938.8872, 2064.883
939.3693, 1882.707
939.8514, 1732.676
940.3336, 1618.277
940.8157, 1530.191
941.2978, 1470.391
941.7799, 1426.598
942.2620, 1373.617
942.7441, 1312.184
943.2263, 1276.875
943.7084, 1315.836
944.1905, 1348.662
944.6726, 1335.330
945.1547, 1287.602
945.6368, 1277.330
946.1190, 1305.555
946.6011, 1350.385
947.0832, 1412.188
947.5653, 1474.123
948.0474, 1509.600
948.5295, 1528.109
949.0117, 1551.693
949.4938, 1613.852
949.9759, 1647.377
950.4580, 1630.338
950.9401, 1587.287
951.4222, 1560.375
951.9044, 1549.920
952.3865, 1505.371
952.8686, 1413.291
953.3507, 1312.572
953.8328, 1257.783
954.3149, 1212.801
954.7971, 1122.355
955.2792, 956.2988
955.7613, 831.3086
956.2434, 795.1875
956.7255, 767.3457
957.2076, 696.3574
957.6898, 583.4336
958.1719, 477.7012
958.6540, 378.6328
959.1361, 320.5430
959.6182, 354.6855
960.1003, 417.5762
960.5825, 426.6016
961.0646, 400.6582
961.5467, 466.2715
962.0288, 732.6465
962.5109, 957.2637
962.9930, 1065.350
963.4752, 1108.779
963.9573, 1202.861
964.4394, 1344.979
964.9215, 1527.629
965.4036, 1768.947
965.8857, 2009.252
966.3679, 2198.961
966.8500, 2359.498
967.3321, 2520.578
967.8142, 2691.418
968.2963, 2855.701
968.7784, 3022.221
969.2606, 3162.061
969.7427, 3238.266
970.2248, 3261.775
970.7069, 3277.359
971.1890, 3288.217
971.6711, 3258.986
972.1533, 3163.520
972.6354, 3022.852
973.1175, 2846.326
973.5996, 2634.961
974.0817, 2397.783
974.5638, 2126.389
975.0460, 1858.236
975.5281, 1597.334
976.0102, 1356.330
976.4923, 1171.521
976.9744, 1028.037
977.4565, 882.2617
977.9387, 700.9062
978.4208, 530.6562
978.9029, 396.7617
979.3850, 279.8398
979.8671, 128.5045
980.3492, 135.7030
980.8314, 135.5405
981.3135, 128.4505
981.7956, 91.96672
982.2777, 94.73906
982.7598, 82.57508
983.2419, 70.34435
983.7241, 80.26442
984.2062, 50.97967
984.6883, 61.69538
985.1704, 57.23817
985.6525, 60.55334
986.1346, 48.83693
986.6168, 42.50563
987.0989, 52.34892
987.5810, 54.11918
988.0631, 42.87885
988.5452, 50.06058
989.0273, 25.91110
989.5095, 30.32177
989.9916, 47.37789
990.4737, 39.76245
990.9558, 50.06990
991.4379, 54.33578
991.9200, 29.13124
992.4022, 56.73538
992.8843, 62.31451
993.3664, 45.26534
993.8485, 72.78300
994.3306, 60.06798
994.8127, 62.48363
995.2949, 76.42979
995.7770, 79.51616
996.2591, 101.1848
996.7412, 106.0681
997.2233, 109.9690
997.7054, 121.2030
998.1876, 113.8354
998.6697, 142.6028
999.1518, 147.6418
999.6339, 174.2109
1000.116, 203.8691
1000.598, 244.3281
1001.080, 288.7559
1001.562, 340.5449
1002.044, 392.3379
1002.527, 427.1367
1003.009, 442.5215
1003.491, 477.9648
1003.973, 546.6641
1004.455, 610.7188
1004.937, 622.5898
1005.419, 605.9453
1005.901, 591.3398
1006.384, 588.2305
1006.866, 574.2656
1007.348, 530.0488
1007.830, 495.1738
1008.312, 492.4023
1008.794, 519.6191
1009.276, 571.3281
1009.758, 641.7949
1010.240, 691.4453
1010.723, 673.0664
1011.205, 654.7285
1011.687, 681.4980
1012.169, 736.0664
1012.651, 769.2441
1013.133, 756.5840
1013.615, 799.8281
1014.097, 929.6699
1014.580, 1080.828
1015.062, 1167.844
1015.544, 1207.018
1016.026, 1216.508
1016.508, 1188.346
1016.990, 1201.111
1017.472, 1336.855
1017.954, 1475.887
1018.436, 1543.791
1018.919, 1544.559
1019.401, 1578.488
1019.883, 1645.654
1020.365, 1715.934
1020.847, 1778.990
1021.329, 1831.018
1021.811, 1870.807
1022.293, 1896.287
1022.776, 1902.797
1023.258, 1891.875
1023.740, 1853.871
1024.222, 1775.537
1024.704, 1690.076
1025.186, 1639.346
1025.668, 1620.199
1026.150, 1637.182
1026.632, 1695.348
1027.115, 1725.439
1027.597, 1670.035
1028.079, 1584.561
1028.561, 1489.402
1029.043, 1388.064
1029.525, 1363.668
1030.007, 1426.355
1030.489, 1487.480
1030.972, 1513.795
1031.454, 1507.650
1031.936, 1431.744
1032.418, 1331.135
1032.900, 1303.158
1033.382, 1460.557
1033.864, 1576.045
1034.346, 1613.588
1034.828, 1619.738
1035.311, 1646.436
1035.793, 1689.020
1036.275, 1719.938
1036.757, 1737.203
1037.239, 1729.490
1037.721, 1672.547
1038.203, 1600.969
1038.685, 1542.619
1039.167, 1497.162
1039.650, 1414.678
1040.132, 1279.725
1040.614, 1166.270
1041.096, 1104.975
1041.578, 1072.174
1042.060, 1037.424
1042.542, 1004.422
1043.024, 979.0605
1043.507, 969.5742
1043.989, 950.3906
1044.471, 921.9199
1044.953, 892.5137
1045.435, 857.3066
1045.917, 810.1523
1046.399, 784.5000
1046.881, 785.2188
1047.364, 782.7637
1047.846, 746.3711
1048.328, 703.9336
1048.810, 667.9453
1049.292, 641.4902
1049.774, 637.2090
1050.256, 665.0000
1050.738, 683.0391
1051.220, 679.0410
1051.703, 677.9746
1052.185, 736.7559
1052.667, 811.1504
1053.149, 820.1797
1053.631, 733.0039
1054.113, 665.8477
1054.595, 654.9805
1055.077, 665.5234
1055.559, 689.3809
1056.042, 722.7715
1056.524, 738.6914
1057.006, 736.5312
1057.488, 712.7500
1057.970, 650.7109
1058.452, 581.6016
1058.934, 511.9258
1059.416, 452.6758
1059.899, 426.6406
1060.381, 447.8633
1060.863, 444.0957
1061.345, 404.6035
1061.827, 363.2051
1062.309, 375.1504
1062.791, 396.9258
1063.273, 347.1797
1063.755, 221.3457
1064.238, 132.7461
1064.720, 143.1992
1065.202, 154.0156
1065.684, 127.3730
1066.166, 88.67383
1066.648, 134.5195
1067.130, 238.6270
1067.612, 274.3145
1068.094, 168.6250
1068.577, 66.02148
1069.059, 51.83398
1069.541, 85.11914
1070.023, 129.5527
1070.505, 190.9004
1070.987, 213.2910
1071.469, 191.6738
1071.951, 183.8184
1072.434, 250.0117
1072.916, 337.3105
1073.398, 388.6094
1073.880, 407.3613
1074.362, 410.4258
1074.844, 376.3906
1075.326, 370.1328
1075.808, 401.2402
1076.291, 460.2891
1076.773, 548.0410
1077.255, 652.3652
1077.737, 740.6172
1078.219, 807.2949
1078.701, 839.9102
1079.183, 787.3848
1079.665, 744.6582
1080.147, 764.8906
1080.630, 835.7461
1081.112, 886.4434
1081.594, 917.2773
1082.076, 934.5508
1082.558, 929.6816
1083.040, 933.1660
1083.522, 994.2422
1084.004, 1070.406
1084.486, 1100.555
1084.969, 1056.969
1085.451, 1032.604
1085.933, 1031.863
1086.415, 1034.816
1086.897, 1033.258
1087.379, 1021.396
1087.861, 973.1914
1088.343, 901.9160
1088.826, 863.7012
1089.308, 935.4766
1089.790, 964.6777
1090.272, 915.6602
1090.754, 823.1875
1091.236, 725.4277
1091.718, 629.7266
1092.200, 576.2812
1092.682, 574.0879
1093.165, 573.0879
1093.647, 546.9395
1094.129, 507.0938
1094.611, 457.7207
1095.093, 400.6055
1095.575, 344.4727
1096.057, 288.8867
1096.539, 244.5254
1097.022, 214.7305
1097.504, 200.5098
1097.986, 218.7793
1098.468, 247.2500
1098.950, 252.6504
1099.432, 216.2871
1099.914, 194.6855
1100.396, 192.4082
1100.879, 192.0488
1101.361, 184.9902
1101.843, 169.2051
1102.325, 131.9961
1102.807, 81.18164
1103.289, 47.13867
1103.771, 66.38281
1104.253, 66.61133
1104.735, 16.72070
1105.218, 33.50977
1105.700, 1.480469
1106.182, 100.8223
1106.664, 165.8730
1107.146, 186.4668
1107.628, 181.1523
1108.110, 139.3867
1108.592, 96.73242
1109.074, 72.34375
1109.557, 63.62305
1110.039, 70.17383
1110.521, 92.69727
1111.003, 78.06055
1111.485, 5.697266
1111.967, 80.01562
1112.449, 53.62109
1112.931, 13.02148
1113.414, 55.88672
1113.896, 64.47461
1114.378, 64.10938
1114.860, 50.02148
1115.342, 47.76758
1115.824, 86.65234
1116.306, 133.7207
1116.788, 122.3242
1117.271, 79.42188
1117.753, 65.53320
1118.235, 151.8184
1118.717, 186.8047
1119.199, 142.8789
1119.681, 79.22266
1120.163, 48.59180
1120.645, 47.83789
1121.127, 74.31250
1121.609, 121.8672
1122.092, 148.0684
1122.574, 125.4121
1123.056, 87.83398
1123.538, 32.82617
1124.020, 19.79883
1124.502, 28.30664
1124.984, 5.544922
1125.466, 72.41406
1125.949, 175.5449
1126.431, 238.6152
1126.913, 173.3711
1127.395, 84.78906
1127.877, 49.70898
1128.359, 62.11914
1128.841, 63.63086
1129.323, 52.69922
1129.806, 40.85156
1130.288, 24.31055
1130.770, 28.69141
1131.252, 122.4395
1131.734, 231.8672
1132.216, 250.4062
1132.698, 132.4141
1133.180, 52.93359
1133.662, 17.76562
1134.145, 1.261719
1134.627, 24.12695
1135.109, 41.34766
1135.591, 37.65039
1136.073, 16.05859
1136.555, 15.44141
1137.037, 73.72266
1137.519, 113.3848
1138.001, 128.6582
1138.484, 130.4316
1138.966, 126.2969
1139.448, 117.9238
1139.930, 107.7227
1140.412, 96.40234
1140.894, 88.52539
1141.376, 84.28711
1141.858, 86.82422
1142.341, 100.3926
1142.823, 116.9473
1143.305, 116.5273
1143.787, 105.3281
1144.269, 117.7910
1144.751, 163.0898
1145.233, 192.7676
1145.715, 165.7324
1146.198, 128.1035
1146.680, 100.9121
1147.162, 85.41992
1147.644, 94.00195
1148.126, 124.2773
1148.608, 140.7441
1149.090, 122.3105
1149.572, 115.8633
1150.054, 197.5566
1150.536, 278.5410
1151.019, 260.9648
1151.501, 133.4121
1151.983, 65.12109
1152.465, 57.41016
1152.947, 67.59961
1153.429, 79.29688
1153.911, 90.82812
1154.393, 108.7754
1154.876, 122.9336
1155.358, 110.5469
1155.840, 51.32617
1156.322, 33.61523
1156.804, 67.14062
1157.286, 96.88086
1157.768, 64.14258
1158.250, 12.57031
1158.733, 8.654297
1159.215, 0.9257810
1159.697, 27.13672
1160.179, 100.0840
1160.661, 129.7812
1161.143, 95.00195
1161.625, 47.37109
1162.107, 48.20117
1162.589, 74.51367
1163.072, 89.96484
1163.554, 94.83594
1164.036, 95.96289
1164.518, 90.85156
1165.000, 86.17578
1165.482, 81.93164
1165.964, 81.72656
1166.446, 92.59375
1166.928, 112.4453
1167.411, 145.8145
1167.893, 200.9316
1168.375, 213.7832
1168.857, 110.8867
1169.339, 27.66797
1169.821, 22.57031
1170.303, 69.65430
1170.785, 77.94531
1171.268, 57.49414
1171.750, 50.71875
1172.232, 81.35352
1172.714, 100.3242
1173.196, 79.18164
1173.678, 48.57617
1174.160, 25.62500
1174.642, 8.406250
1175.125, 14.51562
1175.607, 41.07617
1176.089, 59.17578
1176.571, 68.12500
1177.053, 56.76562
1177.535, 2.853516
1178.017, 67.68359
1178.499, 97.76562
1178.981, 94.03711
1179.464, 92.18555
1179.946, 90.70703
1180.428, 75.33203
1180.910, 19.56641
1181.392, 20.77930
1181.874, 4.050781
1182.356, 41.95117
1182.838, 77.12109
1183.320, 96.40820
1183.803, 113.6406
1184.285, 131.4043
1184.767, 135.7285
1185.249, 97.08984
1185.731, 60.03906
1186.213, 61.39844
1186.695, 87.97266
1187.177, 100.9277
1187.660, 98.98438
1188.142, 106.0684
1188.624, 128.5938
1189.106, 140.9180
1189.588, 96.59961
1190.070, 51.08008
1190.552, 58.66992
1191.034, 111.7383
1191.516, 140.3066
1191.999, 142.7363
1192.481, 162.0293
1192.963, 216.7812
1193.445, 249.4395
1193.927, 161.6211
1194.409, 50.46875
1194.891, 25.17383
1195.373, 94.36523
1195.855, 128.1777
1196.338, 122.3184
1196.820, 121.1719
1197.302, 148.4785
1197.784, 173.5801
1198.266, 150.1582
1198.748, 111.2188
1199.230, 101.3105
1199.712, 130.4805
1200.195, 151.0312
1200.677, 163.0176
1201.159, 165.5664
1201.641, 153.2051
1202.123, 137.2969
1202.605, 133.6074
1203.087, 134.1816
1203.569, 125.6641
1204.052, 103.3164
1204.534, 76.82812
1205.016, 41.47656
1205.498, 30.13867
1205.980, 96.08594
1206.462, 173.6621
1206.944, 178.8457
1207.426, 138.3672
1207.908, 112.9668
1208.391, 109.1543
1208.873, 121.3379
1209.355, 153.4727
1209.837, 179.8926
1210.319, 161.3047
1210.801, 137.0332
1211.283, 169.4141
1211.765, 236.6016
1212.247, 252.0156
1212.730, 186.4805
1213.212, 148.3477
1213.694, 152.6191
1214.176, 165.7598
1214.658, 155.0781
1215.140, 135.5898
1215.622, 123.2656
1216.104, 118.0996
1216.587, 114.5469
1217.069, 113.9512
1217.551, 109.5918
1218.033, 99.53516
1218.515, 89.95898
1218.997, 94.15234
1219.479, 98.02344
1219.961, 79.25586
1220.443, 39.54492
1220.926, 20.78516
1221.408, 24.65625
1221.890, 51.57617
1222.372, 108.5410
1222.854, 164.1289
1223.336, 184.3965
1223.818, 179.9199
1224.300, 153.1855
1224.782, 104.1406
1225.265, 90.24219
1225.747, 121.3516
1226.229, 139.7246
1226.711, 126.0332
1227.193, 96.54297
1227.675, 50.61133
1228.157, 13.27148
1228.639, 19.33203
1229.122, 76.74805
1229.604, 133.6465
1230.086, 194.4023
1230.568, 229.5312
1231.050, 227.7715
1231.532, 194.8828
1232.014, 94.61523
1232.496, 8.623047
1232.979, 20.20117
1233.461, 80.23828
1233.943, 110.2910
1234.425, 61.65039
1234.907, 30.63281
1235.389, 88.83789
1235.871, 142.3184
1236.353, 65.65234
1236.835, 52.29492
1237.318, 85.88281
1237.800, 18.01953
1238.282, 25.91406
1238.764, 45.25391
1239.246, 40.80469
1239.728, 10.89844
1240.210, 53.77930
1240.692, 21.18750
1241.175, 38.96484
1241.657, 59.33398
1242.139, 31.36133
1242.621, 11.09766
1243.103, 1.599609
1243.585, 7.626953
1244.067, 8.134766
1244.549, 1.091797
1245.031, 21.63281
1245.514, 49.16406
1245.996, 67.66602
1246.478, 77.40430
1246.960, 77.00977
1247.442, 66.90625
1247.924, 51.29688
1248.406, 29.77539
1248.888, 8.476563
1249.370, 25.09961
1249.853, 45.56250
1250.335, 8.673828
1250.817, 81.68359
1251.299, 118.5449
1251.781, 101.2910
1252.263, 85.38867
1252.745, 119.3242
1253.227, 145.1875
1253.710, 123.6328
1254.192, 91.10547
1254.674, 99.36719
1255.156, 140.7129
1255.638, 158.8750
1256.120, 151.4961
1256.602, 139.4395
1257.084, 135.5293
1257.567, 125.8574
1258.049, 99.18750
1258.531, 73.57812
1259.013, 78.97070
1259.495, 106.7480
1259.977, 124.9258
1260.459, 131.9941
1260.941, 141.1543
1261.423, 171.3926
1261.906, 184.1680
1262.388, 164.8516
1262.870, 135.3730
1263.352, 124.0020
1263.834, 127.5664
1264.316, 146.0566
1264.798, 178.0859
1265.280, 199.6172
1265.762, 216.5078
1266.245, 192.1094
1266.727, 101.8398
1267.209, 9.632813
1267.691, 14.25391
1268.173, 71.37891
1268.655, 109.4922
1269.137, 122.5703
1269.619, 135.3477
1270.102, 150.7227
1270.584, 157.5391
1271.066, 141.0078
1271.548, 130.1992
1272.030, 167.1016
1272.512, 214.3477
1272.994, 248.6406
1273.476, 252.2773
1273.958, 228.1211
1274.441, 188.1953
1274.923, 145.2344
1275.405, 97.34766
1275.887, 72.35547
1276.369, 129.9688
1276.851, 200.4297
1277.333, 215.4062
1277.815, 178.7891
1278.297, 125.7930
1278.780, 53.64062
1279.262, 47.58984
1279.744, 125.8750
1280.226, 198.5195
1280.708, 176.5703
1281.190, 136.8750
1281.672, 140.9258
1282.154, 172.7773
1282.637, 165.1953
1283.119, 123.8555
1283.601, 103.9453
1284.083, 119.2461
1284.565, 140.9727
1285.047, 174.3750
1285.529, 180.6719
1286.011, 126.6094
1286.494, 46.11719
1286.976, 42.50000
1287.458, 92.88281
1287.940, 139.4102
1288.422, 167.9727
1288.904, 176.8359
1289.386, 152.3945
1289.868, 123.9922
1290.350, 98.58594
1290.833, 77.67188
1291.315, 61.85547
1291.797, 53.17969
1292.279, 59.37500
1292.761, 85.02734
1293.243, 96.28516
1293.725, 83.96484
1294.207, 71.47266
1294.689, 65.94922
1295.172, 65.08594
1295.654, 65.78125
1296.136, 68.92188
1296.618, 80.52734
1297.100, 102.8203
1297.582, 94.50781
1298.064, 48.92188
1298.546, 15.57422
1299.029, 11.58203
1299.511, 19.54297
1299.993, 18.82812
1300.475, 22.74609
1300.957, 56.25391
1301.439, 110.2539
1301.921, 120.0000
1302.403, 87.07422
1302.885, 57.21484
1303.368, 43.36328
1303.850, 33.45312
1304.332, 9.128906
1304.814, 1.625000
1305.296, 26.39062
1305.778, 75.58203
1306.260, 54.81641
1306.742, 0.0000000E+00
##END=



