##NAMES=Whewellite
##RRUFFID=R050240
##IDEAL CHEMISTRY=CaC_2_O_4_&#183;H_2_O
##LOCALITY=Huron River, Milan, Ohio, USA
##OWNER=RRUFF
##SOURCE=Marcus Origlieri
##DESCRIPTION=White fragment
##STATUS=The identification of this mineral has been confirmed by X-ray diffraction and chemical analysis
##URL=rruff.info/R050240
##MEASURED CHEMISTRY=Ca_1.00_C_2_O_4_·H_2_O
52.866, 0.000
54.266, 70.847
55.666, 52.367
57.065, 115.845
58.464, 69.955
59.863, 2.400
61.262, 37.844
62.661, 21.868
64.059, 10.368
65.458, 77.060
66.856, 248.531
68.253, 529.209
69.651, 971.614
71.048, 1672.341
72.445, 2660.048
73.842, 3712.454
75.239, 4469.322
76.635, 4909.429
78.031, 5394.576
79.427, 5156.586
80.823, 4515.304
82.218, 4049.591
83.614, 3748.332
85.009, 3738.416
86.404, 4124.749
87.798, 4585.249
89.193, 5095.840
90.587, 5222.455
91.981, 4750.056
93.375, 4163.611
94.768, 3532.097
96.161, 3002.446
97.554, 2742.576
98.947, 2553.413
100.340, 2277.906
101.732, 2229.017
103.124, 2195.715
104.516, 2156.966
105.908, 2364.744
107.300, 2382.022
108.691, 2426.779
110.082, 2466.992
111.473, 2441.642
112.864, 2706.712
114.254, 3032.184
115.644, 2963.043
117.034, 3322.277
118.424, 3110.869
119.813, 3192.811
121.203, 3672.089
122.592, 3948.691
123.981, 4285.614
125.369, 4822.852
126.758, 5203.391
128.146, 5982.295
129.534, 6678.637
130.922, 7688.436
132.309, 8148.716
133.696, 8730.449
135.083, 8972.661
136.470, 9263.224
137.857, 8922.779
139.243, 8968.272
140.630, 8589.698
142.016, 8474.099
143.401, 8360.521
144.787, 8030.985
146.172, 7607.511
147.557, 6939.220
148.942, 6069.086
150.327, 5359.111
151.711, 4680.258
153.096, 4128.505
154.480, 3705.865
155.863, 3275.342
157.247, 2985.948
158.630, 2728.713
160.013, 2586.593
161.396, 2434.586
162.779, 2278.710
164.161, 2146.949
165.544, 2011.304
166.926, 2008.774
168.308, 1948.359
169.689, 1905.060
171.070, 1946.767
172.452, 1983.806
173.833, 2084.850
175.213, 2245.007
176.594, 2441.276
177.974, 2614.656
179.354, 2751.146
180.734, 2765.744
182.114, 2897.451
183.493, 3020.263
184.872, 3360.182
186.251, 3663.206
187.630, 4256.333
189.008, 4698.565
190.387, 5411.896
191.765, 5880.329
193.143, 6119.921
194.520, 6315.551
195.898, 6328.541
197.275, 6751.362
198.652, 7181.455
200.029, 7950.464
201.405, 8900.349
202.782, 9769.489
204.158, 10473.865
205.534, 10925.146
206.909, 10926.685
208.285, 10777.801
209.660, 10168.561
211.035, 9466.848
212.410, 8433.239
213.784, 7593.215
215.159, 6902.362
216.533, 6695.063
217.907, 6645.545
219.281, 6701.383
220.654, 7181.245
222.027, 7434.169
223.400, 7451.196
224.773, 6583.652
226.146, 5446.689
227.518, 4466.267
228.891, 3607.654
230.263, 3058.836
231.634, 2625.349
233.006, 2302.168
234.377, 2159.273
235.748, 2053.645
237.119, 1966.268
238.490, 1920.028
239.860, 1936.620
241.231, 1923.406
242.601, 2071.785
243.970, 2155.029
245.340, 2344.104
246.709, 2687.139
248.079, 2737.117
249.448, 2942.507
250.816, 2776.025
252.185, 2654.685
253.553, 2434.969
254.921, 2220.911
256.289, 2089.517
257.657, 1843.787
259.024, 1709.497
260.391, 1512.578
261.758, 1512.393
263.125, 1395.210
264.492, 1390.961
265.858, 1319.814
267.224, 1311.766
268.590, 1321.813
269.956, 1138.129
271.321, 1185.360
272.687, 1101.680
274.052, 1000.087
275.416, 942.577
276.781, 1019.149
278.146, 902.802
279.510, 909.533
280.874, 879.341
282.237, 799.223
283.601, 826.178
284.964, 743.204
286.327, 708.300
287.690, 759.465
289.053, 683.696
290.416, 719.993
291.778, 810.354
293.140, 791.777
294.502, 816.094
295.863, 802.801
297.225, 808.397
298.586, 777.048
299.947, 781.750
301.308, 754.502
302.668, 695.304
304.029, 604.160
305.389, 576.066
306.749, 520.026
308.108, 459.037
309.468, 392.107
310.827, 344.039
312.186, 293.383
313.545, 254.628
314.903, 217.902
316.262, 198.225
317.620, 172.140
318.978, 164.026
320.336, 139.503
321.693, 131.029
323.051, 121.599
324.408, 123.213
325.765, 83.872
327.121, 93.573
328.478, 82.318
329.834, 1.895
331.190, 42.935
332.546, 25.807
333.902, 25.724
335.257, 108.692
336.612, 14.301
337.967, 53.746
339.322, 24.831
340.677, 9.027
342.031, 49.154
343.385, 7.372
344.739, 31.629
346.093, 4.077
347.446, 50.741
348.799, 35.375
350.153, 53.965
351.505, 63.528
352.858, 25.068
354.210, 98.579
355.563, 49.058
356.915, 63.505
358.267, 36.923
359.618, 90.318
360.969, 52.698
362.321, 59.057
363.672, 66.395
365.022, 63.725
366.373, 110.052
367.723, 40.385
369.073, 89.726
370.423, 61.072
371.773, 35.431
373.122, 97.792
374.471, 84.174
375.821, 73.573
377.169, 95.979
378.518, 74.077
379.866, 67.274
381.215, 50.256
382.563, 29.652
383.910, 8.999
385.258, 22.708
386.605, 37.476
387.952, 111.305
389.299, 159.209
390.646, 181.164
391.992, 401.207
393.339, 259.280
394.685, 295.404
396.031, 393.572
397.376, 229.083
398.722, 156.040
400.067, 47.338
401.412, 75.323
402.757, 95.984
404.101, 0.350
405.446, 35.288
406.790, 26.913
408.134, 21.518
409.478, 5.892
410.821, 33.336
412.165, 37.820
413.508, 42.793
414.851, 16.897
416.193, 40.486
417.536, 17.104
418.878, 36.750
420.220, 23.424
421.562, 6.864
422.904, 19.132
424.245, 35.606
425.586, 50.370
426.927, 78.165
428.268, 114.987
429.609, 53.833
430.949, 8.705
432.289, 133.588
433.629, 203.496
434.969, 121.445
436.309, 137.416
437.648, 134.419
438.987, 129.443
440.326, 172.491
441.665, 173.559
443.003, 173.648
444.342, 202.409
445.680, 284.884
447.018, 230.032
448.355, 235.198
449.693, 230.386
451.030, 321.592
452.367, 280.815
453.704, 418.062
455.041, 363.326
456.377, 440.614
457.713, 455.919
459.049, 524.239
460.385, 517.575
461.721, 585.926
463.056, 645.292
464.391, 626.401
465.726, 685.796
467.061, 867.652
468.395, 904.075
469.730, 935.401
471.064, 1079.906
472.398, 1131.193
473.731, 1311.177
475.065, 1350.664
476.398, 1472.258
477.731, 1676.400
479.064, 1978.024
480.397, 2256.934
481.729, 2469.050
483.062, 2898.615
484.394, 3254.189
485.725, 3861.772
487.057, 4545.367
488.389, 5393.973
489.720, 6560.749
491.051, 7875.614
492.382, 9938.481
493.712, 12459.146
495.043, 15922.033
496.373, 20441.699
497.703, 25872.549
499.032, 32798.234
500.362, 39583.406
501.691, 44761.391
503.020, 46633.090
504.349, 43386.523
505.678, 38217.348
507.007, 31095.531
508.335, 24366.357
509.663, 18969.621
510.991, 14729.860
512.319, 11574.483
513.646, 9150.604
514.973, 7377.155
516.300, 5891.320
517.627, 5068.484
518.954, 4308.225
520.280, 3833.701
521.607, 3410.796
522.933, 2972.610
524.259, 2700.956
525.584, 2339.439
526.910, 2121.076
528.235, 1711.364
529.560, 1528.697
530.885, 1312.786
532.209, 1076.992
533.534, 1018.749
534.858, 850.805
536.182, 819.606
537.506, 679.947
538.829, 597.151
540.152, 576.341
541.476, 499.404
542.799, 443.868
544.121, 409.683
545.444, 350.347
546.766, 301.779
548.088, 316.503
549.410, 262.744
550.732, 289.548
552.053, 298.367
553.375, 255.797
554.696, 202.600
556.017, 182.402
557.337, 241.202
558.658, 240.447
559.978, 218.243
561.298, 224.631
562.618, 205.402
563.938, 130.446
565.257, 267.675
566.576, 236.367
567.895, 145.156
569.214, 201.333
570.533, 258.530
571.851, 197.355
573.170, 243.894
574.488, 231.562
575.805, 282.328
577.123, 230.653
578.440, 308.328
579.758, 338.242
581.075, 434.114
582.391, 418.932
583.708, 527.783
585.024, 548.598
586.341, 630.955
587.657, 669.672
588.972, 738.461
590.288, 957.993
591.603, 1019.978
592.918, 1118.964
594.233, 1123.650
595.548, 1177.521
596.863, 1221.194
598.177, 1041.391
599.491, 1055.049
600.805, 875.745
602.119, 798.387
603.432, 671.022
604.746, 569.920
606.059, 495.539
607.372, 433.715
608.685, 283.474
609.997, 333.066
611.309, 217.906
612.621, 165.481
613.933, 215.920
615.245, 222.477
616.557, 161.024
617.868, 150.562
619.179, 130.089
620.490, 182.607
621.801, 31.115
623.111, 87.606
624.421, 43.087
625.731, 131.553
627.041, 3.009
628.351, 70.438
629.660, 27.854
630.970, 39.252
632.279, 114.635
633.588, 66.006
634.896, 34.366
636.205, 1.292
637.513, 45.366
638.821, 36.663
640.129, 94.320
641.437, 136.588
642.744, 112.838
644.051, 113.395
645.358, 81.979
646.665, 60.636
647.972, 51.646
649.278, 55.116
650.584, 21.358
651.890, 4.317
653.196, 80.808
654.502, 44.919
655.807, 79.016
657.113, 43.662
658.418, 42.371
659.722, 108.438
661.027, 29.443
662.331, 62.428
663.636, 5.399
664.940, 33.347
666.244, 28.719
667.547, 54.176
668.851, 68.065
670.154, 65.951
671.457, 32.173
672.760, 6.325
674.062, 0.500
675.365, 51.306
676.667, 43.104
677.969, 44.901
679.271, 42.692
680.572, 47.477
681.874, 43.298
683.175, 25.037
684.476, 53.816
685.777, 31.589
687.077, 71.362
688.378, 11.134
689.678, 0.891
690.978, 55.642
692.278, 34.396
693.577, 90.853
694.877, 129.845
696.176, 52.455
697.475, 16.207
698.774, 3.141
700.072, 32.492
701.371, 14.111
702.669, 24.710
703.967, 40.711
705.265, 1.180
706.562, 84.325
707.860, 77.816
709.157, 23.294
710.454, 270.752
711.751, 540.197
713.047, 326.629
714.344, 33.048
715.640, 149.449
716.936, 205.837
718.232, 3.768
719.527, 60.624
720.823, 87.005
722.118, 1.310
723.413, 206.753
724.708, 15.884
726.002, 4.549
727.297, 70.759
728.591, 41.946
729.885, 34.302
731.179, 81.537
732.472, 0.240
733.766, 96.960
735.059, 39.850
736.352, 11.703
737.645, 34.423
738.937, 39.543
740.230, 1.351
741.522, 15.731
742.814, 85.795
744.106, 64.846
745.397, 106.884
746.689, 37.915
747.980, 54.069
749.271, 87.896
750.562, 21.152
751.853, 111.769
753.143, 19.677
754.433, 103.567
755.723, 70.445
757.013, 95.311
758.303, 143.164
759.592, 36.004
760.881, 89.830
762.170, 15.643
763.459, 47.439
764.748, 94.221
766.036, 10.008
767.325, 108.738
768.613, 20.527
769.901, 113.179
771.188, 177.873
772.476, 140.555
773.763, 314.226
775.050, 209.884
776.337, 276.531
777.624, 253.439
778.910, 231.064
780.196, 380.230
781.482, 293.832
782.768, 249.533
784.054, 182.057
785.339, 243.801
786.625, 180.850
787.910, 116.397
789.195, 174.838
790.479, 128.733
791.764, 17.146
793.048, 157.272
794.332, 37.808
795.616, 87.654
796.900, 102.105
798.183, 97.547
799.467, 5.020
800.750, 6.397
802.033, 10.359
803.316, 17.741
804.598, 40.690
805.880, 26.231
807.163, 96.363
808.445, 94.713
809.726, 94.651
811.008, 14.977
812.289, 60.816
813.570, 31.689
814.851, 100.006
816.132, 117.592
817.413, 102.770
818.693, 38.511
819.973, 80.186
821.253, 77.961
822.533, 133.006
823.813, 153.217
825.092, 123.396
826.371, 121.005
827.650, 109.137
828.929, 74.620
830.208, 94.602
831.486, 80.451
832.764, 147.337
834.042, 99.187
835.320, 166.118
836.598, 152.985
837.875, 202.515
839.152, 151.522
840.429, 198.191
841.706, 220.374
842.983, 178.553
844.259, 200.287
845.536, 262.307
846.812, 178.035
848.088, 297.123
849.363, 226.341
850.639, 393.852
851.914, 418.232
853.189, 286.815
854.464, 411.515
855.739, 529.854
857.013, 613.423
858.288, 729.698
859.562, 1216.453
860.836, 1960.641
862.110, 2842.811
863.383, 3095.373
864.656, 3386.558
865.930, 3364.739
867.203, 3053.917
868.475, 2450.646
869.748, 1877.818
871.020, 1448.988
872.292, 1289.683
873.564, 1187.709
874.836, 1069.871
876.108, 1148.914
877.379, 1284.071
878.650, 1512.055
879.922, 1671.759
881.192, 1917.868
882.463, 2131.261
883.733, 2487.036
885.004, 2844.190
886.274, 3228.245
887.544, 3740.403
888.813, 4635.997
890.083, 5798.371
891.352, 7986.171
892.621, 12502.038
893.890, 20722.105
895.159, 34312.625
896.427, 43092.781
897.695, 35007.844
898.964, 19827.994
900.232, 10130.854
901.499, 5720.708
902.767, 3515.856
904.034, 2452.814
905.301, 1680.963
906.568, 1297.579
907.835, 1225.729
909.102, 969.833
910.368, 942.983
911.634, 887.133
912.900, 971.013
914.166, 936.165
915.432, 998.751
916.697, 953.749
917.962, 895.904
919.227, 951.805
920.492, 851.963
921.757, 904.249
923.021, 965.410
924.285, 1093.573
925.550, 1007.737
926.813, 1097.905
928.077, 1146.075
929.341, 1187.248
930.604, 1245.426
931.867, 1238.606
933.130, 1183.791
934.393, 1232.979
935.655, 1274.177
936.918, 1276.378
938.180, 1394.589
939.442, 1315.803
940.703, 1392.021
941.965, 1365.243
943.226, 1463.471
944.488, 1485.363
945.749, 1328.607
947.009, 1262.478
948.270, 1181.790
949.530, 1033.043
950.791, 1046.382
952.051, 903.984
953.311, 835.848
954.570, 715.310
955.830, 728.300
957.089, 567.526
958.348, 559.241
959.607, 539.537
960.866, 444.024
962.124, 430.415
963.383, 373.698
964.641, 337.537
965.899, 312.050
967.156, 302.754
968.414, 225.146
969.671, 218.557
970.928, 209.521
972.185, 213.652
973.442, 235.065
974.699, 156.485
975.955, 201.907
977.211, 166.332
978.468, 113.888
979.723, 172.344
980.979, 189.274
982.234, 151.041
983.490, 209.885
984.745, 113.915
986.000, 107.502
987.254, 164.739
988.509, 117.628
989.763, 128.750
991.017, 163.550
992.271, 134.637
993.525, 190.458
994.779, 104.791
996.032, 172.838
997.285, 179.935
998.538, 134.804
999.791, 84.661
1001.044, 205.990
1002.296, 96.778
1003.548, 209.600
1004.800, 148.209
1006.052, 68.883
1007.304, 150.835
1008.555, 101.812
1009.807, 182.699
1011.058, 176.421
1012.309, 143.463
1013.559, 183.573
1014.810, 182.370
1016.060, 127.176
1017.310, 163.055
1018.560, 217.878
1019.810, 166.649
1021.060, 215.446
1022.309, 227.176
1023.558, 230.995
1024.807, 255.038
1026.056, 238.183
1027.305, 308.071
1028.553, 229.801
1029.801, 324.712
1031.049, 358.823
1032.297, 272.757
1033.545, 299.709
1034.793, 271.743
1036.040, 216.646
1037.287, 312.417
1038.534, 304.370
1039.781, 308.149
1041.027, 328.933
1042.274, 302.034
1043.520, 283.833
1044.766, 265.734
1046.012, 169.583
1047.257, 214.571
1048.503, 264.381
1049.748, 287.362
1050.993, 395.207
1052.238, 346.559
1053.483, 143.598
1054.727, 178.650
1055.971, 130.551
1057.216, 180.820
1058.459, 147.738
1059.703, 111.798
1060.947, 363.729
1062.190, 548.659
1063.433, 476.926
1064.676, 349.973
1065.919, 456.938
1067.162, 130.193
1068.404, 162.135
1069.646, 40.214
1070.888, 155.327
1072.130, 114.431
1073.372, 51.560
1074.613, 70.782
1075.855, 24.994
1077.096, 34.408
1078.337, 132.532
1079.578, 54.751
1080.818, 89.853
1082.059, 97.082
1083.299, 218.145
1084.539, 280.224
1085.779, 397.406
1087.018, 394.675
1088.258, 407.173
1089.497, 325.267
1090.736, 325.919
1091.975, 191.859
1093.213, 117.940
1094.452, 79.892
1095.690, 61.812
1096.928, 18.741
1098.166, 35.876
1099.404, 15.716
1100.642, 68.663
1101.879, 28.561
1103.116, 120.874
1104.353, 351.902
1105.590, 38.291
1106.827, 40.455
1108.063, 136.378
1109.299, 1.305
1110.536, 25.223
1111.771, 6.691
1113.007, 34.347
1114.243, 6.221
1115.478, 30.152
1116.713, 54.650
1117.948, 52.974
1119.183, 25.613
1120.418, 22.461
1121.652, 139.550
1122.886, 270.850
1124.120, 211.640
1125.354, 113.285
1126.588, 41.265
1127.821, 75.106
1129.055, 43.642
1130.288, 1.879
1131.521, 41.174
1132.753, 6.618
1133.986, 19.105
1135.218, 29.838
1136.450, 0.792
1137.682, 7.070
1138.914, 8.734
1140.146, 5.289
1141.377, 7.089
1142.609, 27.806
1143.840, 2.380
1145.071, 38.479
1146.301, 10.805
1147.532, 21.392
1148.762, 24.063
1149.992, 47.055
1151.222, 40.589
1152.452, 97.405
1153.682, 80.924
1154.911, 18.058
1156.140, 16.166
1157.369, 40.781
1158.598, 91.131
1159.827, 21.369
1161.055, 12.817
1162.284, 82.580
1163.512, 82.175
1164.740, 71.156
1165.967, 84.709
1167.195, 100.543
1168.422, 94.584
1169.650, 127.987
1170.877, 104.385
1172.103, 51.199
1173.330, 34.487
1174.557, 90.557
1175.783, 134.835
1177.009, 87.093
1178.235, 33.528
1179.461, 86.979
1180.686, 86.571
1181.912, 0.612
1183.137, 97.759
1184.362, 149.672
1185.587, 93.986
1186.811, 142.175
1188.036, 173.155
1189.260, 68.270
1190.484, 155.215
1191.708, 120.190
1192.932, 139.792
1194.155, 105.959
1195.378, 151.838
1196.602, 111.297
1197.825, 174.625
1199.047, 59.695
1200.270, 126.628
1201.492, 124.176
1202.715, 207.188
1203.937, 82.721
1205.159, 168.848
1206.380, 145.774
1207.602, 175.129
1208.823, 190.702
1210.044, 110.450
1211.265, 164.006
1212.486, 182.365
1213.707, 111.683
1214.927, 184.925
1216.147, 156.966
1217.367, 149.042
1218.587, 151.191
1219.807, 151.974
1221.027, 127.741
1222.246, 128.471
1223.465, 105.231
1224.684, 126.049
1225.903, 122.102
1227.121, 151.125
1228.340, 119.734
1229.558, 158.276
1230.776, 153.742
1231.994, 126.390
1233.212, 58.592
1234.429, 202.184
1235.646, 145.191
1236.864, 70.681
1238.081, 176.159
1239.297, 139.589
1240.514, 167.990
1241.730, 172.361
1242.947, 169.696
1244.163, 116.954
1245.378, 184.233
1246.594, 155.395
1247.810, 164.611
1249.025, 87.729
1250.240, 127.851
1251.455, 78.932
1252.670, 89.961
1253.885, 159.370
1255.099, 133.342
1256.313, 131.093
1257.527, 35.095
1258.741, 112.557
1259.955, 58.879
1261.168, 28.440
1262.382, 129.829
1263.595, 65.500
1264.808, 160.114
1266.021, 106.566
1267.233, 76.956
1268.446, 62.477
1269.658, 105.958
1270.870, 135.397
1272.082, 78.774
1273.294, 91.988
1274.505, 59.266
1275.716, 138.027
1276.928, 69.911
1278.139, 111.647
1279.349, 115.166
1280.560, 47.092
1281.770, 52.325
1282.981, 114.871
1284.191, 74.155
1285.401, 91.704
1286.610, 100.935
1287.820, 18.365
1289.029, 109.228
1290.239, 16.340
1291.448, 86.298
1292.656, 53.412
1293.865, 22.488
1295.073, 90.045
1296.282, 91.082
1297.490, 73.405
1298.698, 45.052
1299.906, 25.024
1301.113, 71.650
1302.320, 36.181
1303.528, 33.224
1304.735, 17.494
1305.942, 25.839
1307.148, 11.062
1308.355, 27.551
1309.561, 17.024
1310.767, 126.273
1311.973, 13.587
1313.179, 50.912
1314.384, 75.831
1315.590, 129.452
1316.795, 42.610
1318.000, 146.501
1319.205, 26.249
1320.410, 121.217
1321.614, 117.297
1322.819, 3.836
1324.023, 40.791
1325.227, 28.554
1326.431, 143.269
1327.634, 83.859
1328.838, 36.464
1330.041, 34.305
1331.244, 44.851
1332.447, 85.540
1333.650, 28.810
1334.852, 11.521
1336.055, 57.028
1337.257, 40.561
1338.459, 15.865
1339.661, 0.112
1340.862, 10.497
1342.064, 121.312
1343.265, 23.021
1344.466, 38.251
1345.667, 75.804
1346.868, 90.173
1348.068, 57.977
1349.269, 15.266
1350.469, 93.177
1351.669, 67.747
1352.869, 95.219
1354.069, 42.201
1355.268, 13.536
1356.468, 23.339
1357.667, 22.288
1358.866, 28.945
1360.065, 43.088
1361.263, 13.248
1362.462, 18.566
1363.660, 72.589
1364.858, 101.250
1366.056, 3.979
1367.254, 22.168
1368.451, 97.575
1369.649, 37.476
1370.846, 27.568
1372.043, 17.420
1373.240, 17.312
1374.436, 16.931
1375.633, 23.562
1376.829, 31.893
1378.025, 17.110
1379.221, 30.313
1380.417, 44.661
1381.613, 22.684
1382.808, 47.024
1384.003, 64.314
1385.199, 115.702
1386.393, 172.870
1387.588, 198.070
1388.783, 192.656
1389.977, 238.814
1391.171, 210.772
1392.365, 281.581
1393.559, 282.410
1394.753, 318.694
1395.946, 459.245
1397.140, 413.278
1398.333, 439.000
1399.526, 516.103
1400.719, 408.528
1401.911, 505.492
1403.104, 357.746
1404.296, 346.364
1405.488, 310.302
1406.680, 339.322
1407.872, 183.311
1409.063, 365.108
1410.255, 340.947
1411.446, 208.890
1412.637, 272.098
1413.828, 213.454
1415.018, 262.792
1416.209, 217.616
1417.399, 272.259
1418.589, 141.926
1419.779, 297.559
1420.969, 179.229
1422.159, 232.759
1423.348, 197.743
1424.537, 237.694
1425.726, 225.543
1426.915, 182.479
1428.104, 287.292
1429.293, 197.776
1430.481, 186.698
1431.669, 223.469
1432.857, 291.776
1434.045, 257.151
1435.233, 171.441
1436.420, 339.360
1437.608, 442.723
1438.795, 357.145
1439.982, 284.938
1441.169, 409.261
1442.355, 462.570
1443.542, 543.389
1444.728, 575.568
1445.914, 666.364
1447.100, 869.416
1448.286, 1027.963
1449.472, 1096.969
1450.657, 993.535
1451.842, 1285.396
1453.027, 1197.398
1454.212, 1441.140
1455.397, 1724.807
1456.581, 1995.359
1457.766, 2675.810
1458.950, 3775.208
1460.134, 5411.588
1461.318, 8397.888
1462.501, 13143.100
1463.685, 18545.230
1464.868, 21308.264
1466.051, 19291.203
1467.234, 14469.100
1468.417, 9337.952
1469.600, 6431.716
1470.782, 4573.563
1471.965, 3556.455
1473.147, 2936.439
1474.329, 2964.433
1475.510, 2798.402
1476.692, 2900.334
1477.873, 2985.329
1479.055, 3142.509
1480.236, 3476.197
1481.416, 4101.287
1482.597, 4634.932
1483.778, 5646.922
1484.958, 6930.319
1486.138, 8502.002
1487.318, 10590.005
1488.498, 13288.346
1489.678, 15267.057
1490.857, 17191.008
1492.037, 18312.244
1493.216, 18051.793
1494.395, 15902.720
1495.574, 12499.068
1496.752, 9644.917
1497.931, 6933.330
1499.109, 5089.381
1500.287, 3501.150
1501.465, 2611.749
1502.643, 1838.272
1503.820, 1347.771
1504.998, 1065.304
1506.175, 735.971
1507.352, 549.890
1508.529, 429.230
1509.706, 282.221
1510.882, 249.117
1512.059, 155.228
1513.235, 88.912
1514.411, 205.596
1515.587, 7.839
1516.762, 151.397
1517.938, 61.291
1519.113, 29.881
1520.288, 12.911
1521.463, 1.655
1522.638, 188.005
1523.813, 0.000
##END=



