##NAMES=Zektzerite
##RRUFFID=R070485
##IDEAL CHEMISTRY=NaLiZrSi_6_O_15_
##LOCALITY=Washington Pass, Golden Horn Batholith, Okanogan County, Washington, USA
##OWNER=RRUFF
##SOURCE=Michael Scott
##DESCRIPTION=Pale pink to colorless hexagonal prismatic crystal fragments
##STATUS=The identification of this mineral has been confirmed by X-ray diffraction and chemical analysis
##URL=rruff.info/R070485
##MEASURED CHEMISTRY=Na_1.00_Li_1.00_(Zr_0.97_Ti_0.02_Hf_0.01_)_Σ=1_Si_6.00_O_15_; trace amounts of Al and Fe; Li_2_O estimated by difference
144.8521, 0.0000000E+00
145.3342, 14.67480
145.8163, 23.50879
146.2984, 60.78149
146.7805, 97.66968
147.2626, 133.5293
147.7448, 147.9194
148.2269, 123.9668
148.7090, 82.42358
149.1911, 33.51465
149.6732, 0.1535640
150.1554, 7.601318
150.6375, 1.962158
151.1196, 9.262451
151.6017, 26.33789
152.0838, 49.02808
152.5659, 77.26367
153.0481, 111.1846
153.5302, 150.3179
154.0123, 202.6152
154.4944, 256.5369
154.9765, 302.0649
155.4586, 322.4253
155.9408, 349.1094
156.4229, 393.0000
156.9050, 445.5117
157.3871, 477.0784
157.8692, 493.1423
158.3513, 502.0796
158.8335, 511.0730
159.3156, 513.5789
159.7977, 523.4844
160.2798, 548.1533
160.7619, 593.0129
161.2440, 637.2561
161.7262, 674.7158
162.2083, 707.4634
162.6904, 739.2039
163.1725, 776.6160
163.6546, 810.7419
164.1367, 835.7324
164.6189, 849.0981
165.1010, 854.3677
165.5831, 850.5325
166.0652, 840.0647
166.5473, 829.2188
167.0294, 822.0928
167.5116, 815.5422
167.9937, 806.2249
168.4758, 798.9026
168.9579, 784.4170
169.4400, 749.4365
169.9221, 698.2261
170.4043, 654.9736
170.8864, 646.8044
171.3685, 653.1255
171.8506, 646.4526
172.3327, 611.7236
172.8148, 568.3706
173.2970, 536.2258
173.7791, 511.9268
174.2612, 485.5742
174.7433, 443.2080
175.2254, 392.8398
175.7076, 351.6892
176.1897, 330.0596
176.6718, 319.0991
177.1539, 310.9536
177.6360, 306.3015
178.1181, 297.1082
178.6003, 271.3640
179.0824, 235.9521
179.5645, 205.9128
180.0466, 191.4421
180.5287, 185.5127
181.0108, 175.3289
181.4930, 159.2378
181.9751, 141.3523
182.4572, 124.4077
182.9393, 109.2095
183.4214, 99.84863
183.9035, 102.0415
184.3857, 111.3757
184.8678, 117.4451
185.3499, 119.4670
185.8320, 117.7441
186.3141, 111.9116
186.7962, 102.1235
187.2784, 90.53101
187.7605, 77.09326
188.2426, 62.59570
188.7247, 49.04126
189.2068, 35.32202
189.6889, 25.11475
190.1711, 28.29077
190.6532, 44.83716
191.1353, 60.68921
191.6174, 65.50830
192.0995, 60.39014
192.5816, 53.69482
193.0638, 46.15454
193.5459, 38.28955
194.0280, 32.22705
194.5101, 28.25708
194.9922, 22.92871
195.4743, 11.99902
195.9565, 4.097656
196.4386, 17.60229
196.9207, 27.47217
197.4028, 33.44214
197.8849, 33.74146
198.3671, 27.58203
198.8492, 19.16675
199.3313, 10.82446
199.8134, 2.262939
200.2955, 1.669678
200.7776, 1.518799
201.2598, 10.26025
201.7419, 15.42896
202.2240, 16.39014
202.7061, 12.05884
203.1882, 11.02930
203.6703, 14.56543
204.1525, 12.58130
204.6346, 7.6660000E-02
205.1167, 22.06226
205.5988, 34.63110
206.0809, 35.98462
206.5630, 31.87183
207.0452, 28.08569
207.5273, 24.30225
208.0094, 21.25952
208.4915, 20.64136
208.9736, 22.51562
209.4557, 21.33691
209.9379, 14.65503
210.4200, 8.573730
210.9021, 14.01855
211.3842, 37.01953
211.8663, 52.07324
212.3484, 47.20703
212.8306, 19.60229
213.3127, 6.209229
213.7948, 11.30884
214.2769, 25.84912
214.7590, 36.73682
215.2411, 43.81201
215.7233, 47.29126
216.2054, 44.74316
216.6875, 33.18237
217.1696, 33.39209
217.6517, 49.45117
218.1338, 73.91528
218.6160, 92.83081
219.0981, 103.0361
219.5802, 114.7075
220.0623, 131.4607
220.5444, 153.8428
221.0265, 179.7422
221.5087, 212.5332
221.9908, 247.0625
222.4729, 274.1003
222.9550, 298.7427
223.4371, 306.9531
223.9192, 288.2017
224.4014, 228.0391
224.8835, 187.2170
225.3656, 171.6309
225.8477, 173.0208
226.3298, 173.5344
226.8119, 173.8821
227.2941, 172.1094
227.7762, 166.3560
228.2583, 152.9219
228.7404, 145.0740
229.2225, 144.6707
229.7046, 149.1792
230.1868, 151.5564
230.6689, 147.5381
231.1510, 147.7651
231.6331, 158.7769
232.1152, 189.5952
232.5974, 210.0701
233.0795, 216.8057
233.5616, 214.0264
234.0437, 214.7927
234.5258, 224.0681
235.0079, 230.0493
235.4901, 225.9666
235.9722, 203.7593
236.4543, 189.9551
236.9364, 187.3352
237.4185, 194.5432
237.9006, 206.6262
238.3828, 225.7395
238.8649, 243.7126
239.3470, 256.1396
239.8291, 257.2996
240.3112, 268.2180
240.7933, 293.9988
241.2755, 328.0718
241.7576, 348.5479
242.2397, 345.4575
242.7218, 346.2537
243.2039, 364.4521
243.6860, 404.9158
244.1682, 446.2439
244.6503, 491.2344
245.1324, 538.2832
245.6145, 577.6729
246.0966, 599.4424
246.5787, 626.2515
247.0609, 672.3591
247.5430, 750.2009
248.0251, 819.3948
248.5072, 872.1165
248.9893, 914.6353
249.4714, 973.3037
249.9536, 1054.011
250.4357, 1142.118
250.9178, 1231.062
251.3999, 1322.146
251.8820, 1408.605
252.3641, 1489.307
252.8463, 1564.854
253.3284, 1644.848
253.8105, 1745.539
254.2926, 1822.725
254.7747, 1851.975
255.2568, 1824.587
255.7390, 1771.034
256.2211, 1687.838
256.7032, 1581.046
257.1853, 1465.789
257.6674, 1336.441
258.1495, 1209.949
258.6317, 1095.774
259.1138, 997.7844
259.5959, 901.4187
260.0780, 802.1819
260.5601, 705.5818
261.0422, 634.6311
261.5244, 598.7222
262.0065, 569.8481
262.4886, 532.8088
262.9707, 481.5388
263.4528, 439.2075
263.9349, 410.0500
264.4171, 388.9900
264.8992, 359.8926
265.3813, 317.8481
265.8634, 277.6741
266.3455, 247.0015
266.8276, 226.3772
267.3098, 212.6904
267.7919, 207.3276
268.2740, 207.8193
268.7561, 206.9778
269.2382, 203.3701
269.7203, 202.5237
270.2025, 208.2068
270.6846, 221.6843
271.1667, 233.4529
271.6488, 241.6450
272.1309, 249.5127
272.6130, 265.7368
273.0952, 292.1646
273.5773, 320.4189
274.0594, 344.1572
274.5415, 361.4397
275.0236, 389.7502
275.5057, 431.5618
275.9879, 482.7161
276.4700, 535.6106
276.9521, 590.7012
277.4342, 645.4067
277.9163, 696.6707
278.3984, 743.9058
278.8806, 798.1145
279.3627, 859.6550
279.8448, 927.9019
280.3269, 1007.686
280.8090, 1101.737
281.2911, 1186.656
281.7733, 1251.752
282.2554, 1297.163
282.7375, 1335.518
283.2196, 1370.050
283.7017, 1390.849
284.1838, 1385.774
284.6660, 1354.911
285.1481, 1291.340
285.6302, 1177.448
286.1123, 1019.745
286.5944, 877.4333
287.0765, 751.4580
287.5587, 639.9590
288.0408, 541.8049
288.5229, 456.5493
289.0050, 380.6982
289.4871, 312.2664
289.9692, 251.6592
290.4514, 204.1353
290.9335, 171.0857
291.4156, 144.1606
291.8977, 113.2693
292.3798, 79.23242
292.8619, 48.41870
293.3441, 24.30200
293.8262, 5.251953
294.3083, 13.72559
294.7904, 33.21704
295.2726, 48.03223
295.7547, 48.73657
296.2368, 38.89380
296.7189, 32.38232
297.2010, 38.32178
297.6831, 49.21973
298.1653, 48.44824
298.6474, 35.73584
299.1295, 24.25366
299.6116, 32.53149
300.0937, 51.59888
300.5758, 58.48730
301.0580, 36.25488
301.5401, 4.634033
302.0222, 7.768799
302.5043, 1.972656
302.9864, 5.833496
303.4685, 2.249756
303.9507, 7.979248
304.4328, 15.61304
304.9149, 11.89233
305.3970, 11.24512
305.8791, 33.76514
306.3612, 75.67603
306.8434, 115.8850
307.3255, 138.4783
307.8076, 151.1743
308.2897, 163.5417
308.7718, 177.1975
309.2539, 192.0352
309.7361, 204.4014
310.2182, 216.6753
310.7003, 237.8713
311.1824, 280.1682
311.6645, 330.0928
312.1466, 374.9626
312.6288, 411.4949
313.1109, 445.2979
313.5930, 473.6399
314.0751, 501.7268
314.5572, 541.6560
315.0393, 608.4351
315.5215, 683.0093
316.0036, 750.6050
316.4857, 805.2520
316.9678, 866.5198
317.4499, 943.4587
317.9320, 1033.181
318.4142, 1130.544
318.8963, 1249.422
319.3784, 1362.739
319.8605, 1455.353
320.3426, 1519.161
320.8247, 1586.987
321.3069, 1682.516
321.7890, 1783.060
322.2711, 1858.430
322.7532, 1893.290
323.2353, 1909.544
323.7174, 1913.540
324.1996, 1905.840
324.6817, 1884.296
325.1638, 1847.106
325.6459, 1796.700
326.1280, 1735.519
326.6101, 1640.542
327.0923, 1558.813
327.5744, 1502.528
328.0565, 1472.471
328.5386, 1446.449
329.0207, 1418.317
329.5028, 1397.954
329.9850, 1392.486
330.4671, 1412.179
330.9492, 1435.288
331.4313, 1457.574
331.9134, 1479.637
332.3955, 1510.537
332.8777, 1549.284
333.3598, 1599.275
333.8419, 1665.867
334.3240, 1763.960
334.8061, 1846.202
335.2882, 1904.579
335.7704, 1945.488
336.2525, 1991.499
336.7346, 2045.827
337.2167, 2098.026
337.6988, 2141.158
338.1809, 2171.730
338.6631, 2216.571
339.1452, 2281.691
339.6273, 2354.462
340.1094, 2410.252
340.5915, 2448.623
341.0736, 2469.340
341.5558, 2470.804
342.0379, 2453.052
342.5200, 2436.177
343.0021, 2420.244
343.4842, 2405.008
343.9663, 2393.405
344.4485, 2385.894
344.9306, 2367.198
345.4127, 2326.919
345.8948, 2271.150
346.3769, 2224.672
346.8590, 2188.448
347.3412, 2157.698
347.8233, 2129.649
348.3054, 2103.893
348.7875, 2076.856
349.2696, 2043.691
349.7517, 2011.691
350.2339, 1993.920
350.7160, 1990.083
351.1981, 1994.845
351.6802, 1998.390
352.1623, 2006.822
352.6444, 2036.621
353.1266, 2096.488
353.6087, 2171.029
354.0908, 2243.853
354.5729, 2315.282
355.0550, 2387.123
355.5371, 2453.756
356.0193, 2525.102
356.5014, 2612.496
356.9835, 2718.029
357.4656, 2834.243
357.9477, 2960.043
358.4298, 3093.236
358.9120, 3229.528
359.3941, 3360.707
359.8762, 3496.952
360.3583, 3657.006
360.8404, 3848.654
361.3225, 4015.884
361.8047, 4111.772
362.2868, 4176.204
362.7689, 4257.764
363.2510, 4397.630
363.7331, 4533.280
364.2152, 4645.333
364.6974, 4731.947
365.1795, 4794.622
365.6616, 4825.009
366.1437, 4836.990
366.6258, 4841.063
367.1079, 4866.788
367.5901, 4853.696
368.0722, 4788.807
368.5543, 4675.419
369.0364, 4537.054
369.5185, 4379.434
370.0006, 4194.604
370.4828, 3978.290
370.9649, 3714.396
371.4470, 3443.656
371.9291, 3158.677
372.4112, 2867.025
372.8933, 2580.828
373.3755, 2290.056
373.8576, 2030.794
374.3397, 1820.602
374.8218, 1669.546
375.3039, 1521.880
375.7861, 1375.519
376.2682, 1234.607
376.7503, 1098.848
377.2324, 965.0491
377.7145, 854.9724
378.1967, 782.3381
378.6788, 741.2761
379.1609, 675.0198
379.6430, 576.6816
380.1251, 479.2886
380.6072, 415.2505
381.0894, 383.6807
381.5715, 353.8687
382.0536, 320.9380
382.5357, 285.0859
383.0178, 244.6143
383.4999, 199.5471
383.9821, 159.4307
384.4642, 131.8181
384.9463, 113.9128
385.4284, 100.9812
385.9105, 93.95410
386.3926, 85.49390
386.8748, 63.57666
387.3569, 32.06299
387.8390, 3.773682
388.3211, 16.35938
388.8032, 29.12720
389.2853, 31.56885
389.7675, 22.99048
390.2496, 17.09546
390.7317, 27.00464
391.2138, 44.99487
391.6959, 60.30786
392.1780, 70.66699
392.6602, 75.76489
393.1423, 74.95117
393.6244, 68.40063
394.1065, 57.65552
394.5886, 32.88818
395.0707, 10.07007
395.5529, 1.750732
396.0350, 24.50195
396.5171, 42.15576
396.9992, 48.25854
397.4813, 43.17212
397.9634, 28.05518
398.4456, 12.61792
398.9277, 49.99438
399.4098, 71.90576
399.8919, 70.05518
400.3740, 72.17725
400.8561, 81.28882
401.3383, 93.15625
401.8204, 101.5388
402.3025, 95.47144
402.7846, 103.5969
403.2667, 138.2683
403.7488, 199.0674
404.2310, 242.6943
404.7131, 263.0559
405.1952, 276.1526
405.6773, 296.2000
406.1594, 325.8530
406.6415, 348.9399
407.1237, 360.6333
407.6058, 366.2034
408.0879, 381.8584
408.5700, 408.6462
409.0521, 437.4248
409.5342, 460.9739
410.0164, 480.4402
410.4985, 509.2810
410.9806, 551.7998
411.4627, 591.0737
411.9448, 595.4854
412.4269, 572.5547
412.9091, 558.3423
413.3912, 577.7212
413.8733, 612.2600
414.3554, 631.7798
414.8375, 636.3159
415.3196, 634.1091
415.8018, 627.7476
416.2839, 619.8149
416.7660, 613.2432
417.2481, 603.7915
417.7302, 603.2266
418.2123, 627.1919
418.6945, 668.7856
419.1766, 706.6650
419.6587, 719.3855
420.1408, 731.6562
420.6229, 762.0598
421.1050, 818.7742
421.5872, 875.8074
422.0693, 919.6426
422.5514, 960.4446
423.0335, 1012.479
423.5156, 1079.476
423.9977, 1157.591
424.4799, 1248.189
424.9620, 1350.534
425.4441, 1458.619
425.9262, 1577.053
426.4083, 1698.555
426.8904, 1818.794
427.3726, 1944.078
427.8547, 2057.775
428.3368, 2146.979
428.8189, 2227.459
429.3010, 2346.869
429.7831, 2524.949
430.2653, 2695.944
430.7474, 2826.360
431.2295, 2907.194
431.7116, 3011.642
432.1937, 3139.696
432.6758, 3286.991
433.1580, 3450.034
433.6401, 3629.096
434.1222, 3815.819
434.6043, 4000.817
435.0864, 4192.870
435.5685, 4425.027
436.0507, 4696.572
436.5328, 4977.732
437.0149, 5256.978
437.4970, 5524.945
437.9791, 5766.129
438.4612, 5984.322
438.9434, 6153.026
439.4255, 6247.185
439.9076, 6269.454
440.3897, 6226.572
440.8718, 6088.396
441.3539, 5910.478
441.8361, 5730.520
442.3182, 5551.002
442.8003, 5382.486
443.2824, 5213.434
443.7645, 5065.126
444.2466, 4959.554
444.7288, 4902.374
445.2109, 4890.638
445.6930, 4936.238
446.1751, 5030.753
446.6572, 5133.917
447.1393, 5264.083
447.6215, 5384.235
448.1036, 5479.075
448.5857, 5568.106
449.0678, 5590.556
449.5499, 5539.557
450.0320, 5426.669
450.5142, 5264.969
450.9963, 5043.920
451.4784, 4795.125
451.9605, 4516.799
452.4426, 4209.785
452.9247, 3948.926
453.4069, 3736.393
453.8890, 3547.520
454.3711, 3367.222
454.8532, 3195.326
455.3353, 3038.284
455.8174, 2905.366
456.2996, 2778.263
456.7817, 2612.481
457.2638, 2412.411
457.7459, 2222.170
458.2281, 2074.340
458.7102, 1949.348
459.1923, 1804.245
459.6744, 1637.436
460.1565, 1469.463
460.6386, 1324.881
461.1208, 1192.419
461.6029, 1057.190
462.0850, 897.9458
462.5671, 752.5479
463.0492, 649.8638
463.5313, 583.3000
464.0135, 531.8386
464.4956, 497.7097
464.9777, 468.2534
465.4598, 434.7786
465.9419, 390.4714
466.4240, 358.2197
466.9062, 349.5105
467.3883, 353.0525
467.8704, 354.1077
468.3525, 337.1807
468.8346, 334.4370
469.3167, 354.1396
469.7989, 394.7656
470.2810, 435.5459
470.7631, 477.1799
471.2452, 518.3721
471.7273, 556.1279
472.2094, 587.0220
472.6916, 632.4792
473.1737, 697.2449
473.6558, 772.3381
474.1379, 840.9792
474.6200, 903.5708
475.1021, 969.6104
475.5843, 1041.833
476.0664, 1120.865
476.5485, 1212.134
477.0306, 1315.237
477.5127, 1418.366
477.9948, 1530.383
478.4770, 1632.541
478.9591, 1686.855
479.4412, 1683.489
479.9233, 1632.078
480.4054, 1528.007
480.8875, 1382.418
481.3697, 1221.139
481.8518, 1041.695
482.3339, 861.8003
482.8160, 687.9023
483.2981, 519.5815
483.7802, 371.9648
484.2624, 256.0447
484.7445, 163.0273
485.2266, 86.70654
485.7087, 26.23999
486.1908, 17.72534
486.6729, 32.91284
487.1551, 30.32593
487.6372, 43.58813
488.1193, 89.99805
488.6014, 128.5354
489.0835, 141.9822
489.5656, 125.2036
490.0478, 118.6433
490.5299, 125.9539
491.0120, 136.4507
491.4941, 140.5271
491.9762, 138.4683
492.4583, 123.7236
492.9405, 91.58276
493.4226, 49.52710
493.9047, 13.72437
494.3868, 16.17236
494.8689, 40.09082
495.3510, 52.98315
495.8332, 61.21021
496.3153, 78.11792
496.7974, 104.9949
497.2795, 134.5874
497.7616, 160.6475
498.2437, 185.1306
498.7259, 210.4453
499.2080, 239.3987
499.6901, 267.7463
500.1722, 294.1106
500.6543, 318.2422
501.1364, 339.0688
501.6186, 354.8389
502.1007, 368.8145
502.5828, 384.1726
503.0649, 405.8066
503.5470, 415.8169
504.0291, 401.4448
504.5113, 381.5249
504.9934, 374.6482
505.4755, 381.6641
505.9576, 400.8462
506.4397, 436.2334
506.9218, 483.6589
507.4040, 522.7639
507.8861, 549.6187
508.3682, 581.5969
508.8503, 632.3267
509.3324, 700.4224
509.8145, 756.5991
510.2967, 797.2173
510.7788, 838.6426
511.2609, 897.5308
511.7430, 972.9062
512.2252, 1063.376
512.7073, 1179.372
513.1894, 1297.386
513.6715, 1384.695
514.1536, 1447.150
514.6357, 1509.176
515.1179, 1589.226
515.6000, 1672.444
516.0821, 1745.796
516.5642, 1807.574
517.0463, 1864.156
517.5284, 1917.740
518.0106, 1967.613
518.4927, 2013.229
518.9748, 2063.432
519.4569, 2098.691
519.9390, 2111.083
520.4211, 2105.297
520.9033, 2097.672
521.3854, 2095.975
521.8675, 2081.259
522.3496, 2045.433
522.8317, 1986.890
523.3138, 1916.782
523.7960, 1831.973
524.2781, 1743.980
524.7602, 1666.558
525.2423, 1599.254
525.7244, 1534.285
526.2065, 1467.949
526.6887, 1406.105
527.1708, 1358.076
527.6529, 1323.450
528.1350, 1298.226
528.6171, 1273.899
529.0992, 1260.208
529.5814, 1272.303
530.0635, 1311.187
530.5456, 1361.948
531.0277, 1421.894
531.5098, 1485.804
531.9919, 1547.809
532.4741, 1601.331
532.9562, 1660.339
533.4383, 1737.342
533.9204, 1822.604
534.4025, 1896.108
534.8846, 1953.460
535.3668, 1999.396
535.8489, 2036.734
536.3310, 2066.870
536.8131, 2075.700
537.2952, 2065.707
537.7773, 2031.329
538.2595, 1964.320
538.7416, 1859.429
539.2237, 1753.193
539.7058, 1651.112
540.1879, 1546.953
540.6700, 1428.185
541.1522, 1297.157
541.6343, 1172.797
542.1164, 1060.919
542.5985, 962.7639
543.0806, 883.7583
543.5627, 822.6316
544.0449, 767.3027
544.5270, 710.1973
545.0091, 656.3506
545.4912, 609.0713
545.9733, 565.8125
546.4554, 532.3696
546.9376, 520.7512
547.4197, 521.0332
547.9018, 517.7866
548.3839, 504.3711
548.8660, 488.7559
549.3481, 467.8130
549.8303, 445.0469
550.3124, 439.4336
550.7945, 464.2563
551.2766, 491.0767
551.7587, 507.0513
552.2408, 509.4619
552.7230, 511.6079
553.2051, 513.3438
553.6872, 515.1704
554.1693, 518.8516
554.6514, 524.0796
555.1335, 526.9756
555.6157, 530.3931
556.0978, 524.5825
556.5799, 486.7720
557.0620, 423.3335
557.5441, 361.1011
558.0262, 310.0869
558.5084, 270.0024
558.9905, 241.2393
559.4726, 223.4541
559.9547, 213.7021
560.4368, 209.4653
560.9189, 213.2476
561.4011, 226.7979
561.8832, 249.7852
562.3653, 283.8696
562.8474, 333.6528
563.3295, 393.6689
563.8116, 455.8804
564.2938, 515.2417
564.7759, 585.6143
565.2580, 674.3521
565.7401, 778.0750
566.2222, 870.2754
566.7043, 949.9407
567.1865, 1027.749
567.6686, 1111.614
568.1507, 1201.686
568.6328, 1281.863
569.1149, 1349.404
569.5970, 1420.302
570.0792, 1516.142
570.5613, 1628.662
571.0434, 1737.980
571.5255, 1840.630
572.0076, 1934.982
572.4897, 2020.750
572.9719, 2098.020
573.4540, 2169.168
573.9361, 2247.006
574.4182, 2307.344
574.9003, 2340.992
575.3824, 2348.747
575.8646, 2322.380
576.3467, 2242.512
576.8288, 2142.201
577.3109, 2039.337
577.7930, 1947.391
578.2751, 1826.026
578.7573, 1663.063
579.2394, 1484.083
579.7215, 1324.467
580.2036, 1183.016
580.6857, 1060.325
581.1678, 959.5039
581.6500, 875.1458
582.1321, 790.6731
582.6142, 707.1174
583.0963, 636.1138
583.5784, 588.7295
584.0605, 555.7305
584.5427, 523.9275
585.0248, 492.5686
585.5069, 465.9580
585.9890, 447.9536
586.4711, 435.6191
586.9532, 425.6609
587.4354, 415.3582
587.9175, 410.4702
588.3996, 416.1138
588.8817, 427.4490
589.3638, 435.8733
589.8459, 441.6438
590.3281, 444.1143
590.8102, 442.1145
591.2923, 437.5183
591.7744, 437.1821
592.2565, 443.3164
592.7386, 446.1458
593.2208, 437.2607
593.7029, 418.1243
594.1850, 406.0601
594.6671, 402.7959
595.1492, 398.8572
595.6313, 381.7798
596.1135, 356.8394
596.5956, 336.2698
597.0777, 324.1775
597.5598, 315.1453
598.0419, 307.9216
598.5240, 300.5024
599.0062, 288.9958
599.4883, 267.1921
599.9704, 245.5598
600.4525, 226.7126
600.9346, 211.0747
601.4167, 201.2952
601.8989, 199.2654
602.3810, 200.9783
602.8631, 204.7698
603.3452, 210.7856
603.8273, 219.4365
604.3094, 233.2585
604.7916, 243.8376
605.2737, 236.8955
605.7558, 213.7654
606.2379, 209.6736
606.7200, 238.0483
607.2021, 272.2817
607.6843, 263.2000
608.1664, 224.5710
608.6485, 201.9280
609.1306, 237.8511
609.6127, 283.1028
610.0948, 293.1724
610.5770, 271.8777
611.0591, 253.5813
611.5412, 263.1826
612.0233, 273.8186
612.5054, 268.6650
612.9875, 238.6309
613.4697, 215.6260
613.9518, 203.2129
614.4339, 194.4065
614.9160, 183.3691
615.3981, 169.5913
615.8802, 157.4890
616.3624, 150.1108
616.8445, 142.4158
617.3266, 119.4272
617.8087, 81.33130
618.2908, 49.22363
618.7729, 34.48755
619.2551, 29.58691
619.7372, 22.01733
620.2193, 12.27319
620.7014, 3.303711
621.1835, 3.982178
621.6656, 11.05054
622.1478, 20.50195
622.6299, 33.45898
623.1120, 36.98462
623.5941, 10.81177
624.0762, 17.62305
624.5583, 25.53394
625.0405, 13.44824
625.5226, 35.57153
626.0047, 33.09033
626.4868, 18.48145
626.9689, 10.50806
627.4510, 8.636719
627.9332, 18.38354
628.4153, 49.34229
628.8974, 87.16113
629.3795, 82.62573
629.8616, 39.78638
630.3438, 3.888672
630.8259, 14.71777
631.3080, 42.90015
631.7901, 42.24268
632.2722, 11.75635
632.7543, 13.59302
633.2365, 3.569092
633.7186, 15.05640
634.2007, 19.49170
634.6828, 1.304443
635.1649, 19.48169
635.6470, 26.48950
636.1292, 30.06299
636.6113, 39.59277
637.0934, 62.55884
637.5755, 75.29346
638.0576, 72.17212
638.5397, 58.99512
639.0219, 49.92261
639.5040, 44.99561
639.9861, 42.02563
640.4682, 41.72803
640.9503, 41.93262
641.4324, 35.05908
641.9146, 22.22852
642.3967, 12.92065
642.8788, 18.64941
643.3609, 28.00098
643.8430, 26.86108
644.3251, 11.72705
644.8073, 4.054199
645.2894, 28.19043
645.7715, 54.43066
646.2536, 57.94141
646.7357, 0.6105960
647.2178, 29.02271
647.7000, 13.53809
648.1821, 22.72852
648.6642, 44.98462
649.1463, 51.14062
649.6284, 52.77710
650.1105, 49.77539
650.5927, 46.71973
651.0748, 59.18848
651.5569, 84.99487
652.0390, 103.9993
652.5211, 96.72803
653.0032, 80.86450
653.4854, 80.84717
653.9675, 95.48486
654.4496, 108.4250
654.9317, 109.1755
655.4138, 105.8718
655.8959, 104.9705
656.3781, 110.0483
656.8602, 108.1433
657.3423, 87.60156
657.8244, 66.75684
658.3065, 62.31519
658.7886, 84.89258
659.2708, 92.66699
659.7529, 79.08740
660.2350, 54.80762
660.7171, 34.33325
661.1992, 17.69971
661.6813, 10.95947
662.1635, 22.86865
662.6456, 37.71997
663.1277, 26.38501
663.6099, 3.884521
664.0920, 27.29565
664.5741, 25.70410
665.0562, 16.99463
665.5383, 12.00732
666.0204, 10.98291
666.5026, 9.037598
666.9847, 5.852051
667.4668, 0.7707520
667.9489, 8.262451
668.4310, 24.81763
668.9131, 28.53979
669.3953, 15.48511
669.8774, 3.259766
670.3595, 20.58057
670.8416, 36.31714
671.3237, 39.26587
671.8058, 26.33228
672.2880, 6.629150
672.7701, 13.58789
673.2522, 31.57178
673.7343, 39.87769
674.2164, 27.11865
674.6985, 15.66650
675.1807, 26.11914
675.6628, 49.17896
676.1449, 63.10327
676.6270, 55.54199
677.1091, 44.32837
677.5912, 29.41602
678.0734, 12.87085
678.5555, 14.87622
679.0376, 42.90137
679.5197, 73.59155
680.0018, 95.94531
680.4839, 110.6057
680.9661, 123.8660
681.4482, 136.3335
681.9303, 150.4668
682.4124, 173.1030
682.8945, 197.9050
683.3766, 212.9946
683.8588, 217.4685
684.3409, 215.8137
684.8230, 201.1987
685.3051, 185.3914
685.7872, 181.5747
686.2693, 206.0222
686.7515, 221.9592
687.2336, 214.1008
687.7157, 203.6318
688.1978, 221.1238
688.6799, 278.0630
689.1620, 323.7163
689.6442, 347.3423
690.1263, 357.2900
690.6084, 370.2893
691.0905, 385.7764
691.5726, 399.6689
692.0547, 411.0322
692.5369, 420.9421
693.0190, 428.7781
693.5011, 434.4141
693.9832, 437.3049
694.4653, 436.2695
694.9474, 433.1602
695.4296, 429.2126
695.9117, 424.6021
696.3938, 418.7798
696.8759, 420.9709
697.3580, 413.8579
697.8401, 383.1167
698.3223, 314.4712
698.8044, 275.6746
699.2865, 276.2371
699.7686, 284.0034
700.2507, 252.6240
700.7328, 192.0791
701.2150, 161.9412
701.6971, 181.0261
702.1792, 209.5522
702.6613, 201.2292
703.1434, 172.1487
703.6255, 149.9214
704.1077, 154.3132
704.5898, 156.9399
705.0719, 142.0710
705.5540, 118.8372
706.0361, 105.4441
706.5182, 105.4067
707.0004, 109.5752
707.4825, 119.6604
707.9646, 132.4541
708.4467, 129.4661
708.9288, 108.7476
709.4109, 89.37817
709.8931, 83.12646
710.3752, 85.82520
710.8573, 84.80200
711.3394, 80.65894
711.8215, 80.51514
712.3036, 97.65308
712.7858, 115.6572
713.2679, 116.3340
713.7500, 94.13696
714.2321, 80.16016
714.7142, 92.30835
715.1964, 108.9109
715.6785, 115.2041
716.1606, 109.6055
716.6427, 95.40845
717.1248, 67.37158
717.6069, 39.34155
718.0891, 28.61133
718.5712, 34.12231
719.0533, 41.36206
719.5354, 48.68701
720.0175, 55.28052
720.4996, 58.32178
720.9818, 58.90137
721.4639, 58.65186
721.9460, 61.79492
722.4281, 62.18018
722.9102, 53.01709
723.3923, 38.99878
723.8745, 31.30420
724.3566, 36.79663
724.8387, 42.15381
725.3208, 44.87427
725.8029, 45.80078
726.2850, 47.16455
726.7672, 47.76245
727.2493, 49.62915
727.7314, 55.38062
728.2135, 62.06006
728.6956, 61.01587
729.1777, 53.73755
729.6599, 47.55127
730.1420, 50.25171
730.6241, 53.63379
731.1062, 48.53491
731.5883, 33.55493
732.0704, 21.65161
732.5526, 15.10498
733.0347, 15.11353
733.5168, 23.50513
733.9989, 43.81421
734.4810, 55.06836
734.9631, 55.09497
735.4453, 51.18872
735.9274, 52.93018
736.4095, 58.80518
736.8916, 49.79883
737.3737, 20.71948
737.8558, 6.744873
738.3380, 8.127441
738.8201, 5.020020
739.3022, 16.67529
739.7843, 22.51758
740.2664, 26.92847
740.7485, 29.68384
741.2307, 33.12598
741.7128, 40.89819
742.1949, 57.52124
742.6770, 64.67700
743.1591, 58.27832
743.6412, 44.74268
744.1234, 35.34668
744.6055, 29.96143
745.0876, 29.52490
745.5697, 35.86060
746.0518, 45.55322
746.5339, 55.08252
747.0161, 63.56714
747.4982, 68.86157
747.9803, 68.93457
748.4624, 66.30127
748.9445, 60.82104
749.4266, 53.35425
749.9088, 48.10669
750.3909, 47.02686
750.8730, 46.45117
751.3551, 46.10864
751.8372, 45.83398
752.3193, 41.04956
752.8015, 30.66846
753.2836, 25.57886
753.7657, 37.28296
754.2478, 58.13184
754.7299, 71.22217
755.2120, 76.28589
755.6942, 75.75586
756.1763, 63.65381
756.6584, 51.69165
757.1405, 49.83691
757.6226, 60.24463
758.1047, 71.09277
758.5869, 86.63745
759.0690, 95.92822
759.5511, 89.61670
760.0332, 61.55054
760.5153, 49.32397
760.9974, 55.84277
761.4796, 67.06934
761.9617, 68.06201
762.4438, 62.51294
762.9259, 63.87354
763.4080, 76.24512
763.8901, 82.01880
764.3723, 53.88843
764.8544, 17.81519
765.3365, 3.264648
765.8186, 27.55908
766.3007, 53.91699
766.7828, 80.66138
767.2650, 103.7869
767.7471, 117.9949
768.2292, 120.4534
768.7113, 124.7043
769.1934, 133.1731
769.6755, 142.0557
770.1577, 147.1743
770.6398, 147.9236
771.1219, 140.4109
771.6040, 117.1624
772.0861, 97.46729
772.5682, 104.5913
773.0504, 125.4751
773.5325, 137.3936
774.0146, 125.6147
774.4967, 113.6428
774.9788, 106.6858
775.4609, 102.4507
775.9431, 95.92310
776.4252, 86.16113
776.9073, 79.13672
777.3894, 76.87866
777.8715, 77.91089
778.3536, 82.47607
778.8358, 88.61719
779.3179, 86.44653
779.8000, 60.76489
780.2821, 33.74683
780.7642, 25.51123
781.2463, 31.12549
781.7285, 34.00952
782.2106, 26.19238
782.6927, 18.52124
783.1748, 10.95239
783.6569, 5.508057
784.1390, 16.81689
784.6212, 48.93091
785.1033, 76.39185
785.5854, 87.10962
786.0675, 84.49390
786.5496, 73.45825
787.0317, 55.38477
787.5139, 41.07568
787.9960, 37.30640
788.4781, 39.96240
788.9602, 48.12207
789.4423, 61.13501
789.9244, 70.90405
790.4066, 74.45898
790.8887, 75.76196
791.3708, 76.08521
791.8529, 75.48877
792.3350, 76.15503
792.8171, 78.72778
793.2993, 79.69263
793.7814, 78.51587
794.2635, 74.35962
794.7456, 58.51367
795.2277, 31.40161
795.7098, 11.45898
796.1920, 20.82080
796.6741, 36.89526
797.1562, 42.35132
797.6383, 34.37378
798.1204, 22.83008
798.6025, 3.649658
799.0847, 17.63477
799.5668, 2.807129
800.0489, 63.20605
800.5310, 85.40918
801.0131, 65.39331
801.4952, 39.77856
801.9774, 44.50073
802.4595, 65.03369
802.9416, 73.15039
803.4237, 65.50977
803.9058, 58.10547
804.3879, 61.38208
804.8701, 68.09448
805.3522, 73.12866
805.8343, 76.56885
806.3164, 76.92188
806.7985, 70.23877
807.2806, 65.25293
807.7628, 71.93677
808.2449, 89.65112
808.7270, 96.06226
809.2091, 88.65820
809.6912, 80.37231
810.1733, 85.05298
810.6555, 96.10913
811.1376, 102.2070
811.6197, 100.2334
812.1018, 99.09790
812.5839, 106.0903
813.0660, 112.9121
813.5482, 111.7590
814.0303, 97.89673
814.5124, 88.86963
814.9945, 82.92651
815.4766, 86.18018
815.9587, 112.9045
816.4409, 157.0881
816.9230, 185.7246
817.4051, 193.4319
817.8872, 191.4500
818.3693, 177.4497
818.8514, 164.7222
819.3336, 170.8501
819.8157, 210.9297
820.2978, 244.3032
820.7799, 255.6831
821.2620, 262.2595
821.7441, 277.4666
822.2263, 303.1445
822.7084, 327.4500
823.1905, 349.9441
823.6726, 372.9568
824.1547, 398.3315
824.6368, 425.0474
825.1190, 449.0671
825.6011, 468.6465
826.0832, 489.6946
826.5653, 521.6370
827.0474, 555.5312
827.5295, 581.8271
828.0117, 599.2756
828.4938, 609.2991
828.9760, 614.6948
829.4581, 609.6565
829.9402, 586.7600
830.4223, 545.8472
830.9044, 498.7051
831.3865, 445.9084
831.8687, 393.0037
832.3508, 341.4392
832.8329, 295.3450
833.3150, 259.0820
833.7971, 235.1672
834.2792, 213.9705
834.7614, 194.3232
835.2435, 175.1992
835.7256, 155.6880
836.2077, 135.6140
836.6898, 114.5676
837.1719, 90.59570
837.6541, 70.85107
838.1362, 62.45947
838.6183, 64.75977
839.1004, 81.40088
839.5825, 116.6240
840.0646, 138.9373
840.5468, 106.8865
841.0289, 59.93921
841.5110, 36.94385
841.9931, 58.98511
842.4752, 70.53564
842.9573, 60.17480
843.4395, 47.25684
843.9216, 50.41162
844.4037, 70.21216
844.8858, 78.26294
845.3679, 71.82178
845.8500, 64.03345
846.3322, 71.29419
846.8143, 83.58862
847.2964, 85.24048
847.7785, 71.98389
848.2606, 59.64966
848.7427, 51.87671
849.2249, 49.64453
849.7070, 56.16943
850.1891, 78.31079
850.6712, 79.32495
851.1533, 53.88110
851.6354, 24.08252
852.1176, 7.320557
852.5997, 2.226563
853.0818, 8.648438
853.5639, 26.65625
854.0460, 41.23853
854.5281, 41.25000
855.0103, 33.18750
855.4924, 19.40088
855.9745, 2.945068
856.4566, 13.23218
856.9387, 2.551270
857.4208, 9.905273
857.9030, 8.637695
858.3851, 6.586670
858.8672, 7.750732
859.3493, 5.478516
859.8314, 20.74097
860.3135, 27.77246
860.7957, 31.74951
861.2778, 41.95752
861.7599, 58.67554
862.2420, 64.32324
862.7241, 40.72485
863.2062, 15.93848
863.6884, 4.136719
864.1705, 5.178955
864.6526, 0.6335450
865.1347, 15.96118
865.6168, 24.81665
866.0989, 8.651123
866.5811, 18.33154
867.0632, 18.67090
867.5453, 3.464600
868.0274, 21.92383
868.5095, 19.33740
868.9916, 11.54321
869.4738, 6.843262
869.9559, 5.244141
870.4380, 0.8317870
870.9201, 9.220459
871.4022, 15.69800
871.8843, 14.13818
872.3665, 7.179688
872.8486, 6.514893
873.3307, 10.33252
873.8128, 6.594238
874.2949, 25.45459
874.7770, 55.60498
875.2592, 58.54224
875.7413, 40.15942
876.2234, 19.33618
876.7055, 9.074463
877.1876, 26.94775
877.6697, 27.61743
878.1519, 17.13892
878.6340, 12.40210
879.1161, 13.16455
879.5982, 11.75781
880.0803, 5.468506
880.5624, 3.910156
881.0446, 17.85254
881.5267, 32.74219
882.0088, 41.32495
882.4909, 41.45459
882.9730, 34.38525
883.4551, 14.12451
883.9373, 9.934326
884.4194, 23.98218
884.9015, 27.15015
885.3836, 25.87549
885.8657, 20.82373
886.3478, 13.12524
886.8300, 1.815430
887.3121, 17.14868
887.7942, 15.93237
888.2763, 17.62012
888.7584, 40.10229
889.2405, 20.26318
889.7227, 13.86401
890.2048, 31.94189
890.6869, 29.69458
891.1690, 22.08423
891.6511, 7.707764
892.1332, 6.744629
892.6154, 12.65210
893.0975, 13.02661
893.5796, 17.95264
894.0617, 29.25537
894.5438, 37.27148
895.0259, 35.18091
895.5081, 27.36865
895.9902, 15.92261
896.4723, 0.7197270
896.9544, 10.12109
897.4365, 9.186523
897.9186, 6.963379
898.4008, 10.43530
898.8829, 18.09082
899.3650, 20.78076
899.8471, 17.81689
900.3292, 14.66602
900.8113, 16.60278
901.2935, 18.96973
901.7756, 17.01758
902.2577, 10.72363
902.7398, 7.227539
903.2219, 12.00732
903.7040, 12.45312
904.1862, 2.244629
904.6683, 15.38818
905.1504, 25.75610
905.6325, 29.51538
906.1146, 32.60986
906.5967, 43.72705
907.0789, 50.84692
907.5610, 32.57910
908.0431, 0.8369140
908.5252, 11.46899
909.0073, 26.17383
909.4894, 54.96191
909.9716, 63.27319
910.4537, 59.15747
910.9358, 59.42798
911.4179, 64.35938
911.9000, 65.52368
912.3821, 59.60327
912.8643, 50.74878
913.3464, 37.98950
913.8285, 26.18726
914.3106, 24.72559
914.7927, 45.90527
915.2748, 65.21436
915.7570, 81.40942
916.2391, 90.45142
916.7212, 85.70703
917.2033, 66.35693
917.6854, 65.92700
918.1675, 88.22290
918.6497, 117.6572
919.1318, 142.8845
919.6139, 163.2556
920.0960, 176.6987
920.5781, 181.8340
921.0602, 188.3862
921.5424, 200.9348
922.0245, 214.2981
922.5066, 223.3472
922.9887, 227.1843
923.4708, 244.1743
923.9529, 276.8386
924.4351, 309.0928
924.9172, 326.1509
925.3993, 335.1853
925.8814, 348.5542
926.3635, 366.1421
926.8456, 378.7568
927.3278, 368.0146
927.8099, 367.8613
928.2920, 395.0256
928.7741, 440.9062
929.2562, 467.5391
929.7383, 472.3374
930.2205, 490.9077
930.7026, 542.3914
931.1847, 603.3979
931.6668, 641.9880
932.1489, 662.7390
932.6310, 677.6172
933.1132, 688.4116
933.5953, 701.7725
934.0774, 716.8223
934.5595, 736.5850
935.0416, 763.3101
935.5237, 797.9844
936.0059, 833.3467
936.4880, 867.9902
936.9701, 908.1396
937.4522, 969.6812
937.9343, 1038.298
938.4164, 1087.379
938.8986, 1108.587
939.3807, 1134.219
939.8628, 1180.297
940.3449, 1230.077
940.8270, 1270.713
941.3091, 1301.171
941.7913, 1356.254
942.2734, 1437.395
942.7555, 1519.058
943.2376, 1583.757
943.7197, 1639.965
944.2018, 1701.331
944.6840, 1766.014
945.1661, 1821.447
945.6482, 1847.739
946.1303, 1884.756
946.6124, 1944.856
947.0945, 2023.728
947.5767, 2110.309
948.0588, 2204.310
948.5409, 2292.738
949.0230, 2368.274
949.5051, 2440.562
949.9872, 2526.537
950.4694, 2617.031
950.9515, 2696.420
951.4336, 2751.660
951.9157, 2807.402
952.3978, 2873.836
952.8799, 2935.882
953.3621, 2974.908
953.8442, 2990.545
954.3263, 3003.857
954.8084, 3016.512
955.2905, 3026.614
955.7726, 3043.303
956.2548, 3049.598
956.7369, 3015.427
957.2190, 2929.277
957.7011, 2877.625
958.1832, 2897.668
958.6653, 2920.806
959.1475, 2914.908
959.6296, 2884.147
960.1117, 2853.991
960.5938, 2824.926
961.0759, 2805.762
961.5580, 2805.950
962.0402, 2814.817
962.5223, 2821.408
963.0044, 2829.046
963.4865, 2848.895
963.9686, 2896.030
964.4507, 2933.119
964.9329, 2948.559
965.4150, 2957.606
965.8971, 2984.502
966.3792, 3028.297
966.8613, 3088.741
967.3434, 3168.066
967.8256, 3252.892
968.3077, 3325.290
968.7898, 3399.943
969.2719, 3491.025
969.7540, 3597.112
970.2361, 3727.180
970.7183, 3882.172
971.2004, 4056.471
971.6825, 4250.097
972.1646, 4457.731
972.6467, 4653.608
973.1288, 4839.813
973.6110, 5053.652
974.0931, 5321.578
974.5752, 5615.894
975.0573, 5922.866
975.5394, 6245.589
976.0215, 6599.571
976.5037, 6996.370
976.9858, 7396.773
977.4679, 7787.007
977.9500, 8177.188
978.4321, 8570.325
978.9142, 8972.479
979.3964, 9399.265
979.8785, 9873.419
980.3606, 10343.83
980.8427, 10806.41
981.3248, 11248.70
981.8069, 11657.25
982.2891, 12035.73
982.7712, 12388.32
983.2533, 12720.86
983.7354, 12998.37
984.2175, 13202.33
984.6996, 13329.38
985.1818, 13381.83
985.6639, 13359.06
986.1460, 13229.72
986.6281, 12939.76
987.1102, 12577.20
987.5923, 12159.07
988.0745, 11696.57
988.5566, 11238.07
989.0387, 10782.33
989.5208, 10330.20
990.0029, 9879.604
990.4850, 9435.369
990.9672, 9009.988
991.4493, 8597.236
991.9314, 8187.883
992.4135, 7759.371
992.8957, 7367.848
993.3778, 7022.517
993.8599, 6700.527
994.3420, 6376.668
994.8242, 6054.030
995.3063, 5733.603
995.7884, 5412.810
996.2705, 5112.933
996.7526, 4853.740
997.2347, 4618.112
997.7169, 4389.366
998.1990, 4163.818
998.6811, 3970.000
999.1632, 3813.012
999.6453, 3658.242
1000.127, 3484.454
1000.610, 3306.273
1001.092, 3158.490
1001.574, 3034.492
1002.056, 2912.242
1002.538, 2770.993
1003.020, 2645.716
1003.502, 2553.100
1003.984, 2472.925
1004.466, 2377.081
1004.949, 2264.926
1005.431, 2165.982
1005.913, 2084.416
1006.395, 2014.722
1006.877, 1940.577
1007.359, 1882.472
1007.841, 1882.059
1008.323, 1954.961
1008.806, 1950.268
1009.288, 1804.414
1009.770, 1662.388
1010.252, 1587.285
1010.734, 1561.135
1011.216, 1514.258
1011.698, 1450.712
1012.180, 1394.624
1012.662, 1366.995
1013.145, 1339.896
1013.627, 1295.316
1014.109, 1241.469
1014.591, 1192.719
1015.073, 1150.101
1015.555, 1112.599
1016.037, 1082.636
1016.519, 1050.244
1017.002, 1002.565
1017.484, 945.8713
1017.966, 887.3994
1018.448, 827.2075
1018.930, 781.3430
1019.412, 776.3091
1019.894, 765.3281
1020.376, 723.8574
1020.858, 658.9302
1021.341, 612.4819
1021.823, 583.9155
1022.305, 555.2524
1022.787, 518.4023
1023.269, 478.3618
1023.751, 437.0195
1024.233, 396.3752
1024.715, 360.4766
1025.198, 326.1399
1025.680, 303.3103
1026.162, 294.5020
1026.644, 292.5007
1027.126, 293.6387
1027.608, 294.6899
1028.090, 282.4478
1028.572, 256.1208
1029.054, 234.8906
1029.536, 240.2356
1030.019, 243.5449
1030.501, 224.6155
1030.983, 188.9080
1031.465, 169.9021
1031.947, 169.8506
1032.429, 162.5752
1032.911, 136.0474
1033.393, 104.0234
1033.876, 82.78418
1034.358, 68.33008
1034.840, 54.21313
1035.322, 38.07227
1035.804, 23.17432
1036.286, 6.066650
1036.768, 4.305420
1037.250, 5.932373
1037.733, 31.32642
1038.215, 37.87842
1038.697, 25.42114
1039.179, 11.34497
1039.661, 4.370605
1040.143, 0.7170410
1040.625, 0.2260740
1041.107, 0.2321780
1041.589, 2.519531
1042.072, 8.889404
1042.554, 17.23999
1043.036, 28.86523
1043.518, 37.71362
1044.000, 29.72168
1044.482, 15.66919
1044.964, 14.66943
1045.446, 37.77490
1045.928, 52.10400
1046.411, 47.61987
1046.893, 38.84790
1047.375, 33.11230
1047.857, 30.53491
1048.339, 34.87622
1048.821, 44.91455
1049.303, 49.20752
1049.785, 35.85425
1050.268, 19.98486
1050.750, 7.968506
1051.232, 0.7067870
1051.714, 0.3378910
1052.196, 7.270752
1052.678, 10.21680
1053.160, 4.995117
1053.642, 1.181152
1054.125, 14.44751
1054.607, 34.45630
1055.089, 44.71655
1055.571, 42.06396
1056.053, 40.70752
1056.535, 52.74780
1057.017, 55.14404
1057.499, 32.76855
1057.981, 4.550049
1058.464, 15.32593
1058.946, 3.089355
1059.428, 12.52710
1059.910, 32.94873
1060.392, 39.37744
1060.874, 5.523438
1061.356, 42.20483
1061.838, 66.71631
1062.320, 59.83594
1062.803, 59.00439
1063.285, 66.01685
1063.767, 74.86523
1064.249, 80.58398
1064.731, 84.73145
1065.213, 90.71411
1065.695, 97.81396
1066.177, 99.76147
1066.660, 79.56934
1067.142, 77.16162
1067.624, 109.2812
1068.106, 155.0435
1068.588, 169.1079
1069.070, 157.8757
1069.552, 146.1543
1070.034, 138.9331
1070.516, 136.4277
1070.999, 139.6946
1071.481, 147.4885
1071.963, 162.9934
1072.445, 187.4246
1072.927, 180.8538
1073.409, 141.0190
1073.891, 110.4539
1074.373, 125.7258
1074.855, 152.9485
1075.338, 155.3154
1075.820, 140.2295
1076.302, 123.9375
1076.784, 101.2292
1077.266, 93.66895
1077.748, 107.7478
1078.230, 126.3662
1078.713, 129.7224
1079.195, 122.6082
1079.677, 115.0876
1080.159, 108.4482
1080.641, 107.7859
1081.123, 118.8374
1081.605, 133.5049
1082.087, 151.9023
1082.569, 169.8931
1083.052, 170.6445
1083.534, 155.0122
1084.016, 140.2588
1084.498, 131.1260
1084.980, 124.1023
1085.462, 115.4661
1085.944, 107.6470
1086.426, 103.7852
1086.908, 104.9287
1087.391, 106.0339
1087.873, 107.4688
1088.355, 107.5066
1088.837, 102.9622
1089.319, 97.64722
1089.801, 99.88843
1090.283, 106.7788
1090.765, 109.9453
1091.248, 106.6616
1091.730, 97.87451
1092.212, 78.06958
1092.694, 61.24731
1093.176, 70.75684
1093.658, 98.83130
1094.140, 110.4814
1094.622, 102.3916
1095.104, 98.25586
1095.587, 121.6177
1096.069, 142.6465
1096.551, 141.8013
1097.033, 126.0935
1097.515, 123.5132
1097.997, 134.3552
1098.479, 140.5969
1098.961, 136.0059
1099.443, 128.0823
1099.926, 117.7468
1100.408, 111.2271
1100.890, 118.0474
1101.372, 145.6873
1101.854, 160.1719
1102.336, 159.2827
1102.818, 153.3828
1103.300, 144.5554
1103.783, 136.0618
1104.265, 134.8918
1104.747, 140.4971
1105.229, 147.4514
1105.711, 153.2881
1106.193, 156.1208
1106.675, 153.5349
1107.157, 151.2488
1107.640, 155.4951
1108.122, 166.5608
1108.604, 187.0193
1109.086, 214.5574
1109.568, 237.4880
1110.050, 241.5928
1110.532, 248.1289
1111.014, 269.5884
1111.496, 299.5452
1111.979, 314.4810
1112.461, 314.0369
1112.943, 323.5781
1113.425, 352.1233
1113.907, 378.3840
1114.389, 366.1169
1114.871, 353.3306
1115.353, 384.9939
1115.835, 470.3020
1116.318, 534.4216
1116.800, 573.7563
1117.282, 603.6030
1117.764, 627.9185
1118.246, 652.3716
1118.728, 681.7041
1119.210, 719.6404
1119.692, 773.3848
1120.175, 863.4368
1120.657, 937.6941
1121.139, 986.8010
1121.621, 1036.938
1122.103, 1115.062
1122.585, 1210.186
1123.067, 1293.508
1123.549, 1365.144
1124.031, 1430.396
1124.514, 1488.646
1124.996, 1543.076
1125.478, 1593.566
1125.960, 1641.492
1126.442, 1693.514
1126.924, 1747.058
1127.406, 1781.853
1127.888, 1794.276
1128.370, 1803.835
1128.853, 1823.482
1129.335, 1844.361
1129.817, 1860.838
1130.299, 1873.480
1130.781, 1881.639
1131.263, 1884.685
1131.745, 1904.124
1132.227, 1953.601
1132.710, 2000.353
1133.192, 2008.980
1133.674, 2000.338
1134.156, 1997.718
1134.638, 2008.023
1135.120, 1995.245
1135.602, 1955.548
1136.084, 1915.345
1136.567, 1897.074
1137.049, 1878.996
1137.531, 1828.576
1138.013, 1753.419
1138.495, 1669.393
1138.977, 1572.841
1139.459, 1480.486
1139.941, 1395.450
1140.423, 1308.924
1140.906, 1206.330
1141.388, 1099.319
1141.870, 1024.834
1142.352, 976.2700
1142.834, 916.1641
1143.316, 810.7571
1143.798, 715.8716
1144.280, 642.9106
1144.762, 585.0181
1145.245, 531.9951
1145.727, 484.0825
1146.209, 443.2141
1146.691, 409.2051
1147.173, 375.2073
1147.655, 336.6426
1148.137, 297.6792
1148.619, 258.2256
1149.102, 220.8669
1149.584, 195.4172
1150.066, 181.0581
1150.548, 165.2571
1151.030, 142.5063
1151.512, 126.4197
1151.994, 136.3628
1152.476, 149.8330
1152.958, 146.7024
1153.441, 126.8357
1153.923, 110.0830
1154.405, 96.35986
1154.887, 84.89014
1155.369, 77.57471
1155.851, 70.66455
1156.333, 60.90771
1156.815, 49.25171
1157.297, 36.91650
1157.780, 22.08398
1158.262, 13.05835
1158.744, 10.50879
1159.226, 9.777832
1159.708, 5.597900
1160.190, 2.427734
1160.672, 12.27441
1161.154, 27.85352
1161.637, 25.84204
1162.119, 16.45435
1162.601, 28.90015
1163.083, 1.241211
1163.565, 38.66455
1164.047, 48.59155
1164.529, 40.03003
1165.011, 21.03442
1165.494, 5.425537
1165.976, 20.53320
1166.458, 12.28662
1166.940, 7.056152
1167.422, 13.07446
1167.904, 18.79517
1168.386, 2.984863
1168.868, 36.69507
1169.350, 44.42700
1169.833, 17.61108
1170.315, 3.878174
1170.797, 30.65942
1171.279, 56.96558
1171.761, 69.66162
1172.243, 73.00269
1172.725, 78.11719
1173.207, 83.14771
1173.689, 81.72803
1174.172, 70.51685
1174.654, 57.89648
1175.136, 39.73853
1175.618, 29.10376
1176.100, 35.00830
1176.582, 54.17163
1177.064, 72.80054
1177.546, 89.53467
1178.029, 96.95630
1178.511, 88.48975
1178.993, 75.64014
1179.475, 59.06689
1179.957, 43.93408
1180.439, 33.88452
1180.921, 28.88501
1181.403, 36.30127
1181.885, 54.19971
1182.368, 63.59546
1182.850, 42.01855
1183.332, 20.81055
1183.814, 17.93311
1184.296, 23.48560
1184.778, 24.57520
1185.260, 21.28076
1185.742, 14.91455
1186.224, 6.435547
1186.707, 4.254639
1187.189, 18.76562
1187.671, 33.96802
1188.153, 43.93823
1188.635, 48.67847
1189.117, 48.95532
1189.599, 42.13330
1190.081, 27.81860
1190.564, 4.946289
1191.046, 10.92139
1191.528, 3.128174
1192.010, 14.12329
1192.492, 36.91211
1192.974, 60.10889
1193.456, 55.82690
1193.938, 20.60571
1194.421, 6.354492
1194.903, 30.58032
1195.385, 55.82080
1195.867, 41.56323
1196.349, 13.61743
1196.831, 5.602783
1197.313, 14.37866
1197.795, 13.40503
1198.277, 2.175293
1198.760, 15.46948
1199.242, 43.12744
1199.724, 64.97827
1200.206, 56.42554
1200.688, 36.36743
1201.170, 30.37915
1201.652, 43.56201
1202.134, 40.50269
1202.616, 18.02783
1203.099, 2.629883
1203.581, 10.56519
1204.063, 27.05664
1204.545, 38.95142
1205.027, 46.63672
1205.509, 49.45972
1205.991, 44.68140
1206.473, 47.77246
1206.956, 61.10571
1207.438, 68.01367
1207.920, 49.02197
1208.402, 24.96338
1208.884, 21.46851
1209.366, 29.78564
1209.848, 30.70483
1210.330, 19.38086
1210.813, 8.911621
1211.295, 1.035889
1211.777, 4.969971
1212.259, 5.845459
1212.741, 22.08789
1213.223, 37.83813
1213.705, 50.12207
1214.187, 47.79810
1214.669, 22.27441
1215.151, 11.14600
1215.634, 20.49121
1216.116, 32.19751
1216.598, 22.95972
1217.080, 11.05029
1217.562, 23.45850
1218.044, 54.46094
1218.526, 65.13574
1219.008, 43.76611
1219.491, 35.08276
1219.973, 46.53857
1220.455, 63.17480
1220.937, 72.02539
1221.419, 76.52002
1221.901, 84.82275
1222.383, 95.86768
1222.865, 92.07642
1223.348, 68.27295
1223.830, 46.92651
1224.312, 34.63599
1224.794, 28.48511
1225.276, 26.73462
1225.758, 28.24756
1226.240, 32.42188
1226.722, 38.31787
1227.204, 38.71216
1227.687, 22.00317
1228.169, 43.55273
1228.651, 55.80884
1229.133, 59.21655
1229.615, 27.29004
1230.097, 40.92310
1230.579, 36.23315
1231.061, 30.79443
1231.543, 50.79663
1232.026, 23.83618
1232.508, 43.35132
1232.990, 44.27148
1233.472, 53.67285
1233.954, 44.63037
1234.436, 42.05811
1234.918, 57.88574
1235.400, 63.52051
1235.883, 53.13892
1236.365, 63.80859
1236.847, 36.85791
1237.329, 42.91235
1237.811, 63.18970
1238.293, 53.71704
1238.775, 64.66016
1239.257, 67.50513
1239.740, 35.14893
1240.222, 64.43823
1240.704, 67.06201
1241.186, 59.70435
1241.668, 61.18213
1242.150, 53.39990
1242.632, 29.54663
1243.114, 0.3759770
1243.596, 19.23022
1244.079, 30.81738
1244.561, 21.11230
1245.043, 12.54297
1245.525, 36.73486
1246.007, 9.196045
1246.489, 17.31543
1246.971, 2.280273
1247.453, 40.63940
1247.936, 58.05566
1248.418, 52.48950
1248.900, 55.15625
1249.382, 66.25586
1249.864, 73.78687
1250.346, 66.67700
1250.828, 56.73413
1251.310, 47.23047
1251.792, 38.84082
1252.275, 37.29688
1252.757, 41.71240
1253.239, 47.37256
1253.721, 53.51440
1254.203, 54.79980
1254.685, 40.73096
1255.167, 28.48926
1255.649, 23.97510
1256.131, 26.01807
1256.614, 35.92529
1257.096, 51.99072
1257.578, 60.22168
1258.060, 60.07446
1258.542, 59.74780
1259.024, 68.13062
1259.506, 71.65479
1259.988, 62.28125
1260.471, 50.06738
1260.953, 48.80835
1261.435, 56.73462
1261.917, 69.78931
1262.399, 86.90649
1262.881, 96.34619
1263.363, 82.68408
1263.845, 74.77124
1264.328, 82.84863
1264.810, 94.90039
1265.292, 89.51270
1265.774, 74.17065
1266.256, 68.72705
1266.738, 74.46045
1267.220, 79.01587
1267.702, 66.66235
1268.184, 61.03271
1268.667, 88.65991
1269.149, 112.5442
1269.631, 100.5159
1270.113, 70.15234
1270.595, 51.79980
1271.077, 49.02490
1271.559, 50.20190
1272.041, 56.14380
1272.523, 58.17334
1273.006, 52.86279
1273.488, 46.86426
1273.970, 55.31274
1274.452, 67.09521
1274.934, 62.38599
1275.416, 39.82007
1275.898, 33.67334
1276.380, 49.14502
1276.863, 58.65503
1277.345, 53.71704
1277.827, 44.28247
1278.309, 36.29639
1278.791, 32.94971
1279.273, 41.47681
1279.755, 59.84863
1280.237, 66.83813
1280.719, 61.43359
1281.202, 54.76733
1281.684, 50.29785
1282.166, 42.43115
1282.648, 14.84790
1283.130, 7.649170
1283.612, 0.1394040
1284.094, 29.56030
1284.576, 40.63623
1285.058, 35.14087
1285.541, 31.45508
1286.023, 33.86328
1286.505, 42.16650
1286.987, 70.51880
1287.469, 74.50049
1287.951, 50.06714
1288.433, 11.83765
1288.915, 7.129639
1289.398, 25.80200
1289.880, 33.71753
1290.362, 14.69897
1290.844, 0.1040040
1291.326, 0.0000000E+00
##END=



